chirp_mass mass_ratio EOS alpha zeta
1.2340004876980721 0.8469158526953169 4518.630889978543 -6.78091963504152e-05 0.8858150403208338
1.055202236082509 0.8394871931543273 4601.680782048225 -0.0006062414151571834 0.07680628132137507
1.2070115874753826 0.8814317712783306 4681.155906494214 2.4037196349342066e-05 0.2994815132804264
0.9759366450759179 0.8783582346577666 4707.693705530237 0.0006781793167216741 0.0706668922965756
1.2840887112590558 0.8814626661982062 4270.109546137554 -0.00047104505865781815 0.26589157811446784
1.0664006009451374 0.9414247470393211 4776.663519950763 0.00013351576154095845 0.0839153127998886
1.427294271575353 0.7965248816373184 4449.618296938775 -0.00027341818629080325 0.5186736432940905
1.2555624529738283 0.8385715573167511 4861.938538793521 -0.0003183874121785662 0.6453138890303168
0.973538932398984 0.8271145248850127 4878.675873564469 -0.0002303579902627428 0.05553684568808727
0.9675857276095666 0.7798012574001996 4527.545579013268 7.032911543306873e-05 0.048585289225223205
1.3921846653929952 0.8198351405869944 4728.550742931866 -0.0003727255883550063 0.8549774208310764
0.8555610064940806 0.7404941057849426 4916.194362593788 0.0007040383101053242 0.05027787248649435
1.587484217273043 0.7113524451613451 4323.68602672247 0.0002804521968277132 0.17126004972658118
0.9663841279718948 0.7496858211061114 4960.000543627594 -0.0002677280769638233 0.05244605468062857
1.0451311914993597 0.9575370784620345 4888.820486742076 0.0009014178471129864 0.09534126142973114
1.302506469789194 0.995145457088062 4257.09579303129 0.0006995916904269935 0.2725617912519406
1.319341595137017 0.9777127536573016 4320.406587066648 3.5475219790063735e-05 0.23595966279571945
1.1949643431890666 0.9703371754263099 4133.424482093435 0.0005278806615248533 0.22669507561037344
1.1794446422567195 0.9803447554044737 3934.992367135639 -0.0006267580524412665 0.12542491066472236
1.3416356223978134 0.7458593037456407 4337.2695700493205 0.0004334738623212279 0.2621218273743524
0.9947715087343232 0.8341429754813777 4745.550443856287 -8.82718650286766e-05 0.07313972860263843
1.0192556552451455 0.8863596167933945 4797.425851061964 0.0007113702460734981 0.0722261711384862
1.0437771150362531 0.8910504098453643 4530.960186878542 5.2901865418069476e-05 0.08859914320246515
1.2132680775825213 0.966666036249901 4979.184465927727 -0.0003411790080362582 0.4389310375136714
1.0409345523202005 0.840424146920905 4587.731012098433 -0.00010538313293305262 0.06944863016025878
1.2357141568227619 0.9992111011696406 4566.233052735816 -0.00010493403930099057 0.09546186431400036
1.184519263759177 0.9849244974133338 4934.415739824739 -0.0005537069171905643 0.22612583035187192
1.197313626967156 0.9377457169746721 4890.746245611941 -0.0001956335858985479 0.19555679080796928
1.2598358076443215 0.9747347540492379 4685.623510043391 -0.00023605984376663913 0.860844413395882
0.9347743973580304 0.8999120159213188 4667.965401360696 0.0003199543423235049 0.07237800752983478
1.0986535252209928 0.8717076527029715 4662.356172492005 -0.000449359587875537 0.08029454413605733
1.3017068533117357 0.9005828839049025 4964.4617946717435 -0.0004737849329060888 0.564353908309512
1.3060806805315925 0.8065290060910083 4903.051041799689 -0.00016858766555032348 0.6171029019184107
1.2261726544374514 0.9171318932971411 4842.44074182212 -0.00010669092853018652 0.5950129030421228
1.2465058978240267 0.8849972236358058 4588.080931334349 0.0005972356411051809 0.6688007615941214
0.8574478312672116 0.6663965941845743 4053.6376191641807 0.00018891869923964768 0.04039436816228761
1.3081240901292923 0.7848710715238695 4701.627444936899 -0.00012162483069732716 0.5531158850553816
1.4529305475736307 0.7864709599711384 4316.537999172131 -0.0004525930396188648 0.4780255188782397
0.9761601858431633 0.8849865745389948 4596.024557720766 0.00042586367099005785 0.08069328544368157
0.9801563842807262 0.8205381209971918 4650.1254439279255 -0.00014412807823790968 0.06624452687839724
1.2411360503150706 0.9518986450245726 4726.187358836151 -0.0003893083019428807 0.1239639043336031
1.300100136297297 0.9594161969865063 4135.503889950677 -0.0005255049490516093 0.364103527236898
1.4504650477191707 0.7853191536861541 4873.160261638489 -0.00022416887645223835 0.4902920330254912
0.9629219248630535 0.8332247698296367 4419.4935768449795 0.00017603043468642618 0.07139225506806679
1.2255443763424076 0.986242854086776 4859.045911573044 -0.001138619109288164 0.32758505152002554
0.9664466238686539 0.9462031855433785 4350.425450860823 0.0010257471476927433 0.08000281218603068
1.4202091735487792 0.7231729137234671 4932.107190548648 -2.279916771773983e-05 0.21834167901939117
1.1811314159800217 0.9147278620373553 4619.5995802324915 0.00019350129387328034 0.4976577531484122
1.0168426942365651 0.9126905717631941 4294.25142373742 0.0010560201119234574 0.08742711872598355
1.0268835943782542 0.8936486621843103 4802.650911680136 0.0008677026747713164 0.0832642227257185
0.9631674003574074 0.8314315795402547 4965.734417619887 -0.00044305081303083407 0.06304355359280298
1.0794808791065227 0.8573145714940462 4424.813313338366 -0.00013857350512807017 0.08086540350834057
1.30562599990582 0.8804299533161645 4951.903960629941 -0.0002523301615353759 0.977869629854093
1.282212966390805 0.9830837666078444 4192.888081097302 -0.0005951533440974916 0.4842068189295865
1.4429572297428628 0.732346950272706 4363.856286676964 -0.00022215039584951645 0.2282872683455313
1.4792854166572504 0.7344684677697476 4629.413622070705 -0.00017543020308360884 0.22250692990510626
1.3496721781080843 0.7710343539453928 4358.606258446993 0.00014902620777141793 0.4338631610970112
1.1977355762205848 0.9060059079988205 4979.626888415261 -0.00041790264685541266 0.2128772923838425
1.0856459716033753 0.9720547447292959 4898.456745184811 -0.00043153419172496226 0.09304692865413419
1.4540863253225877 0.764250121433796 4777.268373364832 -0.0001361958234954314 0.3962356932112019
1.0528329764466182 0.9697107770579662 4973.4503324399175 8.96820933016162e-05 0.0738873870831632
1.249038616842039 0.9209378829699366 4889.307056463364 -0.00020718599287527717 0.6330242882310069
1.291132935044335 0.8283220073160525 4684.746853878313 -5.467280759678825e-05 0.8713618528552115
1.4319517140713227 0.7364390946554085 4927.778107544666 -0.0005041763011647659 0.2818107773753348
1.04106637002269 0.9435523866720016 4594.0492647825695 0.00045885811296911456 0.08509751877574961
1.1744629842341716 0.9156978689865021 4199.56934473464 -0.00019144693677070686 0.08075016571169233
1.3639727063857892 0.8063334929662405 4588.013989461696 0.0005647990360000947 0.6940041513182799
1.0077584497021634 0.8651249111102667 4944.988549941059 0.0002930509954949983 0.07156511507584218
1.0156378957562633 0.8216341855655421 4529.62631541765 -0.00023695664566591597 0.06094317965606852
1.2767980884233976 0.9011911371254084 4481.976989416766 -2.1367551009671803e-05 0.9375924023882798
1.108434000930078 0.8881275654384477 4257.5314348225465 0.00032400608991002257 0.08423767553361178
1.2475558154351307 0.9436662763016739 4327.9826250672995 -0.00035710689295662465 0.6879283194756665
0.9360062197661503 0.9402734980466729 4177.211109009393 0.0007285607859060534 0.0794531663761827
1.0000706457489348 0.814575629591772 4104.913874491824 3.794751617180769e-05 0.060578067476018675
1.0000706457489348 0.814575629591772 4104.913874491824 3.794751617180769e-05 0.060578067476018675
1.112432447420861 0.9204232205353343 4610.182128655645 -0.0010594796635553965 0.08924536796540822
1.1231856313268065 0.9049427300977232 4386.328747418235 -0.000495947166320685 0.10886969957616491
1.0096987901940773 0.9592188424871495 4928.65538273205 0.0004850582774618123 0.07643295468846523
1.4364937442212007 0.7867004314306564 4587.291111595152 0.0007487140117592218 0.5461665407070074
1.1338316166983635 0.8954549603564018 4951.377369064282 -0.00034626970580152894 0.08786865823538303
1.1496922400171137 0.9037390832589772 4589.735516849147 -0.00019359126506769255 0.08750935789855485
1.11759287909405 0.9356070399314981 4765.360684034003 -4.20810885159309e-05 0.09640892206456148
1.4573160769838671 0.7074816394744822 4327.930944934272 -0.0006169301427304049 0.18089209383419272
1.4379662969897788 0.6841779974444915 4286.435101260904 -0.00018774727086624866 0.15089422848669487
1.0650950310333656 0.8746669618970411 4459.898256140097 -0.0006010360356241479 0.07523162473783093
1.3058469982132208 0.8519280252627813 4939.273599005975 -0.0003771094866296872 0.7001176268181987
1.0497945176327232 0.8684832289574571 4986.998123580388 0.0004512436628954996 0.0784131824226929
1.0497945176327232 0.8684832289574571 4986.998123580388 0.0004512436628954996 0.0784131824226929
1.0074363646065851 0.8983505847421716 4514.477578474648 -0.00025231174002940426 0.07875920793022859
1.2000349929254948 0.888055020826633 4925.530314665244 -0.00019159057530575873 0.2503247479362828
1.0776439433800844 0.9820282858483801 3994.7004381425522 0.00023516065091232346 0.08374379992294936
1.4608065613151573 0.7837565459715891 4346.668048427359 0.0003184710682538253 0.5091774746169433
1.1250129450169508 0.9535200095948465 4083.9921422826365 -0.0002477186918007369 0.08672808371331746
0.878864995218102 0.7046422573443283 4741.96672346094 0.0006803320947731288 0.04327462239146511
1.0121232892293437 0.8453498979447307 4874.779995635338 -0.0007635778604905368 0.07071095397419618
1.023290418825148 0.885230761425313 4990.214436647861 5.253193667889563e-05 0.08444367506791745
1.0821623260629791 0.9197758651191154 4144.892879126054 0.0002877084854166576 0.07791529814341168
0.9953040650704847 0.8612416387697164 4521.138315016931 0.00047869289588282514 0.07459147723021368
0.9953040650704847 0.8612416387697164 4521.138315016931 0.00047869289588282514 0.07459147723021368
1.3802389535637523 0.8282059198708147 4727.706706085131 0.00010170565365812055 0.966607912320347
1.1567835391283101 0.8917603275519459 4830.508443767408 -0.00031634293974586 0.30541901206352595
1.4370141503831815 0.7968164411126912 4272.442622020141 4.881177114071036e-06 0.5827508057870302
1.3337743844340473 0.8536049012728787 4841.386940056995 -0.00035425821021222435 0.7748456091186398
1.2600292930720598 0.9943822551939723 4665.466667254456 -6.935754300434993e-05 0.5116831142319617
1.2600292930720598 0.9943822551939723 4665.466667254456 -6.935754300434993e-05 0.5116831142319617
1.2053105229714038 0.9223838773697252 4897.058359532411 -0.0008502662095072335 0.23700304876637654
1.2053105229714038 0.9223838773697252 4897.058359532411 -0.0008502662095072335 0.23700304876637654
0.9413005959370401 0.7577965080215772 4862.765480461024 -0.0008947995789324166 0.04916912904814778
1.1340943276437723 0.9877613994945412 4250.892550164712 -0.0002708006923628952 0.12233206137157922
1.1407134375494428 0.9575238980698083 4755.94585270028 0.00028911708076312663 0.0930858548156003
1.1407134375494428 0.9575238980698083 4755.94585270028 0.00028911708076312663 0.0930858548156003
1.223454217758329 0.953578377966563 4420.060222261575 -0.0003780938637370702 0.7966328204033917
1.0980537682286229 0.9393142208761002 4525.107111713069 -0.00019092666519382635 0.09032732107973365
1.0980537682286229 0.9393142208761002 4525.107111713069 -0.00019092666519382635 0.09032732107973365
1.167824680014939 0.9982681749636543 4799.098052179143 0.00012452417225121404 0.10467527326407211
1.0593270319422836 0.8959708397262045 4416.85555426083 -4.510062831855949e-05 0.07716942656914932
1.2045664389606487 0.9987998686001496 4220.131085598662 -0.0005236044305571655 0.19355538204667494
1.2045664389606487 0.9987998686001496 4220.131085598662 -0.0005236044305571655 0.19355538204667494
1.1130171354220342 0.974863736361814 4246.683099464397 -0.0004271299171364495 0.22502993762856038
1.1130171354220342 0.974863736361814 4246.683099464397 -0.0004271299171364495 0.22502993762856038
1.1857937257389866 0.954359540078544 4614.426328209631 -0.00022369374599640214 0.08933359303760804
1.0225298804178429 0.9824000450308819 4419.46050241675 0.000760512896778127 0.08104925431502016
1.0225298804178429 0.9824000450308819 4419.46050241675 0.000760512896778127 0.08104925431502016
1.4274822803582312 0.7799666327958881 4893.687706150341 0.000832791482119797 0.4690436564587275
1.4274822803582312 0.7799666327958881 4893.687706150341 0.000832791482119797 0.4690436564587275
1.1845909375092893 0.9582051396399224 4782.428304088049 -0.0004109169547133979 0.1515984194696437
1.1150769959143234 0.978684418004079 4285.788578796446 -0.0004027721508247222 0.23520354034039706
1.1546003629568093 0.9205607486128559 4376.2359355578565 -0.00024238595227522164 0.14578991010608586
1.0919045152745128 0.9432097393192113 4509.089385840628 0.0004072893681437888 0.07581549762298305
1.0919045152745128 0.9432097393192113 4509.089385840628 0.0004072893681437888 0.07581549762298305
1.2555334021182536 0.9605785056969667 4731.209383565988 -0.0002943976637331422 0.8896008243108066
1.0177500966993602 0.9440389364348022 4842.861255008699 0.00040989002176206583 0.08262154558480561
1.1229279307338396 0.9996887833968469 4881.02849231358 -0.0003313146391309239 0.10556177789286465
1.0108351111875487 0.8174931568848494 4843.073485638491 4.639963265856541e-05 0.06697389679866136
1.1762953233367517 0.9499462799253098 4900.350649196997 -1.0966270597141916e-05 0.19291211960947127
1.0087422627457359 0.8766165843376778 4839.045756223002 0.00038334383295460554 0.0725896162436205
1.0087422627457359 0.8766165843376778 4839.045756223002 0.00038334383295460554 0.0725896162436205
1.211289348295694 0.8704664939025484 4894.6424394741925 -0.00027691849044539477 0.7343575865133984
1.4386768102737069 0.7949047143400279 4052.751252249229 -4.411650868326702e-05 0.6273855946376143
1.0760942436260823 0.9756624382583788 4699.237179951569 0.0003832904437473307 0.07796170118555956
1.0158974142511317 0.9836446230940503 4953.366716294514 0.0008738685308962196 0.07785614628093833
1.0158974142511317 0.9836446230940503 4953.366716294514 0.0008738685308962196 0.07785614628093833
1.053842800754672 0.9598399572697038 4909.31964261125 -0.00014091607971391252 0.0743347357187245
1.2167542218520162 0.9456551567388141 4615.181035290762 -0.0005099879025963393 0.10188109975704839
1.2984186418440549 0.9103451073655185 4261.592986516836 -0.0007398283206987744 0.6747420903796416
1.4501648410964512 0.7691642977789874 4796.73623830287 9.579018200173085e-05 0.38596645131354007
1.4501648410964512 0.7691642977789874 4796.73623830287 9.579018200173085e-05 0.38596645131354007
1.3555231011518334 0.7874487277447663 4868.397864389249 -0.00010166154184638117 0.5195878380628925
1.062839861364766 0.9557117762652614 4501.54029077661 9.063570288962866e-05 0.07879444075341213
1.0792792416334307 0.9124504739463387 4465.634262498058 0.0005573576980532458 0.08731354853015627
1.0792792416334307 0.9124504739463387 4465.634262498058 0.0005573576980532458 0.08731354853015627
1.0133194944341088 0.9805793483654331 4692.902829120742 0.0003638076277313668 0.07991582506434117
1.0545396089605985 0.9278614852547646 4608.186031686689 -0.00027455209643807547 0.08345479450467375
1.0812895124544024 0.9024234968299808 4978.907872523156 0.0006113963247135722 0.07932589486533004
1.0812895124544024 0.9024234968299808 4978.907872523156 0.0006113963247135722 0.07932589486533004
1.1725807736199725 0.9631628239494379 4460.494216975779 -0.0005400639142390434 0.11760768017931933
1.1725807736199725 0.9631628239494379 4460.494216975779 -0.0005400639142390434 0.11760768017931933
1.0427324791036758 0.994995959622373 4525.585162185213 0.0007702076426250157 0.07687960107323387
1.0451472692592247 0.9585952519930889 4902.325617041573 -0.0002925902077293176 0.08729978200528876
1.6354399400526956 0.7417422985012613 4405.555929973464 0.00019346240824968513 0.2885426310864444
1.2626070683715729 0.9849567114176888 4030.189032650267 -0.00041519163524944097 0.19318669500531582
1.2626070683715729 0.9849567114176888 4030.189032650267 -0.00041519163524944097 0.19318669500531582
1.1415455315941498 0.9867651421662378 4468.648140499636 0.0002467147741819144 0.08254940337576727
1.1047774431073096 0.9755438116050663 4943.142300746273 -0.0005066081506361122 0.07351489239163861
1.1047774431073096 0.9755438116050663 4943.142300746273 -0.0005066081506361122 0.07351489239163861
1.2383855348449935 0.8863775595113376 4789.253364417306 -0.00028684542613051963 0.972719787262676
1.0959087736369115 0.986495320508626 4139.034180746496 -0.0003679680908105956 0.0979125753034277
1.1322752245758783 0.9541950442426222 4727.843845143911 -3.78941567286877e-05 0.09444747936945758
1.2203595251327097 0.9260315612446597 4544.22994088836 0.00014954029312976488 0.8714070243280065
1.4313802623944696 0.7531563311167114 4905.504046874207 0.00021729129128813445 0.330042141246808
1.1148535532483597 0.9433347651061265 4827.754246245095 0.0004144007892557057 0.08923021780722629
1.059939495292956 0.9075324943264582 4506.175693394199 -0.00033504005300914893 0.07949882109241897
1.059939495292956 0.9075324943264582 4506.175693394199 -0.00033504005300914893 0.07949882109241897
1.062225232908962 0.9580970689176722 4660.443488135586 -4.134062396984252e-05 0.08475901459449886
0.9731075044356641 0.8790699526936274 4787.897565024444 0.0001336124348504755 0.07451284310158013
1.081709367701809 0.9133487289362319 4839.576023628544 0.0001747179898994753 0.08764544015281386
1.1713824779116937 0.9040335067323804 4667.974939294591 -7.553425559857847e-05 0.9755424016076527
1.0415889626174328 0.9144169157453237 4449.923898289965 0.00011885656380871318 0.08743460377756633
1.0415889626174328 0.9144169157453237 4449.923898289965 0.00011885656380871318 0.08743460377756633
1.523791800065768 0.7323229555873594 4618.803764044098 0.0006760023719676922 0.24141053433948825
1.523791800065768 0.7323229555873594 4618.803764044098 0.0006760023719676922 0.24141053433948825
1.1237835093216724 0.8973582057395598 4161.954987374241 -0.0005546332710377829 0.08116788286037305
1.0355176048416523 0.8717815788426038 4893.387335408338 -0.0005626053734047363 0.07674416386645411
1.0355176048416523 0.8717815788426038 4893.387335408338 -0.0005626053734047363 0.07674416386645411
1.128333048351281 0.9137943698276852 4385.481081221131 -3.278102637978869e-05 0.08265751361373595
1.0247682000594838 0.8406215415164106 4977.623221362446 0.0005759762269461813 0.06895540087992001
1.0247682000594838 0.8406215415164106 4977.623221362446 0.0005759762269461813 0.06895540087992001
1.1183948284601752 0.99865104275981 4491.066377775569 -0.0002491381453331886 0.07624425328459372
1.1183948284601752 0.99865104275981 4491.066377775569 -0.0002491381453331886 0.07624425328459372
1.1721765014146983 0.9268717687730496 4352.02824365542 2.8212010710449116e-05 0.0899642236098657
1.3198917015658318 0.7835324954691427 4608.764502587037 -4.932475985357643e-05 0.4796938484029637
1.0975694395970197 0.9697134193686898 4562.307944837431 8.823012435203712e-05 0.08676558176542581
1.186309522121558 0.9050364509221858 4922.64105246823 -0.0009606838079563282 0.11163091212701343
1.3541571866118032 0.7433981177305471 4866.437636620772 -0.00044571136925114393 0.2704828792824365
1.3541571866118032 0.7433981177305471 4866.437636620772 -0.00044571136925114393 0.2704828792824365
1.0776927120294375 0.8565507096908135 4572.39050296078 -0.000657363696029694 0.0779628921506626
1.0776927120294375 0.8565507096908135 4572.39050296078 -0.000657363696029694 0.0779628921506626
1.1940985320100894 0.9843367129244001 4921.147734861347 -0.00010266302352394798 0.11044425241945663
1.1940985320100894 0.9843367129244001 4921.147734861347 -0.00010266302352394798 0.11044425241945663
0.9739972913432778 0.9167010304162153 4466.9893749389 2.9211119213183154e-05 0.07568044079313654
1.1100138475653574 0.9586486298189694 4977.540126974657 0.0003511274407946353 0.0846388142219056
1.1100138475653574 0.9586486298189694 4977.540126974657 0.0003511274407946353 0.0846388142219056
1.5659855423303035 0.7494421887079667 4275.769927141039 5.7191677388936517e-05 0.30372437349144843
1.1402535095390498 0.9717285014424552 4965.430869055214 -0.0005490732937692397 0.14241430514344008
1.1524844077405214 0.9509003138864514 4056.54068021306 -9.950607156743312e-05 0.07808169983642746
1.0418511603508613 0.8580214564883519 4864.209414982776 -0.00026006021571443996 0.06786572329162621
0.9752721281508965 0.9045263784258846 4823.382875606976 0.000657598456115295 0.08054886324502328
0.9752721281508965 0.9045263784258846 4823.382875606976 0.000657598456115295 0.08054886324502328
1.0316672925861863 0.9158103775809853 4200.421067482958 0.00029628671573154005 0.08330216759800826
0.995058356297293 0.976578881319093 4652.481818130975 0.00041371341134963617 0.08321922479577337
0.995058356297293 0.976578881319093 4652.481818130975 0.00041371341134963617 0.08321922479577337
1.0721027720135918 0.8439664434170786 4039.1977698326937 -8.7641299559011e-06 0.06933978746008262
1.0721027720135918 0.8439664434170786 4039.1977698326937 -8.7641299559011e-06 0.06933978746008262
0.9380183625346985 0.8270196321869504 4676.6608086812985 0.000598838088362651 0.06867490251220058
0.9380183625346985 0.8270196321869504 4676.6608086812985 0.000598838088362651 0.06867490251220058
1.0125314216983006 0.8726773485855066 4676.644878579388 8.227736890429163e-05 0.0806608803885804
1.3777456226135976 0.7271493916327219 4613.850780555243 0.0003487176378061164 0.23641932103300242
1.2173019894524768 0.9512904818799807 4573.156405800949 0.00011935867674675814 0.6880730079165447
1.2173019894524768 0.9512904818799807 4573.156405800949 0.00011935867674675814 0.6880730079165447
1.1163402341256812 0.9190224819746129 4199.018824242722 0.0001569143165931532 0.07592532913954944
1.2876819496620402 0.9550755251851031 4509.913582994923 8.786246875318069e-06 0.9625012187207307
1.3666117900415122 0.784880251111643 4771.899114533893 -0.0004012201851330053 0.507349471295816
1.3386106395908584 0.7731487373275339 4466.417642978831 0.00033598728851960913 0.40336885057786076
1.3386106395908584 0.7731487373275339 4466.417642978831 0.00033598728851960913 0.40336885057786076
0.9914718373447201 0.8684471641311853 4482.595733957178 1.491182194207478e-06 0.07708560505987516
1.2499340889698136 0.9880404848517215 4713.666766204618 -0.00035562233870734764 0.5835343819251986
1.0547203953395103 0.992901435201772 4894.488015476754 -0.00040898967172690696 0.08809785546490881
1.078047626861758 0.9717600063559221 4533.324282509562 -0.0001821210371983951 0.08339237292724987
1.078047626861758 0.9717600063559221 4533.324282509562 -0.0001821210371983951 0.08339237292724987
1.0158159250115804 0.8466923353510702 4875.199938395363 -0.0004242762198988014 0.073111202572756
1.1794033719884989 0.9906636202860648 4672.14456869957 -3.28522047076443e-05 0.17978785110354462
1.1794033719884989 0.9906636202860648 4672.14456869957 -3.28522047076443e-05 0.17978785110354462
1.0944517734864827 0.9767453304824362 4536.980137267067 -0.00024348542674400623 0.07140576830100752
1.142723555477298 0.9558729633868742 4773.788053016535 0.0004595437442371191 0.08466007980023799
1.2548396498319692 0.9915016758094523 4944.044575620862 -9.087712258853126e-05 0.6157102151419539
1.0238374238942223 0.9586633872379323 4520.7791633506295 -1.8979454985241315e-05 0.07946191877966391
1.0477538958612027 0.8759932522044869 4976.174241880561 8.898175300334535e-05 0.075283463655219
1.2944667149757367 0.9172316539021755 4741.312488697055 -0.00041571355074160305 0.5470732346915117
1.2944667149757367 0.9172316539021755 4741.312488697055 -0.00041571355074160305 0.5470732346915117
1.3677643717705097 0.7960040827093746 4905.486268349551 0.0004169695524213826 0.6402243381788866
1.1910610797740366 0.9610918532200317 4445.947984444464 -5.338415845248504e-05 0.08738641508043765
1.1129265658709964 0.9910169684457921 4771.0749344113965 -8.255440013216859e-05 0.09666984546260378
1.0329551394680347 0.8465597322993246 4224.544509729445 2.325788601592682e-05 0.06837385272432828
1.0329551394680347 0.8465597322993246 4224.544509729445 2.325788601592682e-05 0.06837385272432828
1.1455568330574029 0.9924322065347422 4555.528493537882 -0.0007681289707306588 0.08771814559861928
1.405227014469887 0.7761362802274341 4896.3751285082235 7.246523186240045e-05 0.451810461364179
0.9753995326822892 0.8980419404412707 4530.987981986603 0.0005542175333587202 0.07929825819220368
0.9753995326822892 0.8980419404412707 4530.987981986603 0.0005542175333587202 0.07929825819220368
1.0053075003522438 0.8315540670691504 4962.392225678431 2.4345756229901323e-05 0.06400821080801458
1.0314208340701119 0.8505587721377359 4324.256255415222 0.0002401673258216355 0.0713093854590191
1.0314208340701119 0.8505587721377359 4324.256255415222 0.0002401673258216355 0.0713093854590191
1.0485722286624672 0.9091364061931921 4671.82146926157 -0.00014090195034966482 0.08450695943705157
1.423867249503357 0.7691489258210731 4503.359186249233 0.00012850790712542519 0.38595753872364985
1.4245788434034101 0.7790296639939089 4368.782533601683 -0.0003326828614287145 0.4819705442425944
1.3291647680123198 0.7692407916832679 4670.129665207448 0.00012529214934201696 0.41093230314332657
1.280947470676474 0.8927873551725828 4938.3343657658925 -0.0006637395895496256 0.8096964628764223
1.4261117916838804 0.7637451369167862 4837.151788016554 -0.00048059660303908136 0.348459219135358
1.178393625910473 0.9747180309537026 4894.191478714812 -0.0005099513598916909 0.6984444490340146
0.9324860823575277 0.7963911726888866 4991.064026984451 0.00038190788668805253 0.057685204897361675
1.1324069237433916 0.9553445170142845 4883.936082690707 -0.00011410818158685583 0.1286220396837306
1.0295994339652326 0.9283986779717608 4623.221586806062 -0.00025059518252775685 0.07975659399006887
1.1079334801189646 0.9383907108605837 4615.024826185302 0.00033850430350594493 0.08738806352310159
1.1079334801189646 0.9383907108605837 4615.024826185302 0.00033850430350594493 0.08738806352310159
0.9563374108515007 0.8039247459146113 4841.211978705843 -0.00021018222688302168 0.05929682823850843
1.116322496127788 0.9110667034996859 4641.394600868535 -0.0003937000793366331 0.08693921268001331
1.116322496127788 0.9110667034996859 4641.394600868535 -0.0003937000793366331 0.08693921268001331
1.24293447758359 0.9711893512892723 4873.191218148438 -0.0002584006025670939 0.5989071057509938
1.1129194092950256 0.936782429913875 4635.709281343977 0.00035207079644342587 0.08120685855822157
1.1120844688285736 0.9284267308342351 4784.157901631801 0.0001033303704343038 0.08775220083045507
1.0587380586071835 0.8993980115609568 4899.8027472657495 0.0006859487069316657 0.08574748815860037
1.2505908381920534 0.8673254637633356 4857.825066879035 -0.0004923448061589202 0.9928791696910516
1.2505908381920534 0.8673254637633356 4857.825066879035 -0.0004923448061589202 0.9928791696910516
1.2813858475194906 0.8052989797891068 4337.680804069502 -9.018909996008078e-05 0.6973508303288831
1.2813858475194906 0.8052989797891068 4337.680804069502 -9.018909996008078e-05 0.6973508303288831
1.1204219083740832 0.992837028207432 4366.351518313957 0.00014620246377915354 0.07587725382327093
1.0297410567097307 0.8736677662639589 4303.763471976859 0.0009480346785275005 0.0783806325337435
1.2255166617313016 0.9675743845997568 4997.625187489727 -0.00025669437401188973 0.21948106931606115
1.0549866916295025 0.9451221084533723 4263.074069652786 0.00034349513451024385 0.08986002410760707
1.0993638355546926 0.9434469927936528 4898.10996164508 0.00017711897257273958 0.09421777764446987
0.9617682025066896 0.8630733739055538 4310.832803871339 0.0007665166706517938 0.07671642378947145
1.007087329681981 0.9053798161079107 4354.839565287403 -2.6862393163536752e-05 0.07900465182277142
1.007087329681981 0.9053798161079107 4354.839565287403 -2.6862393163536752e-05 0.07900465182277142
1.2653549581908237 0.9232287959714841 4497.498854590853 9.924404657535115e-05 0.7496624928699899
0.9933954899413026 0.9100422022095409 4530.067450554459 0.00025320059410991017 0.08264625212193719
1.2422216650209885 0.9331509258962604 4728.430175624322 -0.00012149781045667088 0.7639104617449388
1.2422216650209885 0.9331509258962604 4728.430175624322 -0.00012149781045667088 0.7639104617449388
1.066903437368522 0.9158110604572052 4868.346996602643 -5.005954452405736e-05 0.09277290235783012
1.066903437368522 0.9158110604572052 4868.346996602643 -5.005954452405736e-05 0.09277290235783012
1.0559048009404557 0.990948130845517 4758.168672155202 -0.00023287542186979456 0.08150929961117545
1.0858542638936022 0.9591020832681645 4457.028085337797 -0.00017577226275793714 0.10593470250541523
1.4918584853756125 0.7837423772803492 4814.770143518763 3.240112039598158e-05 0.5125263727213517
1.15311761592416 0.9546988526233305 4847.637925585387 -0.0001738241888328099 0.20278146115494122
1.0169498605313327 0.9141491273471918 4981.256303422503 -0.0004504828513029515 0.08358036208974173
1.1000248248075655 0.8908145275903121 4802.267407264278 -0.0003641527918776304 0.07656250255532493
1.3825283843769223 0.7909503598846077 4761.349025241054 0.0010445728904989878 0.6170873601830563
1.3841067030842928 0.7999789155790318 4855.16504122207 -0.00035508557280594465 0.6767370003847839
1.139343293283385 0.9757174328201548 4546.422316207879 0.00017276731344523116 0.09283199239041977
1.139343293283385 0.9757174328201548 4546.422316207879 0.00017276731344523116 0.09283199239041977
1.033176219140474 0.9330119501031616 4110.546324344588 -3.1894528697603895e-05 0.08086207320149941
1.033176219140474 0.9330119501031616 4110.546324344588 -3.1894528697603895e-05 0.08086207320149941
1.0582782453631259 0.9073920051130253 4691.475822466259 -0.00041554162123530426 0.08266376021527169
1.0582782453631259 0.9073920051130253 4691.475822466259 -0.00041554162123530426 0.08266376021527169
1.1322149875486829 0.9435374869717412 4669.979511283815 -0.0004181428434536922 0.09246677490193955
1.3666003327454272 0.7701935697579463 4883.633841305701 0.0003725136786008393 0.4064512037708082
1.0737092773741248 0.9828252015574936 4797.051014278698 0.0009690573477006139 0.08647826469797573
1.2145792667126627 0.9891904097576776 4632.867429227348 -0.0004648511591185571 0.07939268792777342
1.2145792667126627 0.9891904097576776 4632.867429227348 -0.0004648511591185571 0.07939268792777342
1.2778227012076626 0.8114322877094353 4759.646223619333 -5.7701400513891436e-05 0.8352580371314797
1.2778227012076626 0.8114322877094353 4759.646223619333 -5.7701400513891436e-05 0.8352580371314797
1.0717976736395385 0.985899066192042 4524.593604449747 -4.649347868920621e-06 0.08226321866665309
1.2454835933285557 0.9549158331306635 4202.8529698473585 -0.0004961962702393905 0.16974995402829468
1.2454835933285557 0.9549158331306635 4202.8529698473585 -0.0004961962702393905 0.16974995402829468
1.168912613061399 0.9315800941460084 4872.9974596314605 -0.00039933475318284844 0.10215305152267577
1.1955885568864872 0.9837433286192531 4308.42817599183 -0.0006278427886342417 0.18831187026261112
1.0643882058736454 0.894500635401696 4680.721743435158 -0.0003617933232928074 0.08335279574583279
1.0944387584097313 0.9726343241882104 4460.882698651484 0.0003372334501426915 0.08575098938812559
1.4690223902703325 0.7624278634136882 4907.621987256147 -0.00027546799142580544 0.35436857748251066
1.021059117295711 0.9682631922403367 4981.063839083658 -4.497023673322083e-06 0.0778833849362962
1.3854737719833932 0.7746645338557688 4766.3597649241065 -8.051024217494195e-05 0.4270389050878921
1.4892207263591093 0.7813549995471281 4797.324203047434 0.00015859564898387002 0.5042745446050583
1.1796926745392855 0.9519612826503733 4771.261257381753 -0.0002539032774615337 0.17375333682473484
1.1796926745392855 0.9519612826503733 4771.261257381753 -0.0002539032774615337 0.17375333682473484
1.321285911905591 0.7829590237669846 4625.976024910728 -0.0001282592273159337 0.48669524052284363
1.030214807321057 0.9322313175075677 4790.06855473821 0.0007125109036718153 0.08427844818923613
1.0307966986467316 0.9143984794801423 4559.541546183361 -0.00014365988505346853 0.08472227660708168
1.1405007806627019 0.9247657486946234 4503.489151737606 -0.0007663650332835186 0.10259019519617907
1.1405007806627019 0.9247657486946234 4503.489151737606 -0.0007663650332835186 0.10259019519617907
1.0895031181903034 0.9313884360473325 4348.465425351219 -0.00012739529260758831 0.0801492333421576
1.307953906958422 0.8282260049805338 4829.5515584470795 -0.00010340931156100022 0.9272120008212301
1.1169806526809136 0.9158261837069872 4998.558915627882 -0.0006468137818432696 0.08736263428610369
0.9960729454362538 0.9401873073922732 4764.093265904046 3.0685601484114226e-05 0.0850793357960126
1.1163854682503342 0.8762714512556288 4580.993045753818 6.955981413183068e-05 0.07613782646380542
1.1196448663509644 0.9678576112642335 4211.128671109012 0.0005299708174316656 0.08819312331492409
1.1196448663509644 0.9678576112642335 4211.128671109012 0.0005299708174316656 0.08819312331492409
1.3394136773703638 0.8204230211809754 4561.844267481361 6.490199289695081e-05 0.860487238850222
1.0233150093129657 0.8461956421800425 4536.490398617277 0.0002926786927808627 0.06778800223108983
1.1121925260770895 0.8419997639947729 4632.877550379326 -0.0003530778714279541 0.07217173263711445
1.216110395863952 0.9779960396828041 4999.327441692525 -0.0004147475793678406 0.8095677247726472
1.092122081937055 0.9352538028476898 4771.952072817169 -0.00021566951458236634 0.08622018831384778
1.2413710869972494 0.9498658150312457 4887.518905614202 -0.00025202635848199336 0.396227242743009
1.0724989212382439 0.9325431774020466 4302.373028042334 7.234467908901847e-05 0.08172768547246838
1.297835480100105 0.8002583565455589 4830.7536717732455 0.0003523349005608229 0.6975279809288333
1.1273168918432892 0.9158604265301317 4982.621998658159 -0.0004426032472850535 0.08304789942227506
1.0772450177603143 0.8746055183138048 4987.918255617767 0.0004111668454769578 0.07000140223046346
1.2889479860344055 0.826249373410754 4520.213732427727 -6.54531515075198e-05 0.9071368781213003
1.2017806857261775 0.9047154115005874 4666.4386318861525 -0.0001732584319292395 0.6943471434797925
1.0263335217746437 0.8922398681182857 4669.391798966757 0.0003991412967862424 0.07634834596467602
0.9963480887063784 0.8410735058018498 4937.077127660911 -0.000643616098966606 0.06870565112406402
0.9963480887063784 0.8410735058018498 4937.077127660911 -0.000643616098966606 0.06870565112406402
1.3602837680811377 0.8125056281965755 4782.53476567895 2.397125082981192e-05 0.8079407059700604
1.118259959516319 0.9688985821630463 4168.088997776063 -0.0007856162997001596 0.0790728763802266
1.1456933188896077 0.9447703466942243 4994.411517945326 -0.0002498341198152421 0.10807787951559325
1.1198480547941851 0.9623920316473045 4857.180614959262 -0.00041871665237854395 0.10421886056942664
1.0286801659030373 0.9325041461198817 4893.425779749876 0.00028395601943262714 0.0842519601578582
1.0986756101277817 0.9688379555014659 4960.651700116983 9.760472108198317e-05 0.07439535139770842
1.0986756101277817 0.9688379555014659 4960.651700116983 9.760472108198317e-05 0.07439535139770842
1.2663673675292928 0.9741149312200437 4700.555498427423 -0.0006375204138059986 0.47860290924866034
1.463005566696685 0.7816820888191509 4922.881680636251 0.00024022373956197562 0.47509622063199364
1.0144751637850424 0.887549618490861 4934.516455070239 0.00022137982436371294 0.08239788438219176
1.141626549342437 0.9993830768490966 4204.161801055109 -0.0003176632657875784 0.08364609186404313
1.141626549342437 0.9993830768490966 4204.161801055109 -0.0003176632657875784 0.08364609186404313
1.004799220085392 0.8971230885981991 4524.5203647654125 0.00031474896853256063 0.08071863504055768
1.1501517079981916 0.9391940992690007 4974.923650767533 -0.0003984715732600918 0.10958722432234402
1.117294262150485 0.8978444990503398 4580.691968376695 4.0676262508157764e-05 0.0836779755661468
1.5149742426253625 0.7873352368294377 4978.082690222878 -0.00024771298846874384 0.5715426536437258
1.1559769370576507 0.9920495956043985 4672.677877142809 -0.00043352562238309296 0.12029288217729203
1.1173961835243862 0.9650639318055797 4450.1339994080645 -0.00025917710649693516 0.08924865920400915
1.1173961835243862 0.9650639318055797 4450.1339994080645 -0.00025917710649693516 0.08924865920400915
1.010244561691198 0.8877181346868563 4896.648149065483 -0.00030835875961181703 0.0749952704513471
1.2316693109764834 0.9220729506851166 4989.597914065615 -0.0005757665614493105 0.5440157790338833
1.0583229992785863 0.9071439984023943 4270.655777377886 -0.0003281839011755819 0.07689006678455156
1.1161853813861407 0.9389350175507948 4922.793659206601 -0.0002990914404932136 0.08298925007067402
1.2111752991556857 0.9427642416232238 4609.830287845703 6.06857068986011e-05 0.7901538936134023
1.075600556266088 0.9749611018753316 4778.260036801897 6.594793331485369e-05 0.08551913717307333
1.21467214553452 0.921380413453268 4965.547174406594 -0.0004446952794022068 0.6964395140423765
1.2870110316578165 0.951864395523868 4775.6267391297815 -0.0005249933518552846 0.42869957171392353
1.03573660894713 0.8839207147561299 4743.2261608491135 -0.00017537387957932598 0.0747358163252036
1.0722680646968408 0.9009232414801202 4969.06230340778 0.0009351297674391718 0.07658052118816662
1.05912225068129 0.9635576637331529 4420.89559889507 0.00010927308508539345 0.08274511032976058
1.3749752469303103 0.8129099788216488 4966.897864531396 -0.0003858753907468026 0.8084228322158471
1.0119659319754224 0.8469835334404486 4949.673225204364 -0.0007271134345018961 0.06718986588289975
1.1485261578733441 0.9791326465727901 4925.477528734853 -3.3395499088532256e-05 0.13218820318387003
1.2115431030924357 0.9730064561408862 4924.1301875593745 -0.00026587401335610944 0.7248276520275572
1.0014737347046092 0.865696853560772 4903.276266570171 -0.0005077984682769485 0.0794668833205566
1.1070483951627081 0.9236890862259797 4415.941241946949 -1.864130652750711e-05 0.08197620913104944
1.1278446041049413 0.9410885331609852 4491.010179570951 -0.0003742257245880536 0.08492289572907344
1.0908149405250676 0.937430192223071 4829.39770559024 -0.00045192599387749077 0.08874355039360768
1.1632231646575475 0.9736766129580822 4888.457666461935 -0.00017719970753605653 0.15428093451932265
1.0983006547559457 0.9900534597654618 4884.469406855399 -5.779512725900802e-05 0.08480169483745387
1.1961516974021582 0.9685242593567471 4549.18850237397 -0.0003909120079232875 0.1294757452823664
1.0574703227571562 0.989898074490676 4816.287881276912 0.00018929217582081963 0.08184466893393508
1.0931608956432601 0.9874125003413308 4681.2776458797725 -0.0004630691592957718 0.08714751419714864
1.1085595351626287 0.955791197975674 4837.202816438709 -0.00039887100389437134 0.08637877494703779
1.172034378842531 0.980142310517569 4324.726506084993 -0.0007554701377468541 0.08388719331045676
1.0357846182219093 0.958170507189218 4501.275398511656 0.0007944735761214195 0.08366112205809627
1.1386489780802187 0.9511347473145162 4668.376479610815 -0.00014909973882754987 0.09017120232096157
1.236238705447878 0.9914559593591084 4848.25831927624 -0.0001887422407932383 0.4524250839503423
1.1494429068909553 0.9875462709303146 4984.22942992245 2.305078720850763e-05 0.09694097337924312
1.0890015761438636 0.9746787004194906 4526.195878527625 0.0002810494699564219 0.07422797470369721
1.1087078051805144 0.9805968751083728 4618.789959343216 -2.194458037246738e-05 0.08204745682238232
1.0182321756745258 0.9710750298445306 4235.654612603808 2.1156558069212602e-05 0.08356981923643414
1.102465465861823 0.909586626413329 4211.030824561523 -0.0004462973889043073 0.08197111956285569
1.0535964349069198 0.968809428132672 4501.33593367481 0.00032141457327767523 0.08423561180652034
1.2161357467059086 0.9652288119589183 4902.9404228085705 -0.0003600350708353644 0.6560235177701623
1.4595359595566455 0.782759464250842 4921.046822823699 -9.832320256704373e-05 0.5012443740129444
1.1473833256197739 0.9620185729860307 4654.724698402773 -0.00032058455586652306 0.07998076498340005
1.3365757275510715 0.789111869370424 4721.083602421655 8.546498766080943e-05 0.5633460077594149
1.204727477850227 0.9664975000648288 4248.709033965301 -0.0009218184920381955 0.14763296790488167
1.004262481155922 0.9460150980965549 4817.392018068659 -0.00013851214505650853 0.07549651903406385
1.2689321719678177 0.9807068015126641 4741.396300631207 -0.0005418462415919933 0.3940945713762576
1.3984552379161639 0.7875752530552891 4966.377126192643 -0.00017282245146660086 0.5317209316990983
1.0579164114991386 0.8535775734337105 4536.204811467228 -0.0003028026777965661 0.07564920469613115
1.0938127538865416 0.9293191749440591 4843.662533551653 3.179798594661163e-05 0.08440356003180556
1.03860654932431 0.969880295510209 4829.25352029096 0.00020841097181203985 0.0847085904982638
1.144982841361972 0.9499433584459959 4636.795147977327 0.00039334199787440026 0.08890252885298774
1.0623080409276673 0.9240415662799475 4832.521515658356 0.0005813569854516393 0.08516070764516896
1.0514839879964577 0.9118682392168821 4270.004407464701 0.0004977825250525881 0.076377613995764
1.1473635107993898 0.9640438021779159 4039.372328413127 3.5841555050469245e-08 0.08483164405156546
1.1534403743646122 0.9794424986816149 4816.5180269501625 -0.00032200563910410405 0.16470706579767308
1.0538910211292747 0.9078701429972941 4975.81130158014 -0.00016330504218014226 0.08449582866640823
1.133886950295951 0.9902538795930866 4941.013490338006 -0.0004792163654005571 0.09490910742276677
1.426047323871995 0.8028392286746873 4677.979673053142 -4.782379306942226e-06 0.673033040553786
1.0668452888691653 0.9905636917875095 4896.041724904837 0.00013341314086557043 0.07992559223595863
1.2746736668381087 0.8786838532893188 4663.484278912222 0.00011813359469482639 0.8393321933067828
1.1428655346610344 0.9874629966700292 4868.860754083072 -0.0004116734035409919 0.15863718945227023
1.0024778034985131 0.8833339328577005 4573.446828144482 9.97923747662164e-05 0.07856439624097072
1.0434802108918606 0.9724261264274052 4898.720951254154 3.0865183887371954e-05 0.08107618157755112
1.213097887387555 0.99892576153356 4939.861937423972 -0.0004999690636604419 0.18755859067649308
1.0791836817391585 0.9326482155526415 4650.535906081292 3.0269025146670537e-05 0.0814716998570333
1.1894858427588613 0.9446062760083542 4452.898845927691 -0.0006570527029189013 0.1809729088342223
1.1387877598431415 0.9641208409481761 4939.018585173289 -0.0005517219261037251 0.09531098660148869
1.3916456499989844 0.7679010716824883 4942.95344889376 -0.0003392539630515757 0.39133721907362107
1.1180519119996986 0.8873198511752932 4385.071524170621 0.000253027462844489 0.07673079578653681
1.0680461712621931 0.8673675659881529 4994.17214932275 -0.00021041572081368477 0.08006289566489658
1.134924646795512 0.998149614648786 4831.357242358183 0.00013884902281612973 0.08064160728081696
1.3358900387762316 0.8299520264726012 4848.456209276635 -0.0008734812451564954 0.9305199579896597
1.208104023586013 0.942929577935186 4952.437459817865 -0.00018539995342722917 0.7151002486413377
1.088341739166614 0.9907344341414575 4306.394774291167 -8.53007740880091e-05 0.07914292703682212
1.1148271506538636 0.9818842253157325 4452.489487958611 -0.0002077972895956247 0.09197194548144311
1.0821359874139416 0.956111040553834 4536.7933585095025 0.0003625249101637715 0.07560467807298399
1.4277439708176238 0.7771676146608599 4777.321721992232 0.00010739946472210685 0.4813486277416579
1.0681230564091968 0.9340850926442208 4976.519889123803 0.0005641625273926325 0.08412879388906142
1.1423323176759261 0.9792349180669797 4955.7419826209 9.34406107905194e-05 0.08808157468217007
1.2886471962722719 0.9368013564036728 4779.69714014552 -0.0002691173957401146 0.9255045943007949
1.0298222133721175 0.8650220041103445 4777.716826896699 -0.00032272551300309513 0.07828019945575379
1.0797045918447412 0.9611753984813218 4788.182919748671 -0.0004925999186552527 0.09233029840213727
1.4148889408330887 0.7986170759599857 4939.216069734503 -2.028613368357356e-05 0.6778557994653809
1.1062459276193204 0.9190361337931765 4975.6272568140375 -0.00039369575193291644 0.0829010621330109
1.0203787354808906 0.9104279530652376 4984.807459142538 0.00045899335058627707 0.0770451472615469
1.2054523543153135 0.9891182291185097 4799.841078856842 -0.0009154215708468375 0.15223556285072365
1.0843926191142694 0.9682794953035271 4459.449371671039 -0.00021441390937156936 0.08476766072811837
1.0861709377751785 0.9455405513898694 4913.359870996933 0.0006080078008811784 0.08726350575469613
1.1221300673485999 0.989677261891296 4902.672357502867 -0.00015119731689869218 0.1059264173349823
1.1423628608903789 0.9322509385830012 4747.331055687504 -0.0004165236926994826 0.08321719691368853
1.0567072809465825 0.9382237901927214 4827.856168425211 -6.708780057611903e-05 0.07990896657030498
1.3715333920331998 0.7951448206410107 4760.874278990631 -0.0004906083658726345 0.5819264850944953
1.199906499226743 0.9322938822682925 4902.861905177334 -0.00018492579543751274 0.34286176955404035
1.0623382873013005 0.9616258710024698 4975.600222963936 -0.00010293623284674436 0.07703483887261443
1.1444671286715895 0.9693402727934256 4420.681378755818 -0.0005698349166895481 0.12977687841143626
1.1189486254871641 0.9270169936771468 4592.268724814391 0.0001827363600815081 0.08557521131127789
1.0520394103536146 0.9869875561589369 4730.848057043006 -7.377657066254703e-06 0.07843540974931393
1.0980488748283395 0.9655802666712819 4687.477951626178 -0.00015889486568542157 0.09560397897872008
1.2263500220001637 0.999117020594815 4811.727681696581 -0.00020677151166993148 0.5161825224163681
1.0290198601626044 0.9350445971843403 4882.850586914255 -0.0007919292577520059 0.08020515051664026
1.2984337610292305 0.8004320406080121 4764.365883807944 1.2787818861573744e-05 0.6786078450038281
1.0526702812728987 0.9293980991900505 4883.844314637559 -0.0004610073169014994 0.08617257350297688
1.0290057089253926 0.9336681021919702 4795.996266624948 0.000782449616641169 0.08573385840257354
1.2999915036858096 0.8337865921908437 4829.614528771188 -0.0007663098948295858 0.9592989535681542
1.034174317774761 0.9315041211226243 4975.87338701847 0.0003530926397864205 0.07938270238963391
1.2539504335899267 0.9934236938796549 4804.212101253555 -0.000302960335106507 0.46018275038279255
1.259597222207735 0.8234052803562057 4904.356566062185 -0.00023353142516708943 0.914746584811126
1.221739069991 0.8933119616179941 4788.732971996789 -0.0002646384592324544 0.9102786556521861
1.3692257327490314 0.7907005701702984 4867.272115773682 7.305479409221093e-05 0.5863710617477528
1.2515552339696638 0.9382259936216991 4663.035580552928 -0.00015744658563871314 0.8401779544211099
1.1313295357314797 0.938241377696462 4939.908022585129 -0.001216875732319109 0.09271209041421952
1.3443578586322797 0.808703527965136 4817.978049989134 -0.0001959911609126564 0.7910546330645043
0.9991527358799748 0.9306967790219227 4886.986502220653 0.0002881389726893041 0.08397106595923422
1.2539877697928687 0.9622679074184499 4777.284847060468 -0.0002809104460936008 0.9142836018255738
1.2255536987641857 0.9678893427498709 4881.728121039008 -0.0003075836967950028 0.884624781637015
1.0395582424414052 0.9504094161962544 4782.912571012116 0.000613726653400631 0.0821975237684435
1.3570246045436454 0.7960345006720592 4681.915797205876 -0.0005564012062469262 0.6197047096855222
1.129368984584482 0.8871546175632841 4747.492022395597 -0.0004991812107818089 0.07959266890094974
1.3423985343614597 0.8058957736771148 4857.360635593695 -0.0001360113027691765 0.7568660828911374
1.3681446416031613 0.7845787742353623 4801.651312893271 0.00011916212150438577 0.5325733213163282
1.1771253990352593 0.9356458333012555 4385.382100895507 -0.00020485155326508246 0.08443887804049095
1.3283615921411247 0.8129522477902987 4819.190631757914 -0.0003210762968017194 0.7743263235410219
1.2686198441335108 0.9701909443742189 4953.484497059737 -0.0004806504738391947 0.8261976099802828
1.16021687387645 0.9826075784849212 4687.254322671535 -0.00038285052681743723 0.1665443537042431
1.1556240505006143 0.985345386241609 4889.068962697276 -0.0004575136090606461 0.11556094637293454
1.1255681086632556 0.9447990124494854 4957.935179866601 -0.0003127512805546411 0.08768824003642212
1.1617749310620151 0.9777721270193707 4895.831767573139 -0.00036453107591410413 0.07908745290234989
1.1173515612244311 0.9457495307602819 4889.3500505831535 -0.0004804660500186188 0.09536170173553601
1.0481855825843427 0.9492515346792669 4902.792027212493 -0.00041011916703781746 0.07885015974484569
1.1054970406225166 0.9356196399548602 4922.926210784214 -0.00036110107110042314 0.08464571072419817
1.0120276184578048 0.8824214151676643 4903.3332882321765 -0.00020907986999930923 0.0796472033128022
1.0405104981439686 0.8819792417301509 4948.119676623432 -0.0006409655327529286 0.07677767242468098
1.0824095850747564 0.9074435875660259 4992.084413472015 -0.00039707294484160014 0.07971177909532075
1.0609915937467875 0.94191718913511 4790.697841029737 -0.000609441645028923 0.08518397578318418
1.1114561535411662 0.994559529287343 4836.5586810465675 -0.000361908704774012 0.08071921485417721
1.1147581036777314 0.9719702168018564 4975.772330697955 -0.00021484269117248684 0.08849443596806907
1.129709716289319 0.9833359995359012 4805.127752471906 -0.0001508143595485076 0.0889785210968525
1.183392122121429 0.9855705452626612 4872.922296568625 -0.0006842715448627389 0.1078046249776519
1.1886005147979415 0.9742201386492017 4891.744261375704 -0.0004278552425489317 0.10750694137110846
1.1886005147979415 0.9742201386492017 4891.744261375704 -0.0004278552425489317 0.10750694137110846
1.1471116913576092 0.9163436305079721 4985.8676482442415 -0.0003464919930261065 0.08947110225344866
1.0272994883720925 0.926365673064873 4905.965613264039 -0.0004322011630268684 0.07956147286989397
1.1340318991877372 0.9498821786475572 4949.160445206827 -0.00023269965437912421 0.09021524402000938
1.1600470582108473 0.9512868203459599 4891.04493016291 -0.000424185992184212 0.09696083983143473
1.1324509848335809 0.9542025800689906 4953.37698633785 -0.0008348366826638334 0.08902413123328339
1.148259190184485 0.9044934248403528 4774.191070720705 -0.0003042064336922176 0.08010884911390855
1.094533970975536 0.9597276080588807 4896.51134076746 -0.0001339707080269378 0.08983345806809377
1.2676784192042956 0.9909393293826037 4901.305878048232 -0.0004705164637248027 0.413989701713977
1.2121242363955425 0.9707244163787137 4942.644364618373 -0.0003414101080945681 0.487107149003641
1.2509014887445054 0.9518090557147734 4984.670771920595 -0.00038811885240861875 0.45894233968388687
1.2433007989794884 0.9619843998722128 4947.62239281899 -0.0004686659530128547 0.5206681638358033
1.2241027000565348 0.9352211869099869 4999.522819319794 -0.0005473983055767022 0.8379116216423665
1.237519832875294 0.9457424420252394 4989.41908066453 -0.0007508486258119839 0.7765832034154405
1.237519832875294 0.9457424420252394 4989.41908066453 -0.0007508486258119839 0.7765832034154405
1.2675097761559722 0.9535963056195318 4975.5203628448535 -0.00034681301006589957 0.7298950304709444
1.2675097761559722 0.9535963056195318 4975.5203628448535 -0.00034681301006589957 0.7298950304709444
1.2256785011948095 0.9597840713081462 4989.517850774257 -0.0005988957651190956 0.5262042275568402
1.2326111370328965 0.9263601931792405 4937.681836708787 -0.00045792389550279204 0.828430660894764
1.257259034577346 0.9404200120301875 4984.511817168579 -0.0005247722068960442 0.532776027854075
1.2461671907689766 0.9208782792763396 4989.51063503559 -0.0004226940316618935 0.8285537552945059
1.2461671907689766 0.9208782792763396 4989.51063503559 -0.0004226940316618935 0.8285537552945059
1.2259890940390927 0.9631184619510144 4974.4772544380085 -0.0004991828870517427 0.5744586492871671
1.2259890940390927 0.9631184619510144 4974.4772544380085 -0.0004991828870517427 0.5744586492871671
1.2332018738546457 0.9835112778027478 4882.5457029422705 -0.0005806805268233345 0.8631372979874934
1.2584293725641746 0.9523793078483034 4947.059005648137 -0.0005185332163156316 0.8320357811258416
1.1669037183901003 0.9487761117475153 4886.528982376423 -0.0005136427387031884 0.2261220711277924
1.202976320364211 0.9693031676153767 4966.102537331442 -0.0004114448687255738 0.22080730581289576
1.1499851718954919 0.9565141679956213 4809.857728179915 -0.0005635560582422398 0.28294397004971555
1.2029617440044014 0.9588553236233696 4790.035802086693 -0.00027093045354589876 0.21971627598745452
1.2784494386370968 0.9393969467758398 4853.778356080104 -0.000819080787878772 0.2727003442497594
1.2135369246290821 0.9773159784697456 4777.614909386246 -0.0004440770093209557 0.2513467126333063
1.1915807599364572 0.9368918567087692 4915.517414358682 -0.0002741660282779987 0.24095165757232287
1.1915807599364572 0.9368918567087692 4915.517414358682 -0.0002741660282779987 0.24095165757232287
1.1665500436121912 0.9406578552104837 4764.271617449346 -0.00023712568818926212 0.41034723276764223
1.2130873752356688 0.9373658072267084 4882.989917648666 -8.749731163069075e-05 0.33396225235817295
1.191722995475676 0.9361097476239447 4915.639203287042 -8.658210516171028e-05 0.24034112410294733
1.1614130588623073 0.9622524705404111 4936.801835544971 -0.0004419345641597996 0.14074880022805164
1.1614130588623073 0.9622524705404111 4936.801835544971 -0.0004419345641597996 0.14074880022805164
0.9986201229271296 0.8913482730571318 4519.1466642431305 -0.0002547402441176367 0.07991379936739848
1.1202344376609337 0.9033638759872753 4636.643542129639 -0.00013411345697208256 0.07989914105665985
1.1022979392821868 0.930017602810903 4536.715568630266 -0.0001385801769115527 0.08233838637661309
1.1022979392821868 0.930017602810903 4536.715568630266 -0.0001385801769115527 0.08233838637661309
1.1116162719285285 0.9089439762880727 4344.028822663171 -0.000384225613038142 0.07791266627559705
1.1571582405957235 0.9723151162548301 4344.001120266119 -0.00012896749003834846 0.08085092377912063
1.1951706470510868 0.9786142709227139 4385.692721770741 -0.0001121230947674136 0.08909456933056348
1.141230731056483 0.9270266634527878 4300.0184998232435 -0.00025263377092169545 0.08235109196713773
1.0976143357669526 0.9430766706783968 4674.280085644556 0.00020749815251371975 0.0819815958030107
1.1098804636699238 0.9304127888691317 4911.571613391159 -1.0041269452732536e-05 0.08360749301323338
1.1180783856338958 0.9512333948792955 4958.054687571935 0.00036562042032915656 0.08141467331156287
1.1319530589148654 0.9567539240151361 4891.123091960355 0.00023969741955813788 0.0847065156710308
1.1319530589148654 0.9567539240151361 4891.123091960355 0.00023969741955813788 0.0847065156710308
1.0609195689169884 0.9120885212496725 4270.272122544845 -4.315779334788223e-05 0.0803706953193032
1.1156759479430336 0.9437852328139146 4344.859577436981 6.93280830134114e-05 0.07780739442028872
1.120102592471778 0.9731993217897992 4344.528905024468 0.00033765291679172535 0.08114060411624716
1.0745191729801757 0.872399160984638 4668.177065489249 4.7499810027171065e-05 0.07814186200108285
1.1038625847157266 0.947458320345919 4849.404782749684 0.0002462563192702318 0.07929558591489408
1.065948793817582 0.9244711638292228 4913.5780522097775 0.00019638851078537697 0.08423031102794412
1.0330690213932285 0.9095012327401096 4889.493286390776 0.00010476473842652028 0.08056089063661345
1.0325259165387068 0.9324467794695779 4902.85332233432 0.00027364355748683275 0.08165521178039939
1.1230802313013915 0.9335452999645915 4955.128118846338 -6.320795462447826e-05 0.08107354647850752
1.0648049120844205 0.9549465503220793 4902.278634956538 9.796223904947316e-05 0.08820897951058099
0.998680951049761 0.9559746037472427 4817.676386093982 0.0005592644481133362 0.08236721879660881
1.0489792373186075 0.9533430651312612 4836.446189766169 0.0002812313545064751 0.0807405429956625
1.0925908085034028 0.9339672502696377 4997.440377132838 9.553334524059732e-05 0.0856211752623772
1.0843429077523041 0.9481612853379118 4802.237047885759 0.0007048493221509961 0.08157221334412541
1.0918640147477066 0.9536361924964634 4794.219645704941 8.80500037684793e-05 0.0838913131781671
1.0918640147477066 0.9536361924964634 4794.219645704941 8.80500037684793e-05 0.0838913131781671
1.0877934534437919 0.9464623696102842 4975.847165762478 -7.139738474201435e-05 0.08475690524831826
1.0864648056318247 0.9252909159411237 4853.374911952433 -6.31962770848539e-05 0.08065193206737972
1.1478859362757012 0.9111835666621095 4300.845664387602 0.00022484604512449847 0.08072408249041192
1.143941141128991 0.9566444973489792 4958.233786234962 7.767614905131795e-05 0.08313204661417928
1.1630316314897753 0.965433891084034 4580.47981849655 0.00023120288319845555 0.0845610328809022
1.0525602449052633 0.95164647591011 4867.216717466554 0.0001751925233938585 0.08485789983771434
1.1491741059890095 0.9703842677185617 4987.289228739546 5.691421286434295e-05 0.08144471090576345
1.0067511210795694 0.9250344732145601 4918.846113259878 0.00010047406666873987 0.08114056116780122
1.018174792452813 0.9604818944173991 4903.616189036888 -7.975288042990085e-05 0.08145552713253508
1.0723142855422614 0.9603963533366217 4898.611865879498 2.293015589927513e-05 0.0847037076117321
1.0394757836971376 0.9584592712083626 4852.728997486296 0.00018195984369395127 0.08074473340041292
1.0644266311683803 0.9003678885446542 4911.319630491398 0.0008880467697207014 0.08316083268919441
1.0408408033838144 0.9510534853329298 4937.801737694246 -0.00017053962827420885 0.07826791210513792
1.0879133804552255 0.9372162448404027 4526.042225393742 0.0002465359375149835 0.08327723424621285
1.2888454578635207 0.8032405684326377 4823.7005774880145 -0.00023461561314944067 0.6885210920707163
1.3580664563768168 0.8246921357544557 4939.9553700785555 -0.00076055633053527 0.8880997036519174
1.3668347625917843 0.7992637109545054 4989.925073110379 -0.00020254283078953997 0.6759032456248566
1.3445934304541771 0.8129632696388589 4874.755173470118 -0.0003369126394321535 0.7797817895861899
1.350292349856971 0.8060919011158496 4790.06460043162 -0.000582885491752631 0.6791230591070436
1.3903078379558784 0.7856242133178806 4920.19946619464 -0.0002442369479119994 0.5236051227612015
1.3801236181372993 0.7748463334561512 4882.6507172715355 -9.618933277742097e-05 0.4358585827314352
1.3375440346442748 0.7711597155662834 4758.819324730052 0.00010919088307841931 0.41698098213828894
1.4304027076139145 0.777972996760633 4941.76643244344 9.838601588244563e-05 0.46846371445745805
1.3290808981721272 0.8079617128285763 4915.479393252939 -0.00045016618730986667 0.7293139320535801
1.4500809784237814 0.7848576279879557 4984.743472640865 1.1983855761708263e-05 0.5499297243435364
1.3626509095075119 0.7938802774945221 4927.600393913046 -0.00048403073007427706 0.6099566498933092
1.3626509095075119 0.7938802774945221 4927.600393913046 -0.00048403073007427706 0.6099566498933092
1.3371485505595242 0.8058585022780276 4918.470927766261 5.2248652298850465e-05 0.7707945286563284
1.3371485505595242 0.8058585022780276 4918.470927766261 5.2248652298850465e-05 0.7707945286563284
1.264056095918233 0.9713719080581475 4704.7313523869425 -0.0003486152487109073 0.8728576400884898
1.2289284758919465 0.9477562459382172 4902.822599789222 -0.0004434971523538747 0.9909200778885425
1.2457351175408882 0.9100675745182378 4760.121063694953 4.772354662298201e-06 0.8912131454635175
1.2913330950432111 0.9082378358186887 4727.644227067476 -8.759186186275241e-05 0.8861108910666394
1.259544459471719 0.8835615778738342 4817.779920077739 -0.00041426247267129315 0.9450681237750302
1.2208330693656813 0.9766638158350127 4902.49603619519 -0.00028621768980695723 0.9418341556054723
1.2398989395557949 0.9653477751224344 4728.5336907856845 -0.00020862511963898865 0.8430970698139815
