chirp_mass mass_ratio EOS alpha zeta
0.982376116968622 0.8772050484814817 4977.071055329069 0.00013063738271388385 0.646342722318846
0.8772750385644461 0.8359040948927579 4406.033258857975 -0.0006070602544138222 0.62446956224728
0.9506727896278299 0.9581244588389368 4954.006185709036 0.00025648893745548463 0.6941416891626081
0.9763272751756457 0.8593788987396711 4279.352578727365 -0.0004392584467250656 0.6322640758796454
0.9046663498092267 0.9068956806546565 4722.750560761561 -0.00042760870376611993 0.6868266717544262
0.9528864334940422 0.9712844296665801 4399.163517790651 -0.0005502397263489509 0.733780428577109
0.9166947119325769 0.8473300922632222 4842.340138908814 -0.00036474985386374776 0.6519900521540618
0.9533229871901265 0.8459899280234626 4729.978670260697 0.0002823197542832784 0.6546996749203527
0.9826631163401736 0.9495116866480251 4052.9418899860175 0.00021529745603565096 0.7462305190994765
1.065564684452261 0.9446154493019614 4468.7757421081815 -0.00018652608102398348 0.7192390224478125
0.9471917440027057 0.9204228500425397 4983.4931773704675 0.0012230069975161645 0.7337881488179623
0.8580203795428539 0.72223808337921 4690.0097578488485 0.0009954767717342168 0.40028749195826874
0.9255797108719646 0.7675757407964218 4756.078285808637 -0.00030901972402265027 0.4649377207946046
1.0233860473710181 0.9041409709732969 4212.414492977869 -8.923761054272853e-05 0.6958120118131472
0.9827538147989238 0.9608389627057536 4602.372782939413 6.0047736308106015e-05 0.6958451706896116
1.0610184476283202 0.9939577814699381 4165.121532226986 -0.0004714307534375661 0.6925364558565601
0.8254176568092059 0.7440048114702491 4629.311348456491 0.0005807978833579121 0.4267267058350669
0.9594010827285903 0.9123736578482169 4845.112438898863 -0.0010384024242208888 0.6949328362578419
0.9977011727376066 0.9463436685326266 4259.900225129033 0.0001801690169213388 0.7286606451224769
0.9950796367027231 0.9789146407219255 4030.5016774784635 -0.00030605072070645647 0.6900119144839656
0.9538698000886245 0.9142633597289245 4284.5095018863585 -0.0002919401910925721 0.7268176187089095
1.038601844052818 0.9442128926760633 4305.786866324364 -0.00033669499532142013 0.7473786018201727
0.9491694655680998 0.949776413150706 4020.7943305775652 0.000205650018090193 0.703812279441557
1.038643481851488 0.9496320027167635 4211.755170515653 -0.00014046750329604484 0.7306503809458846
0.9534149158394039 0.851682539638023 4740.08966121379 -0.00045250771913281227 0.6645562660104907
0.959264780477988 0.9116304210291203 4390.072574359288 -0.0004325883724952419 0.7397039166154622
0.914601356489501 0.812293841349732 4746.180130331071 -0.0005898270280352097 0.5461180230996575
0.8771972942896827 0.890521272482949 4556.840119759132 -0.000385154300446016 0.6851022226007647
0.9377859317574007 0.950755923010577 4808.679905894865 -0.0009051282040928334 0.7446917898016299
0.9306351104795718 0.926729224231877 4376.241494289187 9.030304251304349e-05 0.7430077193306206
0.9538398756140309 0.8746070089857092 4966.600235925158 0.0001682693382659156 0.6833260375468301
0.9057300019798564 0.8924262248556062 4318.708616399932 -0.00022794870263650546 0.686306863775141
1.0529335539340945 0.9824673877972236 4344.840990597101 -0.0003844948198813523 0.6700221227218821
0.9339232624951462 0.7953390060985158 4470.485007129974 -0.0005077315353702513 0.5122844421923249
0.9318102083467054 0.9725481427267719 4764.559513705411 -0.0003818625928698858 0.688084530842556
0.8376234796092664 0.9538700044171196 4249.396580720927 0.0010044084268688185 0.7044375608316955
0.8994870514044314 0.8402830804599979 4567.80203602828 -0.00016531926335895016 0.6122815999432314
0.9430136253665966 0.9679954101216278 4686.581874933778 -7.778813935235825e-05 0.7114685597835186
0.9249130792256016 0.8946074676440734 4522.8989598234075 0.0005973329586574659 0.6909922573916061
0.8937216388686889 0.8596960974205197 4588.725568705826 -0.00011407756917368671 0.6466056504045337
0.9375166298884623 0.8682943771028324 4675.693321878533 9.90167012657104e-05 0.6574456974883975
0.9714317727085623 0.88777924006588 4703.8555301456945 -0.0002931023222765047 0.6778728623155699
0.9908387001661947 0.9076762716930598 4195.480094016667 -3.777105416444979e-05 0.6932268980613674
0.8885361873072792 0.859901162115393 4819.423933887619 0.0002560897812156012 0.6714225373604709
0.9553327823932347 0.8804491011030137 4150.575180003815 -0.0002573627665650992 0.6716886755160254
0.9476847778770499 0.9119915756807412 4859.996974791667 0.0006221199368468824 0.7410706812475161
1.0017597423967883 0.9750068127955946 4539.996812822072 -0.0008699525437873738 0.6875392475974054
0.9977302344553403 0.8135974219651552 4614.435264030838 -0.0003223147790204713 0.56311830732482
0.8573550357494804 0.8310737854576471 4337.159880563401 -0.0005059775517423308 0.5939398978754941
0.9832000293929839 0.9367449176305617 4427.971301332174 0.0001524026319023942 0.7455903702082095
0.9427404845011009 0.9124592828713521 4648.197836583059 -0.00025473336250269083 0.7177196314912321
0.9560614018139784 0.8932105391614568 4269.978137090022 -0.0006921272218097418 0.6986857742663971
0.9560752238239324 0.8143794239526443 4776.591045879975 -0.00024356100197516422 0.5768634076794691
0.9811486240890513 0.9802028954563566 4433.793483704669 -0.0005269285651026003 0.6844048761749222
0.9008704037861184 0.8043398521376515 4239.204755068196 -0.0006685937925286289 0.5345803756725018
0.9211998755435986 0.7955581007304606 4622.12657758603 -0.0009027310194958848 0.5186062541791703
0.960216017332088 0.858307959609609 4948.795055748996 -0.000478485374671822 0.6754759744685918
0.9606924477701062 0.8749175882031373 4416.441317829966 -0.00010595180222413439 0.6816210814457532
0.9536627639624189 0.9374439195174044 4876.297989549957 -0.0005162699693198385 0.7362170912561008
0.9613885598264501 0.785314269029911 4383.341014992159 -0.0003622810003107345 0.5077635127494994
0.8759986921971062 0.8505462234835451 4927.620832251566 -0.000367281577604741 0.65360920191995
0.9902912820093877 0.9520125406595434 4862.317501629074 0.0009871004850727776 0.7298039206256817
0.8560443598131434 0.8318370911144786 4557.697636629256 0.0010080425324725222 0.599123090603807
0.9512414890956399 0.8152950152761638 4776.942265762663 2.586643830927381e-05 0.5589796290830535
0.9190523657114603 0.8504418420731775 4538.293645638622 -0.0002757951926059638 0.641351992181802
1.0013549146946328 0.9034982932606592 4371.866844991715 -0.00011328784277624396 0.7154237213087968
0.9799838077144652 0.9234347135270189 4307.958769548733 -0.0004994086816703127 0.7063796409295522
0.9860895985628935 0.931262841734844 4794.576345768044 0.0003562698670003363 0.7313546000315602
1.064225875816053 0.9281419980762741 4342.925724437132 0.00041676791385182057 0.7462278746395337
0.8805671866112772 0.802563341602604 4770.558300926599 0.0006473756804408063 0.5347890273680682
0.8825537324514169 0.8287244681318244 4355.632086202871 0.00017511554723190223 0.5908204505773796
0.9076305179310845 0.830036854300452 4990.631444568291 -0.00043034359853855994 0.6023666183709588
0.9737601335740593 0.9602866854208013 4731.655901781936 -0.0004807127849681823 0.7129455880290737
0.9194326936404307 0.9032243051928215 4620.686701907791 -0.0004888763064862701 0.718909717105745
1.0393888127758253 0.9498800071062937 4371.681443608196 -0.0009863279394888855 0.712757527335243
0.891429266032289 0.7708758021815704 4203.841576003271 -0.0004248725201327031 0.47297505970954856
0.8952561324227412 0.8082793829691578 4726.38001316411 0.0010368628275967849 0.5447484446461
0.9086522820467139 0.9123296240344935 4678.1593544990355 8.164968297600314e-05 0.7296166998064619
0.9864983736682532 0.910487710678303 4095.594548159535 -0.00015066037218794992 0.7132924648105643
0.9946171785406308 0.9920969218216962 4779.5252507237265 -0.0002736550840098733 0.7088772500389301
0.9657285698002572 0.9228450513676637 4723.544907145199 -0.0004970091142300917 0.7355344239446306
0.9914259111890931 0.9165639835128746 4826.767043064011 -0.00028329722633523176 0.7047845700526572
1.012289344473059 0.9367833349151404 4080.934320606302 0.00026097548526124215 0.7166987073284047
1.000705112216131 0.9412445818422185 4872.22271265501 0.0002321395837299841 0.7055107539127223
0.9227550764050619 0.9377157725853222 4439.726091047631 -0.00016701410039348703 0.7272492323804949
0.9730357172713155 0.9340240350770752 4307.758416053087 -5.630979556017371e-05 0.7102515983292537
1.0109580041517356 0.9145178224300841 4960.223254500107 0.00017980954971459897 0.7221528482263986
0.9602960092644107 0.9834792142965307 4796.632031141482 0.00011023967253768095 0.6973384907294744
0.9183985506179843 0.8682555722923335 4284.059115489282 0.00014490039643471028 0.6616179302812553
0.9493319664499266 0.9720308695238916 4391.282793275009 0.00030384437586028067 0.7219312257786242
0.9887975026558778 0.964567049542654 4618.451026733408 -7.15620596302363e-05 0.7058488846584939
0.9035837687893488 0.8305994454054013 4710.477426927042 0.00010196098861444143 0.586249458309793
1.0016317898440936 0.9681388221037524 4243.322429560723 0.00016621338632777057 0.7113703777277752
1.0132349538930403 0.9712120000138244 4739.4354688971225 -0.0004908775468307207 0.7005495452497643
0.8851961085003333 0.8913188537269501 4809.590960036411 0.000521452708992822 0.6947187243801274
1.0309118563260216 0.9877455988942622 4742.841300025547 -0.0009301456002937656 0.7177878055384562
0.9936024325917874 0.9135350471993334 4408.4302001456535 5.1250696911955986e-05 0.7340609394478976
1.0536564415867062 0.9680585627508048 4751.893949356699 0.0005949810614048503 0.7249497028023193
0.9987827387695359 0.911451645433643 4945.365566035318 0.00018327452163490046 0.7120229306516483
0.886253229013694 0.8914649120656282 4918.985325463126 0.0006185107409873769 0.6901046401110156
0.9969927903279423 0.9112214632396952 4978.550823233527 -0.0006040674200843804 0.7020483942187299
1.003091878076624 0.9198028309276193 4141.235456354845 -0.0003886922991222414 0.737489766465796
0.9703863466269953 0.9239636130980178 4947.101128113767 0.00021057526188256195 0.746226163996784
0.9274911035166135 0.9535426968999383 4787.972759717398 -0.00034157731982723915 0.7295915390853787
1.0311865681363501 0.9928677532431023 4568.072018806529 -0.00031903976776266396 0.6725096619571121
1.0701924630955746 0.9975773310959724 4201.53277032197 -0.0008092840100329361 0.6810923517134415
1.011021115547816 0.9618128526104069 4590.428740885726 0.0003090823736075975 0.7364507352281506
1.0124110401249427 0.9312390130401422 4940.255464239375 -0.0006932164941372708 0.7131887430043253
0.9900036216852935 0.9346488671943426 4271.764473621878 0.0003885435131744307 0.7420630716575232
0.9900036216852935 0.9346488671943426 4271.764473621878 0.0003885435131744307 0.7420630716575232
1.007568246881791 0.9932314107696955 4846.139120481431 -0.0001508801956446514 0.7049064491115706
0.9914855608529094 0.9181655999779176 4540.506549995055 0.0009601107287903715 0.7207238565201025
0.9690430279177497 0.9281812499186529 4602.859595406414 0.0003509913339805213 0.7364857034125373
0.9690430279177497 0.9281812499186529 4602.859595406414 0.0003509913339805213 0.7364857034125373
0.9059625148369694 0.7700139594229719 4677.839994036557 -9.477014450261994e-05 0.476881344193324
0.8962927641761751 0.7961792664421965 4459.308222584076 -0.000608538036693102 0.5174169882425427
0.9528870631933871 0.947032152712254 4796.402804590115 5.0153498992149696e-05 0.7067859134446635
0.8641427912879478 0.8401530459892164 4830.902234923209 0.0005160379057102625 0.6162116563194665
1.074110569538217 0.9932586084167905 4023.9659701703813 -9.662251646489118e-05 0.6978474610769164
0.9808191364099051 0.9576235104634089 4867.620401686749 -0.00012493244710751146 0.732625679364892
0.9227946371431177 0.8875516402936308 4244.562724286131 0.00024579094781268686 0.7034434353203312
0.9632724182308325 0.968478525505947 4917.046798557981 -0.000295461607386907 0.7200640108657469
1.0206755003454058 0.9309541072905414 4564.006351182101 -0.0002936560227573383 0.7128051520247596
0.9465872631750825 0.9314417631613465 4073.6417547256697 0.000370903342680189 0.7222501824939601
0.9474636046534134 0.8760593979991689 4322.92845754152 0.00017125518538927908 0.6847713598531713
0.9674377445567747 0.9468431629417459 4298.704283115755 0.0001530323808552301 0.7257698195999847
0.9366319546226901 0.9611609973364121 4790.165051207309 5.8666308752476884e-05 0.7330555268441785
1.0326375102723764 0.9783458271629146 4978.860057577838 -0.000931981431865681 0.724402667988585
0.9310776889378737 0.9289361697122872 4352.373810608142 0.0009912761790960738 0.717107854676055
1.0404927419451904 0.9628497921515206 3993.9456961336264 -3.316193721399953e-05 0.701055939903701
0.9309446727163111 0.9226687000154853 4149.540413633232 0.00044493147034796395 0.7255545854489414
0.9183537388779053 0.9407609302059556 4906.4126477505815 0.0006194004435104429 0.7258893823260669
1.0155659260171725 0.9956033449954892 4877.280225364006 -0.0005052099266685373 0.7039913892031736
0.9497294641648089 0.8871656185727967 4859.239319624508 -4.298558069938044e-05 0.6867212851422296
0.9626909327612625 0.9117337749766563 4732.0528994427805 0.0005460306742144941 0.7391333172933892
0.988704273840968 0.8639428186225564 4943.62485444114 -0.00036411461458500324 0.6791477704974846
0.9450916415860368 0.8037682561102251 4404.087892551226 -0.00033633571936879316 0.5456710363060643
0.9489654099688352 0.927047876329475 4420.00560591399 -0.0003693308606180466 0.7080206528169162
0.9866974948627154 0.8843105251820382 4526.8427645803895 -0.00037582467915072245 0.6806796121003894
0.9421642507980758 0.8687631135363435 4837.300302529736 -0.0002829204760593576 0.6886444362640862
0.9399846430892176 0.9920476458792834 4463.564615034664 0.00018019927888003303 0.7065092462287674
0.9321447361956245 0.98297603921439 4535.765793029795 -8.125878142667708e-05 0.7019436865800488
0.8874494824644396 0.9134721029886297 4931.5777863719995 0.0010968879086907634 0.7324998553361763
0.8984762733359231 0.9168209813818048 4811.301250673527 0.0009878929202156053 0.7184923773861526
0.9657744288042793 0.9703054261096349 4676.92152496119 -0.0004390693731773208 0.701686161257403
0.9041764505166971 0.8761935539571616 4563.191031932767 -0.0005115931984455543 0.6918319776869473
0.9614002115676892 0.9240268226742424 4511.10287998237 0.000602200068602313 0.7267746200661285
0.9614002115676892 0.9240268226742424 4511.10287998237 0.000602200068602313 0.7267746200661285
0.9531192537140314 0.8450861587898877 4839.409092814093 -0.0003814321397329558 0.6335525452068469
0.9825534006190948 0.8960575964790103 4949.643977878948 -0.0005197339164545441 0.7294362901657883
0.9447172390577886 0.8444013374301285 4794.672992521601 -0.0002315264738516353 0.638943171313558
0.9096204172287755 0.8839689782926815 4820.21513401846 0.00015926656836279962 0.7011788249752413
0.9890871655479885 0.9642724982478882 4780.716905559624 -0.00031279237996137296 0.7094524232020817
0.8979164242077199 0.8244955546252457 4438.328018387696 0.0003029020015381371 0.5890199570907697
1.0085624039017556 0.9722611410872297 4899.862998983942 -0.0006115894927561059 0.7278453574972847
0.963802092649468 0.8473603457816024 4553.80724524753 -0.00012307038457839032 0.634398779382387
0.992977664578971 0.9195309283001109 4217.6206721273875 0.0001488398658722588 0.7270545559496717
0.992977664578971 0.9195309283001109 4217.6206721273875 0.0001488398658722588 0.7270545559496717
0.9466986541631022 0.9551766335205578 4655.983121592301 0.0005529716984781801 0.7066792168603971
0.9466986541631022 0.9551766335205578 4655.983121592301 0.0005529716984781801 0.7066792168603971
0.914498759256923 0.7979031416201113 4755.024489997525 2.087896550037374e-05 0.524321241146322
0.914498759256923 0.7979031416201113 4755.024489997525 2.087896550037374e-05 0.524321241146322
0.9274482422943682 0.9616061021002421 4563.703568085194 -0.0002190351735118921 0.7138717220922757
0.9911973131479666 0.8417667045454791 4869.38278444796 2.064868693200247e-06 0.610461005166224
0.9327500554379955 0.9448535429080035 4924.545251608789 -0.00010386658435501935 0.7166533335008387
1.010448111585036 0.9589581639308455 4217.84390038093 -0.00013214402234076972 0.7072898715425289
0.9602130456916156 0.8386090092656467 4957.92220779737 -6.369687416043991e-05 0.6288317146903896
0.8878374774814899 0.8110742496882855 4605.89603350469 0.0010284840493904623 0.5590257714412883
0.9416268129410951 0.9024800879519638 4503.116305769212 -0.0003640083806416742 0.7251496710944577
0.9249048487196433 0.9093958924743543 4449.446157459221 0.00041474687367559505 0.7068395598566677
0.9436458332099713 0.9454590809605834 4484.565102479955 -0.0003646792177267696 0.7361204394946436
1.009735705866807 0.9319361304265354 4526.499476337689 -0.0002996247558516526 0.7109560242381462
1.009735705866807 0.9319361304265354 4526.499476337689 -0.0002996247558516526 0.7109560242381462
0.9501107146517384 0.9504852809987343 4554.547143302652 -0.0011407008308253837 0.720975778237023
1.0483278836003704 0.8731211336148396 4716.433639579612 -0.00024507336404950815 0.6769626845500856
0.9351995547706778 0.8964344115641223 4937.449700623628 -0.00018589123089677638 0.7247188511286893
0.9979587214431683 0.9449442481852888 4841.484323623349 -0.0005975860565392025 0.7122316843480442
0.9434762577375535 0.9821990671617495 4376.882893348293 -0.00011690113723288105 0.7084626476093997
0.9638000591583926 0.9650633410974755 4786.352525939202 -3.493785427445372e-05 0.710453530130136
1.0510939632342406 0.9222098095454108 4589.281919767818 -0.0003848368542799 0.7219078477569374
0.932390118181782 0.9368374762077665 4547.907150071965 0.0001402671593930204 0.7189842062429103
0.9634504503945203 0.8638747301724243 4662.835639870904 -0.00011853294743947037 0.6711925082145378
0.9403152667167232 0.9320602153446009 4559.232947377266 -8.853816228043738e-05 0.7351597816688074
0.928536914929122 0.91341991251612 4521.3904453973755 0.0002708089393489691 0.7087862105623581
1.0308318140763932 0.9568992591489238 4649.611334773226 -0.00011293308949859618 0.7276159704226615
1.0308318140763932 0.9568992591489238 4649.611334773226 -0.00011293308949859618 0.7276159704226615
0.9806053088457645 0.9661145208048192 4416.240104730449 0.00046991540046893834 0.7171396565455981
0.9806053088457645 0.9661145208048192 4416.240104730449 0.00046991540046893834 0.7171396565455981
0.9741786452208344 0.9673642969617854 4248.415683253604 -8.576019858651735e-05 0.7033475048370534
1.005864142128261 0.9209746752106098 4799.290086178292 -0.0005205714510290457 0.740643583868702
1.005864142128261 0.9209746752106098 4799.290086178292 -0.0005205714510290457 0.740643583868702
1.031804499616897 0.9940356927525038 4080.372451658689 -0.000252206593609464 0.6800079756179209
0.9141261550205723 0.9739181638727851 4823.626219557554 -0.0002478600172221886 0.7186782122236196
0.9125276941061002 0.9082047548243128 4460.661745109861 0.0010142525960111035 0.7158430195223761
0.974722646929644 0.9007346814013303 4841.009485266525 -0.0003119053030677988 0.7102113745086611
0.9662186742951435 0.9565161015292394 4888.013799161324 -6.302117777154043e-05 0.7116036836906461
0.9257274430926714 0.8771694231661652 4665.314465449215 -0.00010440211089542291 0.6837669445805783
0.9474893474739725 0.9321272020867634 4963.219997266583 -0.0005147990491265084 0.7151634604225501
0.9996185072149799 0.9560569027836768 4502.43466303162 -0.0003033391437765621 0.7119183827642728
0.9511973325780455 0.9388190314423462 4485.124775019048 0.0003685596616992385 0.7292863828710807
0.93770121049053 0.949888777228704 4601.363113251353 1.4353092962330106e-05 0.7246020322771756
0.9366530899482493 0.9425048994617841 4761.801605886096 4.152540123495628e-05 0.7251896253972296
0.9148348904453796 0.8809541831384053 4993.422627889558 -0.00016064420152599906 0.6920525036386768
0.9148348904453796 0.8809541831384053 4993.422627889558 -0.00016064420152599906 0.6920525036386768
0.9358615813396995 0.8663202638041553 4712.440336069868 0.00017499970338583047 0.6717844236755717
0.9619640778190609 0.9139669226514762 4888.097609095747 -0.00037098877227461377 0.7051956341473947
0.9570030874381418 0.9484929754856636 4938.308170282807 0.0011811386366102252 0.7202325686758109
0.9979356845213101 0.8984323943687401 4815.241448183831 0.00016577229650582612 0.7292291227405735
0.9979356845213101 0.8984323943687401 4815.241448183831 0.00016577229650582612 0.7292291227405735
0.9386218240911679 0.9668620508053357 4521.20381363069 0.00047838382179609415 0.7196461277126984
0.9651590435325266 0.9739090386957815 4963.368330358389 -0.0008180155930148319 0.7138638145242132
0.9075726370886052 0.9234587541287974 4866.197635615414 -3.054558393925165e-05 0.7227482764788513
0.9547391763533402 0.9580540200655956 4963.289831698154 -0.0004978641944604432 0.7263965606888709
0.9998743447990448 0.879162102061474 4911.985833174702 -0.0004470160871286325 0.6811773907489984
0.9971991027071654 0.9760311796929099 4855.387435729569 -0.00017565833302603175 0.7011852038713672
0.968322210946762 0.8778729049787799 4947.365886129519 -0.0006074935854898997 0.6788363563974226
0.988046090685404 0.9731808739344668 4549.349092206419 -0.00011250880069893039 0.6950692568130804
0.906578844323816 0.8207794535913876 4757.132245766115 -0.0002379804125887954 0.5717421997236309
0.906578844323816 0.8207794535913876 4757.132245766115 -0.0002379804125887954 0.5717421997236309
0.9916828065012253 0.9711365936849587 4828.517787928494 -0.0010910234150613674 0.7246267041667449
0.9268649871275094 0.8803963731604739 4644.090078388363 -0.00018859049900257413 0.6982151436360622
0.9463788082330129 0.9367506426792844 4573.10044698163 0.0001529208175772778 0.7171720563735908
1.0249524444735616 0.9341479342699167 4798.134041927979 -0.00046938564410912997 0.732479978121786
1.0092670008355247 0.9725051748304883 4765.526941799062 -0.0002943882727681231 0.7070375484322391
0.9784916431198029 0.9129910061998491 4631.545370545475 5.455114079241216e-05 0.729273902343992
0.9675349246634789 0.9707537924545296 4858.177511786555 -0.000231722018675319 0.7056894719225272
0.9675349246634789 0.9707537924545296 4858.177511786555 -0.000231722018675319 0.7056894719225272
0.9378831401987595 0.9660311374387234 4541.86182782864 0.0001508182841098715 0.7102734382430136
0.9378831401987595 0.9660311374387234 4541.86182782864 0.0001508182841098715 0.7102734382430136
0.9585913997819402 0.9403492642620237 4506.360325486664 -0.00039829336482965816 0.7163609806069
0.9651720557602159 0.8596173941975723 4755.639002250318 -0.00010337747891154285 0.6576279924370412
0.9754595828727747 0.9165466477729081 4840.599372797799 0.0010024669267327375 0.7122576606720288
1.00596843529808 0.945370879264543 4733.782864688935 -0.0002203788289032373 0.7303856164824711
0.9914779578237036 0.9777027090075284 4602.413152141064 -0.00022497161778239045 0.7171013812936569
0.9914779578237036 0.9777027090075284 4602.413152141064 -0.00022497161778239045 0.7171013812936569
0.9547449432500839 0.972895300015521 4925.109495604278 -0.0002824039818746942 0.7089420911466255
0.9804975225414116 0.9774381581638271 4825.521255323236 -0.0004176710443097789 0.7175773692532676
0.9804975225414116 0.9774381581638271 4825.521255323236 -0.0004176710443097789 0.7175773692532676
1.0122039876409632 0.9780565589400116 4647.739476104202 -0.0002767344218625081 0.7056819792152094
1.0044352492072017 0.9721262685128952 4615.7511747010385 -7.525700484528088e-05 0.7202126524138677
0.9629973357026383 0.9106506749725297 4836.148819165545 -0.0005350318257546187 0.7373062064330338
0.9484209693953015 0.9083382750401651 4263.3166525758825 -0.0002818580299785916 0.7243807127583245
0.9484209693953015 0.9083382750401651 4263.3166525758825 -0.0002818580299785916 0.7243807127583245
0.9859420815062832 0.9489651841590003 4732.697337458716 4.423374080976528e-05 0.7379242425654585
0.972727375273514 0.9104935019137508 4736.628812948783 -0.00014110125874018534 0.7346535261329872
0.9734060595102527 0.8661023153959871 4951.102727016646 -0.00029713722437445326 0.6681876465635055
0.9734060595102527 0.8661023153959871 4951.102727016646 -0.00029713722437445326 0.6681876465635055
0.9130766693189237 0.8337541533825454 4758.72444392442 -0.00011717893568195459 0.59680034135994
0.9130766693189237 0.8337541533825454 4758.72444392442 -0.00011717893568195459 0.59680034135994
0.9713476537645173 0.9313956120104209 4550.282518409638 -0.00026333342233686663 0.7187005128118424
0.9858780856142139 0.8952206487076115 4983.718646568796 -0.00019060266453733963 0.6995812145049525
0.9732983704369174 0.8915549416577584 4799.032244738089 0.0003651219543794682 0.7146023365019035
1.0206999695190349 0.9380871786860693 4189.416689779813 2.3159985215747634e-05 0.7204309011109867
0.944125821286697 0.9006691276968434 4693.93586186203 -0.0004470722865226153 0.7151859157377701
0.9869488571205118 0.9275181096859271 4425.407597783828 -7.748094494179851e-05 0.7278113755881179
1.0015654948802812 0.9062825129526326 4871.413500562115 -0.00030782786031362925 0.71679636646442
0.9643521926253947 0.8672827085405013 4846.706668953799 -0.00011898580297581747 0.6663010953410344
0.9643521926253947 0.8672827085405013 4846.706668953799 -0.00011898580297581747 0.6663010953410344
0.9391679365984168 0.8773875249202449 4825.626795535024 -4.100922376393713e-05 0.6890190505145922
1.0005549603737438 0.9248303048568991 4982.691798490497 -0.00015912978381246414 0.7397451117456444
1.0005549603737438 0.9248303048568991 4982.691798490497 -0.00015912978381246414 0.7397451117456444
0.9924189099403411 0.9298862570404458 4931.765652382231 -5.493868615114267e-05 0.7368614047540732
1.0000944688504947 0.9001038613144957 4491.78590160154 -0.0004359780358416841 0.7214951225536754
0.9751310049561241 0.910699739175283 4703.977110429992 4.646126412473871e-05 0.7131534787896945
0.920224644855977 0.9449285087617763 4866.966886480517 -0.0002373895550167283 0.7281835325829822
0.9237158516143028 0.8771157517872668 4447.878558155644 -0.0005996055771191055 0.6803096304888026
0.9237158516143028 0.8771157517872668 4447.878558155644 -0.0005996055771191055 0.6803096304888026
0.9799608416670178 0.9707182339912834 4898.766567064235 -0.0002841262542745931 0.7165623262899524
1.0133569549449744 0.9320941549099788 4126.316212126577 -8.535237594705472e-06 0.7315340661345779
0.9809972849732347 0.9423075016679976 4758.138202623316 -0.0010737028319326367 0.7456296109482504
0.9311619013935358 0.9704854867812117 4918.8613305780245 -0.000400716326413335 0.7039446347371795
0.9458807372205638 0.9573778437184123 4761.299015168106 -0.0002778529492050666 0.7117710285289868
0.9613776734277605 0.9246880094567629 4651.317473464783 -0.00038058373563929274 0.7247357997314002
0.9534294490929164 0.8319963486348446 4862.537596368408 -0.0001050877186772214 0.6037170044078553
0.9754096203924034 0.9531053043940636 4947.434065292259 0.00032064004707305066 0.7345404804830665
0.9277522580264217 0.9755000656112148 4489.93686191243 -0.00038846182555164516 0.7022299843896084
0.9819127773246755 0.9272775957515004 4966.983129020415 -0.00010445506594664378 0.7255854755175444
1.0018301138803802 0.9355913500512817 4441.656708454665 -0.0002768204078121774 0.7262326074179496
1.0018301138803802 0.9355913500512817 4441.656708454665 -0.0002768204078121774 0.7262326074179496
1.0175992675619394 0.8938121114933704 4540.155751456915 -0.0008488969793791895 0.7027565133013006
1.0175992675619394 0.8938121114933704 4540.155751456915 -0.0008488969793791895 0.7027565133013006
1.0720151458632956 0.9878742782001273 4527.656155658396 -0.00044198205809545715 0.7071489611831745
0.9395542605913181 0.9765610939123933 4498.54637407862 -0.00027180961809562863 0.7163820955411104
1.021590770732664 0.9211591444745842 4977.730506187339 -0.000894068603822562 0.7419976533646526
0.9135400285936033 0.9201981686197752 4809.582889321565 -0.0002303678372460043 0.7307113594214191
1.0031637313249953 0.9380368279073703 4946.51365010255 -0.0008625219439002986 0.7369664041260373
0.9106882559202383 0.8157435531148507 4784.41016329002 -0.000334265937454304 0.5715553518404893
0.9327163227940553 0.9049907658383861 4795.521211567633 0.00026513762574799404 0.7269067525212441
1.0316022592194034 0.9487080324073961 4266.448341930153 0.000111734328271775 0.717409776135334
0.9417849497028539 0.9285614836158532 4857.644835523686 -0.00026088104122210215 0.7325489994809149
0.9644161714717179 0.9605784090100116 4410.856792638787 -0.00017032862726814275 0.7187771878384387
0.9571291473832517 0.9386436688085587 4893.62357401532 -0.0002555053968582542 0.7259202577535033
0.9690813108315615 0.8754026939433787 4311.439668671498 -0.0006355142774055995 0.6756304484169732
0.9375276799767978 0.8479977654301587 4539.874934954339 -7.6935891065026e-05 0.6420510041334996
1.0245229931668915 0.9820245038083453 4815.995793648765 1.5263282585959454e-05 0.7145611053577644
1.0245229931668915 0.9820245038083453 4815.995793648765 1.5263282585959454e-05 0.7145611053577644
0.9665793266657632 0.9454385031645317 4841.491779430606 0.0006506532479576437 0.7120805537129848
0.9803128090593921 0.9273427350724835 4875.961465912907 -0.0007179880796252574 0.7268226899118301
0.9554206233747635 0.9763961669025063 4497.619201190471 -0.0005512174645038156 0.6994487160195931
1.0070253115248569 0.9348020788247956 4249.039128625091 -0.00022881988157429705 0.7088943322139616
1.003120068282763 0.9411503206550464 4210.798478867527 -0.00015329953931005755 0.7162014315881532
0.9904847898093042 0.9060834087689622 4877.507474325292 -0.0005133176210578017 0.7063777759630623
0.9911894963689997 0.9384899390369654 4379.276703211853 0.00033731039438725 0.7286927377480052
0.942644623876245 0.9499768050166196 4882.206720148932 -0.00032663688364289583 0.7080652939426283
0.9791751991093213 0.9069149655528879 4826.0591147123905 7.999011216605162e-05 0.7063526168832509
0.9705075300118673 0.9414188000462742 4907.750296463774 5.011899223739922e-05 0.7186413529606599
0.9994737087210812 0.9372983971464478 4195.934729939793 1.7768283956104134e-05 0.7200916330695691
0.9442686512138325 0.9426721791933796 4772.825803023136 -0.00043364711031547616 0.7303941036686641
0.9393447865931636 0.8914034352891312 4570.718126091697 -0.00025881661412873255 0.7065895762568007
0.9393447865931636 0.8914034352891312 4570.718126091697 -0.00025881661412873255 0.7065895762568007
0.9238937257091299 0.9255398344850478 4497.35051054369 0.0002494630912258494 0.724495231911727
0.9829375414393824 0.9746577968609745 4880.251004492925 -0.0005767757682676168 0.7148536578655047
0.9669406841722005 0.931392336464581 4899.107347873769 0.0005198883449872881 0.7122067273376764
0.9536533661461194 0.9727157923331118 4981.259435999677 -0.00046933251616525706 0.7110297963532084
0.9505991889227445 0.9074304784140725 4693.912979422027 -0.00057245383807853 0.7161234299397616
0.9505991889227445 0.9074304784140725 4693.912979422027 -0.00057245383807853 0.7161234299397616
0.981178557546293 0.9580282085735133 4797.528298862086 -0.0003546591515698334 0.7349028250348332
1.0176949979101781 0.9684849889348792 4607.095216840644 -8.693743634891089e-05 0.719284654314124
1.0176949979101781 0.9684849889348792 4607.095216840644 -8.693743634891089e-05 0.719284654314124
0.9960102009815468 0.920194496075078 4877.208475263194 -0.0004919786537470424 0.721350508492357
0.9960102009815468 0.920194496075078 4877.208475263194 -0.0004919786537470424 0.721350508492357
0.9387107482577357 0.8779841910190476 4618.5559442133745 0.0006148941492820219 0.6858693682269503
0.9387107482577357 0.8779841910190476 4618.5559442133745 0.0006148941492820219 0.6858693682269503
0.9643247161595645 0.9494977687011804 4483.995506653703 -0.0002655301739756375 0.7226293000648248
0.9417830307951792 0.8946654122690361 4989.713834070302 0.0002271014073691163 0.7185123076287764
0.923587394756096 0.9308157706234863 4866.743912409717 -0.0005759649833862924 0.7227214769613156
0.9699693610920992 0.9190816253375949 4736.608011920003 7.439224445372547e-05 0.7140429720730315
1.0074532425393705 0.9243071056889245 4733.9339807222705 -0.0005826735795963651 0.7245853577213746
1.0234430949063655 0.9267701762584372 4323.62442474739 -0.00041863834694479113 0.7187765689020609
0.99741878288367 0.9134698040269463 4680.724431808265 -0.00021309525183954434 0.7227578890490698
0.958791990181209 0.8993782571639858 4810.823316599729 -0.0001793388863935012 0.706875044533924
0.9973529934484346 0.8988359552581209 4450.237159224525 -0.0006628636150704846 0.7069113482963365
0.9444188058837655 0.893563973501298 4990.178344349352 -0.00030853613371337256 0.7033247081153428
1.033357692591698 0.9464994483286141 4864.457433779115 -0.00041406758566441557 0.7322360639840455
1.033678708470209 0.981478862471394 4590.640946041034 -0.00047896236969683666 0.6928127736410907
0.9360968647253521 0.9509140959093165 4876.450145088732 0.0003770219254365215 0.7164043605013206
1.0345239318956057 0.9477641035558878 4092.502627747053 8.136576870024957e-06 0.7212633747553174
0.9796752442156256 0.8934657778115075 4826.3412453161545 -0.00015300797953419798 0.7092005015377386
0.9664370068163128 0.9598012935840112 4828.85687104588 -0.0001603598562658339 0.7243657561549683
1.0607596520217022 0.9850109557421434 4053.5245273202613 -0.0004822833616847293 0.6878951496447787
0.9437016365894098 0.9638776862017542 4544.645140823329 -0.0006095463744688229 0.7123477707565051
1.0026128266443288 0.9519841446371144 4650.211762982684 -2.0996837134729853e-05 0.7265570659920555
0.9299325154286874 0.9729937923161216 4927.127514637866 -0.000358431826690202 0.7134113825596275
0.9559689681965231 0.9427930447586481 4676.24237686436 -0.00035468456070741655 0.7158253157094597
0.9637559434553484 0.8985736332591996 4712.716046429539 -0.00039031615366741243 0.7111079778799115
1.012975795446771 0.9302967935276955 4871.816303624857 -0.0002776223708732729 0.735261570115257
0.9990789085713704 0.911405977728585 4799.130983605709 -0.0003155718316024772 0.724078855528933
0.9715944167143822 0.921397553716814 4569.604796134031 -7.591511846622475e-05 0.7295728797743427
0.9159955304424158 0.9650623492436874 4790.829781420507 0.000988718649292581 0.7169064133585135
0.9711850645410678 0.9454321565062439 4771.011032521438 -4.446157555339677e-05 0.7329682880613986
1.0039979841408226 0.9716729354374495 4976.7622231646355 6.731756956195306e-06 0.7076537639610626
0.9865695167947959 0.9105975644948977 4669.3449922145755 -0.0003648229325913063 0.717029792388163
1.0298705649265165 0.9864577842427877 4802.967653037022 -0.0005436854352215538 0.7084495538229658
1.027844814739141 0.9477974645537033 4161.751504882479 -0.00020353731857459918 0.7199953997514552
0.9574746307160418 0.9360631766558656 4991.348966143841 0.0008352599434130229 0.7184482398014052
0.9715500047432932 0.9344496724968732 4597.815666327059 0.0010256061860076581 0.723857653708183
0.9138159224923712 0.9565888624620188 4886.006499284414 0.000550714270271747 0.7248026913157637
0.9824656893765571 0.9436480505535231 4814.480601383775 0.0010126042575430256 0.7326830140826478
0.973221151173383 0.937533522472178 4881.400292777003 0.0002822588416300412 0.734893174893202
1.0028228095304685 0.9698335210737479 4259.882821796296 -1.5596528997617372e-05 0.7143200312529898
0.985301677946413 0.9656491497769493 4889.122213100626 -0.00015247026429959204 0.7191971678151055
0.9713656779547251 0.888766126075744 4980.26655868741 3.76936989548317e-05 0.6916465399974544
0.978353956425505 0.9512069120921759 4946.12810801424 0.00030902827968979876 0.7305166218004543
1.04459588822612 0.938614572225552 4229.320202980079 -0.00041165333926439224 0.7243908019480816
0.9673585723030861 0.9123470141094895 4685.764268354116 -0.00027293289064699375 0.7192395531652218
1.0194538029803673 0.9990804998942491 4951.932438475594 -0.00036859254230020767 0.6892956450557626
1.001652445467667 0.9568273813043106 4379.57489674924 5.0072297596154104e-05 0.7238955673915638
0.9328029687434287 0.921905027310863 4819.100964684512 -0.00044534499611952836 0.7220312696612248
0.9769034489029683 0.8611939149361103 4933.70690230886 -4.055827787699398e-05 0.6569942813714585
0.929903782432429 0.947170393114994 4443.475076624661 0.00036277307555432467 0.7150463790461326
0.9465180670962261 0.9203584094428781 4954.526254467283 9.900435415834485e-05 0.717718473743231
0.9515664437472285 0.9414375483576628 4845.453590693578 -0.00031778625809501755 0.7294570743024756
0.9401121366901783 0.9824248164622256 4886.974249537827 -0.0003319035508379199 0.7029250878670347
0.948276989702761 0.9300822569759222 4506.537177027485 -0.00015063424505067135 0.725002665117775
0.9528279578521663 0.8827211587670659 4736.802499950192 4.020254681214086e-05 0.6868095536624302
0.9822098418721426 0.930580023579125 4867.668283304157 -0.0005481737728727664 0.7373353162263315
1.0108260933558728 0.951944794032862 4424.086707704121 0.0006756630687151634 0.7304512231391169
0.9339037491145772 0.9243042860240469 4766.012103645424 -0.00018023888925887567 0.724668926051783
0.9482545387643952 0.9883320976676501 4903.513371803104 -0.00038704972517202826 0.7046900872200004
0.9615548073287872 0.9102142560297576 4827.667272675086 0.00018329482305276678 0.710240933801457
0.9894048350663973 0.96461152639987 4946.004896147282 -7.590126654324305e-05 0.7188249059683339
0.9898651605804278 0.9859248674996388 4910.093897097415 -0.000488908038541796 0.6988572070254935
1.0114621187901336 0.9808144504521317 4976.049401383544 -0.0002940356051087123 0.7104432361429777
0.9877075669657501 0.9363289166506832 4901.702380128196 0.00039322428316186344 0.7374433479076887
0.9553110653413712 0.9400816484405858 4676.362263537385 -0.00033722541060171753 0.7201863687878003
1.0016899256331329 0.9058063300588004 4776.966592838664 0.0003562954404269572 0.7193905285115486
1.0010283269732758 0.9080310079761154 4802.4478404548145 -0.0002731903243070669 0.7183955236000459
0.9463781589618033 0.9753548281255335 4830.077692756377 -0.0008664711463521281 0.7089486094766352
1.0458313985389873 0.9416677173105003 4891.04524073751 -0.0002733608114091569 0.7377935203661397
0.917040702077212 0.8818740571727257 4728.769763510009 0.00018016261064229282 0.6882803000331744
0.9693686035661208 0.9366000102155524 4953.101330171467 2.6286231069474175e-05 0.7269711922572605
1.0099857951938676 0.9338892170698075 4862.519915857136 -0.00021456014769480642 0.7336786680603465
0.9606376720817869 0.892434970104428 4979.228450932733 -0.00012102655409470105 0.6997273177733035
1.0189124776476768 0.9955276167023726 4698.505133108455 -0.0007799737893135653 0.6807592829511847
1.027811651072962 0.9473761935315894 4083.336124022027 0.0001314109478612338 0.7235001266116146
1.0150299319077745 0.9299722044792067 4275.3917366846235 6.0644490823264855e-05 0.723583342076136
1.044275199322569 0.9770884065115589 4526.490787193695 -0.001033153014890403 0.7039822312906064
0.9767592143006192 0.9118352052640322 4737.36495491139 4.408273104092973e-05 0.7300059113838626
1.0032513247253845 0.9358497735791665 4840.751706554745 0.0002711746571271701 0.7312584555532581
0.9557005072525139 0.9007243020583436 4888.24736907941 -0.00029022313015297633 0.7198298722890015
0.9273301640994968 0.9004061339714124 4816.2962556410985 0.0001994819233959744 0.7144913081692343
0.9318437283361284 0.8446322552340287 4991.353300761382 -8.34338976878051e-05 0.6252341442940964
1.0133144389325812 0.9361604612598511 4911.304892629279 8.114004089821065e-05 0.727975421951347
0.9468023592161122 0.9036692849097898 4910.413093904031 0.00041726715844980945 0.7187280158771929
0.9439326427151429 0.9399318462245448 4816.812413850779 3.410714375773547e-05 0.7284780283729111
0.9730931650793214 0.8864648048018398 4975.5410796932865 -0.0003265097066640756 0.6994000241526168
1.0302191453830292 0.927060236834378 4821.826683692258 -0.001135469920938238 0.7363729198368802
1.0031823057301228 0.9343992595358223 4362.788508401503 0.0002877255036397734 0.7303440730446943
0.9921894474385595 0.890038282792367 4799.176016799825 -0.0005746992122176421 0.6968324977869264
1.0240544054588505 0.9875977941936697 4677.039830196897 -0.00048195285763356097 0.6856854507948981
0.9946500165190603 0.9819041322539122 4988.001891475055 -0.0002911294883196337 0.7054082114018942
1.0385810704631273 0.9492513520827702 4424.423501752981 -0.0004747845290209882 0.7281770483544195
0.9619999635683405 0.9070438403540614 4810.882065448136 -0.0002241947429628408 0.7161394686375496
0.9501170447162159 0.9394682965829193 4882.230333622903 -0.0006697969913844179 0.7203538105712004
0.948658056283016 0.9718269827792414 4663.487022711597 -0.00014471055973304452 0.717881762903633
0.9799083163112138 0.9555907991581216 4942.744887481466 -0.00045960127217279994 0.7222814340544458
1.0029406998560404 0.9397993826389873 4871.116310395774 0.00022727766902151921 0.7284041907669937
0.9758156518080664 0.9350259495756156 4946.19915877274 0.00022800486251439277 0.7265586168746779
1.047344138969391 0.9400445015092014 4958.071503301561 -0.00020686352579136932 0.737498415919646
1.0088172594490032 0.955946793842338 4855.105683286786 -0.0008323249090750637 0.7167509165474011
0.939230080923344 0.9641144641642719 4760.738166197301 -0.0003378395683210229 0.7063641006737094
1.0106062902835857 0.9374553863725076 4992.057095203711 -0.0002923918261176438 0.7337912873603296
1.0202171598866274 0.9793768377034514 4598.803263274899 -0.0003640210569653169 0.7017481173019448
0.9557732697844068 0.9529789539507114 4915.922567035636 -0.000770178104411962 0.7275241766958348
0.9653204944492626 0.9580535281445813 4730.255163066456 -0.0002133314309569257 0.723165369719
0.9656030478760356 0.927753639153854 4687.3281492726655 -0.0004214050576711631 0.7245742782118423
1.0027056647350028 0.934219812546708 4574.138480243598 -0.0005399571418948905 0.7260129905361377
1.0114898721575691 0.9380823211614094 4739.25715885532 -0.0008574606428560415 0.7241280743428521
1.005099948146327 0.9413795634646203 4794.119037173021 -0.00033437518328752126 0.728085753648717
1.0121884014072353 0.9318963521000256 4872.006816484971 -0.0004154210592234896 0.7306607234735174
1.0121884014072353 0.9318963521000256 4872.006816484971 -0.0004154210592234896 0.7306607234735174
1.025292277604141 0.9469238563148081 4853.193656056425 -0.00034332955193637954 0.7306080144906058
1.0050967904590982 0.9386591775819433 4892.638025061523 -0.00032406708647370947 0.7365486413959432
0.9968101120147114 0.9453525749856568 4949.668721575837 -0.00027540288020902286 0.7312455299495281
1.0296488152207617 0.9540901394441966 4634.36964635963 -0.0008713461032891109 0.719094635869006
0.9941531445282308 0.9594705962998021 4679.769773928202 -0.0003091901132819264 0.7196631699495971
1.0002046910686688 0.9303978450801275 4574.680594092893 -0.0003953452494410892 0.7321026596615308
1.0017815350913941 0.9256039837828868 4794.038725012944 -0.0005239152301074456 0.7171439510788401
0.9910778275046193 0.886203294425229 4992.422061667868 -0.0004343776466585355 0.6993856656305464
0.9717697781574226 0.8987642921189336 4942.10412304105 -0.0009134144167198973 0.7099033802793393
0.985722177518223 0.8982172267473603 4881.539371212286 -0.0009723805166551481 0.7060968609114385
1.0005288330059594 0.9000787713780095 4802.472455717115 -0.00048781712700372913 0.7118193708936726
1.0005288330059594 0.9000787713780095 4802.472455717115 -0.00048781712700372913 0.7118193708936726
0.9989563838867346 0.9173467633936898 4877.018879904398 -0.0006110964689868987 0.7221889656393864
1.0086024943202507 0.8914852192179034 4960.040750259522 -0.00034420562647849944 0.7042880216676355
1.000582669778772 0.9002095696835687 4872.732329034811 -0.0005027413157556911 0.715042997653149
0.9957217612231445 0.8810931376129589 4957.248882659291 -0.00042652267652206464 0.694727284456395
0.9732452888358848 0.9238003612853949 4539.776785442885 -0.00010558930639336044 0.7285429947470148
0.9310454298723256 0.9288627933120219 4463.074882770202 7.603111405376085e-05 0.7222897286372343
0.9870606697005528 0.9406701420532074 4947.66687035683 -0.0003004827207444168 0.7170431567721568
0.9357125880503274 0.9676999076534294 4886.4405744986325 -0.0003023928528280764 0.7115461240966485
0.9828524157906138 0.9482716544895703 4920.592304714367 -0.0006604225619906939 0.7270561796091253
0.9828524157906138 0.9482716544895703 4920.592304714367 -0.0006604225619906939 0.7270561796091253
0.9824049160708261 0.9454014866036933 4910.888949715724 -0.0005181997899663349 0.7250048995643987
0.9824049160708261 0.9454014866036933 4910.888949715724 -0.0005181997899663349 0.7250048995643987
0.9925318941650525 0.9331821043358322 4949.55336129925 -0.0002816031299702012 0.7241478650850613
0.9925318941650525 0.9331821043358322 4949.55336129925 -0.0002816031299702012 0.7241478650850613
0.9889033221055025 0.9220438960451932 4922.722316469742 -0.00029313191277067374 0.7272184645639795
0.9522882695412178 0.9359198617928333 4902.455590777345 -0.00039441338436665204 0.7236014507561034
1.0049487551645986 0.9776413814169506 4877.524928729933 -0.00020364751765641583 0.7005302125781923
1.0265681434753033 0.9846322697934089 4911.185425978483 -0.00022876560544543307 0.6978666531512708
1.0090073151653123 0.9869230190622388 4994.713402442016 6.378117905266071e-05 0.7053171970337923
0.9897572232623417 0.9698851283396542 4948.469454116769 -1.876111839277499e-05 0.7045994654267217
0.9808064828358884 0.9659250269283957 4777.425135520213 -0.0003204686841206298 0.7066588318364444
0.982762388709105 0.9835669833866032 4777.4525819594255 -0.00035643021619765665 0.7040209540958416
0.9788605131684471 0.9709528904273864 4811.198250038267 -0.00016566391150838765 0.7116744135260198
0.9639256116780253 0.9955937490001108 4902.09420422414 -0.0004690586312087918 0.6904445188992643
0.9831603441442993 0.9788595393722108 4811.722305365459 -0.00026709959923644646 0.7062586638849373
0.9465279430878181 0.9757864350724541 4903.089259874856 -0.000401756392262108 0.698837541628668
0.9465279430878181 0.9757864350724541 4903.089259874856 -0.000401756392262108 0.698837541628668
0.9603714095003338 0.9708405111671192 4937.984503120742 -0.00032580603072439687 0.7040614209813036
0.974652591037662 0.9876471921408105 4896.272541934731 -0.00036811973597901626 0.6947859217075578
1.0110668570303518 0.9638040869257476 4803.701273724797 -0.00029384701121724525 0.7136977071915819
0.9862274212185123 0.9948104995813152 4910.001976439018 -0.0003977902910771787 0.6874076698773045
1.0358998181390617 0.9961035328543275 4957.1104975783865 -0.0007241391869885398 0.6838021828019655
1.0430422568406306 0.9948845603172796 4921.906481179909 -0.0007096361960437742 0.6907384195215178
1.043115563607138 0.988468953731938 4719.95061056329 -0.0004984718376270472 0.6965425038152614
1.005237233008559 0.93705579851633 4491.870023126648 3.106228256155289e-05 0.7275339560519799
1.0304497248130755 0.9261693302225535 4039.3233556482824 0.00012203962768014285 0.7198444019241241
0.9974118764105426 0.9498659842595616 4739.824677990661 -0.00013565392363335633 0.7170037992193189
1.02123292772454 0.9738292708197814 4997.493901670271 -0.00011279483034628479 0.716542892728293
1.010686908158148 0.9736193420264588 4992.138568760478 -5.1934768330820836e-05 0.7112696665352645
1.010686908158148 0.9736193420264588 4992.138568760478 -5.1934768330820836e-05 0.7112696665352645
1.0086254409890862 0.960502364242523 4901.974320140713 -0.0002626810080846949 0.7133353566027612
1.0093375767416057 0.9728813349720468 4849.12072160283 -6.169124883437193e-05 0.7191515510385349
1.0344355655529849 0.9553038840068315 4955.5249860781105 0.0001146241991241298 0.7278625470936948
0.9929548180946207 0.952122231235831 4948.782532714002 -0.00022482948859648883 0.7168411874274665
1.0060881364543752 0.9476894403618068 4982.9949814216525 -0.00011282783175719638 0.7177188214473135
0.9786449442829223 0.9651228019359072 4797.156511477344 -0.00022600592923804268 0.7173758246672064
1.0064652111944528 0.9465101600406285 4951.968186737027 -0.00012191908816571387 0.7227415027570613
1.0631160947214608 0.9448345588923203 4895.54124137436 -0.0001308964579023579 0.7320941072163891
1.0600703801689533 0.9391742441964609 4895.5594668453705 -0.00015807350805835903 0.7376375656950438
1.016868702352091 0.9766351656187888 4992.045172402136 -0.00035628290036311124 0.7149870607472751
0.9800678661716566 0.9574449848168651 4782.789901581016 -0.0003442330008766172 0.715433634312101
0.9992966004354454 0.9530288824522636 4743.638951539694 -0.00038068595097506624 0.7172058174853745
1.019222288023715 0.958318204594852 4826.746571747765 -0.0007584113127877734 0.7129722919906152
1.0379550647944749 0.9501193910026715 4815.715572297965 -0.0007842522722272098 0.7256831771740565
1.0379550647944749 0.9501193910026715 4815.715572297965 -0.0007842522722272098 0.7256831771740565
1.0608468829224145 0.9609725937826379 4709.179359052882 -0.00035834999421659197 0.7235219385630317
1.0185904325283353 0.9611732397798389 4872.523227288157 -0.0003532792951823777 0.7230824825321502
1.0179630388912362 0.951054448949259 4849.255155998072 -0.00048488294832191336 0.7191991278675189
1.0176234536278275 0.9501884050537359 4914.776917803459 -0.0005641204389558594 0.7206469291415919
1.0535249714847843 0.9609304141610452 4709.048309441459 -0.0002087131238457082 0.7201788886813333
1.0535249714847843 0.9609304141610452 4709.048309441459 -0.0002087131238457082 0.7201788886813333
1.0775918545933743 0.9577257724598309 4747.6967067536125 -0.0006973074519926072 0.7274728530560778
1.0220039332986297 0.9487344732260297 4802.674796288404 -0.0005879735208646244 0.7293766224138355
0.9746629062459785 0.9152982782708993 4939.995402700455 -7.007718636176365e-05 0.7236113380503962
0.9800195477465198 0.9148653421485271 4949.712963268395 -9.696041527630887e-05 0.7281068792061668
0.9652769535255488 0.9215360870438227 4797.722265629738 -0.00014304665613072018 0.724086136042875
0.9878977570357632 0.921147996448227 4794.704560113201 1.6800678797441964e-06 0.7261416572612933
0.9961607216244647 0.9038861186453425 4674.2453354689405 0.00017144203202583416 0.7184658583193916
0.9782420608561203 0.9431510201595388 4767.785543649926 1.0542401154501927e-05 0.7221144197803467
0.9940413945400177 0.9275664776349819 4642.274004606405 0.00014179606363015146 0.7226910331977525
0.9583378009072496 0.9474106262655072 4896.119753118535 -2.7723128325973185e-05 0.7230833466970802
0.9775561034267681 0.9116063657073921 4941.67014000791 0.00010018663023926858 0.7195394310135614
0.9684368881847256 0.9225945008410423 4889.34183416258 0.00015718623903588022 0.7196716547680344
0.9684368881847256 0.9225945008410423 4889.34183416258 0.00015718623903588022 0.7196716547680344
0.9583277173258409 0.9203564595077744 4797.323648788006 6.078129049730251e-05 0.7180210535559651
0.9796580450315584 0.9483352797647525 4947.048161661144 0.00013263584530686707 0.7182495228290469
0.9530182911438292 0.9541487848204891 4989.13742268069 0.0004937849194672089 0.7195253678828218
0.9647390331352048 0.9472753860132757 4827.381970667043 0.0006068789504791098 0.7165088864562671
0.9481530362358805 0.9260139036670361 4782.979819609499 0.00077551527948053 0.7234483111455372
0.9518505431243148 0.9235175957969572 4868.517068921028 0.0005768032178999535 0.7242362673715534
0.9751581826194298 0.9309396277208386 4948.6018154672165 0.0003624260632432943 0.7312373606241007
0.9853330286775028 0.942392826881563 4955.467726055985 0.0010243609946560207 0.7246469560593044
0.966832393502177 0.9443956348417577 4947.17820604611 0.000581992590474307 0.7178815668970362
1.0018478666698154 0.9316702704596108 4997.048309413246 0.0003068913516333086 0.7279138992573363
0.9837486671844192 0.9556067660095898 4941.887225267612 0.0003053331086185273 0.7223550857728438
0.9742807541420382 0.9380848945556194 4984.842784316987 0.0002768628371822472 0.7308803352465699
0.9914928335475123 0.9277431113350785 4872.728426048497 0.0003927917355642509 0.7291984319799915
1.00269865775971 0.9316269702422291 4933.151047715415 0.00036259565239118557 0.7339614877654324
0.9690126224880573 0.9340864335401631 4511.161402609952 0.0003379318995097383 0.7244789588110269
0.9428837603780639 0.8990200610857916 4777.237242182481 0.00041413225405261494 0.71373965027837
0.9309459386044561 0.8712429648980751 4968.105393255213 -0.00020653504780426758 0.6753413720678632
0.9795405232092612 0.868783883622232 4853.551679947815 5.248578801331079e-05 0.6699488866965259
0.9086032057620145 0.8773409694268819 4882.233580547831 -0.0001397744190218125 0.6806451250915374
0.9324186608257832 0.8784880717665211 4887.580348562543 -3.937783619062581e-05 0.6870356019214708
0.9835597763323544 0.9025186474021587 4980.201060549626 -0.0002421528797304359 0.7138466797819597
0.9667190613161324 0.9006883204375651 4899.084892130783 2.6651012629910043e-05 0.7174085720225556
0.9849132485940809 0.9065300196791758 4849.205751244442 -1.7120072313937555e-05 0.7059491210550559
1.000603242703532 0.9021849785617272 4957.864233452007 -0.0001261562426629438 0.717430417019131
0.9746520841881752 0.892176647991814 4922.264105993394 -0.0002736461268153175 0.7024592297016624
0.9641245890429017 0.8911448090537482 4984.866072415239 -7.140658933303338e-05 0.7122795013217296
0.9621616299766892 0.8993484790020458 4984.088402341941 0.00021478098314577765 0.7110510487804536
0.9435246797964961 0.8829778525220473 4784.741537698111 0.00033891477556299854 0.6925740324447509
0.950386655249258 0.8791677577692285 4889.416039469091 0.0001462217063878867 0.6931954862342964
0.918348007406167 0.8849684968665497 4804.964958273476 0.0003403751934541021 0.6958510553182594
