 F
       19177      177724           3        2048
    0.189758197167940046E+01    0.643740156406521269E+01
 T
   2
    0.200000000000000000E+01    0.300000000000000000E+01    0.117187500000000000E-01    0.988281250000000000E+00
   0
   0
 T T     0           0
    0.000000000000000000E+00   -0.100000000000000002+101    0.000000000000000000E+00
 T F     1          24
    0.973298782930056417E-05   -0.251720715948910945E+01    0.633189276455677863E+01
 T F     1        2024
    0.227210711901816782E-03    0.188541110144641633E+01    0.643869354428591034E+01
