 F
       17503      153637           3        2048
    0.262785260146635258E+01    0.665673499871886332E+01
 T
   2
    0.200000000000000000E+01    0.300000000000000000E+01    0.968261718750000000E+00    0.317382812500000000E-01
   0
   0
 T T     0           0
    0.000000000000000000E+00   -0.100000000000000002+101    0.000000000000000000E+00
 T F     1        1983
    0.499026929786700827E-03    0.260135433253181558E+01    0.666547533259757952E+01
 T F     1          65
    0.361718301984424590E-04   -0.101604314792673978E+01    0.633124039905398739E+01
