chirp_mass mass_ratio EOS alpha zeta
1.073794835806202 0.8475110991393862 4576.667117947539 0.0002299894405469568 0.42155446531346263
1.1966827017071018 0.8500512211249123 4095.609120299888 -0.000587124932062209 0.4220917908094949
1.1355856950258174 0.8560787887724234 4621.486101326461 0.0005079090694457992 0.44098169335852544
0.9398185774462451 0.6882658864458968 4344.459562007511 5.973818186235156e-05 0.2352299038088308
1.1015842888851537 0.8198182906368453 4641.636514768196 -0.00013987054891515248 0.38195690885263
1.0550904828018524 0.8110610045726614 4801.385979545336 -0.0002944587073058964 0.38500111459132336
0.9507563971920332 0.7247039548978007 4462.832243251704 6.045757205586692e-05 0.2404776184165354
1.0696529624849007 0.8211577746921197 4625.20737732704 7.734891739244624e-05 0.4141975837359346
1.1883555539457202 0.8072913324333391 4013.345961852725 -0.0007926796785747383 0.3712374210302073
1.261136408855808 0.8502600149527925 4404.953683370867 0.000266954565557342 0.9089379957643167
1.1717308273351477 0.8160109190970251 4786.998214077261 0.00036253950188184093 0.5410610080602081
1.0320102603656771 0.7715528157012357 4991.6336340023745 0.0002851570282107704 0.30317121588620155
0.995497957712993 0.747664744645781 4717.9817860617795 0.00064427966366602 0.2733242154378664
1.0101064389198975 0.7328545924741 4566.551401975967 -1.0933240080579162e-05 0.27728288314220556
1.113598774973973 0.8313322925754406 4310.664356256915 -0.0004001271057609679 0.4028271155543054
1.1058288931745608 0.8213096767190353 4334.520906463091 0.0005260430226268538 0.35508928309408155
0.9126872097477309 0.7106134536175005 4859.242582502217 -0.00026162123917796814 0.23419801891131203
1.172331172716598 0.7988319970742529 4938.90944454599 -0.0008467903931315004 0.4146630820178648
1.141939831531898 0.8343093683213626 4363.106098836914 -0.00024905145308287837 0.40347986810422715
1.0735083451779794 0.7702832255367775 4945.204707461192 -0.0016262827233651427 0.31456831989551404
1.0735959624726614 0.7907753209236061 4962.455198398097 -0.0002645563010039029 0.351278962502915
1.0495610845437138 0.8103595629535936 4423.9750110717705 0.00016553831752692163 0.3820926751127467
1.060733182344856 0.7971337116905572 4146.606925731708 -0.0005519433131168513 0.3660714246586433
1.1067961562018236 0.8427491876663248 4986.151391928432 0.0006363074998693439 0.44406828206087884
1.2223979536697698 0.8407968279352263 4710.210945555176 2.435655949381103e-05 0.814101764078244
1.226998372503819 0.860064374794371 4187.612327663625 0.0004314186847959727 0.766506984598923
1.026032800055227 0.7649570437271587 4699.295443233776 0.000680748854715095 0.27792057230316225
1.1361528832529295 0.8394033903053422 4565.223470053372 0.000224521997318376 0.45543745641011146
1.1678085126800166 0.8453779623166189 4512.419001630974 -0.00020921150790312329 0.4073684458551444
1.2545182202811798 0.861576227353765 4851.551733083909 4.267894232515595e-06 0.5476338266684619
1.0519082613030153 0.7844098739634238 4910.73648059298 -0.0003691065448059869 0.29734924535062357
1.129017441439564 0.818791154459954 4877.585384191663 -7.298629716700981e-05 0.39355562243126413
1.257946382919056 0.8533768158752794 4813.428862614053 -0.0002907751373520806 0.5583959152240481
1.19718682650641 0.830509833754026 4890.536004611531 -4.0497564915009054e-05 0.6396035698100928
1.2422958859264859 0.860901085985338 4659.807527179972 -0.00017370258342543353 0.4675355697701804
1.2052033010924244 0.8463152838477243 4732.1682396602255 -0.0003404939790611129 0.6052728708257054
1.1494478210804822 0.8286535840636483 4501.9040923444145 -0.0005370572254955534 0.46963374431999794
1.229331386379652 0.7933151026095556 4251.538453375136 -0.000556364413705571 0.6123795251939039
1.0446544301377347 0.7944260919600961 4648.181530345781 7.40960975718663e-05 0.32909877348461536
1.2406875570855531 0.855727352023873 3956.629276500968 -2.3060245721184973e-05 0.47440351706880124
1.224334254534159 0.8255135940213341 4525.23284488894 -0.00010289917799442845 0.6369241905826354
1.206442718876678 0.8610037245767087 4851.991158967119 0.0004259229556254124 0.44309555535784323
1.150375770172428 0.8250442816471275 4601.006429073107 -0.0007128855465602592 0.4861908635681971
1.138800182999432 0.8296174536862896 4535.09692457872 4.20916931622563e-05 0.5177448995054181
1.2391971995241344 0.8268148463190299 4272.8517001363425 -0.00013923834923661095 0.4601291875093739
1.2200868105010514 0.8202798552642986 4771.995420834255 -3.725960731215109e-05 0.8481924020864652
1.0921853677947704 0.8319419118977176 4554.0359925441835 -0.00011250455187270303 0.38529601691861437
0.9532675477539654 0.7477525246585753 4294.255143924187 -0.0002291374786832933 0.26797017148043273
0.9156329337403247 0.7189818007314411 4836.534139612538 0.00048149621269548393 0.2470017091296511
1.0276726145395474 0.782155910830385 4841.263864640007 -0.00010356048240656533 0.3281460826618511
1.1165895300202657 0.7994539288974578 4891.872504321238 0.0004973101725447233 0.3634639382054917
1.1769119198349218 0.8342779921064626 4662.494146407415 0.0002755687493740884 0.499926027115713
1.1811457590983636 0.8667128270614579 4732.733755093396 0.0005916577968295862 0.5706623517719411
1.1696540086845564 0.8299081996437939 3986.9289246106646 -0.00022460423142654586 0.39044899227130025
1.0023701382988943 0.784418493504737 4451.558542016236 0.000556130528890514 0.3070990939231028
1.3415444816205901 0.8230935770196517 4196.493180286727 -0.0005447625018158413 0.7830705981879859
1.2794969007327328 0.8741463335579331 4366.443202320662 0.00031304614479086174 0.6824367042547352
1.0482760852085404 0.7982025749500385 4142.955176732751 5.540549462254201e-05 0.3379525727293139
1.0414218043823835 0.7417817318988653 4612.347547174608 -0.00042116421384325053 0.2668346687621816
1.0414218043823835 0.7417817318988653 4612.347547174608 -0.00042116421384325053 0.2668346687621816
1.310579950030248 0.8469998919997687 4750.951528970154 0.00043187289676428363 0.6469061360263413
1.2010052321735267 0.8684233792477412 4864.637133670735 0.0005255324277259574 0.4411500617704225
0.9432378916622768 0.7470514656123631 4905.6564575476805 0.0003423502252580176 0.27865221787893246
1.2138398488859377 0.854083615554255 4201.901117669111 0.0001964590626188991 0.44826922632348865
1.163242427035377 0.8204834305809051 4460.658742487341 -0.0003053740931382527 0.4322386918084192
1.0900046600774156 0.8054895230335655 4753.047667657462 4.3204598250549884e-05 0.3351200801967225
1.022242625906186 0.7714102514512707 4634.423511660212 0.00032435836928067967 0.31174263914592326
1.0049067968207255 0.786284723030671 4482.8653619929855 0.00046238856587806635 0.314697461950609
1.0307616160347837 0.7905222461730632 4095.596510584646 0.0007417699355238874 0.3130437297177569
1.1759049482505666 0.8374262237598264 4965.686988301032 2.261738277919838e-05 0.7148005492459751
1.2994002175268415 0.8469414564190181 4813.882008273608 -0.00020635725824108244 0.8258658820248905
1.1509676816376768 0.8118381468534388 4989.990679776957 -0.0002202573093416156 0.3935038039523874
1.1711994403234143 0.8453066514442664 4555.895821908415 -4.780449694891665e-05 0.43365557695217216
1.1967585530254223 0.8189302312744231 4250.418058704703 -0.0002836701943137062 0.7605061884835334
1.1070597234096802 0.8201984006518712 4863.245754422498 2.775468601704749e-05 0.39534261634567414
1.2834981173754896 0.8258727174851764 4189.03002390352 0.0001717979458905341 0.6252011532416876
1.2834981173754896 0.8258727174851764 4189.03002390352 0.0001717979458905341 0.6252011532416876
1.1680563204323349 0.832885206867367 4020.827046978289 2.4692268379187682e-05 0.4326591385820027
1.1680563204323349 0.832885206867367 4020.827046978289 2.4692268379187682e-05 0.4326591385820027
1.0509373435729474 0.8005090568065006 4577.895456920414 2.633552115767945e-05 0.36093675600185693
1.0509373435729474 0.8005090568065006 4577.895456920414 2.633552115767945e-05 0.36093675600185693
1.0432551830230727 0.7916166488200704 4358.953455843629 6.110935113435789e-05 0.3425336705711759
1.1673390325057214 0.8066821505355113 4298.910326150424 -0.00032356182339230403 0.5120263610419677
1.0578779908715092 0.7712430778667537 4344.937493113175 5.221766162773306e-05 0.2823022034009048
1.1148916502093709 0.8112521667825487 4120.159818204007 0.0010717063766645235 0.34001631959592427
1.1125384608845006 0.7774876238672872 4153.078171459138 -0.0001859013013831495 0.31418381169272624
1.1458590873206482 0.8189386491234438 4530.044682582411 -0.000721317445662115 0.4379398897769312
1.1804767619311964 0.8303664235809982 4203.282290039164 -0.00026035448172995207 0.42058674357446735
1.1039870450725306 0.8273335529707732 4975.915348451323 0.0004250505820628987 0.4049707534926817
1.1039870450725306 0.8273335529707732 4975.915348451323 0.0004250505820628987 0.4049707534926817
1.1601837602084553 0.7975870918118547 4485.714682711184 -0.000726025032183938 0.4257990891863319
1.1601837602084553 0.7975870918118547 4485.714682711184 -0.000726025032183938 0.4257990891863319
1.12448634405335 0.8188359719467816 4531.397529214553 0.0006123674626069525 0.3752646652592628
1.12448634405335 0.8188359719467816 4531.397529214553 0.0006123674626069525 0.3752646652592628
1.1175886855541295 0.8247150541256723 4290.729909342105 -0.00011818377032261919 0.43435510404474853
1.0235857536174269 0.7750291625191487 4191.748526557563 0.0004465816306476458 0.3042250634396701
1.2221703730929179 0.852136159595062 4193.3753504257365 -0.00024904864512416744 0.47778902749444785
1.161342876030715 0.8269731533460524 4555.992665653908 -0.0005939785621767597 0.4079907009896716
1.161342876030715 0.8269731533460524 4555.992665653908 -0.0005939785621767597 0.4079907009896716
1.1756691761769078 0.8178201982381044 4902.654069716388 -0.00038199624976393854 0.6058494511892828
1.124273444896657 0.8128240324709025 4815.87228652079 0.0007339299645658442 0.3510818501328081
1.124273444896657 0.8128240324709025 4815.87228652079 0.0007339299645658442 0.3510818501328081
1.2082748066982099 0.8543094974223389 4793.998825373143 0.0004673933293195351 0.792685974565192
1.2082748066982099 0.8543094974223389 4793.998825373143 0.0004673933293195351 0.792685974565192
1.0872475543684712 0.7974398042150199 4743.145220195656 0.0002274879219691076 0.3477047404462392
1.0872475543684712 0.7974398042150199 4743.145220195656 0.0002274879219691076 0.3477047404462392
1.1755127782438288 0.8242597790435997 4680.022377714242 -6.962807353901717e-05 0.597421339872117
1.2896424347861142 0.8553485126187702 4510.27905375413 0.0005684601317534079 0.867369028544522
1.3141960731926083 0.8496855697402481 4654.802504290332 -0.00011570740859381313 0.8339716881584562
1.0327058159990294 0.788825447831467 4693.066064044325 -0.000557632842829446 0.31738828321218115
1.0598779610020088 0.7790179201266333 4526.971158748985 -0.00031607498921757863 0.3246495104570812
1.1841143103135414 0.8381911249311998 4403.717838464183 5.920960986909469e-05 0.5000536846881094
0.9884434282800126 0.7698694878733457 4260.7022136582655 0.0001304083645540677 0.30168004061957676
1.11941714144398 0.8242225300224887 4848.312781751683 0.00026933706018790677 0.36770617814773965
1.2907897644760014 0.8607389345119795 4379.914725313327 0.00017365522573295535 0.7052819830962951
1.216450882623299 0.8203630827958606 4938.785228437309 -0.00014096579558627042 0.6229578203172079
1.0226700591782056 0.781715353579859 4870.566891276107 -0.0004912432577679366 0.3198675225813518
0.9952005841132598 0.7632782110342283 4875.849591541946 -0.00014096185923806736 0.2994140158395548
1.0768998317025849 0.7968890915932474 4737.905875153919 -0.00039721338527129246 0.3149384165293636
1.1981486463291073 0.8357660700341912 4479.829501455708 0.0005133591182194455 0.582691149713128
1.1981486463291073 0.8357660700341912 4479.829501455708 0.0005133591182194455 0.582691149713128
1.110368811966705 0.8104243742868792 4311.636742400388 -0.0006413838031611485 0.3752259979895494
1.110368811966705 0.8104243742868792 4311.636742400388 -0.0006413838031611485 0.3752259979895494
1.1203090946625567 0.8116409032833016 3936.999334062042 0.00020687223633974688 0.35586325059557294
1.1133926689889313 0.8213923478899079 4900.447161880278 0.00036576404908988166 0.39629571332122926
1.0198931298762324 0.7830812735136221 4804.426727974954 -0.00021114197113734817 0.29871468481561947
1.0198931298762324 0.7830812735136221 4804.426727974954 -0.00021114197113734817 0.29871468481561947
1.0343938390419236 0.795290732562026 4863.951130311369 -0.00018869512907037278 0.321455823065664
1.0343938390419236 0.795290732562026 4863.951130311369 -0.00018869512907037278 0.321455823065664
1.1945561535328055 0.8475476681890578 4958.115907033091 0.0003665225051780232 0.45716019395228125
1.0664871909485827 0.7664714259321055 4344.889714002594 -0.00011602187171334997 0.2855523217399403
1.0664871909485827 0.7664714259321055 4344.889714002594 -0.00011602187171334997 0.2855523217399403
1.2121352792662003 0.8358444727815559 4784.171295681011 -0.0002660336633585744 0.5444153675654029
1.2121352792662003 0.8358444727815559 4784.171295681011 -0.0002660336633585744 0.5444153675654029
1.1459127082913492 0.8277245799089694 4938.757464836593 -0.0003779807092613285 0.4118560647821956
1.051826373964571 0.7766723750358759 4970.452189822602 0.000517676972837597 0.3048646574298475
1.2231236339244815 0.84085040165863 4865.335999838283 -0.000258073900170462 0.47764310966257095
1.2231236339244815 0.84085040165863 4865.335999838283 -0.000258073900170462 0.47764310966257095
1.063075522934661 0.7793556199982439 4224.595092054459 -0.00011019741657118991 0.3012973634135469
1.1517473696593978 0.8000327349356846 4652.6873840618255 -0.00026587366633888134 0.48732791847992607
1.2026571440992981 0.8472466657405577 4949.882138669069 7.852744855747907e-06 0.5268127640301796
1.1613436853545527 0.8360297091423486 4651.268172059625 -0.0001245417475779367 0.45869181005356996
1.138140798235586 0.8300292126708093 4695.462420828464 0.00025738467112501037 0.394421518483128
1.0490252110013547 0.7766765342073044 4940.620135094345 -0.0005161089478943481 0.30131920269555296
1.2261977085790678 0.8237047696690718 4799.625184682841 -0.000272866513830709 0.5816007290337212
1.2261977085790678 0.8237047696690718 4799.625184682841 -0.000272866513830709 0.5816007290337212
0.94186048197158 0.7313025250529581 4966.786352864464 0.0008232236177147448 0.2680596008886444
0.94186048197158 0.7313025250529581 4966.786352864464 0.0008232236177147448 0.2680596008886444
0.9364960727474975 0.7323332693858349 4888.346627270781 0.0007211852622277324 0.26435072493495576
1.102797942281998 0.8011882872068372 4671.9443015763445 -0.00035464179115083364 0.3487877186395046
1.1862314152199616 0.844029352935519 4239.988827604967 0.0003396747596206725 0.44405379121552047
1.2409002104006186 0.8270443595099802 4531.685234559924 -0.00032253133910302597 0.5732883120776051
1.1589148308726747 0.8129253939552077 4952.590160164945 -0.00016109948529411508 0.5560480214680643
1.2788387128650098 0.8483580300048079 4300.632615020849 -0.00029387376864825756 0.5288485753945631
1.2788387128650098 0.8483580300048079 4300.632615020849 -0.00029387376864825756 0.5288485753945631
1.1041421379513334 0.7893801322305474 4140.350272100388 -0.00013855099565712498 0.3364084908528725
1.1041421379513334 0.7893801322305474 4140.350272100388 -0.00013855099565712498 0.3364084908528725
1.0728838085911654 0.8155327885911308 4963.134650982925 -1.8983366599179132e-05 0.37568166682006515
1.1631008826817344 0.8246011368756829 4968.612482294098 -0.0005624343770870468 0.5239348129859023
1.2094693960853178 0.859031011144773 4922.896951603109 0.0005642970751457227 0.5637261898571228
1.2094693960853178 0.859031011144773 4922.896951603109 0.0005642970751457227 0.5637261898571228
1.0035419771154173 0.7712875427392993 4934.57032751895 0.0001356615573930124 0.29305620850966685
1.066902188812444 0.7803045328543079 4597.906424693864 -9.97697151935009e-05 0.3180521811627708
1.1398280492845507 0.8361380885402518 4909.225441455856 0.0002649312029532075 0.3979453109822663
1.1398280492845507 0.8361380885402518 4909.225441455856 0.0002649312029532075 0.3979453109822663
1.0420096676431745 0.8048728101666776 4684.4994992799275 0.00017395778104082284 0.35067005702937143
1.0420096676431745 0.8048728101666776 4684.4994992799275 0.00017395778104082284 0.35067005702937143
1.2035349898866574 0.8202316577030568 4362.653257466136 -0.0006973832214960783 0.5125153513858588
1.1177339446796686 0.8042351959024907 4882.443150544409 -0.00046993371943185975 0.3529714200150639
1.1177339446796686 0.8042351959024907 4882.443150544409 -0.00046993371943185975 0.3529714200150639
1.0750600982461656 0.8089006809306809 4302.5008359828735 0.00026338380020591846 0.3401184119821986
1.1758292989483152 0.8171155041262437 4135.948051697938 -0.0001651603868203866 0.37515478058333435
1.1159970270418131 0.7780294159579262 4365.206444971748 -0.00037028604511892395 0.31201203355117924
1.1159970270418131 0.7780294159579262 4365.206444971748 -0.00037028604511892395 0.31201203355117924
1.1091528667632207 0.821703155081145 4310.376676031861 -0.00042341551421075065 0.39425451378857523
1.1428291757790854 0.8089837987476749 4546.42585185159 -0.00014829505369846782 0.38136111427697283
1.1428291757790854 0.8089837987476749 4546.42585185159 -0.00014829505369846782 0.38136111427697283
1.233450833830637 0.8535814391931114 4279.093507751263 0.00037827450977335624 0.4858340743389379
1.1982335662607861 0.8519578190841889 4056.9807887890406 0.00038616426390360083 0.43425234491609593
1.2475741114894698 0.8615055268356417 4379.539547601974 0.00027346325017587437 0.4950479855522609
1.2475741114894698 0.8615055268356417 4379.539547601974 0.00027346325017587437 0.4950479855522609
1.1256244012660968 0.8380635609983303 4984.843711641074 9.373918788729188e-05 0.41182960543888114
1.110568197750488 0.7921307092097589 4664.768237394101 -0.0004314693883807537 0.3358036180576809
1.110568197750488 0.7921307092097589 4664.768237394101 -0.0004314693883807537 0.3358036180576809
1.1063989284594586 0.8243758196297567 4351.967033512755 -0.00010492307238040713 0.38630066410477376
1.1063989284594586 0.8243758196297567 4351.967033512755 -0.00010492307238040713 0.38630066410477376
1.0304681529358923 0.778746141710291 4814.119943352215 0.0004797542596824313 0.30274810454174855
1.0304681529358923 0.778746141710291 4814.119943352215 0.0004797542596824313 0.30274810454174855
1.1704594525263181 0.8479700917241375 4536.075257110637 6.178776684480393e-05 0.41526242092433374
1.1704594525263181 0.8479700917241375 4536.075257110637 6.178776684480393e-05 0.41526242092433374
1.2035716296566406 0.842518576322941 4971.842301871397 0.00033152455146138045 0.6717959418036109
1.021460336594112 0.812391995018118 4768.839836714779 0.0005612047274389194 0.343420954439146
1.021460336594112 0.812391995018118 4768.839836714779 0.0005612047274389194 0.343420954439146
1.040784967779861 0.7759152971772028 4799.244972298097 9.617941020661717e-05 0.2987523110811734
1.040784967779861 0.7759152971772028 4799.244972298097 9.617941020661717e-05 0.2987523110811734
1.0625533329564605 0.7965061943434656 4847.269162433314 -0.0006296456936380545 0.35766608065251615
1.0625533329564605 0.7965061943434656 4847.269162433314 -0.0006296456936380545 0.35766608065251615
1.0177154282455279 0.7942435193801983 4376.862915974806 8.594166499485871e-05 0.32918106207622794
1.0177154282455279 0.7942435193801983 4376.862915974806 8.594166499485871e-05 0.32918106207622794
1.1908835354106584 0.8469257637763644 4773.205607181005 0.00046197734134467824 0.40298324623294995
1.1908835354106584 0.8469257637763644 4773.205607181005 0.00046197734134467824 0.40298324623294995
1.0870938193617916 0.8127599055988975 4883.142804345038 0.00032771376666797453 0.3816788253991251
1.2613312476158742 0.8631218835454153 4592.17525056392 0.0002493832195676817 0.7103743720257121
1.104932330052755 0.7968378868117779 4994.872996614882 6.065179919095436e-05 0.3523971243432823
1.104932330052755 0.7968378868117779 4994.872996614882 6.065179919095436e-05 0.3523971243432823
1.1646180960940347 0.8386994548346177 4206.408097417225 0.0003840212610135518 0.4238899936590186
1.1646180960940347 0.8386994548346177 4206.408097417225 0.0003840212610135518 0.4238899936590186
1.2346935937421184 0.860074325875206 4674.929845455732 0.0003287483467893095 0.49189538837919866
1.0591647763225267 0.7964372882802803 4662.273208675046 0.0003762168209907577 0.33789788561812983
1.1266888298170894 0.8493800201756175 4739.329663414182 0.000732693487366023 0.409794963042731
1.2333658485840377 0.8374415526012731 4104.7979442070055 -9.882153683494537e-05 0.44244976005366043
1.06854249912782 0.8043789687634885 4827.072366752974 0.0002441956696813727 0.35861172050168605
1.1222080908024272 0.8233979830337642 4691.907366140942 -0.000388464676286027 0.4003867244095247
1.1400759312002358 0.8436986527075041 4988.925743171457 0.00021159231422171568 0.4352930769365944
1.1065574138192629 0.805523171488363 4782.388517444551 -0.00022171422174021733 0.3671825531726774
1.1065574138192629 0.805523171488363 4782.388517444551 -0.00022171422174021733 0.3671825531726774
1.1758880880301967 0.8380882129593933 4404.763316034955 0.00010435808756668304 0.4253530348724498
1.1117007027551844 0.7964094743056884 4960.196424259708 -0.0008540677307145382 0.32518007721133924
1.1117007027551844 0.7964094743056884 4960.196424259708 -0.0008540677307145382 0.32518007721133924
1.2924015806530051 0.8048941500174625 4255.798930719566 -0.0005282639083793199 0.884806686511735
1.197007306497648 0.8465692779411051 4872.688231740924 0.0007519467156821666 0.4722321737048678
1.2291533272905861 0.8459353443009959 4747.734478187707 0.00010636801366791376 0.443476702312862
1.1584153524956806 0.8266366666129971 4510.519529462799 -0.00019597129987244507 0.39470532036249156
1.067754549807709 0.8183109235205995 4670.123784446748 0.0005234052052357062 0.38476669439131417
1.2180204335258282 0.8386880940417786 4899.538258532095 -0.0003979229655448245 0.49154502622205265
1.0945887529961351 0.8235575023039428 4727.23492820165 0.0006027556845320002 0.3800594197849424
1.1775908902278474 0.8157651108903547 4911.046867355182 -0.000605398149570253 0.3845667996804994
1.307810890484887 0.8603615713006243 4113.3448830153075 4.3246775604923506e-05 0.586624927058647
1.0436790123705115 0.7931465234875912 4691.531498667867 -0.000747961637879078 0.3332863282168331
1.2380250619862818 0.8381699741392579 4169.743815924666 0.0001823189457991988 0.499138548103921
1.2380250619862818 0.8381699741392579 4169.743815924666 0.0001823189457991988 0.499138548103921
1.0941303855026387 0.8203111197914013 4925.536336682218 0.0004916046389522339 0.37745382633638663
1.2044963836220792 0.8432783734813094 4553.762142484956 0.000637961450144899 0.6807015904720051
1.2718496322004846 0.8467590767952617 4933.983269454245 9.892786526679927e-05 0.6994548010410047
1.2718496322004846 0.8467590767952617 4933.983269454245 9.892786526679927e-05 0.6994548010410047
1.1690459284210748 0.8448214432645649 4962.878823657916 0.0002051409749061633 0.4953359161573331
1.1690459284210748 0.8448214432645649 4962.878823657916 0.0002051409749061633 0.4953359161573331
1.3218953435914962 0.8478514684448549 4153.704716094737 2.115473982970132e-05 0.5322136513495799
1.3218953435914962 0.8478514684448549 4153.704716094737 2.115473982970132e-05 0.5322136513495799
1.1472733379674827 0.814045445993925 4872.083416660903 -7.437020768016408e-05 0.3810984859029735
1.1472733379674827 0.814045445993925 4872.083416660903 -7.437020768016408e-05 0.3810984859029735
1.0153656476055248 0.7910326749690424 4915.44704508845 0.0005331346108014235 0.3264233869068903
1.2775927241971243 0.873422779103729 4536.115249237065 0.0006680275286626514 0.6591375931900889
1.1760060251687419 0.8314127726355893 4911.133795227339 -0.00019207718632523245 0.41073800495791724
1.1760060251687419 0.8314127726355893 4911.133795227339 -0.00019207718632523245 0.41073800495791724
1.1282148892583739 0.8124047910688786 4815.5922076985635 -0.00024166623216064016 0.34472897101094074
1.0860619932209996 0.8266917571564106 4544.845873091436 0.0002794761956582412 0.4067162316042573
1.0737158556259276 0.8065051614107309 4893.458947159637 3.42240459015589e-05 0.35604890556780144
1.0542595572518616 0.7867272327587805 4867.343445452549 -0.00020858011760197158 0.3182525797031563
1.2020875810207245 0.825107601487778 4405.343972145041 -0.0002750074935793778 0.39431836075849547
1.1822940892827944 0.8312806109931068 4113.211675864832 0.00021792161248942234 0.3843914328118531
1.134346888614473 0.8286227107237265 4143.13390151382 0.00047315746301465156 0.3882455376941584
1.091332869126124 0.8215808102018723 4521.104244336983 0.00031785509928536777 0.37066422031663
1.1556960985576716 0.8130244736694041 4757.563700745879 -4.3737021971454324e-05 0.5232091612356988
1.190364395842261 0.8294888136786946 4951.980938914513 -0.0006008967236387675 0.45784602235566507
1.0531492122841137 0.8071761748883953 4811.512968409255 0.0009870836631638627 0.35488750727595975
1.2046164721977508 0.8428837133835053 4428.6548059208135 -1.1383990451419215e-05 0.4774468578387968
1.230540025368336 0.8436896559822373 4956.179923432555 0.00019371331127226622 0.7706567611906665
1.1404474215224956 0.8195524501228897 4894.966999610605 3.149945715145174e-05 0.5525111575343676
1.2891078323849765 0.8452615597860439 4690.695650415343 -0.0003683339000366575 0.5053866840407893
1.1062605200211282 0.824335612566226 4760.3095116469285 -0.00038774915661543146 0.39380309156746646
1.2306459026722343 0.8343826760826587 4862.880793516372 -0.00020453371850316011 0.5756127550104952
1.1457131486836736 0.8273131479682442 4822.214085779677 0.0003557273199555974 0.3824361551051082
1.1145697805640102 0.8127338441033749 4805.09451276734 -0.0004143255308643345 0.3665469444253525
1.2147339770225323 0.8371098581214776 4348.494770388063 0.00012282174562435488 0.5361250939110154
1.2278043538843586 0.8456458240620366 4997.21123087171 0.0002358929761172745 0.6728880098605257
1.0990834134274265 0.8117036537176531 4951.698036177266 8.948789549693994e-05 0.3475693715460013
1.1116718021271306 0.812886053558648 4849.994033813831 -3.227931770002488e-05 0.33784968542185995
1.2153664330501823 0.816932242278502 4258.618304330802 -0.00044283898230371784 0.698104031358562
1.0766713425300396 0.8008880711753001 4805.606692351585 -1.0256307422314635e-05 0.34210706088249443
1.2131083668097231 0.8445868359932944 4871.405331088552 -1.2488799040122443e-06 0.5124291372803466
1.239908004803707 0.8432680348130879 4257.131147466018 -4.600562834873846e-05 0.444552690330506
1.139991629065909 0.8414827396912767 4512.475689541932 0.0005411298954292312 0.41067539228471023
1.139991629065909 0.8414827396912767 4512.475689541932 0.0005411298954292312 0.41067539228471023
1.1890043816952776 0.8438614363520548 4470.423583798088 0.0004982134868167992 0.4219338452311746
1.1890043816952776 0.8438614363520548 4470.423583798088 0.0004982134868167992 0.4219338452311746
1.0161583225247168 0.7862512582970442 4629.132374871897 0.0003700638849765863 0.3104573190937795
1.1919926066035418 0.8413841467846152 4323.898738047547 0.0005661567711135003 0.41755439244472126
1.1395547316643915 0.8254175459851332 4567.303076023353 0.0002147075615473572 0.5107014111760528
1.2121547208684138 0.8247944534381867 4905.437860271509 8.250550883229467e-05 0.6872018816735033
1.151157137402631 0.8170720253894 4895.455942556661 -3.846628813571677e-05 0.36708499393702176
1.1334806511559352 0.8317980972046921 4629.535085868097 -0.00017887888012540088 0.43460562566913286
1.2377757617220144 0.8404416781371683 4549.671705516339 0.0006565270300144238 0.7224114110845525
1.2414945222357117 0.8564051136522712 4271.57416640766 0.00040702969426467103 0.5229814310123736
1.1010456313954848 0.8244801890702205 4772.155731148378 0.0003384691416421013 0.4216560760658898
1.162052536843778 0.8247346636956396 4568.821870235166 -0.0003736057137690607 0.37961266004077326
1.1238800068858277 0.8356774127511462 4463.512226290709 0.0003534774920655884 0.4816978915590094
1.0832708330152596 0.8123523698708737 4998.419826155409 -4.8183495488675584e-05 0.35933040663006605
1.0822739878839327 0.7942661558688804 4989.5292257812835 -0.00034643236339449676 0.34117810815196176
1.1351040080830304 0.822140119933857 4843.845569298272 5.988939285308912e-05 0.37378309220444444
1.1351040080830304 0.822140119933857 4843.845569298272 5.988939285308912e-05 0.37378309220444444
1.0969668041946878 0.836196215458453 4830.888869218972 0.000766519193403548 0.46835560575955903
1.1372370772526348 0.8253034956717402 4925.1063075066495 -0.00021318268776278435 0.43150546824431624
1.0721061212158605 0.8062517128271738 4880.934650832467 0.00017398137378407783 0.36599992405727244
1.1062943588130405 0.809702879252052 4704.516264805183 -0.00038818278602067465 0.36727862633055613
1.1681479595182451 0.8442884141358276 4799.1287651863195 0.0002454903395954336 0.4562064945201208
1.0564437147011108 0.8122009852097355 4903.249595020297 -0.000267396730922549 0.3593055736029143
1.3034958539492711 0.8523829525133018 4895.406615088222 0.0002982270065212545 0.8347697330865722
1.2501339107328417 0.840880957063138 4926.3181582331035 -0.000403814614607751 0.5392423261019165
1.2254081293461758 0.8451633933179048 4822.0649193786085 -0.00016620490346876094 0.5557542822945809
1.1621090441169124 0.8271074341904083 4964.3582002105095 -0.00029080835719332167 0.3959162859039302
1.1905049073296534 0.8255663213258755 4993.830241620337 0.00011353406073827566 0.6458145375894964
1.0824059559389472 0.805912547080825 4877.652324688956 0.00014880475509859196 0.35161736372508573
1.1385489526206558 0.8218077914580519 4490.109174040067 0.00021967599059229714 0.3726052863620669
1.0658436729643372 0.7970062834413658 4683.999165414056 -0.0001525772031620581 0.34024746331876465
1.2534434432374952 0.85954353605427 4221.014682919394 0.000494321798847679 0.5488455747018777
1.1489014758719953 0.8122124098987533 4777.770439128829 -0.0005128176418040295 0.40842368948526947
1.21385982211435 0.8569014952054491 4442.773647952923 0.0005705616382145646 0.43527923426011067
1.1484862498446695 0.8305297326578053 4248.555870011322 0.00022523347475002673 0.40939149138136083
1.0700112595867544 0.7881480073344462 4719.131262999007 0.0001808646790475649 0.3147960309735209
1.1510864836020855 0.8303862045314595 4489.054538733287 0.0005779024020460745 0.5816034976381116
1.2318453251880845 0.852551229891096 4700.932761413488 0.00039789640266459683 0.6516771870735618
1.3626830922057112 0.8518964053685919 4468.518670310461 -0.0002513329987284378 0.7923650081483988
1.1349360775910253 0.8147401325101387 4960.8072643619025 -0.0003356662362673491 0.36477127730418163
1.2193969343609024 0.8326648564417722 4914.437003146665 2.1326495212358068e-05 0.5250946881039286
1.1492583294222325 0.8358592522049473 4727.989880721978 3.3188543441132394e-05 0.40648911488935446
1.0403721493149962 0.7938916892609171 4837.393268079773 0.0005652144443923097 0.33248497467028204
1.1278729900644338 0.8113474372437746 4659.248474512074 0.0003222618833035355 0.34724003483153926
1.2696131101315196 0.8391052006129608 4853.961783785318 -0.0001765341469414401 0.6754205855309021
1.1694976159477781 0.8434394615543498 4765.534185547076 0.0006084196579626211 0.48296978218301523
1.1065325488759048 0.809614460651755 4615.938800717594 -0.00021464464263347635 0.3425430602705107
1.198460815880261 0.822239626381911 4321.474136288565 -0.00017032470500222342 0.3868950784306914
1.0157542910910329 0.7991146349948286 4760.576260398225 0.0003436747739511422 0.3280857367412367
1.123917876439899 0.8174556744834685 4999.669524069108 8.331444392863888e-05 0.40696929485475786
1.1908721147297399 0.8425265909032223 4605.570235313616 0.0001263456495550072 0.4560292165753619
1.1543396344359051 0.8370152912673581 4671.750574893741 9.915554852049638e-05 0.40251193700810917
1.1971661747503415 0.842633142419565 4803.838500659988 -0.0002998749740622751 0.4173681667398202
1.166063405047447 0.8188167718555832 4864.903132743407 -0.00038248831426787366 0.36450499001942077
1.2148799419920875 0.8483079633565881 4953.47850823099 0.00027724618993766014 0.6041415530603492
1.1528732329747728 0.8173539901624982 4808.857123818368 0.00017062304966620337 0.5858840921028029
1.2507683804965983 0.8466685295647123 4709.046556883714 -0.00024055828408097886 0.47348127263282774
1.258182233832951 0.8535629293143459 4445.675752614557 0.00013248194707855585 0.5511822463638734
1.240379250330188 0.8569836840655378 4659.0543539962755 0.00026566671152002173 0.4688332915907929
1.1672383359778942 0.8226466598425384 4824.966366230814 5.325987737033019e-05 0.43348096423480903
1.1912469700203812 0.8385271077637511 4901.924286599269 0.00023935923834564067 0.4309412212082727
1.175170615179347 0.8203478640960007 4801.788580956893 0.0002023483454262944 0.6145360083508586
1.1450657226609926 0.8123575005337884 4705.722445318258 -0.0002193631491759828 0.4804017627608
1.044767242369586 0.7819441379690305 4740.480322207359 0.00019626772665507506 0.3204733153659488
1.1243987396256838 0.8291091850899187 4456.221418612903 0.0006351610195043922 0.5062760787813182
1.204311830742265 0.8445102108225093 4864.3394773376785 6.917394623500216e-05 0.4222536736235839
1.1746752634885111 0.8211298042816029 4867.213416573052 0.0001128355842358694 0.6398860686938654
1.13623199102961 0.8160185864941552 4970.596932805918 -3.620426631640052e-05 0.38519025643516464
1.1818795006850715 0.8222575061965662 4424.723788080488 -0.00011402149915984906 0.38057099786912124
1.0788577995761242 0.7962280507565288 4872.015877420718 -0.0002002391660934206 0.3312924816002516
1.1808074888487494 0.8209920677202287 4778.143985648687 0.00016116356122675856 0.648411213014144
1.1758360918397104 0.8356209203478948 4954.989283890613 0.0005098282985358194 0.5980474257558601
1.150629162857424 0.8403557032001298 4544.333120355106 0.0006079257082524574 0.5387000031503588
1.096448826836117 0.8114245797993977 4573.154514642203 -0.0004948478776698025 0.3654767623174326
1.0456645950097179 0.7934856325839095 4731.725454615363 -5.0700528964595086e-05 0.32731670805873897
1.1979897231836822 0.8428595083475418 4511.094829276998 -4.165678517566319e-05 0.4403180754281425
1.1381502621407875 0.8253943319528239 4454.139779141263 0.0003957463063343668 0.38650329937719086
1.1072312023116866 0.7958246925416214 4509.780226590977 -0.00029461275041633967 0.33749372358564045
1.1107061141234373 0.8342931636600781 4954.040459257743 0.0002812312446697046 0.41286359662289157
1.212453972691633 0.831549367399507 4895.5444676706575 4.233588927473623e-05 0.42615686631870076
1.0986647762430821 0.8062296286415559 4719.277030696058 0.00026192840119838753 0.34699902320863063
1.2358482445160899 0.853403975127422 4933.449045191446 0.0003761236146089288 0.5325020333747642
1.1695352834575758 0.8075638526500853 4815.531166231516 -0.0005872835498407817 0.3654921547661504
1.2219027971203258 0.8506011381085015 4895.208437084063 0.00032242910987683446 0.47116934948206535
1.1567924090615167 0.8394637697020287 4728.704860943094 0.0007300186416273161 0.471729637632982
1.2535771677058474 0.8168679395043377 4181.562189710395 -0.0005140086789054482 0.5762291451689597
1.15208717059274 0.8376365421453997 4931.38551797379 0.0005483146800294006 0.4413489001096932
1.217007447250067 0.8375900388811004 4654.50497696238 -0.00014735123697485043 0.4156154288233401
1.0381838515858155 0.7965264294185253 4903.017414686069 3.7435942961488654e-05 0.33929128890034493
1.1398814693768966 0.8248083049213475 4368.043060437911 0.0002441147352687779 0.3912558194689381
1.2448127302092096 0.862857073925501 4580.593631060059 0.0004306091042184444 0.4776416133593738
1.2200367292584227 0.8505606831572586 4877.3278780291985 0.00030116714160944474 0.5057607509892007
1.1284577954136523 0.8194458236720774 4463.879277980272 0.00013967447286737045 0.4374216868588894
1.0673835424653433 0.7901417006260288 4947.877856247547 -0.00039318206387544855 0.3310538581919677
1.1581630590510505 0.8279666203466763 4368.185367897666 0.00023662855133594826 0.40670263930974365
1.164686194903228 0.8192478239105339 4549.096567280451 -0.0005766365104617108 0.4033267743999719
1.07204803555979 0.8233904734687089 4927.457743680244 0.00026411248437957117 0.3851667192750837
1.1186904358399448 0.8380069742474897 4952.963037921193 0.000653720265822685 0.4521385985499088
1.1634735520536867 0.8236617183275882 4985.81731941075 0.00026267788267048136 0.398423855167491
1.110601051042985 0.821127387803638 4892.510677354745 0.0003951262247091196 0.3872523475758628
1.1818820927364877 0.8384549531279653 4796.915066116697 0.0003439529533060031 0.47505791924832
1.1719751522997697 0.8367599734145319 4837.4432433265065 0.0003958353407486296 0.5107906372697825
1.0914124162579661 0.8254721891827146 4903.371500204009 5.9897484891611996e-05 0.3895918650547807
1.172567443297565 0.8398985182772819 4947.649959783162 0.00033959651475155167 0.46786440834277165
1.1343082543232135 0.8359920918177325 4886.979607768805 0.0005338249356320873 0.4836453727502271
1.1756504613036658 0.8377450087404755 4728.815109188245 0.0005489189983343709 0.5313317033938814
1.167430020167069 0.8323353294724669 4889.4793817116515 0.00034759336844849414 0.46487510079435124
1.2010391350342111 0.8414689990716573 4865.221676984869 0.000273173290178619 0.4419497725127022
1.1884129003562802 0.839735985047392 4966.535745505359 0.0004155318672053019 0.5653575310012904
1.1884129003562802 0.839735985047392 4966.535745505359 0.0004155318672053019 0.5653575310012904
1.137982472315254 0.83446594666234 4804.742732811077 0.00042896190093513504 0.4009725986033642
1.124400674148287 0.8166978703074568 4741.575938752114 0.0001334309391656766 0.376561233450159
1.1044496962394459 0.8084445555747538 4803.319577332335 0.00017855563346616472 0.3502209864204994
1.124946050747294 0.8357635124197049 4730.003680605226 0.0005992593404144474 0.4153427950390086
1.1847916032145644 0.8378319640934296 4988.321557487391 0.0002697292247001424 0.49848018975083097
1.1902430539533566 0.8334104144844012 4975.375388797255 0.0003148180378256158 0.48613215219152095
1.1902430539533566 0.8334104144844012 4975.375388797255 0.0003148180378256158 0.48613215219152095
1.1632441218963288 0.8286180893623164 4939.095529509203 0.00020542539015447813 0.42692861080574485
1.1481165621240386 0.8325238866181822 4948.684600193199 0.0006624897700894852 0.48457605909782697
1.2355608801549345 0.8592874162902402 4933.614033444775 0.0005990887499086928 0.5383015413038055
1.0620947460876848 0.818898443373647 4904.017850423757 0.0003014521811994301 0.3962080353384871
1.102814263005528 0.8184956799451728 4899.021515093581 0.00017165219656840465 0.3539603180557462
1.1796677288500699 0.8436535620767038 4966.545159452607 0.0003243175975401991 0.5491535039706651
1.1220319782128119 0.8242523851198102 4816.144872686187 9.465346183529223e-05 0.43118829801783176
1.2276960515080115 0.8370456955760733 4784.666847519386 -4.9800870210802124e-05 0.6015212696620887
1.1960970102060418 0.8219809755736306 4790.295291021035 7.682545158442269e-05 0.5618283159403175
1.2188808714352457 0.8405577169505982 4911.493581290797 4.090136574705855e-05 0.5564218587076659
1.1880958674623197 0.82177741849244 4902.54472145559 0.00015320024854231283 0.6833420782951141
1.2065640575923076 0.8240557075556469 4731.137128945047 3.174152761707033e-05 0.5830164392039225
1.2065640575923076 0.8240557075556469 4731.137128945047 3.174152761707033e-05 0.5830164392039225
1.2149843537734515 0.8291928601794485 4992.379310338028 -2.621465414391392e-05 0.6723397618580862
1.2091246729354757 0.8343578677179596 4907.088887620013 0.00011094176503791089 0.606390135053827
1.1937401724509458 0.8212560388643615 4898.918300728293 0.00018077455460627592 0.6481157801430649
1.235553688074969 0.824678015435611 4743.818644463357 4.145895473201498e-05 0.8020536701237044
1.235553688074969 0.824678015435611 4743.818644463357 4.145895473201498e-05 0.8020536701237044
1.1693519869147972 0.818019819885546 4915.183968056391 5.508682400133159e-05 0.4987109860794465
1.1983941143481633 0.8303624784298342 4732.149563516921 0.00011176260636997973 0.5386093764361204
1.2040329049131322 0.8402027351245361 4922.80611889533 0.00021646579060088014 0.5293824539942655
1.1860621628379546 0.82966842327965 4730.03524755325 0.0002580397298223809 0.5355100713552714
1.1903763520448307 0.8333642957451505 4811.463653490008 0.0003103298214828372 0.582261445962523
1.1942319880445444 0.8352653809584758 4949.46948185821 0.00011322136216669883 0.4990738502131648
1.1942319880445444 0.8352653809584758 4949.46948185821 0.00011322136216669883 0.4990738502131648
1.1897177368599297 0.8358115837824651 4976.171942670722 0.0002468008721473146 0.6017142417442862
1.2151854589182849 0.8430032107477341 4901.189550834562 0.00020393472522772208 0.5167800891356618
1.201345865323976 0.8395091099259581 4949.343145783742 0.00018768242227629108 0.5286007196291636
1.201345865323976 0.8395091099259581 4949.343145783742 0.00018768242227629108 0.5286007196291636
1.1756905030625289 0.8496142315676802 4736.50055574925 0.0004815600810874832 0.6156442923649553
1.231432063028191 0.8448846289148975 4949.608480751564 0.0006144951441891871 0.7096718744261099
1.188832164915436 0.844519794684796 4817.746383746226 0.0008081567758699244 0.7046954032781706
1.2511284429528686 0.8409880363452406 4955.65206185082 0.00024561463085783544 0.596972454961818
1.1773162512455957 0.8350589688042173 4884.39473524199 0.00014346560908634845 0.520803366633211
1.1830990070958822 0.8367298417860669 4794.058333324541 0.0001872807312220421 0.43578739005665734
1.1830990070958822 0.8367298417860669 4794.058333324541 0.0001872807312220421 0.43578739005665734
1.2305976559306093 0.8349862075577356 4841.787940996484 0.0002945879032873883 0.5603122798056266
1.2018887454789784 0.8441843138033782 4730.418328100226 0.0007558415073714769 0.6639814440356117
1.1794651811714474 0.8448762861193464 4615.978324577451 0.0003437227138083165 0.4107230631397134
1.2275008711328321 0.8564439777965898 4636.42918800466 0.0004906640856265402 0.46882352695382556
1.2275008711328321 0.8564439777965898 4636.42918800466 0.0004906640856265402 0.46882352695382556
1.131886807808404 0.830668369629525 4539.477806812937 0.00035163271176949073 0.4484258745427695
1.1627935700068788 0.833214431080595 4449.065153048639 0.0001100979492641997 0.42650979321605687
1.2333572339191117 0.8530067840369656 4468.64341504125 0.0002912545933588717 0.40806127933829994
1.2270937695626507 0.8444426564152824 4794.943449125713 -0.00012009718505166057 0.556340037057261
1.1709220647860208 0.8189131625544911 4771.580028003582 -0.00028013935571691366 0.48929439974238054
1.2471875278464422 0.8506494772321385 4709.448681953841 -6.502852581758504e-05 0.4915552754676707
1.146355637515575 0.8168510248987879 4642.136069655557 -0.0002788941216221067 0.3943051957112044
1.1884966670601822 0.8128488011202849 4561.190880058673 -0.0003963156751866384 0.5121370663309152
1.125734803277021 0.8070296975889726 4737.308603350757 -0.0005392060244783137 0.35585316169787007
1.062497210827166 0.7933549560992341 4760.7974688448185 -0.0008129912018159729 0.33116081026269073
1.1867530012431082 0.8137524824251144 4891.19171784115 -0.0005388397031752836 0.40179366121456966
1.1629896445626269 0.8213992419275381 4794.561651548303 -0.0003775753456259436 0.3996226600608359
1.1629896445626269 0.8213992419275381 4794.561651548303 -0.0003775753456259436 0.3996226600608359
1.0466882425034132 0.8036350018794236 4915.798869902212 -0.00017479860539543896 0.34853300991562547
1.063575716718916 0.8018887955447731 4936.05932034573 -0.00014256723940831004 0.3436779864107357
1.1182769446746237 0.8178826695823949 4984.737363040704 -0.00018651391064453162 0.375646812749167
1.0074590075037477 0.7858728776792401 4918.37268652667 -0.00012924231033520464 0.31935757910095525
1.0928368655665541 0.8149056314395922 4811.946707787512 -0.000208609070768147 0.36971002203493974
1.1346500360216318 0.8170535450772598 4951.13763647094 -0.0002954931651171013 0.37808337119125873
1.1198843207101095 0.8086730411773357 4903.751564561575 -0.00033526113978317364 0.38208478053683376
1.1198843207101095 0.8086730411773357 4903.751564561575 -0.00033526113978317364 0.38208478053683376
1.110011437292596 0.7971890822418929 4941.620267250042 -0.0006401028585041844 0.34147820730789336
1.124526049307136 0.8168271329570681 4992.982439458556 -7.097570997898639e-05 0.3829327134882063
1.0706290595903019 0.792619681802364 4797.773990926814 -0.0007279302297750927 0.329580649649402
1.10437523798235 0.8130358387308105 4882.435349398367 -0.0003621043582301707 0.3714892958252088
1.1629654031343466 0.8132195640852011 4992.95640771703 -0.0004667175336600225 0.40310069801552073
1.182112986977307 0.8191663550646346 4958.831600337458 -0.0002787486578700194 0.38599855150081175
1.1608843034875498 0.8252493994439561 4953.418956672439 -0.00010951667652688018 0.40488280619358996
1.125680457362533 0.8132733706342994 4817.66692635895 -9.045342084647091e-05 0.3996063127347496
1.1487448435649583 0.830784514657471 4804.305147433452 1.5314087628686143e-05 0.40265766300319555
1.1434974173135792 0.8227215129074226 4816.04458959418 -1.6400258620418116e-05 0.4885489598932978
1.1444037487805663 0.8103115689686635 4869.301352529952 -3.651679045259066e-05 0.35689285488894607
1.1444037487805663 0.8103115689686635 4869.301352529952 -3.651679045259066e-05 0.35689285488894607
1.2158693667190186 0.8355756087449676 4865.978652964615 -8.601707131402615e-05 0.46503346113559707
1.1168047025788352 0.8197626576528815 4794.4749396902735 -9.623196443085944e-06 0.3596750436891445
1.170590120630133 0.8213195559681344 4888.2797872899555 -0.0001343927517620393 0.5340680478400425
1.178254299596385 0.8295649284515771 4991.247569065898 -9.318765726375273e-05 0.4756218798189
1.0415511599934153 0.798462830135791 4804.146632608113 -3.31044547551468e-05 0.33821177217906007
1.087106666620306 0.8175996760223411 4918.25560434074 -0.00014248263806178148 0.39295079967003377
1.1827896242324847 0.8285037986095354 4827.685011764164 -0.00015362850739347852 0.4812334167571385
1.2249673298858144 0.8326008240527237 4841.542172493545 -3.615505181357306e-05 0.5371583905463889
1.1007679462047988 0.8157894497202407 4777.039999845813 2.7122277553361942e-05 0.36411340356196786
1.4151216034086471 0.678734692233175 4594.317035648 0.0008737635158183028 0.8637801232129925
1.4531558552745554 0.6366475843934102 4906.341973133874 0.0002592433669510445 0.6890239996722531
1.6532549159954626 0.6205439562200886 4266.928717472937 0.0004562976861320305 0.6112104885191018
1.4293617500527405 0.6565137772655658 4646.610723181576 0.00026945713057298165 0.6961519077918825
1.4728859249742579 0.6919588404073844 4576.5476327984425 0.0003657744073975875 0.9494926896211828
1.3789854308578315 0.7082138990488696 4294.967312324288 0.00014965822134580122 0.9778249718026356
1.4911628092799036 0.6900855436398995 4665.431143490698 -0.00028864305620875406 0.9331331689424427
1.3901737143527617 0.6722870630386286 4318.52172996122 0.00027032065670586693 0.7561725428204922
1.3902029516680208 0.6653559207348747 4423.09692423309 0.0001897458380735471 0.7672911928490302
1.4098704007997502 0.6613475726205822 4711.149227290263 -0.00021133575920415077 0.7595512306066137
1.5248201602931806 0.6974388140664479 4416.824782086369 -2.6642244816201518e-05 0.9343282633238096
1.4603035565372005 0.6513408130791125 4924.498736924751 0.0002722020272657103 0.6874331336587383
1.4191123668388972 0.7075802677175165 4302.632705094912 -8.679631572088332e-05 0.9755882848699965
1.3970073537393084 0.7020021735929671 4817.876664147832 0.000316819863206768 0.9265634899763646
1.536881627880724 0.6750907528602059 4618.9448616940645 0.00023302578556484168 0.7873266310598067
1.5064734381718703 0.6997849391998774 4087.7210063384023 0.00025680017380855106 0.9528513670683548
1.5484818532553377 0.6666891212517465 4020.6972603136255 0.0003013686525862455 0.7700021002246217
1.4386759791699446 0.6721368671592456 4501.566596553493 0.00017216469196223403 0.7934020478560386
1.3801369869792646 0.6945027941316709 4981.267124206119 -0.00028695267058978724 0.9117923493416329
1.4903273212025043 0.6788370238039576 4907.576349550756 -4.6391632659646944e-05 0.8209825858792417
1.545359713102958 0.6803954968178213 4853.280889000376 0.0006373183761533922 0.8081383635132113
1.4211280011481242 0.6697498842559262 4286.631719274598 0.0008515485779388054 0.8068296078077773
1.3772807359974766 0.6883211365107663 4443.3871901388975 -0.00013004207634799994 0.8700937478053288
1.5614007585398533 0.6996925132599917 4083.4010873238526 0.00013544423288646388 0.9678268201199428
1.4566735629584926 0.6783426234215683 4966.084207988111 0.0005240827198016305 0.8270714529285025
1.4985221569199314 0.6885754152403522 4682.37134963506 0.00011146162102061056 0.8995624178335833
1.491148531952354 0.6808802891185846 4727.442312544417 0.0001872121906043094 0.803163166755497
1.539314102034203 0.6869388028571891 4943.554413365633 0.0005050388431890258 0.8477667907030513
1.4350325127825732 0.699318620625173 4962.614394293128 -1.2202729730059756e-05 0.9528884022593793
1.4627104948022538 0.6538394820499336 4833.989643736125 -0.00015841319293366795 0.7124379532777514
1.4836714667329507 0.6625774695804496 4949.9288184909265 0.00020089992740859392 0.7288198622764803
1.4588424029220493 0.6947753508127693 4727.2048763367075 -0.0009956408245288182 0.8943093755880653
1.5166196953852005 0.6900353856477337 4560.07635732491 3.0184605845248072e-05 0.8914083574449415
1.4405206040157839 0.6665381479993642 4561.392235434534 -2.1656453095702475e-05 0.7584378212111833
1.3824325862444335 0.6720103904489447 4608.409968370101 3.259960299454387e-05 0.7851864429850028
1.4230666240545042 0.6834463040359157 4892.927894439773 -7.936167114901088e-05 0.8748104734004155
1.4933396354650492 0.6945897208192903 4253.893077609829 0.0002513895969906955 0.9313111501541114
1.3913330460471245 0.6993684730070023 4967.666689622752 0.0006264958935592367 0.9374427699130835
1.4505527251329582 0.6920439176473189 4824.108417163519 0.00032823829853546676 0.9446759573858997
1.4690990216669708 0.6834111129891975 4873.501570850635 3.660598558435082e-05 0.8594494616908422
1.4542427387317094 0.6966028973267255 4793.360065002399 -0.0001546656415316491 0.9585811216378426
1.5217928633059365 0.6985834897186098 4784.542215375833 -0.0001975601285984541 0.9304171307902538
1.5009385775731348 0.7042596979040558 4698.011241193862 -7.509837783817286e-05 0.979743425839633
1.47293104481261 0.6761728169785917 4685.020943984378 0.00016195709904124836 0.8172784917216643
1.4264970992391213 0.6798207629210653 4972.975976760019 -0.00030109731820903216 0.8213551451156018
1.4221114056271407 0.6909403828815595 4656.933916939087 0.00019777081795340447 0.8916055927314169
1.4265053850550085 0.6737577005379957 4441.557067293828 0.00024092279749447507 0.8045387162736154
1.3651358883896625 0.6715216750114302 4457.284377815506 0.0003972057863639786 0.7889506167817635
1.594473313454231 0.680662091261274 4344.812730108178 -0.0004667170326934426 0.8314410292947111
1.5248644737720984 0.6665726495763802 4852.909631426128 4.0800051613429495e-05 0.7671893457514407
1.430397785231154 0.6778577203898769 4782.5271308188585 -0.00037525355004812053 0.8081052090507974
1.4102683231268218 0.6989854614789104 4963.952165226332 0.00017103755880218247 0.9535766951555633
1.4288629343099393 0.6915035935418004 4731.941537161352 -0.0005122005553382842 0.8729658252872274
1.4894138861261412 0.6707984504809973 4937.876566850249 0.00018118453379421782 0.8114071755597616
1.4155929083466974 0.6984806551137387 4886.5174091322515 0.0004530214822959147 0.9482493401223904
1.4160421805656616 0.6903544966226207 4903.422998758687 0.00025381278281722745 0.9019141998867429
1.4023037133157326 0.6986543918833445 4915.637135572423 -0.00020445157978392988 0.9606754129014671
1.4023037133157326 0.6986543918833445 4915.637135572423 -0.00020445157978392988 0.9606754129014671
1.426740100581402 0.6851779638238411 4760.830773941517 -0.00044459467669042096 0.846806040082384
1.4561611248359154 0.6833276059691838 4937.68484704079 -0.0009669638993419213 0.8337997763517644
1.4853575246176174 0.6736250804014429 4922.236577794216 -0.0006360091643829552 0.7956287135792248
1.4527643323911326 0.6897136367132457 4941.870131978393 -0.0005810528846856545 0.8880040267372725
1.5454808809783271 0.6277166289167511 4270.8002275643785 0.0005172572528986089 0.6260554839491375
1.445854436243411 0.6741650022797241 4889.425059116553 0.0001959378789428182 0.7822147906003512
1.452788119092218 0.7007222085342923 4549.515839381786 0.00043321385932499696 0.9762055418777191
1.3970635594254661 0.688592189203956 4816.099625007801 0.0006345283839984221 0.8820322606039125
1.4149713912533244 0.6813145113396476 4952.01561649091 0.00022356991410025386 0.8581959743893073
1.4537318421448826 0.6778726693324255 4731.5241996019 0.0001970131733497325 0.8183587299510391
1.4146998937999666 0.699216646273541 4601.505114711705 0.0002945454711615596 0.959796015600505
1.3794697560049638 0.694468614306458 4787.258817055762 0.0004231717536311341 0.9419342174679258
1.4568014167899102 0.6596993299789053 4915.0035832939875 7.300034199346832e-05 0.7433469681354677
1.3668107625185182 0.6767553841838632 4466.762394827908 2.974675481059698e-06 0.8102962530015496
1.4269472258643559 0.6942363322941122 4731.649720527373 -4.6038861161136774e-05 0.9170924611155887
1.3911524240461857 0.6949711741840383 4792.978402430381 -0.00012477329866417673 0.913278433010134
1.449808793337776 0.6905987532573422 4848.509104123669 -5.1120738775916777e-05 0.8855484753917713
1.3658228067506037 0.6930959872615163 4752.062623952324 -5.625848476539559e-05 0.9214611120429321
