    0.100319520240709270E+01    0.972962919255230152E+00    0.487046554812314480E+04   -0.119395723251042529E-03    0.777383471374892943E+00    0.314946291177381577E+01
    0.954665814221856368E+00    0.786602271168517220E+00    0.464990129374120625E+04   -0.664393638557453543E-03    0.495097757269675642E+00    0.317778350828499789E+01
    0.106401761809398576E+01    0.995673249648780234E+00    0.475064183483466604E+04    0.491960633229585032E-03    0.822407286536751547E+00    0.323519937076646213E+01
    0.103594303206218474E+01    0.894890779746438825E+00    0.496291495514994949E+04   -0.419309009942840476E-03    0.831880692583637504E+00    0.424938676837268314E+01
    0.855614143771638358E+00    0.774144817173116340E+00    0.426539892660133319E+04   -0.272560934570789822E-03    0.541730344525922058E+00    0.426881702567721710E+01
    0.104658490203445953E+01    0.925181116241428292E+00    0.460301721402833846E+04    0.661349090490441840E-03    0.786536146151167515E+00    0.437865330512471473E+01
    0.852754206899632328E+00    0.693519048005317384E+00    0.432389488723643080E+04   -0.108743874462890403E-03    0.379972445334605613E+00    0.442379668387622793E+01
    0.995861224465313333E+00    0.826835371664627283E+00    0.444587718490086263E+04    0.258089533574703222E-03    0.578687886491121795E+00    0.462393390953837446E+01
    0.933530906952945383E+00    0.771981063490292496E+00    0.432342883621475812E+04   -0.352666602721629836E-03    0.493540318455088889E+00    0.463787935246484739E+01
    0.998461650552928570E+00    0.855570324617343503E+00    0.421820893815932232E+04    0.178593281661103352E-03    0.739296635654105971E+00    0.501656775069166905E+01
    0.101791342984840094E+01    0.989879600125677328E+00    0.481021964222144470E+04    0.249154584050859346E-03    0.723339560643504353E+00    0.537030928129028151E+01
    0.965854863661839369E+00    0.880259199385054925E+00    0.473834546217771822E+04    0.109120192904721719E-04    0.781901409732824293E+00    0.537062791477327828E+01
    0.103482230698649658E+01    0.941857681548652570E+00    0.424923522305664756E+04    0.105433403078032084E-03    0.710281974034938646E+00    0.574143999131903549E+01
    0.876533502732871117E+00    0.806098853958672201E+00    0.468420968710464422E+04   -0.338869399038099327E-03    0.551282638327906915E+00    0.576141961406838998E+01
    0.906735458863231703E+00    0.829439751571331874E+00    0.468457063234524867E+04   -0.258788990286073768E-03    0.673426398591268183E+00    0.576375692698478925E+01
    0.976178619905668343E+00    0.932874128794570878E+00    0.446313017310328632E+04   -0.317785484672781083E-03    0.718198448066689421E+00    0.588755491831373767E+01
    0.930947101501467200E+00    0.823044043149531723E+00    0.486053258942396678E+04   -0.415703293728357447E-04    0.616876951786614947E+00    0.597692675552642783E+01
    0.102728172496678072E+01    0.973589289695073301E+00    0.479372329801226351E+04    0.146353669298332007E-03    0.799028073792962368E+00    0.607330348666588637E+01
    0.104646414522242015E+01    0.917672942757830290E+00    0.466426710998142698E+04    0.579782043917273938E-03    0.823126094292186639E+00    0.611651481235960404E+01
    0.104308621066039353E+01    0.879233141455045164E+00    0.486962695330230781E+04    0.113376537134988865E-03    0.675264593435552785E+00    0.612314747634515655E+01
    0.933902801537883298E+00    0.839767261754781780E+00    0.486349802363349227E+04   -0.237621198276132445E-03    0.675562802813602037E+00    0.616069153458133911E+01
    0.870020313473121920E+00    0.730751071896467153E+00    0.461152213045690951E+04   -0.515125030762102133E-03    0.433687943780445173E+00    0.617042523660746589E+01
    0.105474306801182083E+01    0.894498934011572100E+00    0.422955769426182815E+04   -0.555083985695469418E-03    0.700855202341759576E+00    0.618240829720522989E+01
    0.100133611703597625E+01    0.957928010898898452E+00    0.410251836734828521E+04   -0.259211142317886014E-03    0.759594463805789877E+00    0.621532378342648073E+01
    0.990881633352786673E+00    0.936198335601768794E+00    0.410271947774442015E+04   -0.145630982711738780E-03    0.765279377268668348E+00    0.629907597535734531E+01
    0.982323113236701628E+00    0.937622551109089652E+00    0.480806834180342776E+04   -0.698219784442200356E-03    0.794517596021505623E+00    0.631606309618727391E+01
    0.953887179650834138E+00    0.946993112646115520E+00    0.417691433437842170E+04    0.676987846891704133E-04    0.722077148443814432E+00    0.636887697195638225E+01
    0.102235271598802280E+01    0.895282254517392850E+00    0.461542968553923765E+04   -0.196485710008064339E-04    0.763196498866851369E+00    0.637414950866902608E+01
    0.103340271139951478E+01    0.995275395539560126E+00    0.415753594582297137E+04   -0.240384117366131063E-03    0.716097860192829838E+00    0.641176586422711647E+01
    0.100357347776648509E+01    0.896112070605531885E+00    0.437908461808659376E+04    0.207409215799438058E-03    0.760218061097417630E+00    0.652699505086923448E+01
    0.985157207850326899E+00    0.918521964937265123E+00    0.426937666054985402E+04    0.409925590820649623E-03    0.815251050153649293E+00    0.664491618749836732E+01
    0.100579552341665712E+01    0.944476105253782228E+00    0.475749593776163783E+04   -0.136087664741251640E-03    0.837639682792800322E+00    0.665974136311178633E+01
    0.897949273374677337E+00    0.775370283818109574E+00    0.450291562569195048E+04    0.289443889248065388E-03    0.513129307927174261E+00    0.667211932512576578E+01
    0.924286721913829545E+00    0.813396618043192410E+00    0.478057903142500436E+04    0.250133486404237436E-04    0.597207726818046791E+00    0.671611817328694016E+01
    0.997313123964913117E+00    0.920821733584742175E+00    0.472396951039035957E+04   -0.445012699123717632E-03    0.779437915725389674E+00    0.679381851073568477E+01
    0.107559667258500546E+01    0.977960385168484381E+00    0.447601097690166080E+04   -0.606784356145669782E-03    0.803652440003408963E+00    0.679879187441573052E+01
    0.100894881276917503E+01    0.919768667400003626E+00    0.406856067874538985E+04   -0.833884301232067516E-03    0.786910724953323037E+00    0.684356775023010666E+01
    0.104582900017916924E+01    0.931973336340126357E+00    0.459886456193854883E+04    0.133548673595527246E-03    0.797244662304569252E+00    0.689075613525621833E+01
    0.105186745939990156E+01    0.977462247609737989E+00    0.448833885843432108E+04    0.198815444609939875E-03    0.722877238943444578E+00    0.691395099772974397E+01
    0.108336249025671982E+01    0.990992009942903040E+00    0.403786563126445481E+04   -0.289261466719726364E-03    0.752062485176559159E+00    0.693528207113263484E+01
    0.105044779677818889E+01    0.882073078198726157E+00    0.393166154978834993E+04    0.432259306388119136E-03    0.700847728616199039E+00    0.694918874423591504E+01
    0.948977274576321417E+00    0.775904515716974719E+00    0.465943528941384284E+04   -0.143721781442083342E-04    0.521294631391257535E+00    0.696229610794444387E+01
    0.918627496356523521E+00    0.754610007152134110E+00    0.414426010805162514E+04   -0.410503094094345701E-03    0.459786990955760810E+00    0.699813361420794067E+01
    0.954665138444583450E+00    0.899465492966872171E+00    0.490854781011233445E+04    0.206651033641198331E-03    0.801908214525915763E+00    0.701014061665854538E+01
    0.945135815041037275E+00    0.883522817788861770E+00    0.455455026006825119E+04   -0.417792934137704310E-03    0.779812635533024823E+00    0.701094201427115493E+01
    0.860076071316126067E+00    0.748298768673086201E+00    0.471062231571927077E+04   -0.232469281010418100E-03    0.452810847855532494E+00    0.704538561662590546E+01
    0.864172855491384340E+00    0.733802537052702375E+00    0.486180485827605480E+04   -0.268836521942295245E-05    0.430979705567132665E+00    0.705412324243362931E+01
    0.103609844457953515E+01    0.999747948836278488E+00    0.488925823437685176E+04   -0.357886675521530012E-03    0.784813119192629416E+00    0.709978071307237624E+01
    0.101116444221012736E+01    0.953173830125601751E+00    0.424289699424196806E+04   -0.514980087278312133E-03    0.746714751335938454E+00    0.710299356556887496E+01
    0.102953489660897546E+01    0.912358727727418994E+00    0.490126337111238900E+04   -0.103405200360047594E-03    0.829627228341772494E+00    0.714637506803247557E+01
    0.941471559995835428E+00    0.861784105977478010E+00    0.475999029875309589E+04    0.372254157601438712E-03    0.728047890723105384E+00    0.714803027379569222E+01
    0.103399787447459146E+01    0.893123751286993728E+00    0.422403770595072183E+04    0.423924007904999574E-03    0.744961946848301859E+00    0.716554165291851231E+01
    0.881379540589239396E+00    0.785216421540062881E+00    0.488300608368093071E+04   -0.488876815660591545E-03    0.558105760469799206E+00    0.717531192226524084E+01
    0.101170663071374589E+01    0.915013521156881504E+00    0.416882958634156330E+04    0.472514520655632644E-03    0.821936839451449908E+00    0.718033997437394511E+01
    0.967449295062123404E+00    0.969510196921592016E+00    0.470172006894992410E+04   -0.220325621160723066E-03    0.789656921319861982E+00    0.718924184559744184E+01
    0.106372050309218658E+01    0.954341142669578146E+00    0.437357328526678066E+04   -0.900212213533803439E-03    0.848159773198549960E+00    0.719636171895839194E+01
    0.900436630927571979E+00    0.790814920807052513E+00    0.474476484863871610E+04   -0.677955964484947986E-04    0.548258936052689383E+00    0.722011134155402701E+01
    0.100857200430094829E+01    0.888803880987822925E+00    0.436851664692707527E+04    0.153578079476779405E-03    0.798218778074852642E+00    0.724398587463988886E+01
    0.969273892250203550E+00    0.990060501043572128E+00    0.447302523395763092E+04   -0.294729790781039639E-03    0.775206768231861187E+00    0.724962999030759825E+01
    0.104457222140330597E+01    0.930689879210675697E+00    0.444109302521188783E+04   -0.328670562253530229E-03    0.812894764034411188E+00    0.728277240641115231E+01
    0.989107643270690340E+00    0.970820267920776914E+00    0.441901867913636761E+04    0.366033352536733296E-03    0.781449922359668259E+00    0.728325452794984329E+01
    0.949605068107937322E+00    0.803458677163636947E+00    0.421737896291860125E+04   -0.443633200737484875E-03    0.553474727911468456E+00    0.728946925028865689E+01
    0.101852535901516772E+01    0.894701533402422533E+00    0.424973541516358728E+04   -0.179624325632923919E-03    0.765376615980321140E+00    0.730342538980927447E+01
    0.968791534295570855E+00    0.906714985468344725E+00    0.439178801220336391E+04    0.196861454253997208E-03    0.745131585810384189E+00    0.730504992088825755E+01
    0.101434453505456568E+01    0.824892466408289726E+00    0.452722628529600752E+04   -0.173497146315062296E-04    0.622272845337925595E+00    0.730708281443049223E+01
    0.968045226548540194E+00    0.873003663687242581E+00    0.470415256381138079E+04   -0.604926830135074927E-03    0.701101329654181704E+00    0.730809951166328364E+01
    0.997714605810332111E+00    0.925996302911058056E+00    0.432283272421412494E+04    0.382632572806571088E-04    0.745102678237148153E+00    0.731882497286064648E+01
    0.987698061567432006E+00    0.902504041286850689E+00    0.403053246929151555E+04    0.231169583712932084E-03    0.767085422234636827E+00    0.734782763620020773E+01
    0.940631577454027590E+00    0.884105728210953457E+00    0.426573777183667517E+04   -0.279199251441061488E-03    0.747773555158563585E+00    0.734855815453212902E+01
    0.973224593107703151E+00    0.952376280322308255E+00    0.448231935563551451E+04   -0.209220556038926958E-03    0.733483108639393921E+00    0.739062914823258232E+01
    0.998670918383126049E+00    0.963546756959351436E+00    0.419710203500642911E+04   -0.516003876492754257E-03    0.781273290986330582E+00    0.740660533989293857E+01
    0.985811900407880914E+00    0.991597191200597416E+00    0.446727756004720322E+04    0.199661327001099197E-03    0.761149674451620850E+00    0.741331280987140850E+01
    0.103784439355736779E+01    0.989210967100698002E+00    0.466297560530620922E+04    0.310086839855400502E-03    0.756754918229426199E+00    0.745732757760419140E+01
    0.105114210929571739E+01    0.905361817828717941E+00    0.462418280008698730E+04   -0.144951514102559638E-03    0.725972570728670830E+00    0.749703567774061685E+01
    0.908207745182108894E+00    0.774483191491556200E+00    0.465660968537834651E+04   -0.167432319135460726E-03    0.506093281640164760E+00    0.750691412351884590E+01
    0.954906183632762473E+00    0.883776272419395825E+00    0.444812724046975563E+04   -0.402166297387536009E-03    0.782219602099027411E+00    0.752438913891458938E+01
    0.101860996003391913E+01    0.892829862024608234E+00    0.445036758690644820E+04   -0.454931525568533191E-03    0.753537077697752466E+00    0.753074376850531735E+01
    0.102589329367054316E+01    0.928630885576044784E+00    0.425024541694704294E+04   -0.568103946335586098E-03    0.814610173201826937E+00    0.753865804684120278E+01
    0.102862513211636708E+01    0.922159329597910249E+00    0.480226423917473221E+04    0.140483254743209657E-03    0.722094264162391752E+00    0.754210605296685088E+01
    0.102862513211636708E+01    0.922159329597910249E+00    0.480226423917473221E+04    0.140483254743209657E-03    0.722094264162391752E+00    0.754210605296685088E+01
    0.101544573996153398E+01    0.887649602205084376E+00    0.469979655972463843E+04    0.535381253777962108E-03    0.776440424034360532E+00    0.755711419169554599E+01
    0.101159144844538051E+01    0.923093056965629932E+00    0.421575085015601326E+04    0.679214436845373601E-03    0.780210893490266733E+00    0.757067354384092628E+01
    0.947365577202400777E+00    0.866419000690158203E+00    0.418534039334082718E+04    0.220899862395566648E-03    0.693788181976992435E+00    0.759582495329729923E+01
    0.100877489021969025E+01    0.939724265510874290E+00    0.488194663717581170E+04    0.289845599389469482E-03    0.743247308782903904E+00    0.760915400468778724E+01
    0.100877489021969025E+01    0.939724265510874290E+00    0.488194663717581170E+04    0.289845599389469482E-03    0.743247308782903904E+00    0.760915400468778724E+01
    0.100257592474297574E+01    0.940314348022992297E+00    0.407615834176205954E+04   -0.534740781581078848E-03    0.779795443603781280E+00    0.761707084149255209E+01
    0.106519251423464056E+01    0.971431140826638950E+00    0.456066298246873703E+04    0.359747249694982840E-03    0.731720464269650317E+00    0.762708893773837815E+01
    0.103252789218933461E+01    0.987799397623303932E+00    0.463943588460895717E+04    0.708160050678597166E-03    0.720381330325607916E+00    0.764763706748674288E+01
    0.102092517851815412E+01    0.960618280034706618E+00    0.407752937423117874E+04   -0.437914937599045517E-03    0.815881839852321322E+00    0.765352197550623714E+01
    0.102152530508262895E+01    0.961340488820328853E+00    0.494164260452990948E+04    0.500681312056034549E-03    0.744825326502267293E+00    0.765377906014712650E+01
    0.951467991527953139E+00    0.759575558883334501E+00    0.441302611286476622E+04   -0.200027673657814862E-03    0.494294968998645223E+00    0.766619019974924765E+01
    0.104225755444286405E+01    0.942677334314191984E+00    0.476525415271052498E+04   -0.200146930193846107E-03    0.829282924138825983E+00    0.766863008361922560E+01
    0.948141837368364770E+00    0.872427945726754417E+00    0.459572216861078323E+04    0.137571491298347668E-03    0.718323748167722376E+00    0.766885495686580665E+01
    0.102728923427507146E+01    0.956800161187246978E+00    0.442517162274339171E+04    0.617056446622396126E-04    0.741512865965490486E+00    0.768376642402706711E+01
    0.102729745961783214E+01    0.958853111677640979E+00    0.455500382535907920E+04    0.266897755729345791E-03    0.803825203607006378E+00    0.769412410798712720E+01
    0.102729745961783214E+01    0.958853111677640979E+00    0.455500382535907920E+04    0.266897755729345791E-03    0.803825203607006378E+00    0.769412410798712720E+01
    0.103562983418790777E+01    0.884002824453248515E+00    0.403916872166269786E+04    0.762262177097034724E-03    0.744716288225810485E+00    0.770278481928536074E+01
    0.104812225562547123E+01    0.914279252595079472E+00    0.486200733716598643E+04   -0.519197805408246602E-03    0.743966292641299320E+00    0.770312876424456228E+01
    0.109475877516474274E+01    0.999822774423586247E+00    0.426768751616106874E+04   -0.222957220386759813E-03    0.793569670566511065E+00    0.771097912348927572E+01
    0.109475877516474274E+01    0.999822774423586247E+00    0.426768751616106874E+04   -0.222957220386759813E-03    0.793569670566511065E+00    0.771097912348927572E+01
    0.105590979848264910E+01    0.888257663359691252E+00    0.446909697604544817E+04    0.512472224113246443E-03    0.762233414029585887E+00    0.771220179000571626E+01
    0.105590979848264910E+01    0.888257663359691252E+00    0.446909697604544817E+04    0.512472224113246443E-03    0.762233414029585887E+00    0.771220179000571626E+01
    0.104833173912191091E+01    0.943413999486287236E+00    0.498047608109155044E+04   -0.662086368892780353E-03    0.826702773623849030E+00    0.772732380411861453E+01
    0.969390097657311323E+00    0.801073471413256022E+00    0.409302480632341030E+04   -0.300452780753284821E-03    0.551755926608460512E+00    0.773046712293276173E+01
    0.942177338049428270E+00    0.834229449005475687E+00    0.451111483367602705E+04    0.293287187575801069E-03    0.666396115684364965E+00    0.773611045055361490E+01
    0.960343619435857443E+00    0.965713834851094743E+00    0.467003113827243033E+04    0.172235322601347132E-03    0.775647516151587446E+00    0.775428041861812645E+01
    0.101538653372148047E+01    0.875569745427886126E+00    0.414456937981261035E+04   -0.129503040776344076E-03    0.696512055414509890E+00    0.775664410290647943E+01
    0.101620679473374143E+01    0.974653287695389281E+00    0.411876029096734419E+04   -0.193199130736615454E-03    0.782286007563957275E+00    0.775812665571422500E+01
    0.105984826106340924E+01    0.859642207745602183E+00    0.434208085357818800E+04    0.807876889505385705E-04    0.705740657751255274E+00    0.776143531154317046E+01
    0.107758917443281788E+01    0.953723054544988069E+00    0.422198037591954562E+04   -0.503638022187898483E-03    0.742810639739244327E+00    0.776333418877651127E+01
    0.104343732889387253E+01    0.837989165482219134E+00    0.474722359290308123E+04   -0.538521910475512613E-03    0.685811301707920373E+00    0.776466150232996988E+01
    0.104343732889387253E+01    0.837989165482219134E+00    0.474722359290308123E+04   -0.538521910475512613E-03    0.685811301707920373E+00    0.776466150232996988E+01
    0.102828431511579410E+01    0.900313918414445413E+00    0.499261038698485299E+04   -0.417888129344105245E-03    0.787871393700540712E+00    0.777997629558161741E+01
    0.103876304107837147E+01    0.947131538052935262E+00    0.451234210591027386E+04    0.753396261795481731E-04    0.813036204764479131E+00    0.778415826161033930E+01
    0.994210376316247313E+00    0.902166489834256735E+00    0.410303243161366117E+04    0.693850033753964799E-04    0.794698492309248716E+00    0.778859786635544715E+01
    0.993162886872647199E+00    0.886829818576981177E+00    0.499143344712223734E+04   -0.490836705873351335E-03    0.702643192376638082E+00    0.779246105174277925E+01
    0.993162886872647199E+00    0.886829818576981177E+00    0.499143344712223734E+04   -0.490836705873351335E-03    0.702643192376638082E+00    0.779246105174277925E+01
    0.979507544515362483E+00    0.953392008286657933E+00    0.495257165216381873E+04   -0.431156137720926219E-03    0.741094242691601846E+00    0.780482907162079265E+01
    0.989965054203715056E+00    0.938635518401069513E+00    0.492878090413761311E+04    0.112320602468537768E-03    0.794862479221462470E+00    0.787940550602791490E+01
    0.101962994637703175E+01    0.967447734252640190E+00    0.488951153669210544E+04    0.410425593189518462E-03    0.810024817804416486E+00    0.792989158600823707E+01
    0.987923799696380112E+00    0.924085206976544393E+00    0.424858917522428237E+04    0.252347105658989412E-03    0.782504345385823585E+00    0.795116045872079269E+01
    0.105500916817476842E+01    0.975446655042621069E+00    0.432890767397472609E+04    0.452631129584406004E-05    0.770577186220069543E+00    0.796247345492667336E+01
    0.975311144452743584E+00    0.897381567930479851E+00    0.461996613023951704E+04    0.211922654791417832E-03    0.774814138219617310E+00    0.796660855044761007E+01
    0.975311144452743584E+00    0.897381567930479851E+00    0.461996613023951704E+04    0.211922654791417832E-03    0.774814138219617310E+00    0.796660855044761007E+01
    0.975848587841218085E+00    0.903755044430389787E+00    0.478661094146758933E+04    0.122399804338258790E-03    0.752543047152499422E+00    0.797249854352421572E+01
    0.975848587841218085E+00    0.903755044430389787E+00    0.478661094146758933E+04    0.122399804338258790E-03    0.752543047152499422E+00    0.797249854352421572E+01
    0.987140973120065435E+00    0.968450473180640592E+00    0.428405795549095001E+04    0.495369635427810907E-03    0.768015471332784472E+00    0.797279432721532366E+01
    0.987140973120065435E+00    0.968450473180640592E+00    0.428405795549095001E+04    0.495369635427810907E-03    0.768015471332784472E+00    0.797279432721532366E+01
    0.104689715452578103E+01    0.965790167972729652E+00    0.460563988226602487E+04   -0.205193560202355640E-03    0.720535954977527426E+00    0.797822659531265366E+01
    0.106872824857605719E+01    0.898516914753347162E+00    0.395547024595570929E+04    0.555481206266689848E-03    0.789335620970002316E+00    0.797959769508514682E+01
    0.110234311797150730E+01    0.938934890398598898E+00    0.410192027540396793E+04   -0.272924315438187036E-03    0.792076349714541661E+00    0.798579373320551866E+01
    0.875551920214680979E+00    0.792666832486956685E+00    0.481778161601106149E+04   -0.247780854920982331E-03    0.560555555437887376E+00    0.798894787760036529E+01
    0.951683155608168629E+00    0.814106143603150922E+00    0.490146896917538561E+04   -0.103173254943922252E-04    0.604615827914110504E+00    0.799567012260158716E+01
    0.951683155608168629E+00    0.814106143603150922E+00    0.490146896917538561E+04   -0.103173254943922252E-04    0.604615827914110504E+00    0.799567012260158716E+01
    0.108430541961898941E+01    0.955856805459953995E+00    0.418942459229309407E+04   -0.817948536613891434E-03    0.786903199304467504E+00    0.799671211754834310E+01
    0.108430541961898941E+01    0.955856805459953995E+00    0.418942459229309407E+04   -0.817948536613891434E-03    0.786903199304467504E+00    0.799671211754834310E+01
    0.103519629217622833E+01    0.950628761784562348E+00    0.421944956632959838E+04   -0.175597163651123637E-04    0.783057184516009697E+00    0.799735947412117554E+01
    0.105153700196180067E+01    0.876357074255114665E+00    0.422948740002289196E+04   -0.449030422921719837E-03    0.768494179917133979E+00    0.801796643283292809E+01
    0.105153700196180067E+01    0.876357074255114665E+00    0.422948740002289196E+04   -0.449030422921719837E-03    0.768494179917133979E+00    0.801796643283292809E+01
    0.982875431835325442E+00    0.947859366402822534E+00    0.491796913099452740E+04    0.371395497142762454E-03    0.783580401027209827E+00    0.803990518703905011E+01
    0.100378927842167109E+01    0.878360294268178299E+00    0.473948168575463933E+04   -0.155344955207540339E-03    0.710129622049113007E+00    0.804145018835299652E+01
    0.105019837311913244E+01    0.969602105683825100E+00    0.451131751616637212E+04   -0.344557017059337939E-03    0.784932941170521259E+00    0.804407669294232974E+01
    0.104333470037436982E+01    0.946537519723765985E+00    0.414179733472534554E+04   -0.282216530930132822E-03    0.753123597204505502E+00    0.804777999128194210E+01
    0.103075749734970312E+01    0.914937176007142861E+00    0.465014880084919605E+04   -0.380419851229085921E-04    0.817538247761612658E+00    0.805318941839339431E+01
    0.102624643371143320E+01    0.969813013447704098E+00    0.422739156133015695E+04   -0.131722205384110893E-03    0.741518198850494636E+00    0.805458924589167857E+01
    0.922551334668111789E+00    0.827144453923157830E+00    0.483382311628828666E+04   -0.621346505467517828E-03    0.641177899424898001E+00    0.805808182939019169E+01
    0.101294545414960346E+01    0.909397920676161542E+00    0.494088586929797020E+04    0.470491949643595171E-03    0.802248074097105301E+00    0.808272924768250789E+01
    0.105120250930291892E+01    0.977604471203948000E+00    0.427228990142331804E+04    0.143199254167504503E-03    0.785939300812697583E+00    0.808749398958124388E+01
    0.111049729633882599E+01    0.937746753851365300E+00    0.458996007913941139E+04   -0.937886728493566983E-03    0.784006290199641964E+00    0.809815773015165874E+01
    0.111049729633882599E+01    0.937746753851365300E+00    0.458996007913941139E+04   -0.937886728493566983E-03    0.784006290199641964E+00    0.809815773015165874E+01
    0.991074164336358532E+00    0.889500466732726314E+00    0.485524669532284224E+04    0.710054998226440772E-04    0.728206230085622019E+00    0.811405400871527149E+01
    0.106852905554290278E+01    0.987889142782438223E+00    0.474187178035405395E+04    0.473894882626242303E-04    0.774520235116487599E+00    0.811504719378145367E+01
    0.100111000333927813E+01    0.960027302259656046E+00    0.426025901850427090E+04    0.543195072348295709E-04    0.780470841064112908E+00    0.811939003777003521E+01
    0.982884628385458536E+00    0.925902906133002190E+00    0.455908080208491538E+04   -0.180956398831312235E-03    0.789263368280320066E+00    0.815130269168638577E+01
    0.982884628385458536E+00    0.925902906133002190E+00    0.455908080208491538E+04   -0.180956398831312235E-03    0.789263368280320066E+00    0.815130269168638577E+01
    0.106853542330393747E+01    0.919714708584506879E+00    0.410718642367000848E+04   -0.238966390961708634E-03    0.769111698912525510E+00    0.815216260124949343E+01
    0.106853542330393747E+01    0.919714708584506879E+00    0.410718642367000848E+04   -0.238966390961708634E-03    0.769111698912525510E+00    0.815216260124949343E+01
    0.100400074523174121E+01    0.886976837590046197E+00    0.421972792725616364E+04   -0.104491465512011032E-03    0.731468544891403782E+00    0.815998557652684475E+01
    0.100400074523174121E+01    0.886976837590046197E+00    0.421972792725616364E+04   -0.104491465512011032E-03    0.731468544891403782E+00    0.815998557652684475E+01
    0.997061222679482828E+00    0.867846521783461888E+00    0.419268960973407138E+04   -0.407044076357575822E-03    0.725229091161446071E+00    0.816998921083768970E+01
    0.997061222679482828E+00    0.867846521783461888E+00    0.419268960973407138E+04   -0.407044076357575822E-03    0.725229091161446071E+00    0.816998921083768970E+01
    0.927194575862065662E+00    0.869332235004650178E+00    0.470138461021872718E+04   -0.365619093497968181E-03    0.715177083874927511E+00    0.817553943899246605E+01
    0.998732522038884185E+00    0.960191265543983707E+00    0.436917074517646961E+04    0.508259827961579343E-03    0.774322954253666818E+00    0.819250109803272153E+01
    0.100247975386386745E+01    0.956079772070839162E+00    0.424069696144790760E+04   -0.245474657773391502E-03    0.781037135169224572E+00    0.819472345856657824E+01
    0.100247975386386745E+01    0.956079772070839162E+00    0.424069696144790760E+04   -0.245474657773391502E-03    0.781037135169224572E+00    0.819472345856657824E+01
    0.100574715920064994E+01    0.979334947063963290E+00    0.447110120250993805E+04   -0.864119077493792956E-03    0.740202728193745996E+00    0.819762833929396351E+01
    0.107276514775761900E+01    0.927597161196734410E+00    0.421236793686228975E+04   -0.958260287568200864E-04    0.810544300391669248E+00    0.819980886671382336E+01
    0.104811603002411524E+01    0.944496296512395528E+00    0.497792455337966567E+04   -0.107977767033887428E-03    0.823621381567694488E+00    0.821699002729927663E+01
    0.990146693958903423E+00    0.989271600459500466E+00    0.437748468623423560E+04   -0.607086803617784061E-04    0.767759427431739305E+00    0.821787766893945282E+01
    0.958865550934572153E+00    0.885841769187683870E+00    0.465546670011983861E+04    0.301647525646719613E-03    0.752222014721364740E+00    0.826911475472323332E+01
    0.110528052888770700E+01    0.986783418472569673E+00    0.423426376751950374E+04   -0.161247640817492491E-03    0.759012444562203736E+00    0.828012409714212438E+01
    0.104559551341903734E+01    0.977511730455447037E+00    0.418210562156219567E+04   -0.391006518964998311E-03    0.771548062689161540E+00    0.828052112680890673E+01
    0.101490959151501459E+01    0.862372788242418586E+00    0.430486170068411684E+04    0.673108809427440825E-03    0.711973348819099572E+00    0.828433383178004945E+01
    0.101490959151501459E+01    0.862372788242418586E+00    0.430486170068411684E+04    0.673108809427440825E-03    0.711973348819099572E+00    0.828433383178004945E+01
    0.106728295710920240E+01    0.905797213618314889E+00    0.470985111067186972E+04    0.194922641344430378E-03    0.820038185927085106E+00    0.829196886140557332E+01
    0.105628534067078594E+01    0.932991984102413796E+00    0.461519472808607770E+04   -0.718589512790037592E-03    0.809373894801721061E+00    0.830587447681048729E+01
    0.105628534067078594E+01    0.932991984102413796E+00    0.461519472808607770E+04   -0.718589512790037592E-03    0.809373894801721061E+00    0.830587447681048729E+01
    0.991641220665144152E+00    0.867560587595060717E+00    0.469817050772202128E+04   -0.227915598959826319E-03    0.741448123603629661E+00    0.830814589465922637E+01
    0.993174543145169397E+00    0.952319715844845538E+00    0.466550235321201490E+04   -0.568476624793400553E-04    0.768839458044672464E+00    0.830955895381905485E+01
    0.993174543145169397E+00    0.952319715844845538E+00    0.466550235321201490E+04   -0.568476624793400553E-04    0.768839458044672464E+00    0.830955895381905485E+01
    0.978469777727119627E+00    0.932352299656947103E+00    0.444834631266096585E+04   -0.310844503585555425E-03    0.810653738836550453E+00    0.832454740628909029E+01
    0.980269728387159089E+00    0.853943829508146957E+00    0.446574792803601213E+04   -0.235478783728351027E-03    0.692628256839270429E+00    0.833938143711143809E+01
    0.101449467303035656E+01    0.952018420436973267E+00    0.486793648322969148E+04    0.141773591201386470E-03    0.799206432579243842E+00    0.833990649117137650E+01
    0.106102731935251393E+01    0.910981140494354302E+00    0.435218921292054438E+04   -0.275958141990442105E-04    0.728438657758324393E+00    0.834026455306536540E+01
    0.970319394536886537E+00    0.855400874188391835E+00    0.497529987695677755E+04    0.622125009162042202E-04    0.655715959420048122E+00    0.834324503252715033E+01
    0.985177366384931363E+00    0.887316127100500895E+00    0.429572411329494116E+04   -0.949246831902599594E-03    0.753727769846207707E+00    0.835098186268918319E+01
    0.103826510821583806E+01    0.934515007883813253E+00    0.499426604067626704E+04    0.205614671739715325E-03    0.837722219744667873E+00    0.835840401236713859E+01
    0.107126087516872670E+01    0.950237915004381706E+00    0.441596627515935234E+04   -0.584550965069385983E-04    0.737262976829756833E+00    0.836616112556668767E+01
    0.107126087516872670E+01    0.950237915004381706E+00    0.441596627515935234E+04   -0.584550965069385983E-04    0.737262976829756833E+00    0.836616112556668767E+01
    0.109969401822950075E+01    0.948621799292439727E+00    0.455119852561418611E+04   -0.420424739928903547E-03    0.787204223506800749E+00    0.837073118700912033E+01
    0.109969401822950075E+01    0.948621799292439727E+00    0.455119852561418611E+04   -0.420424739928903547E-03    0.787204223506800749E+00    0.837073118700912033E+01
    0.860667904218964663E+00    0.768340172361972162E+00    0.490280468809147897E+04    0.149530219021855787E-03    0.498153935732866482E+00    0.837319328132922536E+01
    0.108563059819702623E+01    0.914774573242834732E+00    0.498543640445733490E+04   -0.160886752517391720E-03    0.755609359532561808E+00    0.838497393009236625E+01
    0.102903152059221759E+01    0.906541792240727173E+00    0.449190640992970566E+04    0.105592166297504482E-03    0.813363270782339498E+00    0.840572959127365138E+01
    0.102903152059221759E+01    0.906541792240727173E+00    0.449190640992970566E+04    0.105592166297504482E-03    0.813363270782339498E+00    0.840572959127365138E+01
    0.101587671724503958E+01    0.895633764234273433E+00    0.455324917011576963E+04    0.256007664770248875E-03    0.796252980812231170E+00    0.841597049991072055E+01
    0.944117358992231925E+00    0.883669211414263245E+00    0.449554936024335166E+04    0.364176682882967368E-03    0.741306504779001729E+00    0.841977419906551638E+01
    0.972946587449768030E+00    0.934870911596348275E+00    0.484452572656916800E+04   -0.293977864389154716E-03    0.759487128198636507E+00    0.843067417480280845E+01
    0.108935143618217989E+01    0.930676622349845273E+00    0.423442469935564350E+04   -0.417555361026077641E-03    0.746630686785360709E+00    0.844904766190779632E+01
    0.103439030447753399E+01    0.961463762414216050E+00    0.425559149632643221E+04    0.168398683293277668E-03    0.785265852582295754E+00    0.845464726745547779E+01
    0.103439030447753399E+01    0.961463762414216050E+00    0.425559149632643221E+04    0.168398683293277668E-03    0.785265852582295754E+00    0.845464726745547779E+01
    0.107267335654245866E+01    0.895181628494063242E+00    0.449647782768322850E+04   -0.189293417590976872E-03    0.780542790877502002E+00    0.845674186808627937E+01
    0.100910849962050730E+01    0.971274360990970198E+00    0.473906931081083985E+04    0.102952460381481605E-02    0.725432600705949726E+00    0.847197621391987354E+01
    0.100910849962050730E+01    0.971274360990970198E+00    0.473906931081083985E+04    0.102952460381481605E-02    0.725432600705949726E+00    0.847197621391987354E+01
    0.949674964122946497E+00    0.849709076696470778E+00    0.452484429051854295E+04   -0.486883352871449963E-03    0.691745921235142003E+00    0.847293982865131845E+01
    0.949674964122946497E+00    0.849709076696470778E+00    0.452484429051854295E+04   -0.486883352871449963E-03    0.691745921235142003E+00    0.847293982865131845E+01
    0.102853135735082635E+01    0.910331045932251337E+00    0.498443619483240946E+04   -0.445661726068521252E-03    0.789857611770378609E+00    0.848994972710339013E+01
    0.102853135735082635E+01    0.910331045932251337E+00    0.498443619483240946E+04   -0.445661726068521252E-03    0.789857611770378609E+00    0.848994972710339013E+01
    0.100074791831786269E+01    0.930589301956521231E+00    0.451103243983855555E+04    0.349971555307232083E-03    0.777666235498971958E+00    0.849545301150150856E+01
    0.100538503324557560E+01    0.944605728486882290E+00    0.469507226447951689E+04   -0.172801256853980943E-03    0.796792072572946708E+00    0.850205245737575943E+01
    0.100538503324557560E+01    0.944605728486882290E+00    0.469507226447951689E+04   -0.172801256853980943E-03    0.796792072572946708E+00    0.850205245737575943E+01
    0.103976037974414881E+01    0.925520170068437009E+00    0.494537650627964467E+04   -0.718562987173888877E-05    0.795660528916290799E+00    0.850599441414393098E+01
    0.103976037974414881E+01    0.925520170068437009E+00    0.494537650627964467E+04   -0.718562987173888877E-05    0.795660528916290799E+00    0.850599441414393098E+01
    0.977190061243370267E+00    0.978904982086164832E+00    0.480912053697976171E+04   -0.263576602846433809E-03    0.779650372166749595E+00    0.851715519964003320E+01
    0.950293918656864967E+00    0.950667762424146190E+00    0.487999241154644187E+04    0.151733609885295213E-03    0.791057614762288419E+00    0.851994087377165776E+01
    0.950293918656864967E+00    0.950667762424146190E+00    0.487999241154644187E+04    0.151733609885295213E-03    0.791057614762288419E+00    0.851994087377165776E+01
    0.980279152161989908E+00    0.932178306770505283E+00    0.446720525738353626E+04   -0.255424480176015350E-03    0.763940839701528152E+00    0.852654335878814251E+01
    0.980279152161989908E+00    0.932178306770505283E+00    0.446720525738353626E+04   -0.255424480176015350E-03    0.763940839701528152E+00    0.852654335878814251E+01
    0.106033341947427306E+01    0.956460161025273425E+00    0.419557827936818376E+04   -0.288311908028998968E-03    0.800756994788244914E+00    0.852875031741036693E+01
    0.106033341947427306E+01    0.956460161025273425E+00    0.419557827936818376E+04   -0.288311908028998968E-03    0.800756994788244914E+00    0.852875031741036693E+01
    0.103146241467264455E+01    0.976915228516457734E+00    0.483903461174215954E+04    0.174519559172000709E-03    0.779993012582560818E+00    0.855151895588003974E+01
    0.939232503435006527E+00    0.878453674541259888E+00    0.481782844683879557E+04    0.543682327671724989E-04    0.704545496041980912E+00    0.856391683226766531E+01
    0.939232503435006527E+00    0.878453674541259888E+00    0.481782844683879557E+04    0.543682327671724989E-04    0.704545496041980912E+00    0.856391683226766531E+01
    0.944142392266647201E+00    0.895497854557724238E+00    0.456377813716071614E+04   -0.338628592265994492E-03    0.747661968342836714E+00    0.856464566980509900E+01
    0.102249575000064596E+01    0.913849676589091109E+00    0.484674193539069074E+04    0.160053326584804536E-03    0.776643437534511483E+00    0.857530729345490528E+01
    0.102249575000064596E+01    0.913849676589091109E+00    0.484674193539069074E+04    0.160053326584804536E-03    0.776643437534511483E+00    0.857530729345490528E+01
    0.951864501481218483E+00    0.848597108740177242E+00    0.478439769194621476E+04    0.111962329062217480E-03    0.662729440167899586E+00    0.857598454977737212E+01
    0.102149479211558702E+01    0.901797982209414095E+00    0.461550515127129529E+04    0.639182316714319098E-04    0.778864004576276692E+00    0.858136309104322059E+01
    0.893499149254465053E+00    0.771818328035284829E+00    0.483237622108233973E+04   -0.386327207796534052E-03    0.509967404650010225E+00    0.859406747339695798E+01
    0.107364788044109227E+01    0.941049692265561788E+00    0.447096145097363114E+04   -0.917323108193891725E-03    0.809211924411080252E+00    0.861284404734658082E+01
    0.992972403608375576E+00    0.959012501906998605E+00    0.418175424572138309E+04    0.759054288935173639E-03    0.778569247951786947E+00    0.861621394339742608E+01
    0.104072926845764191E+01    0.977514475117366777E+00    0.493868491578300655E+04    0.138868338951276876E-03    0.719700921836629814E+00    0.862439924207417796E+01
    0.986899879868053054E+00    0.988339167396124596E+00    0.496152205988665537E+04    0.363580607988628205E-03    0.774786793869620460E+00    0.862463722622335638E+01
    0.105607121291555694E+01    0.949487185364568442E+00    0.442419141612983458E+04    0.628518846944742565E-05    0.752913912507613636E+00    0.862522119363134188E+01
    0.105607121291555694E+01    0.949487185364568442E+00    0.442419141612983458E+04    0.628518846944742565E-05    0.752913912507613636E+00    0.862522119363134188E+01
    0.990434094898930972E+00    0.907459627327909968E+00    0.468594199543049035E+04    0.259990844864611739E-03    0.763968214861148853E+00    0.863314384241012256E+01
    0.998494694757633416E+00    0.886781221067458936E+00    0.442540726132503460E+04    0.178057846596057058E-03    0.761101266505089136E+00    0.866094493571252677E+01
    0.104616042663311948E+01    0.965724219849240839E+00    0.419168793976617872E+04   -0.623691728998744294E-04    0.782041203680576391E+00    0.866969573947095107E+01
    0.104616042663311948E+01    0.965724219849240839E+00    0.419168793976617872E+04   -0.623691728998744294E-04    0.782041203680576391E+00    0.866969573947095107E+01
    0.103717809644341008E+01    0.956212019655355294E+00    0.488906337273458576E+04   -0.359935658673124102E-03    0.773916693058610883E+00    0.867943348646528534E+01
    0.103717809644341008E+01    0.956212019655355294E+00    0.488906337273458576E+04   -0.359935658673124102E-03    0.773916693058610883E+00    0.867943348646528534E+01
    0.100396621914649153E+01    0.878128140888664754E+00    0.420284403873109841E+04   -0.566278175962687483E-04    0.747749396393055710E+00    0.868071015393547185E+01
    0.104783027508018556E+01    0.972997795954391398E+00    0.434678364997018252E+04   -0.253083918138013347E-03    0.749631755158018831E+00    0.869056753598270504E+01
    0.962727635670965198E+00    0.963966521378977426E+00    0.466614501871150605E+04   -0.180548827299458641E-03    0.767269039650109841E+00    0.869283797548056114E+01
    0.104050699732138097E+01    0.973154782706454946E+00    0.497606676573850200E+04    0.210434208034390941E-03    0.804675650108842677E+00    0.869334226742701688E+01
    0.104105507977003620E+01    0.954060831063477721E+00    0.426151101311812818E+04   -0.460568843845452619E-03    0.783362463688686228E+00    0.870211450345248849E+01
    0.105349574636785848E+01    0.965374846944733411E+00    0.479944968220975716E+04   -0.291150065154342407E-04    0.777408544433883075E+00    0.870977558385809125E+01
    0.105349574636785848E+01    0.965374846944733411E+00    0.479944968220975716E+04   -0.291150065154342407E-04    0.777408544433883075E+00    0.870977558385809125E+01
    0.991999407891271168E+00    0.897196610774665171E+00    0.470780445785722986E+04    0.402750497296379916E-03    0.754935120425711870E+00    0.870993848072714449E+01
    0.103514591747132201E+01    0.897137317193190231E+00    0.414732336168915663E+04    0.589993733685526437E-04    0.769125295307629075E+00    0.871688599587855073E+01
    0.106466902332626701E+01    0.963561292705030437E+00    0.434671060095879147E+04   -0.744127314255572437E-03    0.775461331144589927E+00    0.872145941753690934E+01
    0.106466902332626701E+01    0.963561292705030437E+00    0.434671060095879147E+04   -0.744127314255572437E-03    0.775461331144589927E+00    0.872145941753690934E+01
    0.960264720322858256E+00    0.923504039956386746E+00    0.486696759016701526E+04   -0.370071850605435237E-03    0.777465408471026409E+00    0.872554865780133682E+01
    0.107818019596695680E+01    0.887742153825655134E+00    0.489536047326356402E+04   -0.344351486864663938E-03    0.789261059422670996E+00    0.873161157869576954E+01
    0.105248012143232872E+01    0.953716580486840604E+00    0.484600731794278727E+04   -0.329590248615143494E-03    0.803423130926755213E+00    0.873560503724880455E+01
    0.105248012143232872E+01    0.953716580486840604E+00    0.484600731794278727E+04   -0.329590248615143494E-03    0.803423130926755213E+00    0.873560503724880455E+01
    0.956777145074108715E+00    0.867201612770949426E+00    0.483728661289639967E+04    0.212914856554453100E-03    0.688217826010713019E+00    0.874893562309104666E+01
    0.102194843934817059E+01    0.903752450714563782E+00    0.466970633458407247E+04   -0.236895455475116080E-03    0.765083607456226278E+00    0.875178913627116373E+01
    0.100906487890977847E+01    0.872190409811856027E+00    0.494311929237413005E+04    0.192077827480104373E-03    0.690934390957045008E+00    0.876044782331472405E+01
    0.107258823220782751E+01    0.933854238841055340E+00    0.466899990909840471E+04    0.485308767049025746E-04    0.782603356314624854E+00    0.876638451379373151E+01
    0.107258823220782751E+01    0.933854238841055340E+00    0.466899990909840471E+04    0.485308767049025746E-04    0.782603356314624854E+00    0.876638451379373151E+01
    0.974316125100764818E+00    0.898756350939413196E+00    0.483249414949540642E+04    0.464999777741839366E-03    0.720140438196483768E+00    0.877303824897716567E+01
    0.996859256268654237E+00    0.926065844917798087E+00    0.450377936955637142E+04   -0.683095152606773672E-03    0.778282682618653299E+00    0.878406365368322994E+01
    0.109052908660906334E+01    0.901976696211795215E+00    0.398563060869444598E+04   -0.675752537572911293E-04    0.766013548336344163E+00    0.878857842174741322E+01
    0.109052908660906334E+01    0.901976696211795215E+00    0.398563060869444598E+04   -0.675752537572911293E-04    0.766013548336344163E+00    0.878857842174741322E+01
    0.103101584239881250E+01    0.882778393034676423E+00    0.442411080972871332E+04    0.208411427148437830E-03    0.739335570464604408E+00    0.878873288720059520E+01
    0.103101584239881250E+01    0.882778393034676423E+00    0.442411080972871332E+04    0.208411427148437830E-03    0.739335570464604408E+00    0.878873288720059520E+01
    0.948748987722493609E+00    0.928898067858484389E+00    0.453074313053239985E+04    0.298396643923568364E-03    0.762588865376983893E+00    0.879124755574235550E+01
    0.948748987722493609E+00    0.928898067858484389E+00    0.453074313053239985E+04    0.298396643923568364E-03    0.762588865376983893E+00    0.879124755574235550E+01
    0.978351642600286731E+00    0.863310899304300605E+00    0.446588022275238927E+04    0.214994091047807486E-03    0.705040781321397803E+00    0.879676383462573064E+01
    0.975921566050066858E+00    0.985126055563150693E+00    0.428673041156599811E+04    0.227514203345127307E-03    0.748028134979204395E+00    0.879774511275799398E+01
    0.104284311410164743E+01    0.988110861760515657E+00    0.491418675993314901E+04    0.366128685394686117E-03    0.774781831168234403E+00    0.879988503845020986E+01
    0.104284311410164743E+01    0.988110861760515657E+00    0.491418675993314901E+04    0.366128685394686117E-03    0.774781831168234403E+00    0.879988503845020986E+01
    0.967843220130497173E+00    0.978738091617008976E+00    0.476473822615379140E+04   -0.154994801381282501E-03    0.777244924573853080E+00    0.880056658269589143E+01
    0.101129821805542863E+01    0.960086952952027284E+00    0.418184343033513142E+04   -0.106309455011695952E-03    0.756155942846816087E+00    0.880782508765417127E+01
    0.108256446298449260E+01    0.927546134797076149E+00    0.453743693018931208E+04    0.832579024383972555E-03    0.813060254613833133E+00    0.881097243487013770E+01
    0.946144475091425186E+00    0.871674401700602286E+00    0.466386128767977061E+04    0.609236038564290927E-04    0.750359633377551960E+00    0.881231646960763904E+01
    0.986247261300520539E+00    0.958268962661344093E+00    0.468102946834949216E+04    0.494181477668811952E-03    0.789650919807224239E+00    0.881630528055505458E+01
    0.101479572860444001E+01    0.866684332929644974E+00    0.460503096994684711E+04   -0.657714243290793543E-03    0.732837672201378298E+00    0.883609124694495129E+01
    0.103554537747713349E+01    0.910787243954230163E+00    0.487120920766079416E+04   -0.193909004944134894E-03    0.783069717958640110E+00    0.884045222981958290E+01
    0.100784143373823509E+01    0.914110803838589003E+00    0.485361214889432995E+04    0.106866622512313261E-02    0.754891399565256638E+00    0.884164927545370460E+01
    0.100784143373823509E+01    0.914110803838589003E+00    0.485361214889432995E+04    0.106866622512313261E-02    0.754891399565256638E+00    0.884164927545370460E+01
    0.981757169823783249E+00    0.883160670130509473E+00    0.497872555506554909E+04    0.777062800117780754E-03    0.756938464434065650E+00    0.885884325908118342E+01
    0.107789712783759684E+01    0.930547755561967227E+00    0.414033093754888068E+04   -0.214436011478740896E-03    0.797088815833302045E+00    0.885915905220755384E+01
    0.107789712783759684E+01    0.930547755561967227E+00    0.414033093754888068E+04   -0.214436011478740896E-03    0.797088815833302045E+00    0.885915905220755384E+01
    0.994594177480461195E+00    0.935432910799463557E+00    0.461739496516917916E+04    0.128339851244173287E-03    0.767228286902184919E+00    0.886605618672134810E+01
    0.994594177480461195E+00    0.935432910799463557E+00    0.461739496516917916E+04    0.128339851244173287E-03    0.767228286902184919E+00    0.886605618672134810E+01
    0.997769670364933470E+00    0.843188289328127394E+00    0.459713127808071386E+04    0.160671004674956799E-03    0.661705822045563274E+00    0.886712618773821326E+01
    0.997769670364933470E+00    0.843188289328127394E+00    0.459713127808071386E+04    0.160671004674956799E-03    0.661705822045563274E+00    0.886712618773821326E+01
    0.935330803741670658E+00    0.904643527532013714E+00    0.457767625629594477E+04    0.998363541460390978E-04    0.750005727187228355E+00    0.887521519115679070E+01
    0.100290073968077298E+01    0.920545958376842610E+00    0.494243719056948248E+04   -0.232091307396791938E-03    0.801935778269485477E+00    0.887599457168029282E+01
    0.100679327249526995E+01    0.933881007134914398E+00    0.483827390116453171E+04   -0.178432696558945847E-03    0.784800767898559570E+00    0.887896463802634273E+01
    0.102792554792393798E+01    0.965379672611409778E+00    0.498923383829369959E+04   -0.472860107463028841E-03    0.810523784878797837E+00    0.888770287803298231E+01
    0.107607930307050426E+01    0.955378278179411011E+00    0.409667526210985670E+04   -0.236078705341480832E-03    0.745952091021627850E+00    0.888929437259408317E+01
    0.994977876316674781E+00    0.902158109926330942E+00    0.457456259850348397E+04    0.676727515896473125E-03    0.728215587939522568E+00    0.888964962736737618E+01
    0.994977876316674781E+00    0.902158109926330942E+00    0.457456259850348397E+04    0.676727515896473125E-03    0.728215587939522568E+00    0.888964962736737618E+01
    0.108307801562831640E+01    0.908909348113391413E+00    0.455188895832517937E+04   -0.386971923310322464E-03    0.786054047468159323E+00    0.889255189022435388E+01
    0.108307801562831640E+01    0.908909348113391413E+00    0.455188895832517937E+04   -0.386971923310322464E-03    0.786054047468159323E+00    0.889255189022435388E+01
    0.104031532966860052E+01    0.990078788823501976E+00    0.451199717371213683E+04   -0.106291325880732721E-03    0.751260213444474689E+00    0.889764841975005893E+01
    0.104759870038192071E+01    0.991264135279762759E+00    0.498364380894632814E+04    0.171605403920695984E-03    0.767077258446674404E+00    0.891309373229341873E+01
    0.102991895506194697E+01    0.935484020759191015E+00    0.494963126544236638E+04   -0.384027850215435545E-03    0.787743202435597478E+00    0.891860329443305488E+01
    0.104255236332681211E+01    0.929678986215529024E+00    0.477309488640832933E+04    0.378969431150753388E-03    0.746431048282796494E+00    0.892470002238805549E+01
    0.966862098874254117E+00    0.948047332488875294E+00    0.445727119750152997E+04   -0.755502380888490037E-03    0.760108524031196886E+00    0.892990221098327552E+01
    0.948956235070887000E+00    0.825552394904583542E+00    0.473687873868671613E+04   -0.169087906773386252E-03    0.651204821997870997E+00    0.892999272491562657E+01
    0.101036113526148075E+01    0.991941545541725533E+00    0.481082707855087483E+04    0.384652800854806546E-03    0.755813778021960148E+00    0.893435497548296453E+01
    0.975554378623803453E+00    0.928465523611651022E+00    0.450199086277941478E+04    0.415473120385870243E-03    0.760378533495946751E+00    0.894366987182958084E+01
    0.992166838141640417E+00    0.969947962249967821E+00    0.486175173868680849E+04    0.266338969949369761E-03    0.738513860704488656E+00    0.894621568281706558E+01
    0.992166838141640417E+00    0.969947962249967821E+00    0.486175173868680849E+04    0.266338969949369761E-03    0.738513860704488656E+00    0.894621568281706558E+01
    0.104521461213997080E+01    0.940686576377554928E+00    0.423649765626950921E+04    0.205939276288920244E-03    0.799926101847205029E+00    0.894851738846066347E+01
    0.103723203403385700E+01    0.885277426708474868E+00    0.485357186998117140E+04   -0.386376210744208721E-03    0.786207056010844063E+00    0.894984678925069588E+01
    0.102666425681042961E+01    0.877712292445539166E+00    0.486479541547861936E+04   -0.187163114610747037E-03    0.717854653161648981E+00    0.895061549324722527E+01
    0.982690329182513755E+00    0.911730834679660651E+00    0.448249458726200464E+04   -0.783239042999548068E-03    0.777735200257050119E+00    0.895863413595149538E+01
    0.976257154192423982E+00    0.966679090728464363E+00    0.493668868191919955E+04    0.341578099625122484E-03    0.750115560792082969E+00    0.896258532083339787E+01
    0.934764314002734298E+00    0.884670584745242961E+00    0.486612975647283383E+04   -0.451173668338850434E-03    0.739989238046009468E+00    0.898107424341491978E+01
    0.970238872545488018E+00    0.907907500572329162E+00    0.449753105217796656E+04   -0.215628011788263362E-03    0.775810112566230670E+00    0.898223830833351933E+01
    0.105765409510775221E+01    0.966190674358170076E+00    0.491969218848345918E+04   -0.419509965005670734E-03    0.793239959331698774E+00    0.898695370766288804E+01
    0.103507159388469505E+01    0.907397948679303568E+00    0.463098692654961360E+04    0.472803833372360263E-03    0.793504937772751107E+00    0.899583966688679837E+01
    0.106622232926791005E+01    0.962191468088179347E+00    0.494585146965484364E+04   -0.296305332224367716E-03    0.789003828072987190E+00    0.899819744960812429E+01
    0.981109733575305731E+00    0.947388485554926163E+00    0.492557863068686584E+04   -0.105824292635690808E-03    0.743085942451933046E+00    0.900130266923149236E+01
    0.976514825463620117E+00    0.935691868936163518E+00    0.471163915514947803E+04   -0.737751538566376938E-04    0.772801015765183341E+00    0.900858809877557576E+01
    0.991055369716131951E+00    0.920244735637931743E+00    0.489835661081047965E+04   -0.123970898626487506E-03    0.746922887819376879E+00    0.901171849625418986E+01
    0.991055369716131951E+00    0.920244735637931743E+00    0.489835661081047965E+04   -0.123970898626487506E-03    0.746922887819376879E+00    0.901171849625418986E+01
    0.105425831384765267E+01    0.950450744363276923E+00    0.482678182877237123E+04   -0.502846594293036701E-03    0.790769116989551546E+00    0.902897453860062171E+01
    0.105837341854296230E+01    0.975140704132583358E+00    0.466905394825662825E+04   -0.476131827603177042E-03    0.788764726847815290E+00    0.904459484601584407E+01
    0.103143174522463044E+01    0.949370723357939261E+00    0.497511453959631763E+04   -0.345341930814479950E-03    0.789845951322946216E+00    0.905029250040427868E+01
    0.106671611504154762E+01    0.932055856658299042E+00    0.459239435865485302E+04   -0.209213316493502851E-03    0.787442239234732222E+00    0.905502785458342885E+01
    0.102798140144441041E+01    0.957173167161211258E+00    0.498417349113399632E+04   -0.174375980486593138E-04    0.747087701780845936E+00    0.905617003266834253E+01
    0.100489111332594661E+01    0.878775710982323321E+00    0.472915243350217679E+04    0.122663623936293325E-03    0.729550077922308970E+00    0.905675166452144254E+01
    0.100737797356641945E+01    0.927057476860857488E+00    0.413685923002433628E+04   -0.668255522118452386E-05    0.785948794022874209E+00    0.906464064434863204E+01
    0.106661106909517245E+01    0.952614776872808378E+00    0.421176167234458990E+04    0.868966722948108484E-04    0.781289487347137990E+00    0.907682518747272127E+01
    0.103550145247532344E+01    0.975931900481388004E+00    0.499264229712084580E+04    0.302794738555863820E-03    0.723684993066518012E+00    0.907708731935264623E+01
    0.961115742954035346E+00    0.902041871055269562E+00    0.464533538515362125E+04   -0.107358079469632194E-03    0.758944584678072909E+00    0.907833963611185091E+01
    0.988752835124861340E+00    0.932646728635228572E+00    0.468548306698129363E+04    0.567329696539021762E-03    0.763037941421427668E+00    0.909766170408778763E+01
    0.969648135002807110E+00    0.942936396787349418E+00    0.444383206120187242E+04    0.115105827691885628E-03    0.789502628404884499E+00    0.910072848488818309E+01
    0.106153196864800736E+01    0.925260582690042965E+00    0.459302791198402610E+04    0.722710794041527514E-03    0.791501203652815954E+00    0.910561027773426801E+01
    0.995663253877681287E+00    0.881352693614612326E+00    0.473799630849754976E+04   -0.248566592805905308E-03    0.735323556046155624E+00    0.910738212183843743E+01
    0.103433393107121163E+01    0.930365422028604505E+00    0.467753718617484719E+04    0.215326025722044440E-04    0.736913820622035476E+00    0.911351749041353898E+01
    0.992925867043507271E+00    0.869798617642261740E+00    0.484001622609321021E+04    0.815680501336835378E-03    0.734991563204128728E+00    0.911487028088964735E+01
    0.988199776028251931E+00    0.843451642507878296E+00    0.474894395562962200E+04   -0.160153050665382056E-03    0.682050059918812845E+00    0.912100919982227865E+01
    0.965290672418682272E+00    0.927244599991100316E+00    0.482022210023488151E+04    0.908081081473541247E-04    0.782615157805536588E+00    0.912191317981596939E+01
    0.969274001195579382E+00    0.987258042432863525E+00    0.493795156169515849E+04    0.105562840806916881E-02    0.768901609211962933E+00    0.912440579819747732E+01
    0.997319751083269090E+00    0.934780504389756128E+00    0.482916450524117681E+04   -0.449037977326917045E-03    0.788987701313117906E+00    0.912900852514704653E+01
    0.103797281081824533E+01    0.956980154716617681E+00    0.491436835206232081E+04    0.395145402145611366E-03    0.795332600469653928E+00    0.913007988693915706E+01
    0.945087692093716680E+00    0.843816680376175965E+00    0.493738430939736372E+04   -0.529547807621282896E-03    0.676252022073092984E+00    0.913392464169571205E+01
    0.945087692093716680E+00    0.843816680376175965E+00    0.493738430939736372E+04   -0.529547807621282896E-03    0.676252022073092984E+00    0.913392464169571205E+01
    0.981952939365286159E+00    0.926506189553393145E+00    0.456136031214435570E+04    0.717424688461614304E-04    0.793265166047920189E+00    0.913405784420374012E+01
    0.986364986295122481E+00    0.982198517713783636E+00    0.488293270831494920E+04   -0.195657764726166357E-03    0.770982051102367283E+00    0.914537264346405898E+01
    0.946857098708109413E+00    0.935986407518788144E+00    0.457766971182707948E+04    0.163374563972560043E-03    0.765789293179821251E+00    0.915114295290951318E+01
    0.995464967535000467E+00    0.917121752470461349E+00    0.473006418391354964E+04   -0.196914496283588923E-03    0.802103030546428175E+00    0.915480312833306797E+01
    0.985598729943485963E+00    0.948329109792220293E+00    0.482061691239788433E+04   -0.333058209372402237E-03    0.784413076555357636E+00    0.915486445924015158E+01
    0.966106380005533172E+00    0.831087768871623167E+00    0.452610850640457920E+04   -0.599091710766242738E-04    0.625420743246924760E+00    0.916259879645079245E+01
    0.108757450506413544E+01    0.935945140262366526E+00    0.463645437586329535E+04    0.186577581853214562E-03    0.780876941501550292E+00    0.916338839129256577E+01
    0.945816829650092616E+00    0.941483675829711597E+00    0.490405607127453095E+04   -0.214372066763530983E-03    0.779908704171583533E+00    0.916721926157226008E+01
    0.965713786280601560E+00    0.856986244502491723E+00    0.484168091258747882E+04    0.272074837612583810E-03    0.675916010188151395E+00    0.917186863377535211E+01
    0.102793286464193745E+01    0.884582861343369276E+00    0.480504903384321824E+04   -0.289917736133932615E-03    0.754676572953143276E+00    0.918397127745306818E+01
    0.102275153804361918E+01    0.866817172269732206E+00    0.463092166871504196E+04   -0.275441085900251397E-03    0.698118443241221076E+00    0.919254775792911261E+01
    0.953135265119294028E+00    0.899801557411727515E+00    0.493203286224416752E+04    0.273235822552494523E-03    0.737025927793633295E+00    0.919634208029720313E+01
    0.103134214968939886E+01    0.937014270484154088E+00    0.497039891059901129E+04    0.747062189241614835E-03    0.779383399556328293E+00    0.920213899168424732E+01
    0.954073816043081613E+00    0.918934102357103932E+00    0.485712117527892042E+04    0.401878917710719907E-03    0.761346095805729206E+00    0.920400525461808883E+01
    0.965970779177155681E+00    0.847387018949575910E+00    0.489928378643363612E+04    0.124446827145246075E-03    0.701257414818015623E+00    0.920662766187432346E+01
    0.100208667473100266E+01    0.891801042181747272E+00    0.437932069663897255E+04    0.279555195913138539E-03    0.721793742638903613E+00    0.921030170148204874E+01
    0.986133555804250328E+00    0.961400239360048370E+00    0.470457743710967679E+04    0.549847807030713574E-04    0.761801331612811383E+00    0.921349427810022092E+01
    0.986133555804250328E+00    0.961400239360048370E+00    0.470457743710967679E+04    0.549847807030713574E-04    0.761801331612811383E+00    0.921349427810022092E+01
    0.101992558044610693E+01    0.911747322515846670E+00    0.442815276585550419E+04    0.794363929163750793E-03    0.799791713181365771E+00    0.921433124691923133E+01
    0.973151589813627038E+00    0.882489768745019387E+00    0.481156540325546302E+04    0.283481466516083012E-03    0.775538699837369450E+00    0.921935185610484709E+01
    0.986964129035359350E+00    0.931325108721202666E+00    0.485879833300786686E+04   -0.660248860878454757E-04    0.777682739148017332E+00    0.923177079677926926E+01
    0.981109782373234540E+00    0.983350525526010655E+00    0.499558507419640500E+04    0.149265157377172398E-03    0.747153409346413833E+00    0.923568876245250436E+01
    0.104969125785379802E+01    0.929131196537905102E+00    0.497708585064777071E+04   -0.278182912037945357E-03    0.815445584669412082E+00    0.923792897095440857E+01
    0.102189794224053165E+01    0.980549354777007554E+00    0.482504482362037925E+04   -0.365273404162369530E-03    0.773473531942809878E+00    0.924068048683006538E+01
    0.102004379524942412E+01    0.920011934196064751E+00    0.452690167207664854E+04    0.539322850762997659E-03    0.797857268765888916E+00    0.924797281629822976E+01
    0.102734401796807040E+01    0.941863870697682293E+00    0.499299597787232142E+04    0.220944262896373065E-03    0.757475581403959430E+00    0.925411250333996094E+01
    0.101798106606706118E+01    0.960567414953172882E+00    0.481041278626372241E+04   -0.176173122386099012E-03    0.779218332343995512E+00    0.925839521601388959E+01
    0.967347688752103751E+00    0.820336973734959507E+00    0.493874105017611782E+04    0.144045095155310532E-03    0.624134010572582554E+00    0.927290837254126643E+01
    0.104826552576798981E+01    0.922480156894852521E+00    0.451056586598481590E+04    0.167424919303738414E-03    0.788667401359671172E+00    0.927410240625113858E+01
    0.107277805147374794E+01    0.953334271581834924E+00    0.491404179020623633E+04   -0.770112371968689128E-03    0.803286281857726325E+00    0.927686709336236781E+01
    0.103722133808422678E+01    0.931351377508948919E+00    0.493876974662741941E+04   -0.364783029104832145E-04    0.796645366170152136E+00    0.928026725395458740E+01
    0.104714568141130537E+01    0.962095078426287165E+00    0.492298170170072899E+04   -0.298033788877740541E-03    0.788659634075177807E+00    0.928385819615783703E+01
    0.104385965866537767E+01    0.980396704977649414E+00    0.491360502986629854E+04   -0.693475533661297184E-04    0.761136287792083310E+00    0.928969061308069399E+01
    0.105859795996788852E+01    0.929887316630657490E+00    0.460769578128226476E+04   -0.425820941159088583E-03    0.768221749568133161E+00    0.930132513926008109E+01
    0.975570121987896277E+00    0.890469259257055668E+00    0.497308597441007169E+04    0.692842031601563371E-04    0.755680746283883265E+00    0.930259706447304779E+01
    0.107233179739453921E+01    0.909461766424146667E+00    0.444272426118895237E+04    0.228638156751535175E-03    0.788995395175123626E+00    0.930840371344863193E+01
    0.104252654808182466E+01    0.975208962513052113E+00    0.497622394100370911E+04    0.129237428018280171E-03    0.787133092760135655E+00    0.930952068419809819E+01
    0.105016062882246275E+01    0.943909341195032447E+00    0.481530139653767219E+04    0.358705683791893457E-03    0.783823456186087619E+00    0.931021345077871665E+01
    0.100640263977917921E+01    0.926331575377568828E+00    0.498978845751591871E+04   -0.238612226061450726E-03    0.782413203665538570E+00    0.932646426270935791E+01
    0.105997238253066284E+01    0.967812028755063780E+00    0.495096793045951017E+04   -0.202340882307244129E-03    0.770069084842258222E+00    0.933793516566358051E+01
    0.100897922635414128E+01    0.935671230993616598E+00    0.471204957387718605E+04   -0.278365716092862872E-04    0.790770716662652862E+00    0.934687067451725184E+01
    0.101775139245882529E+01    0.960880277983882758E+00    0.490995473146739550E+04   -0.180789577453940073E-03    0.777902568346840129E+00    0.935140059434433191E+01
    0.111596603186484966E+01    0.936638022864367703E+00    0.432130659382829253E+04   -0.564664782230729504E-03    0.788707650120629156E+00    0.935150523774699138E+01
    0.104765559558183763E+01    0.954427792924395058E+00    0.479409898863055696E+04    0.125151751221390881E-04    0.791950698148231380E+00    0.936846320232018925E+01
    0.103938759575737971E+01    0.960976037783689785E+00    0.465008543756357176E+04    0.155156483315776252E-03    0.761942715716113828E+00    0.937374692153528422E+01
    0.102453406642787126E+01    0.941257440779080246E+00    0.493370683526158791E+04    0.956742307792775109E-03    0.783765956557937127E+00    0.937507857753285734E+01
    0.105512827745754412E+01    0.933729270753312246E+00    0.498210128625683592E+04   -0.646243755596523839E-03    0.775152111655698972E+00    0.937555810578148296E+01
    0.100768680482434458E+01    0.925034926024956183E+00    0.484122363028491964E+04    0.130174055746499204E-03    0.790917904814212869E+00    0.937650817938399683E+01
    0.970420735780449406E+00    0.968641279177954395E+00    0.493723780766476648E+04    0.580675912858973206E-03    0.760234048184620037E+00    0.937910218675109419E+01
    0.104320801682009168E+01    0.925700266301310748E+00    0.475040027796888171E+04    0.432802094912206059E-03    0.777495964952755192E+00    0.938582773676880677E+01
    0.100526922880116909E+01    0.899038821036384328E+00    0.492218511514669626E+04    0.481399495994324134E-04    0.738929203811780067E+00    0.938659559612006156E+01
    0.107431876130050030E+01    0.921412378725317005E+00    0.426688895130292349E+04   -0.419231455704656951E-03    0.773028825452188650E+00    0.939193898670338712E+01
    0.101144257977927010E+01    0.940327711713372816E+00    0.477992844556858745E+04    0.154424146326984909E-03    0.751867935458212289E+00    0.939422389768209776E+01
    0.106528474490976044E+01    0.978250070909547298E+00    0.475041807384972162E+04    0.114663879773877362E-03    0.758995837537327245E+00    0.939481873465529915E+01
    0.984362299586435840E+00    0.848027920125388635E+00    0.461523329031236244E+04   -0.441870873551814946E-03    0.659089556917309971E+00    0.939562544712232750E+01
    0.101875772858192470E+01    0.972481247122570003E+00    0.498093660976012416E+04    0.447271620566651947E-03    0.734214704087071679E+00    0.939651929144526221E+01
    0.104414005250134267E+01    0.968861580010255796E+00    0.479952027258317867E+04    0.955667070662725965E-04    0.752298251288748387E+00    0.941907470863167262E+01
    0.103772527123680747E+01    0.980362524396023005E+00    0.494670275684716944E+04   -0.491587284844307248E-03    0.781035815229249031E+00    0.941980073191020573E+01
    0.992359876771025551E+00    0.951150409025663057E+00    0.479287935629179083E+04    0.569303164815099903E-04    0.782980235961030058E+00    0.941985482530967388E+01
    0.102947688090874356E+01    0.998806496452080750E+00    0.484157135779442888E+04    0.631525469211553721E-04    0.744741422040597234E+00    0.942746481852542040E+01
    0.100982409443564869E+01    0.897673641599582850E+00    0.485535968051114196E+04   -0.274478217901602290E-03    0.754578893592309230E+00    0.942780691297404871E+01
    0.100914634707054307E+01    0.934238462663689262E+00    0.497563698965463846E+04    0.602816046582625611E-03    0.798376215974550218E+00    0.942805722063726392E+01
    0.104568030169592174E+01    0.958522938824448945E+00    0.497136820778735182E+04    0.324848121341272727E-03    0.768402958267976444E+00    0.942980510702540187E+01
    0.107809243574624469E+01    0.994101518586450905E+00    0.437955418772427947E+04   -0.673458506061106366E-03    0.743225239608450439E+00    0.943417985954915750E+01
    0.944283694398341922E+00    0.803208451906181953E+00    0.484999147787364200E+04   -0.181259357830616395E-03    0.594747217200683465E+00    0.943516308360886846E+01
    0.105680582548905422E+01    0.846433548324934337E+00    0.471614428564854188E+04   -0.186114786131342207E-03    0.678270738382979910E+00    0.943608434082228698E+01
    0.962961505356047187E+00    0.893694599528038314E+00    0.498955904106639082E+04    0.441853311374613999E-03    0.738757778263051890E+00    0.943721013962073130E+01
    0.100343790649328701E+01    0.942019025235714791E+00    0.490789303407364514E+04    0.111173635946687307E-03    0.748574329226378676E+00    0.943777736732011263E+01
    0.970011252070897889E+00    0.931413748833952559E+00    0.479034390355551295E+04    0.818609418520822933E-04    0.788698833166031843E+00    0.944682632070063022E+01
    0.970043463794672545E+00    0.905647773464654193E+00    0.495483665054863104E+04    0.406827399062323022E-03    0.773190895309371573E+00    0.944826711781640327E+01
    0.105622512060100715E+01    0.976787712150939624E+00    0.461506301008000628E+04   -0.193700999863354782E-03    0.773556471554838976E+00    0.944885168647482843E+01
    0.990143621744647762E+00    0.957540326031561917E+00    0.470404076295875893E+04    0.855057042598071035E-04    0.781409474015285266E+00    0.945057122219429679E+01
    0.101604913121156781E+01    0.909537710552466683E+00    0.445245354325941753E+04    0.420732448916716838E-03    0.761810793703209144E+00    0.946050437136461930E+01
    0.103237835913905496E+01    0.978918449541656410E+00    0.483960888393138703E+04    0.963655012540695454E-04    0.747205376502387386E+00    0.946126517297984293E+01
    0.105095220338501161E+01    0.925919620485042283E+00    0.497742378700989138E+04   -0.401843706846395361E-03    0.783583455663015904E+00    0.947725317881488749E+01
    0.100831446784065815E+01    0.867382311379295778E+00    0.498371403305851618E+04   -0.381211852330984389E-03    0.720708362125385915E+00    0.947780504968550552E+01
    0.107037097088989119E+01    0.919596995256559802E+00    0.446878753524165404E+04    0.488956486774713445E-03    0.795237235801386722E+00    0.947994509408737152E+01
    0.105200426100724820E+01    0.974383841815490648E+00    0.496405759350896096E+04    0.295834765897364600E-03    0.732445665832044179E+00    0.948011102479918399E+01
    0.101728716091165183E+01    0.914697848051739815E+00    0.498022776529764906E+04    0.127382996737156429E-03    0.759673867434510930E+00    0.948834232354748863E+01
    0.100302685502646383E+01    0.974433115657465043E+00    0.484772968999579916E+04   -0.442454500585303409E-03    0.766692848460316823E+00    0.948869466960851327E+01
    0.101793361878803901E+01    0.938801861663888570E+00    0.416918609991616268E+04    0.259892761447985134E-04    0.758850298515570287E+00    0.949237550058211532E+01
    0.100371069962950221E+01    0.900331390066917314E+00    0.460227985598309988E+04   -0.162206287347029714E-03    0.771657748811236721E+00    0.949280364660574527E+01
    0.997563275448114961E+00    0.961593195056933081E+00    0.468124388603372154E+04   -0.866769311262752669E-04    0.773059237494472251E+00    0.949562963835882812E+01
    0.987564893814187772E+00    0.915495006406051415E+00    0.486753832632783997E+04    0.269976081956818344E-03    0.762362216375562229E+00    0.949607492627077932E+01
    0.972999505213969718E+00    0.962240917027136211E+00    0.479038287082769421E+04    0.651972473050639931E-04    0.745656049556446932E+00    0.949818915282717668E+01
    0.949959497844060086E+00    0.920016486461724847E+00    0.478727773895181781E+04   -0.154713584168012771E-03    0.777457710592289963E+00    0.950814758549057615E+01
    0.103268849515025463E+01    0.926478542297199281E+00    0.487248107790110589E+04    0.185400652121497027E-03    0.800238421234908626E+00    0.951606457108646886E+01
    0.997598573566303104E+00    0.953383378280577842E+00    0.481124062004216648E+04    0.351571514017743529E-03    0.786595702584685363E+00    0.951769786575552246E+01
    0.103453382296659080E+01    0.921892767039988570E+00    0.487378315763152295E+04   -0.268764256090096507E-03    0.781968269332868227E+00    0.952352704531519478E+01
    0.956141934563081497E+00    0.900455203578828578E+00    0.431030787274255817E+04    0.293550652675724400E-03    0.777049690775645563E+00    0.952844365034240326E+01
    0.103399492383582814E+01    0.917949156563093838E+00    0.423639185637480477E+04    0.728401035708279942E-04    0.760326884316977369E+00    0.953351899384293411E+01
    0.961733823605084304E+00    0.946627629558079775E+00    0.446325025427805031E+04    0.472557583181201432E-03    0.783727610397784824E+00    0.953373175934216022E+01
    0.950521395594940977E+00    0.796424699745678533E+00    0.485382681468784449E+04   -0.775535030663447707E-05    0.567136034000235933E+00    0.954479010568615749E+01
    0.952821082957191701E+00    0.927201071745016758E+00    0.491549798153973279E+04    0.567693871794741189E-03    0.757976823393287202E+00    0.955561142003444530E+01
    0.102036345149021690E+01    0.935841987556019994E+00    0.467542335354873921E+04   -0.471932044345755415E-03    0.786080527941661611E+00    0.956352679103766690E+01
    0.102644406387563292E+01    0.896045266098502435E+00    0.484985755203277495E+04   -0.143679422901281720E-03    0.792412374777018647E+00    0.957274059300170777E+01
    0.105184232285176127E+01    0.974171208274377087E+00    0.488468954040599783E+04    0.244912364743448514E-03    0.751503301193932161E+00    0.957379401786194606E+01
    0.100699579084083402E+01    0.917303541417183066E+00    0.479325691526439277E+04   -0.189591021104251750E-03    0.779432311941748335E+00    0.959421443754376391E+01
    0.101938884380916894E+01    0.985102334018633674E+00    0.486895346057670577E+04   -0.155657150605077824E-03    0.747899598968184143E+00    0.959662299794615237E+01
    0.105321523312760390E+01    0.926885779558789480E+00    0.497891323571382873E+04   -0.768271028256782172E-03    0.798330251578132977E+00    0.960969223928395877E+01
    0.989365392581193825E+00    0.922632521656466476E+00    0.485947615347903411E+04    0.289418175945909317E-03    0.776711006845578811E+00    0.961032370772745992E+01
    0.980310800435829077E+00    0.893748205614405045E+00    0.479733266679560620E+04    0.158671505462259138E-03    0.780977441553975527E+00    0.961089570952075967E+01
    0.974718412068994677E+00    0.798319269218825123E+00    0.495541039629238185E+04   -0.132246402509110549E-03    0.574006976178407347E+00    0.961213632717036326E+01
    0.105185751909410508E+01    0.948370439846640600E+00    0.484066637882204122E+04   -0.474858377552011281E-05    0.764488898073565792E+00    0.961451253261838445E+01
    0.998700041154161000E+00    0.959168393585268175E+00    0.492348313098526887E+04    0.347718337782014443E-03    0.749096565433962747E+00    0.961630007619668348E+01
    0.103264575621765009E+01    0.910839870502040072E+00    0.463559430341212465E+04    0.144950443891551852E-03    0.756493166812257756E+00    0.961988319734498987E+01
    0.983713786588306549E+00    0.934101246878975000E+00    0.487647859045206405E+04   -0.292082149943938789E-04    0.780229943516324354E+00    0.962076261411859512E+01
    0.102490179332831222E+01    0.890753639311421264E+00    0.461522172105582104E+04   -0.472196413600192103E-03    0.760108605671684368E+00    0.962176249177443133E+01
    0.110322518465104125E+01    0.998148238966585666E+00    0.498569131257918434E+04    0.553469445381554211E-04    0.777676045769655100E+00    0.963672681522689345E+01
    0.104667931718761542E+01    0.899936691143354728E+00    0.484040600905219162E+04   -0.523751891635679278E-03    0.772705035267060691E+00    0.963798870286290388E+01
    0.101071366232054505E+01    0.869130871116689629E+00    0.453649197892465509E+04    0.450666842286078054E-04    0.738534181317581306E+00    0.965203721940861570E+01
    0.103303572307408298E+01    0.915840244510979895E+00    0.488406857429046795E+04    0.143163366569129703E-03    0.771009295156695251E+00    0.965525956668126284E+01
    0.106584275387400740E+01    0.981719619053766368E+00    0.491480982416486495E+04   -0.513556433761525261E-03    0.755947615870550704E+00    0.967473431638654802E+01
    0.104577299384248468E+01    0.917516448024574105E+00    0.486504563379640604E+04    0.203821283857759345E-03    0.796159495370451498E+00    0.968269638998821236E+01
    0.949569038654893283E+00    0.952755526432144229E+00    0.491885849457291351E+04    0.459562793294117356E-03    0.778536662491015941E+00    0.968873077205904387E+01
    0.963656327708498184E+00    0.873207696998487881E+00    0.468709374523617862E+04    0.400754659650566787E-04    0.726059280647962435E+00    0.969523333276911714E+01
    0.106318498788404869E+01    0.995513258927883227E+00    0.491113856940198002E+04   -0.103905637661875290E-03    0.720473407574424907E+00    0.969663242046113893E+01
    0.990590094762460405E+00    0.933023994538352941E+00    0.488802623754211800E+04    0.196728446705788724E-03    0.789749691558455424E+00    0.970323205241120768E+01
    0.105184728013833273E+01    0.950383730602510912E+00    0.479451297256120597E+04   -0.170404160400877263E-03    0.787589746054760287E+00    0.971226550394406907E+01
    0.106085180238765142E+01    0.895217535920282637E+00    0.463656022188809675E+04   -0.100696083319075434E-03    0.720563830336641620E+00    0.972349593776266019E+01
    0.101935855196342473E+01    0.948537684846101570E+00    0.486819536581404554E+04   -0.289630907591644014E-03    0.791492569407567625E+00    0.972491946846766631E+01
    0.988476509521660551E+00    0.928184507151303961E+00    0.486709212677683990E+04    0.573273575991506672E-03    0.791339444000557668E+00    0.972584761212689486E+01
    0.104110174312254111E+01    0.838024531346987622E+00    0.485054222066358216E+04   -0.539783019355727042E-03    0.658621565897543837E+00    0.974196293697893978E+01
    0.100954772054157416E+01    0.963211066430229579E+00    0.477752292989032776E+04   -0.738884158189465035E-04    0.772714909376849501E+00    0.974252309592689869E+01
    0.105294482388035449E+01    0.939276475725171589E+00    0.497677611843768591E+04   -0.647535904345533436E-03    0.803968333677170688E+00    0.974343955129105410E+01
    0.984269188894979385E+00    0.929883705254610060E+00    0.496898498657566870E+04    0.174661939764573289E-03    0.764511224951274548E+00    0.974839639879637510E+01
    0.935864688914410214E+00    0.881311666140713212E+00    0.476444757328198375E+04   -0.323872870296498013E-03    0.737536778929528736E+00    0.974938343679100328E+01
    0.105337349764927457E+01    0.918496234745868834E+00    0.491186529062026511E+04   -0.259553620192183674E-03    0.776370643557295570E+00    0.975934807746881283E+01
    0.991496683311471116E+00    0.963443511535264641E+00    0.473187784986905535E+04    0.824273029933490135E-04    0.746092739558171014E+00    0.977215948340061580E+01
    0.104461028216185658E+01    0.989223361491046171E+00    0.497888987727461608E+04    0.217858146786784293E-04    0.727431242805614331E+00    0.100924752674154519E+02
    0.101165673037811121E+01    0.983656071484410477E+00    0.483634740442965813E+04   -0.144054900240950159E-03    0.733594851710129725E+00    0.102009300292832421E+02
    0.103143440176183465E+01    0.959674195255945217E+00    0.489911290176063630E+04   -0.118157496857246400E-03    0.746428977060197063E+00    0.101631871078768548E+02
    0.103828494755338419E+01    0.976597061362638019E+00    0.494147132654309371E+04   -0.300698250983199047E-04    0.782136757822182171E+00    0.996391500730700841E+01
    0.101902396840392040E+01    0.976137709891606309E+00    0.483224830579883564E+04   -0.120757834603615611E-03    0.751473971699156973E+00    0.100176832830944615E+02
    0.105065437743343404E+01    0.961749070094346847E+00    0.480364112409523113E+04   -0.193271272211460607E-03    0.780938271750656665E+00    0.103812992508357667E+02
    0.105273026076800225E+01    0.963780727191549058E+00    0.480261863942183118E+04   -0.105847816444856754E-03    0.749888275786942837E+00    0.100718655665053589E+02
    0.105426344301380714E+01    0.958044169873663920E+00    0.480562193369910983E+04   -0.442217733340921799E-04    0.776685684258685449E+00    0.105091377223457751E+02
    0.105426344301380714E+01    0.958044169873663920E+00    0.480562193369910983E+04   -0.442217733340921799E-04    0.776685684258685449E+00    0.105091377223457751E+02
    0.105607282490869103E+01    0.970763935577387382E+00    0.481410318667139654E+04   -0.275928072538278218E-03    0.743682514989604582E+00    0.100083018211977102E+02
    0.106118804515731502E+01    0.975900942150145556E+00    0.481510332597160414E+04   -0.799216905678589145E-05    0.774298285091653327E+00    0.988486302482358070E+01
    0.108227288911730612E+01    0.960748274461173724E+00    0.486989057282174235E+04    0.168131569538776599E-06    0.735320761264400824E+00    0.982093540313891289E+01
    0.106572948006454471E+01    0.992213217492924127E+00    0.474153349167618308E+04   -0.569282623874484058E-04    0.765173727800277925E+00    0.982670495603095517E+01
    0.108580426755331549E+01    0.951863731473178487E+00    0.482288999721370692E+04   -0.765186963881101971E-04    0.761856428808644570E+00    0.102718080435459349E+02
    0.104788300345470509E+01    0.960665519971026338E+00    0.480238771525997890E+04    0.109418101524444100E-03    0.752485252281255512E+00    0.102165938807822396E+02
    0.104483218349480445E+01    0.941467355034299347E+00    0.482155461665678285E+04   -0.474892612388767250E-06    0.772060081736988812E+00    0.101723575718764163E+02
    0.109376574924353309E+01    0.962509789287515516E+00    0.466874993646133225E+04    0.566547022135543570E-04    0.784839127609971765E+00    0.993061476752331451E+01
    0.108977168902636357E+01    0.949990227375193119E+00    0.480618446984526236E+04    0.264907775605828521E-03    0.780704766580755383E+00    0.101147087526199044E+02
    0.107936813033916201E+01    0.972978235337052411E+00    0.489193340580099994E+04    0.388844971399883769E-03    0.784896453289837814E+00    0.102931190661759224E+02
    0.107928296606076857E+01    0.972904612478551534E+00    0.489176846688063506E+04    0.226523089323099548E-03    0.766375367254401141E+00    0.106560681955659327E+02
    0.107307442934476516E+01    0.963246972239300558E+00    0.495506657382203139E+04    0.152703858234270209E-03    0.755128789370298703E+00    0.105689060941876392E+02
    0.101872049047997293E+01    0.959355833279813885E+00    0.485987347101488831E+04   -0.227856045639397231E-03    0.767410612184826979E+00    0.997338871096053126E+01
    0.105744458571701538E+01    0.933605526824820009E+00    0.496034590778757592E+04   -0.118862394934094083E-03    0.747213773343671672E+00    0.996139719101675070E+01
    0.108364305972568342E+01    0.961279381608319605E+00    0.496919949200220799E+04    0.196331406017760429E-03    0.773126301750160838E+00    0.100748327240178739E+02
    0.102232732049433395E+01    0.946450932307539738E+00    0.468344001299417596E+04   -0.431595812181204347E-03    0.769782885116685245E+00    0.990048231759644537E+01
    0.105261498666847397E+01    0.939033042087592085E+00    0.469853904241490727E+04   -0.798239216027697533E-03    0.776198387881925078E+00    0.100428382017647024E+02
    0.103694896482216259E+01    0.935724274138399537E+00    0.473624801183568343E+04   -0.670504690459445413E-03    0.768277109442824679E+00    0.104232582049087750E+02
    0.107510908167304886E+01    0.915495975815066032E+00    0.486988859056641013E+04   -0.230554440466472163E-03    0.770560142407127335E+00    0.108746198790483284E+02
    0.105349621658123138E+01    0.911177737590344705E+00    0.485308986105343229E+04   -0.519166855943833981E-03    0.763856254275433355E+00    0.106727638675492464E+02
    0.106582558450078757E+01    0.967706833719419235E+00    0.459000186113024938E+04   -0.307547476748703857E-03    0.768376391715358431E+00    0.102088559357147481E+02
    0.104162799587438393E+01    0.974123466109279135E+00    0.457430245010465114E+04   -0.141907026362713914E-03    0.756327110518910439E+00    0.983194738453942740E+01
    0.106259016774019766E+01    0.969388503560174364E+00    0.447982818454102744E+04   -0.283084603182511224E-03    0.773683091377185272E+00    0.985593523673497174E+01
    0.107135529268416341E+01    0.990354988898847099E+00    0.459093633468908411E+04   -0.290673406236247630E-03    0.762238559058496690E+00    0.979183449774173376E+01
    0.108302842116654174E+01    0.984853767736463492E+00    0.474160508406230929E+04   -0.548538288119640232E-03    0.776034914704210155E+00    0.979093592442768568E+01
    0.984763500430551719E+00    0.862258172716782956E+00    0.480313329575846456E+04    0.302554133515236373E-03    0.703112494775805175E+00    0.100972828795137222E+02
    0.985852651593109752E+00    0.867439415949463721E+00    0.479457371168026475E+04    0.150070259723567663E-03    0.694439191242486875E+00    0.102125880443717207E+02
    0.966269074790047644E+00    0.870662117948249437E+00    0.479786652172841514E+04   -0.283942097023843664E-04    0.722169465233233665E+00    0.984582605985146486E+01
    0.102565194706109453E+01    0.944903542006106489E+00    0.485998803439772291E+04   -0.677876585011928765E-03    0.756296351288690327E+00    0.992333199122950482E+01
    0.101683058590148101E+01    0.961641386944540377E+00    0.482859753863580136E+04   -0.431432255829703273E-03    0.777459709585193393E+00    0.978413947109938675E+01
    0.107945897688090220E+01    0.948557461179956762E+00    0.486508864379234456E+04   -0.569510010163595728E-03    0.791107103911843357E+00    0.995332904873909996E+01
    0.107023963211851347E+01    0.948013767319627831E+00    0.480250157082897749E+04   -0.649019988724627590E-03    0.768690535664380392E+00    0.103547220264124959E+02
    0.109572306919893903E+01    0.942063441435146087E+00    0.486967557225463406E+04   -0.559922356449508388E-03    0.777161493883584020E+00    0.106343294537937325E+02
    0.109572306919893903E+01    0.942063441435146087E+00    0.486967557225463406E+04   -0.559922356449508388E-03    0.777161493883584020E+00    0.106343294537937325E+02
    0.100152862558265854E+01    0.955168121885079602E+00    0.490200337776812557E+04   -0.509591131837167153E-03    0.767706242657788973E+00    0.103309102025490258E+02
    0.100452495150760379E+01    0.943129925304238226E+00    0.484883551018455091E+04   -0.331744890153375463E-03    0.777934904364689928E+00    0.994887552802318176E+01
    0.103261452206528448E+01    0.952792319775063401E+00    0.494178198877487375E+04   -0.176706791619150302E-03    0.784364013036597640E+00    0.102439116186076795E+02
    0.101051658888965012E+01    0.936420777008241223E+00    0.499945154391255437E+04   -0.538002142064935001E-03    0.784299655303007714E+00    0.102057864804274097E+02
    0.102108790839613928E+01    0.957831957019926294E+00    0.491097812181882546E+04   -0.414598744532249563E-03    0.766151859042614403E+00    0.100298704392387297E+02
    0.103641779916864341E+01    0.983033946346453358E+00    0.499153330025668583E+04   -0.413215961612903380E-03    0.754594515261491572E+00    0.993134519525326631E+01
    0.106987547088683699E+01    0.939664696555182921E+00    0.493355501346787514E+04   -0.542192914207550959E-03    0.789362457600867873E+00    0.100589502633539922E+02
    0.105232233978355683E+01    0.969266039010864500E+00    0.490107552051357197E+04   -0.354050297796353454E-03    0.761098826219002822E+00    0.103328378941915346E+02
    0.103550434600463559E+01    0.941242914534771158E+00    0.498851023842184895E+04   -0.599667236319537415E-03    0.767079304861663203E+00    0.105049502753328099E+02
    0.105043871491284357E+01    0.927508184829671900E+00    0.497760689712059593E+04   -0.504623637003874287E-03    0.770707831177858682E+00    0.989121928534554939E+01
    0.107282692478618880E+01    0.974670992642108769E+00    0.499702821602738732E+04   -0.641196499245820051E-03    0.765814202885792050E+00    0.101238854291294906E+02
    0.105533638459862855E+01    0.951281892327935474E+00    0.495156650702504521E+04   -0.491990135645878519E-03    0.788768676425749216E+00    0.102857984563200979E+02
    0.103973861647385046E+01    0.967367757108264392E+00    0.494895418308604985E+04   -0.454379861369881707E-03    0.787352529288919079E+00    0.101845316328124831E+02
    0.103996097609945126E+01    0.942253703596458658E+00    0.494196799976297007E+04   -0.297167759705538315E-03    0.793309001391861668E+00    0.989053556853626858E+01
    0.102521417673957416E+01    0.927470253112310128E+00    0.488920291405442640E+04   -0.596065190235432881E-03    0.768945405073713895E+00    0.106950977193490235E+02
    0.102694989575967899E+01    0.916027227891006213E+00    0.487204702097588779E+04    0.187653406304758258E-03    0.760702430984255384E+00    0.104014354909690354E+02
    0.100996845464287133E+01    0.921856751729703161E+00    0.476759531141940715E+04    0.398455252948554334E-04    0.782257731761481834E+00    0.997859829288474032E+01
    0.100074274468546554E+01    0.934745326057785375E+00    0.478255012134595290E+04    0.400695510848164102E-04    0.756776419341218420E+00    0.100842152137262140E+02
    0.102232688555310425E+01    0.920764126855182385E+00    0.480353660247567313E+04    0.854988606235347587E-04    0.754893293203567128E+00    0.105732170030814991E+02
    0.101762554292428486E+01    0.948763232596180006E+00    0.493971465792896015E+04    0.848636846053235796E-04    0.758942673467866591E+00    0.991288632577560236E+01
    0.990677731190671595E+00    0.933167230260429026E+00    0.493442930435361905E+04   -0.569199258865384135E-04    0.753621535876857318E+00    0.983313448427702852E+01
    0.103704587656523040E+01    0.952560806314130093E+00    0.496230011714349348E+04    0.882096373254788316E-04    0.760789163085970999E+00    0.982467209320124013E+01
    0.102877534028947126E+01    0.957351431316490586E+00    0.498071423546202095E+04    0.161946118273906400E-03    0.757071510816472060E+00    0.102144438731397535E+02
    0.103488910678753521E+01    0.948623262717195104E+00    0.499271186909839071E+04    0.220821655191320339E-03    0.757378266925577304E+00    0.100800874062680226E+02
    0.103572874397206771E+01    0.960882245516731182E+00    0.489288733485483681E+04    0.163227256522278626E-03    0.769807523757660928E+00    0.103093142287905906E+02
    0.101131076078247606E+01    0.952073237161801367E+00    0.488122848620354489E+04    0.243289532994496677E-03    0.772369541134981796E+00    0.986628652019216723E+01
    0.100560017077051822E+01    0.921611118008413222E+00    0.488933831111284780E+04    0.637799996673071992E-04    0.757935588814233618E+00    0.102950328276901288E+02
    0.100560017077051822E+01    0.921611118008413222E+00    0.488933831111284780E+04    0.637799996673071992E-04    0.757935588814233618E+00    0.102950328276901288E+02
    0.982150648872137877E+00    0.946705082141137466E+00    0.498981816753237035E+04    0.693618364481888368E-03    0.790223950782664497E+00    0.998158221780863286E+01
    0.969848009638082487E+00    0.943265331452900702E+00    0.488253116871884140E+04    0.555086232230258709E-04    0.776274436881817742E+00    0.102192636640566725E+02
    0.100595919336846862E+01    0.957043072886626045E+00    0.494854452530418348E+04    0.711434824164297727E-03    0.775469236684323993E+00    0.104041804730016665E+02
    0.981085379640684097E+00    0.972159847756260076E+00    0.493748534965927956E+04    0.491391422992054996E-03    0.764455442564824006E+00    0.995112875687174991E+01
    0.987734166919643997E+00    0.949935953247365239E+00    0.479589824593487447E+04    0.139060575815163983E-03    0.779818932360489159E+00    0.980999751671793874E+01
    0.103933167643067015E+01    0.951131407542874396E+00    0.499439699612512413E+04    0.239499122059012235E-03    0.781503415752106911E+00    0.101977274774471809E+02
    0.996434172721897160E+00    0.910844892332916434E+00    0.497968201106873130E+04    0.576217972586385115E-04    0.764819024651474555E+00    0.978335247894997906E+01
    0.977339916008805876E+00    0.925129223225158115E+00    0.493755383765820898E+04   -0.201970867183929949E-04    0.765045502049501502E+00    0.104699068606996128E+02
    0.104877914617685519E+01    0.891906649141024133E+00    0.489112702491932941E+04    0.187193479012165919E-03    0.750339470700087885E+00    0.108559909919320567E+02
    0.104877914617685519E+01    0.891906649141024133E+00    0.489112702491932941E+04    0.187193479012165919E-03    0.750339470700087885E+00    0.108559909919320567E+02
    0.106973511755105521E+01    0.908666406710398000E+00    0.480601525316230618E+04    0.134075490367499556E-03    0.766219350504163010E+00    0.103151700797980812E+02
    0.105958158220040666E+01    0.912705568087957220E+00    0.495513177424864534E+04    0.990708429512210170E-04    0.772704807397111337E+00    0.997939346618693968E+01
    0.103994129249773670E+01    0.931538038313273753E+00    0.499733423439887792E+04    0.296006321747047758E-03    0.801044452147452235E+00    0.992591582635242986E+01
    0.103245304947085614E+01    0.927093733237522533E+00    0.482119410709504609E+04    0.217097255683296067E-03    0.775304100366824067E+00    0.989392918520576004E+01
    0.107265131852719309E+01    0.928591538959022911E+00    0.482202254314182937E+04    0.243353974440738006E-03    0.784471658886511936E+00    0.100166067748980971E+02
    0.107965593731888143E+01    0.949976477372524664E+00    0.482264103153625092E+04    0.275288257418653340E-03    0.780556588311406507E+00    0.997641354966235383E+01
    0.102750523866476184E+01    0.930829649480758636E+00    0.479438826829665777E+04    0.922390708886421741E-04    0.787460488928282687E+00    0.103838529730649043E+02
    0.105199079022331921E+01    0.912376369540989218E+00    0.495507379522259271E+04    0.272717282772627157E-03    0.801075414900821237E+00    0.101874380251032584E+02
    0.102133091401120901E+01    0.911193571126531210E+00    0.445233575322589149E+04    0.392341730892326089E-03    0.766095993293631095E+00    0.977718294858332015E+01
    0.107329627538504768E+01    0.927249849856132902E+00    0.463637246282545766E+04    0.258269529355649907E-03    0.762595714579924699E+00    0.107472494991532042E+02
    0.107329627538504768E+01    0.927249849856132902E+00    0.463637246282545766E+04    0.258269529355649907E-03    0.762595714579924699E+00    0.107472494991532042E+02
    0.107179187639916296E+01    0.935431816443973996E+00    0.434480732443919533E+04    0.154920229685873308E-03    0.777639521338975959E+00    0.101143206314049205E+02
    0.991551072173135650E+00    0.860380775859189040E+00    0.479487151799649200E+04   -0.163612072708788146E-03    0.726595569337117220E+00    0.984848357626383830E+01
    0.102684321367140741E+01    0.852966293371279383E+00    0.466829513773675080E+04   -0.881550798408194607E-04    0.683854774775896845E+00    0.101112281291434414E+02
    0.992924464072642232E+00    0.868007926894375004E+00    0.457442498019200684E+04   -0.726892485264734231E-05    0.711750788228818765E+00    0.100214194700457710E+02
    0.105493037579177873E+01    0.889562936176619745E+00    0.470990081702674524E+04    0.209565945071973814E-04    0.730451823288075675E+00    0.103517848073765819E+02
    0.102241165917537691E+01    0.878610765725614362E+00    0.499283238620625252E+04   -0.542332210570592183E-03    0.734086180622279261E+00    0.103517244972370754E+02
    0.102687661493639881E+01    0.869093605480683817E+00    0.499460820179319126E+04   -0.826604631824897837E-03    0.739563141943633040E+00    0.100185131614111533E+02
    0.101106362379500925E+01    0.876855664007997637E+00    0.493105212579535782E+04   -0.537111043614532831E-03    0.715024759866057291E+00    0.981575519466679935E+01
    0.994946941449415645E+00    0.913190274594619544E+00    0.496814318581716907E+04   -0.250322704038297584E-03    0.775132109540250136E+00    0.982555452281359898E+01
    0.102630253654645376E+01    0.913859015198922986E+00    0.496215786777274297E+04   -0.127854653660232738E-03    0.758476585695412764E+00    0.102293476954567204E+02
    0.104279805315355811E+01    0.897027606866819704E+00    0.496085912189834653E+04   -0.225037236666818610E-03    0.748410104208379723E+00    0.103605220874350472E+02
    0.104279805315355811E+01    0.897027606866819704E+00    0.496085912189834653E+04   -0.225037236666818610E-03    0.748410104208379723E+00    0.103605220874350472E+02
    0.101069813561860466E+01    0.898638679670296092E+00    0.498090597238995997E+04   -0.118664316738922824E-03    0.742047532765034767E+00    0.102558176902226208E+02
    0.102610304472897074E+01    0.900495041871618995E+00    0.482132353860816966E+04   -0.126319069901174236E-04    0.757711787176409413E+00    0.100323162184236221E+02
    0.999967629692074311E+00    0.891228023921265988E+00    0.489976244941704863E+04   -0.126174031506321706E-04    0.747757423470922555E+00    0.999830754667948440E+01
    0.996344225054371924E+00    0.897395498171522199E+00    0.496613863656863668E+04    0.414190692876399745E-04    0.746532527154389669E+00    0.102372276498664139E+02
    0.100419184110168258E+01    0.900630494036585127E+00    0.494824248927546159E+04   -0.694048335167776406E-04    0.743097567468721909E+00    0.102619762659977436E+02
    0.104183330928603790E+01    0.887563197543749571E+00    0.492645367070621433E+04   -0.495743186319707736E-04    0.753330476160982476E+00    0.103679786015960005E+02
    0.102233149029658099E+01    0.907344335167322602E+00    0.484902227916830725E+04   -0.993110219854217687E-04    0.734275560475820432E+00    0.101913374927617664E+02
    0.102278303571074036E+01    0.890132512035957668E+00    0.495758456076181301E+04   -0.415439872720446330E-04    0.753496960700947183E+00    0.102772655699788942E+02
    0.102156755767425778E+01    0.885834866861671344E+00    0.491102645754976038E+04    0.115326138445686396E-04    0.729147317206202850E+00    0.100729423206533770E+02
