chirp_mass mass_ratio EOS alpha zeta
1.1595920643850806 0.9780332229542681 4942.51968756874 0.0005558905821734739 0.772751313628936
1.0678217796277811 0.9222040537918953 4812.497210548387 0.0001563868292148609 0.460804061942262
1.2228117042282627 0.8617763523751976 4642.1225744802 0.00043711904910974684 0.830637695813728
1.1882941794636717 0.9695816454068354 4128.447487230452 9.976901191534351e-05 0.5581987569548297
1.149253912773178 0.879070201329542 4739.83786972371 -0.0006293916749605063 0.4847578965456123
0.9579632185408167 0.7580786596249744 4306.449343561056 -3.3625827657652657e-05 0.2899748390961722
1.0608615814448765 0.8421519888669083 4884.327126058232 0.0006328792281228123 0.4114183902998211
1.1489427242176113 0.9051002437914578 4181.733024952389 -0.00025414253769792027 0.4792483135060877
1.0386297428308096 0.786854285831232 3993.5664138113593 0.00020302653549183726 0.3289817013004169
1.1945044988231612 0.9288220827903488 4402.022532535771 0.00025186890282997184 0.645491633119429
1.1454663527625049 0.9331215487609348 4738.951685730351 0.00012041138438476474 0.498763500194457
1.1662694531305124 0.9221257080526916 4140.334511543317 0.00041823505630800056 0.4638080481897669
1.1521702413595312 0.9493629704873963 4430.077267599527 0.00013278140915968934 0.5889374449892554
1.1688431205138472 0.852576117996051 4669.022404636796 -0.00047826018914073486 0.41521358217499993
0.9068715954772467 0.7471784372072042 4466.489228599443 -7.074118761429558e-05 0.2676440234303749
1.0698013490595875 0.8044564047769631 4445.853500924463 -0.00027517043195101975 0.3070345861261151
1.135119911564362 0.9007439190856587 4936.242344527051 -0.0004999979071950427 0.4822398390699527
1.4352052961486441 0.7065200366692452 4863.8991712030265 -0.0005082497341720384 0.9289623880758691
1.1597724257444015 0.8553203360609728 4783.813694846409 -0.0001091736946690074 0.45464119597959474
1.3022045952189103 0.9399362012325663 4442.979904962452 -3.0166711172525114e-05 0.9598908563985725
1.0855562056553407 0.8409014911813899 4750.391056485399 0.00032247005261783977 0.397101456939705
1.1923221055051543 0.9819600974911568 3955.9531701897563 0.0008252150535993343 0.5129804983061457
1.0155665754163032 0.8106641861331635 4439.109834529679 -0.00019310735719596292 0.35295213543329595
1.0676723803212718 0.866433903081782 4146.265823045846 0.00048751606170254223 0.42781524137167243
1.226654140482346 0.910863521730502 4384.982413168378 0.0002576852976580357 0.4671583459108799
1.2033113800162987 0.8852278770374254 4220.838476718061 -3.277674026420046e-05 0.6906766537555121
1.1514871948146055 0.8520098292712772 4516.267940675777 -0.00010795211648827351 0.46369441646925785
0.9346945471579503 0.7594043571991209 4298.416703338101 0.0001598320693346791 0.2652299771386909
1.0477753777248962 0.8551766152181578 4498.808108936603 0.000513588932421265 0.3905208457035655
1.1810876228394904 0.9357178662644717 4323.129710420391 -5.95495600492935e-06 0.45133619776966427
1.0085879633617036 0.8034127020661372 4193.3499682772035 0.0005440943588367952 0.3081461733726012
1.018894420825295 0.7776899619752765 4384.321886341994 0.00014994768739975956 0.2801405872368136
1.2906776482508422 0.9644850891660468 4199.020143635567 0.00036744130351100196 0.7423813328230842
1.140329166039974 0.897011706124242 4935.8851567705915 -0.00034980206988104943 0.546859104477268
1.014408976204038 0.8583920163747151 3998.550394105155 0.00045063386194209407 0.3834552393100896
1.2206231093053101 0.9350311483209741 4352.367452415502 0.0007091336631984257 0.525198315647074
1.1631143795790173 0.9099860245415289 4486.630877774092 0.00015013412608147069 0.619464021770474
1.2227106931272935 0.8962681430192513 4818.584795256238 0.000497596369539725 0.7290771622512597
1.1909871824385283 0.9275059846582456 4749.616371468517 0.0001304516189415958 0.5585944759613235
1.1756931369132921 0.9406889710054023 4570.646094150163 2.1740215887519926e-05 0.7291387135497932
1.198879152471428 0.8233482696863171 4981.682090010822 -0.00040249558383088674 0.8802117467435246
1.1161779436065038 0.8831262938277441 4239.254330493534 -0.0004390079145505041 0.4304904643462786
1.1663897825110485 0.8380586016067892 4676.621087869438 -0.0008558574815750648 0.47334690432970344
1.191063028835821 0.8613141179963657 4585.3176296529555 1.9920220832464466e-05 0.42010796543125617
1.2261721483768953 0.872790437624874 4113.367092629395 0.00019539365972161054 0.45205146327356605
1.1568679982202257 0.9391220900515329 4740.404030900265 0.00033356911898517694 0.8505706100185728
1.1386211552057692 0.8855401524667814 4346.1301408888185 -0.0004348117701677805 0.4504504583933119
1.090907702724322 0.8606551690866516 4466.459181078227 0.00014890551955990761 0.44558936411911754
1.0420700778496372 0.7868651109982788 4526.021349821689 -0.00046093874200044306 0.3219184678362841
1.07801378050122 0.8562848309700276 4872.9479221801 -1.6395128202721293e-06 0.3940883081494074
1.267844231236047 0.931775043567298 4611.747750377586 0.00011335858719186403 0.7631876571098646
1.2112866091160592 0.8845565068602506 4751.876876079697 -0.00017898222487095405 0.5139063018106038
1.0232404447389787 0.8041407406980703 4799.273974513049 -0.00035294150236345363 0.3295556339313205
1.1619472023219048 0.91702020351408 4609.485079856093 0.0009505291543047426 0.8239530114785131
1.1039319549406623 0.8469132968261713 4143.786038430257 0.00022987176976951404 0.39069523886956514
1.054268052923721 0.8134928061991066 4635.97721785527 -0.0005322886164375433 0.34913271619446873
1.0961358262814151 0.8229152109885775 4805.282342176362 -0.0002088001713127408 0.3521531244850755
1.177141842143768 0.9673083048413889 4259.8131428916395 0.00036673734649161243 0.5442262514880154
1.1657203045791082 0.8396880858035836 4609.5928886565625 -3.7971666245501496e-05 0.6724780863680709
1.0903380239087956 0.8596413561057236 4728.9837201398095 0.00013653160954312966 0.3973683355027615
1.2051630692704816 0.8469152149811477 4550.6956488844135 -0.0008609195152616065 0.5782262801264019
1.0579078960913413 0.8046811487814555 4851.800752188408 2.0107308850344326e-05 0.3171594688206125
1.1714145261320952 0.8969497430661186 3993.329678018401 0.0004149111788316566 0.4693904300561553
1.1575312331437742 0.8779631103686216 4714.783195212344 0.0005838950086589536 0.590509347047835
1.0992204091867652 0.8542039790189218 4959.959609193433 0.0005685408575746816 0.4114775965313372
1.0658231105342435 0.8378900825324372 4368.575544198675 0.0005556294366848917 0.39630015252996653
0.9623595354407605 0.7648701318214122 4249.153402569025 0.00042429995987746603 0.29229038451211525
1.0380167085093222 0.8209556579088315 4977.403640390811 0.00012624644036063383 0.34458663549991064
0.9687504459588274 0.7923496235829252 4863.349479069412 -0.0007524163072940055 0.3017238109673859
1.1523702513059082 0.914978760400824 4872.356209556054 -0.00018362526136462653 0.4612074016515157
1.1898406633135925 0.8905068866752283 4161.955200743446 -0.0007891584851479767 0.47800448461739753
1.092586268078407 0.8691469370983618 4879.166073993287 -3.4011158795264295e-05 0.48805694846811953
1.1498879865776126 0.9019623053171193 4623.981215751662 5.422195216873994e-05 0.7565644581978239
1.0859761646831096 0.8487731059972736 4650.164034558804 -0.00013904195092029185 0.3683866308742465
1.1725846267394728 0.8392282229010032 4544.725596195736 -1.265632084310111e-06 0.6711079845614787
1.0977134258042485 0.8717366735340548 4507.225347651187 0.0004984276127606236 0.4538485776698983
1.100495477622865 0.8286188817203591 4434.577987522079 -0.0007366806980482912 0.35761410192683574
1.247444442637203 0.8893521700514129 4270.601569495185 -6.074169267669684e-05 0.6748459718395826
1.1363070746253974 0.8885042376578207 4618.014869081889 0.0002299494092699183 0.467250692558111
1.146532305971991 0.8442039034511069 4623.6419208575435 -0.0008329949550542878 0.5200862818637914
1.1500067817346893 0.8539323441194482 4974.088178511171 0.00018227557384239905 0.5055816440324934
1.0228358224878356 0.8357754245503064 4206.145505423511 0.0005503693336112975 0.36330981230942117
1.1561267402942155 0.9729432833845585 4387.231111374333 0.0009014548851562882 0.5208744717539417
1.1561267402942155 0.9729432833845585 4387.231111374333 0.0009014548851562882 0.5208744717539417
1.1953275645812802 0.9110146339146028 4624.942647525589 1.4595615930141688e-05 0.4778692478750685
1.1524937419794377 0.9050231422021533 4729.535877643337 -0.0002806990241837458 0.5936420948775785
0.9566788818968699 0.8224252105021306 4337.624288157395 0.00016518113538644885 0.3625999958187165
1.1256993876099544 0.8622558856091922 4645.925152520605 0.0002651750883061198 0.4746506990337941
1.15889371595597 0.8532107026797698 4756.088004012557 0.00015546331965179996 0.41430464290721003
1.1794134948335029 0.9827027248682731 4832.993255233187 0.0002754639963434289 0.5607988254949694
1.166735426974623 0.9307314624973583 4122.996114839568 0.0002130215220541932 0.46117088388297234
1.046347488225043 0.8402651808513848 4915.823616336095 0.00022852904029858025 0.4027227741254339
1.2557346677594512 0.9186054291947772 4569.5713836997065 -0.00012497160605979302 0.9204631292972203
0.9945046231781798 0.8078914370951253 4248.303555503687 0.0004303061439032714 0.3194506723030615
1.224033490505314 0.9226892390317715 4428.118707273397 0.000691855033593693 0.6462440823144859
1.0676526576457073 0.8771731885084159 4149.982833870382 0.0005161125248713998 0.4036784557597878
1.1779810216400972 0.8826173237715483 4096.42598378117 -0.0003189505781614719 0.4086558033678776
1.2078854407776622 0.9829119960431767 4685.023945913618 0.000821119729678899 0.9577748899360286
1.2363794686766951 0.9890500911910938 4095.6495713095264 0.0004129687285856826 0.6923267714196812
1.2363794686766951 0.9890500911910938 4095.6495713095264 0.0004129687285856826 0.6923267714196812
1.103648380955531 0.8649644395434738 4900.7617885411555 0.0002465418722982064 0.4393420901534673
1.1685416861773752 0.9031472939034544 4655.414061784575 0.0005988059650353988 0.5169754629299173
1.119348259215729 0.8509016441888638 4311.836138562039 -7.0897655036262455e-06 0.43278825098886253
1.2018488970993664 0.9340194281310319 4100.79708895461 3.2050795303973956e-05 0.4816989688486185
1.071706859929307 0.8357873687310884 4966.169075306771 8.659128643858732e-05 0.40056563985201227
1.2026548052417898 0.9403007501252237 4707.569086579713 0.00010798275428608843 0.7417570852157096
0.9749140486336805 0.7811725401905174 4998.534558316337 0.00021226342040266206 0.2949361045153617
1.0988947736267478 0.8648254417371737 4733.362762598648 0.00011915032831930827 0.4128835077719939
1.1910060084764442 0.8808143385222394 4564.082065229683 0.0003957302977432141 0.4926009072933978
1.1720670197798437 0.9333610959834856 4112.742954248431 0.00048019640446827334 0.45003225071353586
0.951754675981402 0.799498739098723 4439.559704469452 0.0004639877303680786 0.3277622364036917
1.1152787836152185 0.8573057224306195 4671.458462284482 -0.00010233964259564787 0.3924326474887065
1.19365291461055 0.8633451872428313 4660.595628441605 0.0001192072265734473 0.5426405038461091
1.052323196481936 0.8909436532502063 4902.314313924408 0.00023803950241426148 0.4177715190054091
1.0498907714651964 0.8500470381931045 3998.196569344984 0.0005696418461022968 0.3954386142643418
1.262708266465736 0.9033467535280997 3979.745214444118 0.0003127848672487909 0.4815805299122528
1.0657829426351964 0.8833663994367469 4754.467076661015 0.00013737604807069164 0.4373742970687043
1.0764923063153398 0.8868852058669368 4927.378330435181 0.00021668232079651345 0.4647924114665869
0.9384056879904933 0.7516141954496323 4909.155091412084 -2.84394027627014e-05 0.2736670049166246
1.1436997470968642 0.9070050794114014 4392.264421322294 5.064342884312099e-05 0.5388015388894021
1.2548546493087263 0.8598613948072413 4243.478433343562 -0.000711317946535406 0.5697878897389946
0.989047279190701 0.7882034253164629 4858.537563217139 -0.0004077508679775246 0.30240015274146487
1.117503461463694 0.8688390169838413 4382.864885063365 -0.0006110993298614307 0.43565940633169015
1.2196306230232807 0.914608619448519 4933.206573803914 1.1763971626525545e-05 0.5133932203388949
1.2389462135450424 0.9741261331203159 4379.042542021704 0.0004265884236478925 0.5367452845967277
1.0999128932695925 0.87042672576706 4340.455906832257 0.0003841338220112278 0.5787352024130901
1.2258470091376399 0.8889457521611018 4784.985723768021 0.00025579127345484064 0.6857467108700048
1.2258470091376399 0.8889457521611018 4784.985723768021 0.00025579127345484064 0.6857467108700048
1.0488406427189996 0.8724499838305466 4998.241370867503 0.0008871889869600674 0.42640903811068354
1.0461915907956185 0.8435979350168905 4672.30056532328 -0.00011693046471002287 0.4027036421454967
1.1852450929905973 0.9554150231329156 4977.586552527006 0.0004124241752057498 0.802114347993095
1.1852450929905973 0.9554150231329156 4977.586552527006 0.0004124241752057498 0.802114347993095
1.2348987105564653 0.881136816952216 4502.062013182147 0.0004435869579850291 0.7517989442732256
1.1082513433417764 0.8167939387872621 4321.725605914278 -0.00022085568080182458 0.35924591928485794
1.0464635270234237 0.8484493782188762 4506.650318388346 -0.00042294708845601043 0.39501370671477853
1.1174239306755387 0.8706862570122264 4233.626705704447 0.0001691831271032225 0.4665649069576987
1.094706570111428 0.8298609979748186 4440.662575740919 0.0007318570164326046 0.3726906521862161
1.094706570111428 0.8298609979748186 4440.662575740919 0.0007318570164326046 0.3726906521862161
1.036805198148071 0.7904561324189305 4941.0949875378865 -0.0005245428592413885 0.3107607901284533
1.02195844382393 0.8489369742018604 4354.397358602847 -0.00017278516190200667 0.39689003376782217
1.2087928232618161 0.8979057038016063 4698.54705965429 0.00026388190524514506 0.5807353063356162
1.2087928232618161 0.8979057038016063 4698.54705965429 0.00026388190524514506 0.5807353063356162
1.1889621234952297 0.964552304694583 4622.7742975615465 0.00047122014535990104 0.7173106292956595
0.9307397541422815 0.7786401487193146 4524.169403712726 0.0008348722561340328 0.2952420784568531
1.2214432716350105 0.9597576480021274 4914.434201933464 0.0001871747701363879 0.8348545451247054
0.9437133906875079 0.7640276924943306 4910.143708050848 -0.00017624342215633178 0.2733227532980432
1.1375749615360053 0.9575317135642534 4918.663320612253 0.0006603829866199444 0.9072972450149913
1.1375749615360053 0.9575317135642534 4918.663320612253 0.0006603829866199444 0.9072972450149913
1.2965430499037576 0.8826832526726135 4324.769109289085 2.3567028352640094e-05 0.8266553663673815
1.1901507775763522 0.8563004003299929 4693.516823965048 -2.1012622263361218e-05 0.7377258842999583
1.1901507775763522 0.8563004003299929 4693.516823965048 -2.1012622263361218e-05 0.7377258842999583
1.1159700049537586 0.9151147224399028 4737.151725461079 0.00036137378805468386 0.4604618619903109
1.1159700049537586 0.9151147224399028 4737.151725461079 0.00036137378805468386 0.4604618619903109
1.0546195511895213 0.8962444851511822 4924.187935883711 0.0004932236436589031 0.43725296120040846
1.027654159208459 0.8342389039867775 4481.749424633277 0.00042931545508634577 0.37035804996470834
1.027654159208459 0.8342389039867775 4481.749424633277 0.00042931545508634577 0.37035804996470834
1.0880087324831211 0.8398081781722472 4634.594346620304 -0.0002273808026992749 0.3887268282842373
1.0880087324831211 0.8398081781722472 4634.594346620304 -0.0002273808026992749 0.3887268282842373
1.1553071743187855 0.9050904194506908 4053.9050121724767 0.00032460719204779794 0.4298632620704304
1.1159760110490675 0.8518437141592672 3941.4118702954297 -0.0002150196978412424 0.4012172228425208
1.1159760110490675 0.8518437141592672 3941.4118702954297 -0.0002150196978412424 0.4012172228425208
1.0895906432852809 0.8606145524495978 4296.3083499699405 -0.0002454637660055654 0.449783744474639
1.0895906432852809 0.8606145524495978 4296.3083499699405 -0.0002454637660055654 0.449783744474639
1.1559690830351426 0.8984299301515566 4762.139013781281 0.00013222340327963066 0.6677784998202894
1.1592083905053219 0.8930574517211689 4549.370514816174 0.0003945660245879918 0.46700709885307334
1.153690437288314 0.9334484522050056 4258.256435798032 0.00047498446396891815 0.5923615230348872
1.1221974508951233 0.8975452577685235 4141.893671327693 0.0008057572768253594 0.4307490231368508
1.180203137812859 0.9149481892618758 4229.587349464215 0.0006887819629008347 0.43048317701857963
1.180203137812859 0.9149481892618758 4229.587349464215 0.0006887819629008347 0.43048317701857963
1.0146182466933371 0.8426727072377652 4837.522603862412 0.0005427746624828113 0.363387551181264
1.1654754642428529 0.9048509067435827 4508.255144988731 -6.953435565461135e-05 0.4588015970632646
1.1654754642428529 0.9048509067435827 4508.255144988731 -6.953435565461135e-05 0.4588015970632646
1.0683169479016177 0.8789240824148031 4687.645669196918 2.557174855543014e-05 0.41700745088476165
1.0276826629451248 0.8011853080579622 4962.856178461924 0.0002520985875993695 0.31337816812673247
1.1085026195440841 0.8628734652802241 4932.662292746711 -1.1334913544901468e-05 0.43608250236936186
1.1395176508700513 0.922343264785528 4707.956341629771 0.0003352192231899861 0.47289538079949517
1.203832334130809 0.9325454395945236 4655.067860337209 0.0003361828032324726 0.7893526938286153
1.2571719519320548 0.9194908282076477 4798.027743302426 -8.933595481869637e-05 0.937589756989375
1.1837276545609527 0.9300724900153978 4622.459796974782 0.0008388654648908477 0.6850358269848468
1.1350079843647412 0.8929408792929413 4867.13643971819 0.0006355959444186188 0.6296983848432061
1.1972848144854062 0.8810421549012126 4685.146083312073 0.0003763029481123969 0.6203684969152781
1.103223343945568 0.9054855909158944 4886.089627984054 -0.00016117787501641534 0.48852754939626425
1.103223343945568 0.9054855909158944 4886.089627984054 -0.00016117787501641534 0.48852754939626425
1.073293365651655 0.8951494545878599 4819.853131103488 0.0001622522687612051 0.45184386642317065
1.073293365651655 0.8951494545878599 4819.853131103488 0.0001622522687612051 0.45184386642317065
1.009319754376136 0.8190724739387372 4244.264577160849 3.45624819261861e-05 0.3543255417173707
1.1515606847702742 0.8694427988421 4613.295836245722 0.00010447436764802954 0.7030285584421858
1.1118759468799189 0.8721593913982044 4694.9874423546 0.0003090457367743811 0.44551656361116065
1.1118759468799189 0.8721593913982044 4694.9874423546 0.0003090457367743811 0.44551656361116065
1.2152543172886772 0.9135029033277732 4960.554088313702 -0.00039769229977023966 0.5048189299364385
1.1846967359403517 0.8581591015980237 4773.898588066333 -0.0002345117747603276 0.4312847722051866
1.091256664787502 0.8371854365788258 4306.293627362008 -0.0002582528431285486 0.35748464718833106
1.1336500367694897 0.912007169555476 4944.969792317807 0.0003046540873468497 0.4657768732436892
1.0870134362171302 0.8564270561580244 4621.276994807065 0.00023973622861829985 0.4095390757309076
1.1219405868035115 0.8538908485250836 4348.014901796359 0.00032444796638866956 0.4136619252215907
1.1025811389864497 0.8764171669446568 4946.840049369085 0.0003367070722571815 0.49516239079198693
1.1025811389864497 0.8764171669446568 4946.840049369085 0.0003367070722571815 0.49516239079198693
1.1009483698022677 0.8530121526841148 4307.110847896844 -0.0002753182726473145 0.40554194742927857
1.1621643538610529 0.9099050222259057 4976.772332340866 -0.0001881233730384308 0.5922967152343213
1.146186600078576 0.8989168247239361 4308.7513757562965 0.0006591384640304437 0.5413109482294377
1.146186600078576 0.8989168247239361 4308.7513757562965 0.0006591384640304437 0.5413109482294377
1.056529560518195 0.8946537300834164 4935.555694064507 0.0008424793377052036 0.4385884019918377
1.056529560518195 0.8946537300834164 4935.555694064507 0.0008424793377052036 0.4385884019918377
1.0951698634095433 0.9098393285504488 4845.476180066525 0.0003955093940522912 0.5082085655078221
1.0769904891402313 0.824004074139986 4275.697865530652 -0.00033319728202024264 0.34318762767340893
1.0769904891402313 0.824004074139986 4275.697865530652 -0.00033319728202024264 0.34318762767340893
1.1746047514526679 0.942525305075241 4842.655982445107 0.0007764735751127212 0.9496871765141759
1.2031789762502016 0.9190904636987557 4706.651921967291 2.1074900601738847e-05 0.7770667376782512
1.2031789762502016 0.9190904636987557 4706.651921967291 2.1074900601738847e-05 0.7770667376782512
1.1411366067301993 0.8631899509834138 4799.057722195468 -0.00011790804665104414 0.4520599120126604
1.0554514331171139 0.82597583456153 4425.113913845014 8.766626949405363e-05 0.3549494730648286
1.1700286042335368 0.9136566321742537 4685.738244694767 0.00039165997742879934 0.5347463908584675
1.0754753514294941 0.8698615378300272 4262.386046130407 0.0001751932568640304 0.43008170048569294
1.0754753514294941 0.8698615378300272 4262.386046130407 0.0001751932568640304 0.43008170048569294
1.2619433454062297 0.8924345092660718 4590.421263784742 -0.0008994377347302541 0.7555855646833518
1.1628330060928236 0.8905297578417032 4776.293998740389 0.0004723858640760432 0.46428039122200465
1.1142301889068664 0.8641585074366303 4451.532891039531 -0.0005057340929156293 0.4312261726615389
1.1142301889068664 0.8641585074366303 4451.532891039531 -0.0005057340929156293 0.4312261726615389
1.2117783223601362 0.8646742492782624 4599.453516570577 6.924573338551176e-05 0.939301570536767
1.0341072581598076 0.8164312163221509 4700.577063207845 0.00043562723177542265 0.3419135041642851
1.0341072581598076 0.8164312163221509 4700.577063207845 0.00043562723177542265 0.3419135041642851
1.1690928190669134 0.8854491170165375 4575.46354095011 0.0001735006488222782 0.872350560113113
1.0727086596800746 0.8461110362467779 4451.485989748015 -0.0002378394351702694 0.39412374047047616
1.209876030304821 0.887632769465674 4624.447645285407 0.0002876661192911482 0.5199364004573425
1.160414599364441 0.8985382900395564 4462.338871489986 0.0003432363226508233 0.48761969925237236
1.0469552181194335 0.8020578925732155 4229.192854494827 0.0007926960722153849 0.3274905301108991
1.2658489162311075 0.9694522056879108 4802.8688649842525 0.00028688646391209524 0.7669540347657746
1.183781624299952 0.8799916658386853 4606.890537450222 -6.478678469331167e-05 0.5343468343687708
1.1251682115886168 0.8536348723303118 4900.155397870762 -0.0004805997370315741 0.4578414161994624
1.1583095293230905 0.9584682671365509 4888.132252235918 0.0004601454839660438 0.7338749202349217
1.1583095293230905 0.9584682671365509 4888.132252235918 0.0004601454839660438 0.7338749202349217
1.2101342262444812 0.8701360313510186 4836.23505158963 0.00022876818472956006 0.6109873860582958
1.1825294715423902 0.868911830823881 4379.273884453337 -0.00011956554262395756 0.4439563548934894
1.1825294715423902 0.868911830823881 4379.273884453337 -0.00011956554262395756 0.4439563548934894
1.2807183088389766 0.8698296066093758 4140.278297789876 -0.0004818042538684025 0.6460562423347292
1.1518137763153955 0.8717406105193666 4203.805243745188 -0.00026359384778080656 0.45924936565229335
1.2299279563163035 0.887041071942676 4236.668195065861 0.00029121190368481143 0.5285538349266719
1.1393575564436766 0.8734804980828178 4611.269033407714 -0.00013606155484137254 0.4315681268523881
1.0839374339260683 0.8310437082360468 4490.687826856633 5.519684211396025e-05 0.374604309020091
1.0839374339260683 0.8310437082360468 4490.687826856633 5.519684211396025e-05 0.374604309020091
1.0196787285508806 0.8653860319730773 4735.693894079041 0.0010172255657042663 0.4274268211762627
1.086287392008885 0.881690042263419 4781.966132885492 -5.859508996227665e-05 0.45296232970501005
1.086287392008885 0.881690042263419 4781.966132885492 -5.859508996227665e-05 0.45296232970501005
1.244561102679476 0.9172633384088749 4087.3494419776216 7.321378987813338e-05 0.7574568140978128
0.9660357205031945 0.8025630368987856 4845.483202777045 0.0004299221038653015 0.32676406448883794
0.9660357205031945 0.8025630368987856 4845.483202777045 0.0004299221038653015 0.32676406448883794
1.05863810393419 0.8620817304427083 4936.959210783877 0.00028314821549664786 0.429506957189449
1.1543970258350473 0.9039201061260076 4783.396226317756 0.0001884578959492219 0.5067245806345338
1.2020835591724666 0.8878561473676179 4695.229022735792 0.00013466553294936854 0.7566957794099665
0.9800920321781401 0.7917713408484437 4793.662874238354 0.0001258405445200786 0.3074746707069921
1.190051905762625 0.8856479830935908 4192.88801463584 -0.00030505131060428484 0.49577615446167445
1.0721707862218255 0.8603543810184066 4457.663022187847 0.00014050584658914012 0.450531170544625
1.0721707862218255 0.8603543810184066 4457.663022187847 0.00014050584658914012 0.450531170544625
1.1676574704005058 0.892376646162212 4598.580761775372 0.0004713099778308548 0.4618342141051608
0.9794745146818603 0.8270056357597716 4761.114970345854 0.0004935920180550768 0.34908863313884775
1.137276134446079 0.922771519323781 4395.788103109481 0.0005657152017341196 0.44594677748218664
1.137276134446079 0.922771519323781 4395.788103109481 0.0005657152017341196 0.44594677748218664
0.9742773021484443 0.8220680556772044 4952.519062473983 0.0002834099047726963 0.3488968787516666
0.9742773021484443 0.8220680556772044 4952.519062473983 0.0002834099047726963 0.3488968787516666
1.1293542786717061 0.8433866865802306 4556.231350725681 3.8577300165821554e-05 0.555726686214226
1.0186546414974678 0.8180986670603653 4521.510551330794 -0.00042658805151525527 0.34234017418947144
1.0594220789896884 0.8725577874341307 4471.131789150806 0.000182659882235552 0.4282227853501415
1.035323113908027 0.8078617523928463 4914.28219483426 -0.00019140331525619437 0.3338105391202704
1.219341050980734 0.913289862046403 4841.357202472128 -0.00013294027088124396 0.6790917953868235
1.219341050980734 0.913289862046403 4841.357202472128 -0.00013294027088124396 0.6790917953868235
1.0346378960954057 0.848197051641093 4727.3999725022195 4.7903584419493504e-05 0.37199306460646786
1.0346378960954057 0.848197051641093 4727.3999725022195 4.7903584419493504e-05 0.37199306460646786
1.0486506034241494 0.9053743573653725 4761.041004030162 0.0009641157894530156 0.4345696685005478
1.2483492124383708 0.9325081126579436 4093.7908597625888 0.00029028288832938184 0.7407703917755214
1.0279204813063996 0.8210349061333414 4968.3418958496695 0.0003091446328068433 0.3624409371427014
1.0279204813063996 0.8210349061333414 4968.3418958496695 0.0003091446328068433 0.3624409371427014
1.0675766897965029 0.8482679689750487 4272.365125660798 0.0003402987539003018 0.3808631790243644
0.9858896067540107 0.8283700816533334 4721.685074719801 0.00041238289740473314 0.36608881352487754
1.1814173237904986 0.9360310741577692 4621.491212510898 0.0003618703876913882 0.5182135070317906
1.1741253492738084 0.8607171636666475 4959.00934038154 -0.0004480426276600241 0.518054459423454
1.1741253492738084 0.8607171636666475 4959.00934038154 -0.0004480426276600241 0.518054459423454
1.2745527888328743 0.9285424432044095 4851.411624456706 0.00031012104231620296 0.7616123491069439
1.1455742284770252 0.8707237203210868 4788.400603007186 -4.706948210117363e-05 0.6921888152621455
1.1276282384809782 0.8733778151468798 4350.492094541213 -0.00017837805809544613 0.4810956377796026
1.1005455944560523 0.855880319012708 4272.471877540382 -8.975131492008011e-05 0.40309526340240487
1.057692425270724 0.8620284022625839 4713.304212957467 9.321236390909856e-05 0.4036663301446728
1.2242274914100149 0.8745853998174308 4716.236011039361 2.4831226625091916e-05 0.47481403564294417
0.9635569683828623 0.8131913803538748 4874.353896810138 0.0007504253616456563 0.34494384380566545
1.1464797441782835 0.9073570397995527 4783.515444537472 0.0004905718850335032 0.5026819746573171
1.1203664665850004 0.9523278402422117 4622.443689816081 0.0010174775599647446 0.4712914443880576
1.1574202911356628 0.8862687557564859 4182.2462769017375 0.00030497234600718637 0.5274355269152009
1.1120037432743688 0.8777790395329944 4673.138650880805 -0.00020747287003393012 0.49192708433913257
1.055035481290023 0.8477492385062072 4655.304810128369 -0.0002166977610796709 0.3847345629113954
1.1416403538764246 0.9458680725652898 4897.619588742412 0.0007082789842287932 0.5431401882481763
1.1381231842005515 0.8879186484131705 4790.735376429652 -3.79091651364968e-05 0.4692643559214428
1.1640609838001514 0.8970230049261294 4200.645075473674 0.0001295505622874103 0.586940595829263
1.2094254664069852 0.868010453104762 4743.592737638639 0.0002754633962281898 0.7263432024736638
1.1105408999453301 0.8927196386219964 4707.779581405063 0.0005277213379968942 0.45293224035656343
1.1820779022947845 0.9226251985266235 4656.699686115847 0.0004972564128285541 0.703879450949803
1.307218625733805 0.8816737405399128 4164.2941068213195 -0.0001827627580773889 0.7320006028418655
1.2696847294014781 0.9407638203745134 4527.7863835818725 0.00023435591480237928 0.7298357182280468
1.2696847294014781 0.9407638203745134 4527.7863835818725 0.00023435591480237928 0.7298357182280468
1.1382324468609726 0.8943775744656416 4556.812503243956 0.000372749254091683 0.7609853958860201
1.2343087806049406 0.9029468102758185 4840.890879740717 7.241090549689935e-05 0.6477065889789864
1.1866497301847734 0.8721344271101463 4202.021153792311 -0.00013877329233675102 0.47029838502489574
1.133852225626246 0.8935279705188317 4736.181382559154 -9.363404008727027e-05 0.5221772109986493
1.071881074739529 0.8208052505440567 4650.282186402274 -0.00027606289399947453 0.3563321695991294
1.242936111020991 0.9025521863100427 4323.374961855361 0.00035912961762533924 0.5787333578537569
1.1554254860612452 0.9408249801749706 4934.039886821542 0.0006490075166420518 0.6221311593418811
1.1554254860612452 0.9408249801749706 4934.039886821542 0.0006490075166420518 0.6221311593418811
1.1689543308465682 0.8812912655203443 4642.503807810853 0.0002980077551935417 0.5329727246608853
1.1689543308465682 0.8812912655203443 4642.503807810853 0.0002980077551935417 0.5329727246608853
1.0081645354371929 0.8099079362521123 4501.337978491946 -0.00023912835053099834 0.3413087360351913
1.0726091275025014 0.8746943178311589 4875.350066064821 0.0007341565166258016 0.4128908418019359
1.0726091275025014 0.8746943178311589 4875.350066064821 0.0007341565166258016 0.4128908418019359
1.129661162654605 0.8738269037169664 4485.9422392542065 -1.0475126356218368e-05 0.49185841756884
1.129661162654605 0.8738269037169664 4485.9422392542065 -1.0475126356218368e-05 0.49185841756884
1.1770611764192904 0.886431951305498 4931.605251097919 -0.00027308575911320204 0.5827366423588524
1.1770611764192904 0.886431951305498 4931.605251097919 -0.00027308575911320204 0.5827366423588524
1.2329175231407983 0.8590872272846437 4149.6929519447785 -0.0001486625014979627 0.7597297304956594
1.1313860871622838 0.8795009956824131 4548.277750450977 0.00021778563843129477 0.46670513488571275
1.0294405155164574 0.8911547553493979 4961.919709354444 0.0011509770159980703 0.42823320221287287
1.0294405155164574 0.8911547553493979 4961.919709354444 0.0011509770159980703 0.42823320221287287
1.1030365874413768 0.886899360868872 4795.541201879919 -0.00023675993386788755 0.4754858543815283
0.98529774064157 0.7794284175249445 4988.020887507368 -1.3571856437108255e-05 0.29863538671358336
0.98529774064157 0.7794284175249445 4988.020887507368 -1.3571856437108255e-05 0.29863538671358336
1.1244730529964924 0.8596453060390579 4829.117342418179 -2.2326505818122694e-05 0.4693807968694286
1.1244730529964924 0.8596453060390579 4829.117342418179 -2.2326505818122694e-05 0.4693807968694286
1.024674516878804 0.8337421092294979 4676.827892349002 -8.600791271984597e-05 0.35826759858821233
1.2332261298886025 0.9100121567231896 4160.0870638224205 -6.293636560851043e-05 0.48476098926162625
1.2332261298886025 0.9100121567231896 4160.0870638224205 -6.293636560851043e-05 0.48476098926162625
1.2319383561060497 0.9006292807826783 4668.741959197944 0.00015430814699979542 0.7661226835719162
1.2319383561060497 0.9006292807826783 4668.741959197944 0.00015430814699979542 0.7661226835719162
1.071189534218295 0.857206140139873 4834.078641275723 -0.00027902026115616673 0.4253110780927709
1.071189534218295 0.857206140139873 4834.078641275723 -0.00027902026115616673 0.4253110780927709
1.2521544102583444 0.883233206680601 4621.259537742673 3.8322698720955935e-05 0.865487588943392
1.0769945609049676 0.8609723308489612 4949.218803148094 0.00024443271251615734 0.41305707875756914
1.0769945609049676 0.8609723308489612 4949.218803148094 0.00024443271251615734 0.41305707875756914
1.1512816487826805 0.8995539976137429 4925.887596884172 0.00047718402671591335 0.6518709116381086
1.1512816487826805 0.8995539976137429 4925.887596884172 0.00047718402671591335 0.6518709116381086
1.0781436283517818 0.8830074967967712 4902.376432788374 0.0004617763115050037 0.4596736882320065
1.2094644579924443 0.9271215925051508 4621.764651948353 0.00020926195835070077 0.588766342393567
1.2094644579924443 0.9271215925051508 4621.764651948353 0.00020926195835070077 0.588766342393567
1.0799959713866314 0.7960882401538192 4774.623418617787 0.00023615681541004917 0.32317087555154245
1.2697485849225778 0.8835780711321912 4249.441044147272 -0.00040476437858699265 0.5571448238546619
1.0915874450863112 0.8663938006239731 4286.305713457296 -0.00024583395639478595 0.4271111686687281
1.1750360316673358 0.9087657058511848 4068.3696872659957 0.000249667610643961 0.5744471450300839
1.1128688515989043 0.9059410104532638 4729.769654621738 0.0006554639698842175 0.4847000292145087
1.0595943778727177 0.8441863776305573 4704.075504988244 3.083220906284358e-05 0.39323575464312555
1.0595943778727177 0.8441863776305573 4704.075504988244 3.083220906284358e-05 0.39323575464312555
1.233166255101597 0.9074539905146979 4305.62447650537 5.367813964655901e-05 0.5158500120994445
1.233166255101597 0.9074539905146979 4305.62447650537 5.367813964655901e-05 0.5158500120994445
1.2012637122140417 0.9255847591436861 4568.242381077402 0.0005183923703844233 0.489439197675941
1.1722755433679521 0.8714744526345728 4745.2432585606175 -0.000164043680254009 0.695572663976284
1.1123963587911154 0.868427758610482 4856.727991586963 0.00017086744735253317 0.42919520458660365
1.1846138676461084 0.9176335041195006 4846.818091631106 0.00021549343923129462 0.5950188605735474
1.1807447210738518 0.9014654440328105 4476.012652962792 -8.747630176078052e-06 0.47476491686204153
1.2573656648136304 0.8766505983132581 4821.637565015198 0.00010925977181519127 0.7538360123805554
0.9970919541982157 0.8082106421908419 4771.159022318434 0.00023194601407676565 0.3323662345272058
1.151646363460289 0.8708817187908154 4193.732259338711 -0.00019088251152910702 0.41403727856841843
1.064046399262498 0.882908224514015 4904.02384303802 0.00041811718175689965 0.4544956045135181
1.1573280189503607 0.8954187060923895 4257.192308097167 0.0003802651882984978 0.4396822050004699
1.0875066076624633 0.9176485879122385 4903.163777008163 0.0003773931295533998 0.4566776119143495
1.1682059005778416 0.9068213830343839 4553.519795296278 0.00028911034873530667 0.6024574783093029
1.2146534383894998 0.8819277696271633 4323.066133344885 -0.00033303152366471306 0.47770955140716787
1.2146534383894998 0.8819277696271633 4323.066133344885 -0.00033303152366471306 0.47770955140716787
1.1908042492037483 0.9080158208532131 4776.737437631534 0.00015589647202734818 0.48968520219091005
1.130710701135717 0.8641560614704513 4771.977552041656 9.07113454518776e-05 0.4672013523205458
1.1827547948264383 0.905941006089455 4956.363538269618 0.00020574460680919946 0.6008256282183422
1.2340020699970835 0.9088393937695534 4107.815263410076 -0.00016272387854519203 0.551812493143002
1.1744203229929708 0.9123810284292855 4404.136190016336 0.00016144801612661232 0.5012158434380114
1.0729966616544395 0.8095485112039275 4659.212493319313 -0.00024808340715539416 0.3330635857631583
1.229240138190432 0.8901111047650632 4660.334073729029 0.00021947035861685592 0.8797917011998556
1.1536528261382961 0.8674608224512308 4470.960957687094 -0.00031943488906754984 0.4340695962740687
1.1492887389264497 0.8919864234798358 4933.024492489673 0.0003606481455197444 0.4269642504718416
1.1343707905497236 0.9089845812967093 4829.665828359054 0.0002891790707508797 0.5845112761114037
1.1185274166505148 0.8869757249642534 4927.770971568792 -0.00032817582706407835 0.4924697684656265
1.1999037930784944 0.8833711171050992 4901.518308009957 0.00012203043834668552 0.5199383075290658
1.139576885132903 0.9221068563036708 4990.549479678323 0.0004950998052849606 0.5157805862988438
1.1897026650274896 0.931226228516675 4255.773860328367 0.0007561704481661156 0.543621767917384
1.0070191629947614 0.8502054068502373 4735.100260909464 0.0002311265353392296 0.39674579041024804
1.0605514088344257 0.8247473093607214 4739.248769708366 2.2604740854172686e-05 0.35079071864073424
1.2403827059673564 0.9126048473071222 4814.383452007786 0.0003106398129008044 0.6142664175404706
1.1680818114431433 0.9193468475568686 4095.2531089150084 0.0006432682342145013 0.4795038727482914
1.130293726435373 0.8607811838634195 4888.025923090957 -0.00015216760390259732 0.46882967072263204
1.1681883592383286 0.8500962632650678 4955.6101846736865 -0.00019749082333395845 0.422355299056396
1.1721256889095328 0.9305390471573284 4729.222963781711 0.0011788893148092286 0.8613964093023992
1.25423133011188 0.8907902801703486 4719.227199177111 9.893780905890237e-07 0.548055813828447
1.052061420871599 0.8519211603064548 4952.5438978101 0.00017767667615397706 0.4120661957032234
1.2125239556691016 0.9434816931989208 4193.068345645446 0.0005152503961219583 0.5390052937333745
1.172501170563521 0.9617754406666131 4771.2980899824315 0.0008293738232537614 0.8417336118025452
1.22692882479428 0.917580263667636 4872.798647106026 0.0001359087916098091 0.8262350287037914
1.1483626129637348 0.9170900880290377 4905.87875206801 0.0007268970787785195 0.5584055148083888
1.1292219415805977 0.8593126385874864 4511.058533948097 -0.0003437332148717486 0.40289043067500097
1.1533717081541344 0.8927521818500084 4835.971887807444 -0.00023823761411668505 0.45187733640504313
1.208535321282639 0.8907118633784348 4776.83198116946 -0.00023989541906416762 0.5014963207326996
1.208535321282639 0.8907118633784348 4776.83198116946 -0.00023989541906416762 0.5014963207326996
1.137910908283517 0.8596133713552897 4831.974010279775 -0.00018516090199729616 0.4001733693743176
1.1831258218336533 0.8956301335055619 4942.279028316913 0.000610336455163539 0.8519598578992951
1.1991713679968636 0.9002585613739668 4671.278579024429 0.0003196225556744152 0.5686586271201381
1.1485800913789495 0.9074994612455725 4553.290903264196 0.00027228734966454896 0.5116067899644571
1.2551118173454792 0.8974921990168125 4195.406822795579 0.0004310651836480772 0.9056818376206555
1.155568837904608 0.8920827131546943 4605.970446266035 0.00041395443517988124 0.483425515895336
1.083703786690869 0.8318943116130513 4921.820648367677 -0.0001360255794850465 0.35865994094859494
1.111139698331082 0.8529795006519738 4841.420495871226 -6.612045801007847e-05 0.4044181557427046
1.300308683354339 0.9173331326025496 4130.276543840617 6.59542036694718e-05 0.6712175409540656
1.1901573333258169 0.9617138633672093 4605.563805788368 0.0006741025909242466 0.5893738819247999
1.1361461199532776 0.9073492315842678 4816.434106448518 0.0002931277706151297 0.6305743165343114
1.1704640194381393 0.9296922978043884 4707.409155971692 0.0005709681855215402 0.5560573445847032
1.2472970545841766 0.9070036313046665 4560.199161646146 -7.366911079001207e-06 0.9532642810700985
1.195215608182456 0.9001636916158939 4193.78153876086 0.00035109405411435274 0.4868798784688612
1.2574948425700159 0.9108324403514955 4243.388894299993 0.0002813757018058117 0.7357837256541121
1.1266737190525797 0.9098962424413032 4936.419984161071 0.00023897755825135907 0.5279686727216948
1.1827138965199429 0.886544598126477 4871.85743289523 -0.000300869278665751 0.5103819527352278
1.1827138965199429 0.886544598126477 4871.85743289523 -0.000300869278665751 0.5103819527352278
1.2099150484377579 0.8918913626646775 4910.412033495783 0.0002129126008215459 0.8524135890406755
1.0849180668762544 0.900307170356851 4954.814977742116 0.0005108761631785421 0.4490680169372657
1.1944307017010924 0.894691945314205 4236.752662772092 0.00015698761608964353 0.4780021251394673
1.0172190458081471 0.7854051671135404 4951.744771887425 -0.0001036932945968346 0.30701705266273727
1.1315137078153639 0.8916065822878627 4932.433312742808 0.0006776102874732412 0.547167858414231
1.165444247797958 0.9367785832495259 4909.520996159965 0.0006085718912385918 0.5427699302561069
1.2863399518649037 0.9467272008427913 4585.46195527014 0.0003955499623038677 0.7389962155565549
1.208711836382681 0.8807025285425036 4943.829017006578 -0.000362505648963182 0.5487767031652322
1.1717523412006152 0.9342104698135166 4948.521907442044 0.0003998918350957062 0.8586129421355435
1.1608562824270245 0.8854406573153659 4136.549366424451 7.290269822133447e-05 0.5225146736130168
1.1608562824270245 0.8854406573153659 4136.549366424451 7.290269822133447e-05 0.5225146736130168
1.1153768381624376 0.8980677648358272 4954.157742860797 3.0453798904607722e-05 0.47753006829928774
1.186518864259953 0.9234067461711243 4873.246278806593 0.000426279747816802 0.7131751890631495
1.1522807009786158 0.9104575036596911 4962.92975300698 0.00024870051094205215 0.5411130989677323
1.054903221763238 0.8566393058623826 4989.290892755144 -5.2655671112992845e-05 0.39754957996279555
1.1665155236624292 0.8824608648934439 4651.252357617992 3.290881811396841e-05 0.5412537737676697
1.1201237473448953 0.9039885553129715 4705.543988976857 0.00045113889184552995 0.5573601152221085
1.0985579041760183 0.8701288508816345 4676.56728864838 6.333909718087917e-06 0.4157786768808531
1.1509782264913828 0.9339344078777613 4804.085034769791 0.0006214834524266127 0.48450956970465786
1.1702333982143656 0.8781310393713276 4443.587792967324 0.00012141613562611352 0.7985429434145191
1.0526592376685613 0.820535797062698 4978.632814790675 1.4071645951788665e-05 0.3432068257056582
1.220487279167195 0.948007274863986 4092.7993806954546 0.0007784183003285403 0.5249901324553109
1.125427336862295 0.8539688260909212 4748.09723109332 -0.00037313844589440627 0.45277448863850134
1.1051028439431707 0.899321678057631 4712.369304104143 0.000514325702855648 0.47290494164764607
1.1733705223886925 0.8896136692285312 4922.649813222764 0.0004575785105479147 0.5184423074859226
1.2127324172788112 0.9045682512753601 4698.754578285079 0.0002839298375866458 0.5561387462327539
1.220778210453803 0.9147159563330792 4225.953439821814 0.00012747723374575656 0.7065857827845193
1.1708671647864146 0.8933757011173034 4561.325291009255 -3.666257822490942e-05 0.6115105761576528
1.15903802942803 0.8684828852679596 4698.605008401403 -0.000970326287932736 0.42501284460997957
1.2428313833741713 0.8989453138625833 4580.048623475456 -0.00016550841848544034 0.4821810003202227
1.0434404904135934 0.8635046134986839 4787.948586941505 0.0003580278546226418 0.41868859638225875
1.1075555758150677 0.8612727822413616 4790.192610191467 -0.0001562077729400608 0.43334518486842677
1.1054327270534323 0.9208301065872647 4962.139336783017 0.0011053552046771326 0.45695486511156264
1.1280783878331295 0.8885870415313672 4962.230270555789 0.0008500260896809975 0.46583104392312885
1.1331432290858194 0.8561977848486465 4944.9195467079 -0.00048791237003950285 0.41817687595013914
1.1956642050006678 0.8804313574503362 4875.745702602612 -0.00026080561379603594 0.7198360528903981
1.1147429904026729 0.9125200254581989 4573.002704748629 0.0009203656235932963 0.4985621508894429
1.1495135822455047 0.8933695525219328 4711.299781754063 9.522697064908591e-05 0.6143164936846031
1.124437781914203 0.8894884462157014 4725.1261846590505 0.00020839364433159147 0.43785957969642975
1.224178024596207 0.901403083982169 4597.053418953963 -0.00016095814455381914 0.48351051077215657
1.099790190369633 0.9270518267149421 4768.883931345759 0.0009552060166006763 0.4933300513368933
1.2267667086020886 0.9193709113385862 4926.39432448514 -0.00011324767808381999 0.5626483333380352
1.1124619480962097 0.8646344605516209 4886.175547657935 -0.00045853307141105026 0.46093179246338145
1.1364034150551974 0.922665000110694 4801.738719122494 0.0008700755129595008 0.6141595317489297
1.1420807495473073 0.8820851733619964 4758.875923942637 0.0003328447842726323 0.805041322599681
1.080496203936403 0.8557230957883808 4859.501138363832 -0.0003073854421525175 0.3934985811546763
1.1579233879916087 0.8943688053317193 4881.779840451048 0.00011852681103845758 0.6164608848460955
1.1333935644109687 0.8937076091604661 4888.2733725633325 0.0001516139906482846 0.5164139499321426
1.0426324342504956 0.8491267809572596 4925.337235549649 0.0002085238796984965 0.3865981073493043
1.1389239636138009 0.8813784535864911 4978.125106149905 -0.0002487567369704563 0.4385747095001311
1.2515151473810193 0.912908825875595 4095.006290315974 0.00013823879676429232 0.7134010669065514
1.1232558690568066 0.9065433465051679 4704.637427761464 0.0002241326976622101 0.4544401039527272
1.130662098743748 0.8849894636457103 4784.3370920336865 0.0003339363260318611 0.45765850037968003
1.2036748328937459 0.9202588294467559 4846.2048090992475 0.0004087371013407378 0.7509554175467781
1.1291307938223814 0.8740834827396733 4827.184576239124 -0.00027670856411731804 0.4377394718650425
1.1229709912873034 0.8602105538925949 4743.985287520366 -0.0003333588258474322 0.43455728620627154
1.1375155655036 0.8974926677155743 4570.6602403019815 -4.002925727086938e-05 0.4965575737150487
1.1207200882898964 0.852348145305419 4968.062084417265 -0.0004786002971123414 0.43960578117757776
1.2226828904114175 0.8763851353537673 4949.170100100588 -0.0006278714996119077 0.7248534772869187
1.1414200930181957 0.8928606841220829 4556.308608992872 0.0004664065860784904 0.8109551773148416
1.2866794660154866 0.9140175680280085 4080.925007847102 0.00010581913598665947 0.7759809216480602
1.2383995857215047 0.9314585332811612 4615.851355573711 0.0001302915124318024 0.5450510689517456
1.2457876981044578 0.9265404217026485 4597.340878830319 0.0002478112033603576 0.535677094280751
1.2873936699661543 0.9221475684777395 4229.28681290144 0.00011091153053111097 0.6460651780275575
1.2001973038705287 0.9254883769316348 4777.6186053390265 0.00019775891386996101 0.8517981820281035
1.117630384251087 0.859136466581831 4687.097615680115 -0.00023028626047351432 0.4533476741247805
1.1222205107479244 0.8589087808793119 4986.659717776582 -0.00015701501051631618 0.4609160408504467
1.2106966659848766 0.8963945390553749 4827.441573324516 0.00015708499594859908 0.8869635450566815
1.1531991714272036 0.8884930294564024 4825.252654163671 0.00010384007336421113 0.6203745492917618
1.0904990544612334 0.894743659657229 4904.236404208611 0.00017233984351543123 0.5488026530753094
1.1880491919203726 0.9016043451299991 4979.079236154236 0.0004071388721847495 0.8346333820018983
1.1642098052487757 0.933562321376906 4907.672054527922 0.0005198055957981718 0.5618290013085014
1.186653540892529 0.9346971121746824 4947.940254463667 0.000282895291261776 0.6888080409296113
1.1713190276237624 0.8690368338296708 4420.854003393796 -3.936424833128001e-05 0.707867667224352
1.1915519996250938 0.8871079729246698 4270.50079566875 0.0002881947956292271 0.5037480817593749
1.1017516491085892 0.8649145736869531 4915.381587819338 4.3346123812824564e-05 0.44013936705690154
1.1607929468623217 0.8842277720850397 4977.50923043886 0.00013653914481470355 0.5314096810263214
1.2100019315682962 0.8958504195695094 4362.702680632788 0.0002536186641437668 0.8367447255395434
1.215758108773875 0.9371679692622642 4865.2098903647775 0.0002570879168219479 0.5975398456404801
1.188512031379693 0.885489105986544 4767.577308942016 -0.0003462960808537692 0.4954129082902911
1.061946409353775 0.8773412337997052 4787.66948664763 0.00022511605678830404 0.4389136496904641
1.235496074044666 0.9364110432173645 4344.285012414998 0.0005506221745873404 0.5081699508782769
1.1889602623510087 0.9196207429155796 4793.582121320662 0.0003705172431797927 0.8181895739235663
1.1380544663247834 0.8956782083700943 4979.925389955316 0.00025737123433747445 0.5115051710673273
1.2066676280054127 0.8952268406698141 4975.145535914548 -0.00022924528992392888 0.6894112369138834
1.1424152649679595 0.8778281917433307 4957.207790782626 -0.00019213756898257099 0.44344135566722187
1.128612251083085 0.8631259230454831 4797.8025042437785 -1.1369823604761113e-05 0.45850622447544054
1.137301520850044 0.898009437245495 4615.083966530181 0.0007424242470995967 0.43829486288046027
1.1192810376628033 0.9166686139188541 4881.633551876358 0.0007671676750934789 0.5049080378261326
1.2298935409565748 0.8881285211616565 4784.780350499498 -0.000521184862878223 0.7608648066145731
1.0896915671105318 0.8860856520937128 4915.188638251687 0.0006811724838623728 0.45530635834084515
1.1101783317468505 0.9176169459361058 4808.473971339996 0.0010543130973742624 0.5787224816417579
1.1739949876309423 0.8890048624675926 4919.267652666485 -0.00025200000867290576 0.551783693231816
1.1167534841943283 0.8829123787350204 4915.614776008244 0.00045316002357803344 0.4784705683483222
1.0948550851848118 0.8544627904122057 4816.854988815649 -0.00041557917882997385 0.43055152981614553
1.1635842581493416 0.9083675142138168 4676.917430006278 0.0006665601508192741 0.5562265769516778
1.1724526416918404 0.9039569041538259 4676.338254965678 0.00025348493428143363 0.5717938175944157
1.1294524148575855 0.8911396345500995 4732.3057983931685 0.00042010641846119956 0.4649195463558523
1.1441628962393335 0.8797271827044826 4976.650932674434 3.041864785810633e-05 0.502583654092836
1.1034167056549105 0.8763240644322066 4868.511478040153 0.00034786692643885267 0.48686122964191797
1.1736689823502378 0.8916330162720911 4727.444828819608 0.0001857701424789449 0.5245663007286231
1.2359501100262535 0.8708763772092216 4300.9217805461585 -0.0007739413336422083 0.44411124971186655
1.2359501100262535 0.8708763772092216 4300.9217805461585 -0.0007739413336422083 0.44411124971186655
1.2304748060812456 0.8856271443158074 4872.418728453905 -0.000542602003441548 0.7426736862445342
1.2212780621472517 0.8832239871874499 4951.336050933975 -0.0005924831299089221 0.7371370103197435
1.2135491661395696 0.8884373991527185 4949.003283747834 -0.00037711069064735056 0.6912308354868225
1.2299209707456176 0.9085287522838335 4674.0333574323195 5.853921859648832e-05 0.5156594908111747
1.3021644472286793 0.9217678857526341 4566.36066728674 0.00021011614387968588 0.6408881139038218
1.2377430246399175 0.8961417845652255 4794.726427568961 -0.0004278506727107548 0.7874278178649174
1.2377430246399175 0.8961417845652255 4794.726427568961 -0.0004278506727107548 0.7874278178649174
1.2072783853981495 0.8855057558377304 4546.009984632233 -0.00010613099939166964 0.7019875905321618
1.2034716125479883 0.8867062712344465 4546.758488391389 -0.00015340099352579938 0.6905267724793493
1.304035845188055 0.906728691063197 4674.059089604177 -0.00019583316900454364 0.9227673400912326
1.2715581998031196 0.9014227194806125 4958.467287312056 -0.0003037280421034247 0.8356605441303082
1.2628312339926953 0.920474167727044 4249.241432904066 -2.5416780690368473e-06 0.6101636966837225
1.287971637171124 0.9307376070171046 4199.743381281186 8.910493703754796e-05 0.6451193279784706
1.2753852830842969 0.9207136240465836 4249.775283074649 9.903266829307426e-05 0.6717133844480854
1.2753852830842969 0.9207136240465836 4249.775283074649 9.903266829307426e-05 0.6717133844480854
1.186163646291499 0.8884720126168093 4739.37949485296 -1.3505277064253666e-05 0.5312526956358004
1.2236422918883916 0.9016406034730349 4566.748934151001 -0.00024448337205139955 0.44491501136541456
1.1813035843484507 0.8822816710688137 4728.165212751112 -0.00014808219423625602 0.673387046661061
1.2283118807709188 0.8987542228983932 4590.272112747987 -1.881323299027423e-05 0.5647026967019866
1.1904849249391272 0.8847668349306897 4743.185755111374 -0.00010357045861255622 0.6157399956832492
1.1948367249978542 0.8918304307730867 4821.031394849309 -8.825663523006046e-05 0.49782787551060803
1.218668570754154 0.9090061766541385 4869.623318926391 -0.0001515003955830069 0.5575476574231397
1.214330322738674 0.8951505060616282 4853.3187832817575 -0.00014431160792153263 0.54399611346451
1.214330322738674 0.8951505060616282 4853.3187832817575 -0.00014431160792153263 0.54399611346451
1.204958102730143 0.9048036673139734 4822.2614019591065 -6.765974685219468e-05 0.576035396976946
1.2088347174845049 0.9003238935491283 4978.851569838994 -0.0001518856914701469 0.5676667730804755
1.2245962345709238 0.8980733148464234 4985.530901862752 -0.00027341841731772827 0.6287212960187247
1.2245962345709238 0.8980733148464234 4985.530901862752 -0.00027341841731772827 0.6287212960187247
1.1894482662372674 0.8923777251894092 4977.28087821976 -0.00016775419076139813 0.6899743393949307
1.1541520123426743 0.8841495870141348 4995.016013241612 -0.00015045966806632216 0.6438097899717283
1.1829239838678072 0.8793274113166378 4957.339626278214 -0.00020282961062993487 0.474999433701648
1.1554651059630952 0.8893516023058343 4994.2344888399875 -0.00015895546666502364 0.5256274817869893
1.1540404808615057 0.8708809216111091 4903.997356460973 -1.7222641549833232e-05 0.5466622198550528
1.1466977250567012 0.8875034019250885 4951.906624377787 9.536622150537654e-05 0.47291290767773947
1.150173785345534 0.9024955671329904 4980.2305251283005 4.940654487714532e-05 0.5323588017027402
1.1610847409767615 0.8871404317003023 4732.402958911116 5.796297193773307e-05 0.5084390336126026
1.1662887896655947 0.8819893649481876 4997.498620703263 1.942926422682449e-05 0.48158804677804934
1.1125550286608576 0.8758454539826656 4951.009106685224 9.592166083654586e-05 0.4246066283875549
1.1548424913996824 0.87003698966984 4939.186659116991 -0.0001872144844366031 0.4631264579749501
1.207643968060881 0.9106729104025326 4871.188695152811 6.160137465671328e-06 0.6121339104947415
1.1968569303135788 0.9086113434092494 4815.75112150983 4.0646247846128e-05 0.524893745364263
1.1968569303135788 0.9086113434092494 4815.75112150983 4.0646247846128e-05 0.524893745364263
1.1711747840739064 0.8835119060428168 4988.7904245323525 -0.0002542378458504938 0.5239876019204021
1.2152155801613433 0.8949026439587009 4960.90819597965 -0.0001653795343521917 0.5198797454243305
1.145374263073708 0.8788217916967005 4997.719463762428 -4.78967262209433e-05 0.45022762028398833
1.105704660971572 0.8710613243244758 4954.729284818581 -0.00013218430199202238 0.4462419629761691
1.1710126448467586 0.8685877537772086 4405.636116511861 -0.00012482697806817428 0.4145582927032609
1.114715021013702 0.8613894183849174 4805.627135782993 8.090724568997517e-06 0.4191206886596381
1.1301231638099494 0.8607863990996116 4853.890835317141 -1.5745703323625355e-05 0.4120342599371236
1.1031082589836847 0.8644145517659214 4743.825462213929 9.669079332757159e-05 0.41791126878069135
1.1160176725660473 0.8714010587499537 4882.955010803768 6.892671474983908e-05 0.45623066375247756
1.078577726863488 0.8486984596208746 4832.701495145374 -2.6682244824297225e-05 0.39770805358617634
1.1024745035232928 0.8660610921477703 4991.719971096168 -0.00011228807284381835 0.41548023053047534
1.12101339526565 0.8625803326495693 4925.007860158667 -0.000685507329081049 0.4606369924458523
1.1326833228372375 0.8638724749271529 4901.753175966415 -0.0005542157528078505 0.40967819706365266
1.1494072531213708 0.8746367760517745 4887.155005385775 -0.00039754980639149614 0.47529539029826107
1.1638358769121975 0.8546840121367442 4892.23103146484 -0.000866264869830121 0.5076006878519059
1.1665529186651993 0.86704922037091 4728.481816146568 -0.00045316181911763667 0.559586677464648
1.1689606790548954 0.860128825948806 4730.848566636072 -0.0005954124977069088 0.5159760688633044
1.114148543123632 0.846423509910695 4777.2360697808235 -0.0007664593407973804 0.4098635148340376
1.1308605737038973 0.858588960976683 4802.156154698443 -0.00024141729831645282 0.4055380800908193
1.163335766846645 0.8648877290468053 4936.247956976231 -0.0002484341893481993 0.5680816418233783
1.163335766846645 0.8648877290468053 4936.247956976231 -0.0002484341893481993 0.5680816418233783
1.1693647128022082 0.8729687274657816 4910.895561432163 -0.00026220336472578893 0.5170134932687959
1.141893111785501 0.8717815516474005 4937.7521427733445 -0.0004056138438477997 0.5348026391565942
1.2307045290219096 0.9347296759534408 4140.737480626618 0.00048259843604000737 0.5291069510846123
1.1893481251822189 0.9095999830664121 4249.854913470345 0.0002896572993702416 0.46989170061234453
1.2470732460787641 0.9201540177965367 4300.981941266475 0.000355730824578291 0.5052884270242501
1.2425079186216412 0.9173632413031441 4344.437348069146 0.0003591603947290898 0.55026315661808
1.2493110825266078 0.9132389524921366 4371.212150195778 0.0002615268315869081 0.6922502510847541
1.209336697336077 0.9321758486394095 4794.195485489719 0.0005780444225389103 0.6577458660929227
1.209336697336077 0.9321758486394095 4794.195485489719 0.0005780444225389103 0.6577458660929227
1.1718793547535862 0.9085084967497232 4539.445669611312 0.00025304050046032737 0.7746510525373262
1.181453286979317 0.9604215976795291 4736.002024217274 0.0010108324292650165 0.972474727305625
1.250696583008131 0.9305520639206581 4869.88620217968 0.00021598126043377423 0.851299366920629
1.2135271821508196 0.9016120187564542 4939.423650002301 0.00031059781864407676 0.7674275035675033
1.2524089109871412 0.890106611738508 4869.748171826787 0.00016505864581899707 0.762024119139898
1.2475687846363697 0.9131503300806886 4814.896567184393 0.00044569573936380913 0.6939072142663782
1.207914967934331 0.9096466654117535 4951.715481450542 0.0003751152727678787 0.7284104861214968
1.2157625734254538 0.9017400226672428 4810.388442543198 0.000433798112404369 0.7878879764482423
1.148804402235811 0.9049244357304567 4672.8537167390705 0.0005890821814582729 0.5622482586096473
1.1290526343648895 0.9079383670337592 4573.443848123894 0.0005191989261691889 0.5395152512974006
1.1668694337932708 0.9113536741160999 4674.350226869284 0.000979198695223342 0.4535191915428619
1.119196337792817 0.9168590924786845 4803.982482873072 0.0008951805891506682 0.43292485297738287
1.1635661028446713 0.9143935851494546 4832.899215611496 0.00067327998688775 0.510244013195091
1.1764587978950223 0.9153943343593831 4782.218114245627 0.00040410480881589823 0.6232482355116882
1.2440492564825698 0.9125587940409254 4814.639623954945 0.0005457776047242375 0.6799567744200243
1.1502670806821444 0.8934115854019632 4953.678299365455 0.00014476444690197308 0.4789560600212291
1.1627520580624247 0.893742253356323 4949.582123952887 0.00017160170086557815 0.5106333560844971
1.1518410882175865 0.8925310881993145 4858.719855052016 0.000307570603128167 0.5406633237769501
1.133724546695042 0.8950712586200306 4902.566400256992 0.00037698097481524194 0.5492092445777607
1.119651122882914 0.8969542069711742 4817.316945994017 0.00032870442416578667 0.494758954314815
1.119651122882914 0.8969542069711742 4817.316945994017 0.00032870442416578667 0.494758954314815
1.1694029597324636 0.8917582104619487 4926.839122981782 0.00032146379527801545 0.45878938169910727
1.15537032441397 0.8954966169724181 4997.228400648961 0.0004868626273142991 0.4813595125162281
1.1552190390953538 0.8978903500039145 4941.291565342316 0.0007293098565955813 0.5147048727640229
1.1617274346210127 0.8840506753857935 4889.821858779255 0.00017080283276939019 0.5476138746241791
1.146345362825575 0.9203163773403845 4953.71695807759 0.0004070146565627117 0.48065174265229615
1.1767399205501052 0.9071418083576992 4984.109577873236 0.00031531548924343844 0.5752284532102477
1.1804243584280536 0.9050702762796358 4889.698420794656 0.00047174551151911475 0.7051019257985721
1.1715120713069702 0.9183050963654354 4936.360790470488 0.0007227663904448174 0.7767161311130375
1.101008045955103 0.9030234917925856 4888.387925253582 0.0007994056240984296 0.4862811356695143
1.0941452335409858 0.8872775638635194 4936.64553062986 0.0001619444009742609 0.449954140997912
1.140442338271678 0.8807365361826145 4849.042887203034 0.0003326030200137549 0.4191344383525249
1.075684669897353 0.862105175052735 4803.7024856286425 0.0007140123842630578 0.3975723472288167
1.181744808298082 0.8738698187877575 4895.305325551019 0.00039743290672204334 0.4458745761294805
1.093418570683872 0.8621591693552848 4849.963680895928 0.0008870136239166935 0.4010829594877246
1.0663802597810772 0.873202744465767 4837.72775891989 0.0004891436992750765 0.42008762253236537
1.1352702319649919 0.8926852129512385 4994.345897668961 0.00037449567658541305 0.4850026045626534
1.1509305567697399 0.88664899215052 4960.093332546201 0.0005189376728991652 0.4292263608669607
1.0972667982317312 0.8818019545987152 4952.285451565335 0.00026849518336489954 0.47096330800026726
1.1252176762486545 0.8863604531178502 4992.726444066484 0.0004619631497692507 0.4516217241822988
1.1464966366149234 0.8992021174285376 4841.00629145076 0.00046653684898517717 0.46810583947790513
