 F
       16476      157664           3        2048
    0.200846784481674190E+01    0.577016222070043661E+01
 T
   2
    0.200000000000000000E+01    0.300000000000000000E+01    0.841796875000000000E+00    0.158203125000000000E+00
   0
   0
 T T     0           0
    0.000000000000000000E+00   -0.100000000000000002+101    0.000000000000000000E+00
 T F     1        1724
    0.701909776112290664E-03    0.184701145612948570E+01    0.578630298664869436E+01
 T F     1         324
    0.175919759507076176E-03    0.105305376301674469E+00    0.567804570985338497E+01
