chirp_mass mass_ratio EOS alpha zeta
1.0494424221069885 0.5656681456715391 4275.329445953801 -0.00016175151649512726 0.039017232559966857
1.3009206791002423 0.5201736929550682 4691.103929894281 9.6254675059104e-05 0.10284952617655191
1.0733915576982243 0.6085547506365938 4292.7902677548145 1.669470822180888e-05 0.04929780736105262
0.8664622135990024 0.5155066376929494 4571.536147812862 -0.0004741555850888194 0.04040265174021704
1.2778798810503067 0.522969362927065 4327.620470283897 0.0009166752139761843 0.0946964500623349
1.2834990018133188 0.6032149563817796 4533.03086406482 -1.945672057118671e-05 0.10666074786716748
0.9057229508676814 0.5245839045803279 4747.909692459741 3.102578176509366e-05 0.0455615746126271
0.9020864415938996 0.5455620204397096 4387.743104309657 -0.00017417613486208272 0.04326733536174799
1.2202013911620542 0.5675206672710451 4763.472351525455 0.0007324520979299805 0.08232088228200254
1.216981599925072 0.6137363508642981 4638.57130355632 0.00014548536597599847 0.06878100431417122
1.2104316259168477 0.5984484898620281 4030.294875419431 -0.000762042214985766 0.04578290459429179
0.9066563235615365 0.5275825925878921 4275.215089441071 -0.0004018261067081161 0.03983974545317301
0.9298273383888808 0.5555069692101915 4279.570848852838 0.0005188711809640966 0.04460379814686023
1.2408100081565574 0.5341386950217674 4908.24763938581 0.00016039870306479572 0.11166406973443503
1.144060117153767 0.6211908545138962 4902.695013254616 -0.00017438248622197994 0.05102616039500669
1.3382756325540806 0.5989293422576736 4822.623138869016 0.0002706456740652129 0.10179800095197611
1.45280755163771 0.5984083561309591 4496.088533491272 -0.0001169219327787489 0.1254570821134799
1.3260813225589911 0.5447777494737737 4520.97297118091 -0.00010906667744742665 0.10371908305673405
1.2646848088117522 0.5793019324215953 4770.394503135721 -0.00034040839999660555 0.11244386933780984
1.5065139789627338 0.5287867503886354 4328.569192482007 -0.0003569863397746589 0.11554701702686379
1.2158931412408651 0.6224126027479895 4229.501928557865 -0.00017643837584342003 0.05180781125299673
1.2700709691703829 0.5488177422791595 4970.731892302259 -0.0002623088347659827 0.0841315710367868
0.9181795344677873 0.5390048028729817 4796.077519294403 0.000561306432308052 0.0394805105699153
1.374589295774081 0.5001358146952023 4458.949387865574 3.6227122602793746e-05 0.09986273444238349
1.2404150786584849 0.5427457336422452 4263.975546019106 0.0005471536411297255 0.11440745578570721
1.3010456460742859 0.6529083878422044 3931.826461874007 -0.0002803359501968066 0.06209350951752091
1.236634709355871 0.5287913867129985 4781.800763940393 -0.00039692474825052447 0.09555886289603607
1.3503427997041046 0.5081363017040925 4914.372054618386 -6.454195678084293e-05 0.09957757407696877
1.0962072191276397 0.5879441996492645 4642.272103083679 0.0005317882403929798 0.0492267814378229
1.1558368028710158 0.5293000176231979 4800.900742829266 1.9199260770817432e-05 0.07759039994363656
1.2745567989335471 0.5624998827838164 4445.688177607625 0.000250818230487392 0.060935362462052264
1.3315596018722915 0.5880348121544099 4459.222467200171 0.0002571482729620008 0.11647639472768141
1.379822631356816 0.6148973536147644 4751.136253006849 9.45209363978222e-05 0.11433080363444599
0.9730482947989941 0.5508104586645324 4246.818576674765 -8.766618790866576e-05 0.04233611250947185
1.4107151630373433 0.6154911579363975 4324.918965894868 -0.0011214107916514026 0.12067819809283106
1.3028902185240574 0.5392027948394165 4718.395805315231 0.00023533348567314057 0.10143075935905427
1.2768209772232026 0.5390347958819187 4927.279855070587 0.00011700769510830092 0.1105657307554975
1.2720644029071466 0.5289924398113033 4867.5837054255535 -0.0007030471934370497 0.09738698084413308
1.2851949044626754 0.5398703416064299 4399.1574567410225 -0.0003200169308310876 0.1010468747438057
1.080885903706995 0.5975475628442327 4104.823724928402 6.955745872676619e-05 0.042304348011160356
1.1540922496797772 0.5526537268073864 4403.921995669246 -0.00041504292132436236 0.04451103990528246
1.4009554785547502 0.6396383758039733 4537.017938061 -0.00012470555279122292 0.10882482850943877
1.205210018843954 0.6202684214149187 4558.544371113571 0.0004516098553042722 0.05970505742252681
1.154410748405271 0.5865942314487836 4887.772205587526 0.0002546106327306655 0.0546278288086831
1.3603160575252713 0.5591260471441524 4882.457638749907 0.0004900673997590382 0.12408919179187741
1.1476211047845788 0.6109905236434545 4528.261429282808 0.00022703254313911645 0.049950872961881485
1.011111469631475 0.5716627153929259 4320.671849819656 0.00011688640002962365 0.04496477521650092
1.176134123463068 0.5901114115930226 4435.774161965157 0.0005946124079963974 0.07753593205833595
1.0812721106778702 0.5625954219235495 3946.82851028411 -0.00048631700175858763 0.04111009217853836
1.4057441296938478 0.5442774443354741 4203.49284662225 2.1867123589406378e-05 0.11869170666789941
1.2089421179921938 0.5304628195485089 4441.208837652165 0.00013373874188997054 0.07942223699765258
1.219455258983142 0.5979584915786771 4604.18212699354 -1.7577458491265815e-05 0.057728138944663804
1.2737145354948782 0.6094772797656585 3931.6447568221743 5.221218348747604e-05 0.05791732979156866
1.1101140276147046 0.5486266248557575 4387.850962507474 0.0003054262915388896 0.04479642022929521
1.2550704883202113 0.5981945584035796 4788.755166080776 0.00039718869394395854 0.11286820555611202
1.2335332732725293 0.5279409153910067 4708.667013985453 -0.0004424816388161279 0.08473944030492224
1.2882320284843445 0.5855871960520744 4801.2380039691925 -0.0005410696759224504 0.12254154682159424
1.2183794331489153 0.638820960786652 4716.568651456458 0.00012311709281681706 0.050446825508150356
1.4630083152167856 0.549749865641386 4532.513563236682 -0.0006908911230364875 0.10939013604551885
1.1099306394245012 0.5902395927160206 4610.68666217391 -3.49407317866246e-05 0.04987182105817575
1.1916400928180955 0.6135433864076144 4408.740609506053 -0.00040260325210102936 0.0498873986221368
0.9314039900154802 0.5505543605741241 4710.737686998463 -0.00011716582126780826 0.044748701484294995
1.175651472214429 0.5382836232487718 4714.011842397766 0.00029108738587807216 0.06263101526290447
1.3519704790342773 0.5429974456374231 4938.680524759432 -0.000613055679192493 0.11388491798442181
1.2197364987924477 0.597339487755719 4642.148584573104 -2.5743812859970456e-05 0.06190875610529598
1.3073432753380727 0.5976820879271278 4837.483921983375 0.0003266365584047117 0.11986792352914656
1.3911485956278287 0.6268931115528303 4659.3854144101015 0.0004300295758490549 0.11042599458289576
1.4226409013992602 0.5683612529579403 4369.805996592033 -0.00035124598978785934 0.12053721197566329
1.4607291272587 0.5377406481447758 4877.000370157779 0.00023859905193904092 0.10327145604360218
1.2199623755498792 0.554323475257476 4719.877554527639 -0.0005139425468690811 0.04667203922503825
1.1052805809191133 0.612165411235647 4236.777954305683 0.0007052935692538469 0.04413796754938803
1.098765365619455 0.5610115260575483 4847.995262765814 0.0010893420519073216 0.04604220090311924
1.2854585912325929 0.5452911243937809 4710.019576552051 0.0001662877524911849 0.10404746199716036
1.3794508024668448 0.5491213697966724 4998.006575008004 -6.526332195157445e-05 0.11970205940342377
1.2580644612534941 0.5842997002612602 4993.702747739372 0.0007221055256585982 0.09631081714915529
1.4935012676930495 0.6222458212331359 4526.1359713712645 0.0004897247697308135 0.13621581364354932
1.1283321335488117 0.5428982943844989 4613.055772293117 -0.00023983900448392435 0.051910789150725375
1.1728106923952581 0.5848059966951712 4454.041172726441 -0.0005885086666634643 0.05332337683133505
1.3602367459244398 0.5758835689904522 4760.594132522642 0.00036056556569381083 0.1247945668769121
0.9299353550762567 0.5302037510914666 4804.143710343369 0.00029167741656570327 0.0437606962930797
1.3209259797753354 0.56289292934386 4877.636209370068 -0.0006081769471639368 0.10191164893420676
0.9709360443097976 0.5665351398347929 4867.2265572709475 0.00075274560356682 0.04178895831812626
1.1986248063553409 0.5778426479932044 4070.6747402085525 0.0004803090671941413 0.04748235063247387
1.3326718810221603 0.5674774121457649 4601.145238910158 0.00027734869909689123 0.123888254261045
1.2408287830444416 0.5533256344942294 4718.237131858345 0.00022491138115896564 0.08277261908872938
1.1913308171534565 0.5586579964601182 4621.2057228530575 -0.0005031892826284237 0.051835454159171235
1.083699084115955 0.5660396741856 4925.455767099252 0.00038166507272178974 0.04880520867843652
1.356631598031497 0.5721786758899755 4202.540348383653 -3.4537148156813306e-05 0.10143231832308952
1.3682732322520206 0.5164539184320646 4500.255927144388 0.00033689045002774717 0.11120253631426569
1.1909564176981702 0.5693673575409536 4613.934831846334 -0.00010124177695407539 0.07793727099107356
1.2541238790289657 0.5626044124187737 4555.847107376151 -0.00021773347652435647 0.0719170498426089
1.1563753494312783 0.5975885558231891 4866.373321689543 0.0003392586065618753 0.07860571103801872
1.0334224776095076 0.5708864817928745 4096.055977329708 0.0009074542730056199 0.044468018009812094
1.0334224776095076 0.5708864817928745 4096.055977329708 0.0009074542730056199 0.044468018009812094
1.309489788576843 0.6133612941364849 4416.181442949646 -0.0003219249658477186 0.09541035303196571
1.15935946986952 0.5989052663659755 3965.251120102608 -0.00035127532438750743 0.0448977136466117
1.2567710291888998 0.5482126367185808 4919.472229175711 -0.0007352957837810447 0.09566130940684937
1.3513879751548739 0.5656422863917587 4126.798985042391 -0.0006708704001958316 0.10112273816259706
1.1467451031737936 0.5426519411482656 4782.141973215452 0.00043289771749351877 0.04852302595156047
1.021788064084219 0.5319001425986821 4913.180820080236 -0.0003106610762964304 0.04407141886746795
0.9099742862945256 0.5213854703493177 4921.961028500293 -0.00046791047610586793 0.04261775281107722
1.4111748210639732 0.5387498108338131 4242.408601286877 0.0002894791585820333 0.11425434603066952
1.1471552228914015 0.6029368899184562 4428.826450242648 0.0002342721550953839 0.04402382918316672
1.3773130049147124 0.6078774824013149 4747.052062468478 0.0009010533208875281 0.10149447869910452
1.296499982215411 0.6118459454413918 4941.541562158161 1.987414596374653e-05 0.1082521103474578
0.9743503669869888 0.5501371866888729 4766.5090513771665 7.187607436743798e-07 0.04084978838419681
0.9743503669869888 0.5501371866888729 4766.5090513771665 7.187607436743798e-07 0.04084978838419681
1.2397979437891093 0.5669962367439147 4486.154129894025 -5.773364446322208e-06 0.08282397156249424
1.4371965728429252 0.5492252957648992 4433.1975170898095 -0.0001289182652941605 0.11217240724544436
1.2365044900542903 0.5889972139987031 4122.800307684568 -0.0005762032261630385 0.052610631645554164
1.2365044900542903 0.5889972139987031 4122.800307684568 -0.0005762032261630385 0.052610631645554164
1.3025879562900888 0.5820686704517595 4404.522056976517 -5.146107125638581e-05 0.10405715289323221
1.3025879562900888 0.5820686704517595 4404.522056976517 -5.146107125638581e-05 0.10405715289323221
0.9440428122089846 0.534960893577642 4883.096303654176 -7.32199179680302e-05 0.041076340053511524
1.3481851341630222 0.5413407656443734 4853.952009067777 4.9190100636037476e-05 0.10431777166387884
1.3481851341630222 0.5413407656443734 4853.952009067777 4.9190100636037476e-05 0.10431777166387884
1.306937278636314 0.580359602069497 4396.526370848434 -0.0003780962291902765 0.10469399779936106
1.306937278636314 0.580359602069497 4396.526370848434 -0.0003780962291902765 0.10469399779936106
1.1477131055337022 0.5924545050091851 4128.81436205446 3.863323676131936e-05 0.04463086165984009
1.2985310799859249 0.5171856097313461 4793.996214465851 -0.00032509625728997435 0.09956219167058314
1.2943157742761717 0.5808245853735718 4790.347203442819 -0.00046093238089527945 0.1182755417904109
1.3485608430992406 0.54274523726207 4739.4047009552605 -0.00059696713216565 0.10187967173572215
1.3485608430992406 0.54274523726207 4739.4047009552605 -0.00059696713216565 0.10187967173572215
0.9327837186334833 0.5562538855904388 4456.235870361848 0.00014313122577576336 0.04440988008590063
1.2155363875942191 0.6013889431321555 4532.797430650652 0.0006308309503988192 0.04690531762931974
1.1699004919214722 0.536718619920054 4903.988807081711 0.0007547781754096325 0.06101943687480266
1.1586266798447904 0.5513910293612906 4737.904675350342 6.132139704087123e-05 0.05228509065349695
1.1586266798447904 0.5513910293612906 4737.904675350342 6.132139704087123e-05 0.05228509065349695
1.4082037453721012 0.5814424968930072 4840.603377590982 -0.0001017006978426132 0.12473686407511299
1.4082037453721012 0.5814424968930072 4840.603377590982 -0.0001017006978426132 0.12473686407511299
1.0613383477575489 0.561875841998739 4944.074334756474 -0.0001464530074831562 0.04126217401940536
1.0538442983937908 0.5686155708390995 4453.684671732535 0.0003961820979772338 0.041375623073409355
0.8751478812897281 0.5226334826362733 4927.714981509944 1.3563271353768955e-05 0.041777339547086956
0.8751478812897281 0.5226334826362733 4927.714981509944 1.3563271353768955e-05 0.041777339547086956
1.4104398930849826 0.5494366416297058 4169.42605234886 -0.0006066617764350717 0.11202724303771792
1.4104398930849826 0.5494366416297058 4169.42605234886 -0.0006066617764350717 0.11202724303771792
1.2136192445089922 0.5836815742488282 4601.65453658389 0.00012020709341738756 0.08125310618746993
1.2562918476813563 0.5655280860032323 4931.693997061522 -0.0009938435356271309 0.0996464649689316
1.2562918476813563 0.5655280860032323 4931.693997061522 -0.0009938435356271309 0.0996464649689316
1.2611132872045812 0.5611960340153892 4917.779871467592 -0.00021715263707223565 0.11260142760286376
1.3183533193222834 0.5251959149034093 4645.363889810254 -0.0002873966131194268 0.10868930655852349
1.3183533193222834 0.5251959149034093 4645.363889810254 -0.0002873966131194268 0.10868930655852349
1.374482902398705 0.5927351324042031 4225.744614582296 0.00030209433637945515 0.12328834840673975
1.374482902398705 0.5927351324042031 4225.744614582296 0.00030209433637945515 0.12328834840673975
1.2851548783119313 0.6092417540092078 4238.443299499899 -0.00026792706932019016 0.06269734447304526
1.0405469141929187 0.5641187711189557 4877.034369464374 0.00029228939645661585 0.04527453457466011
1.0405469141929187 0.5641187711189557 4877.034369464374 0.00029228939645661585 0.04527453457466011
1.210388088126377 0.5992187166517606 4965.984778648578 -0.0001727352279016069 0.09077310307996816
1.210388088126377 0.5992187166517606 4965.984778648578 -0.0001727352279016069 0.09077310307996816
1.2222889750489998 0.5347712791811619 4258.687570925261 -0.0001232803882047972 0.08384819233393287
1.2222889750489998 0.5347712791811619 4258.687570925261 -0.0001232803882047972 0.08384819233393287
1.1079048784532068 0.5551418958622174 4083.7979183739426 0.00026811328034193055 0.04260460180448837
0.8894823729676731 0.5318997286531424 4629.008669887932 0.0006551476310672273 0.04241823366446219
0.8894823729676731 0.5318997286531424 4629.008669887932 0.0006551476310672273 0.04241823366446219
1.252992469931496 0.5482933387598637 4579.012959905099 3.1252362796673656e-05 0.1137771743119132
1.252992469931496 0.5482933387598637 4579.012959905099 3.1252362796673656e-05 0.1137771743119132
1.1212862087053255 0.5654481283291513 4886.279395444388 0.0006523449978704518 0.04851836200195796
1.1212862087053255 0.5654481283291513 4886.279395444388 0.0006523449978704518 0.04851836200195796
1.2606167426906567 0.6005770315581289 4962.911582219965 0.00011299189067062505 0.09615597292630951
1.2606167426906567 0.6005770315581289 4962.911582219965 0.00011299189067062505 0.09615597292630951
1.17407848861546 0.5913351505775022 4713.759988731038 -8.018480168866446e-05 0.050045501301572
1.138016726510793 0.5520137029484209 4443.0682419042805 0.0003139142055011166 0.05248226980309128
1.138016726510793 0.5520137029484209 4443.0682419042805 0.0003139142055011166 0.05248226980309128
1.1776531874486897 0.5517469475756882 4579.806760489747 0.00017832527601783775 0.09287124785498002
1.1776531874486897 0.5517469475756882 4579.806760489747 0.00017832527601783775 0.09287124785498002
1.0048190312328877 0.5569347163321368 4512.195121547394 0.00029952145419772226 0.04136096627305956
1.1263444327496082 0.5731812095821901 4702.30801260312 0.00034040530311056703 0.07474273564809515
1.2213588255755001 0.5755492981468316 4552.019006998096 6.503043081584223e-06 0.05706065354091015
1.2213588255755001 0.5755492981468316 4552.019006998096 6.503043081584223e-06 0.05706065354091015
1.3674779693354986 0.5351988978181469 4707.893931099493 5.936457503267922e-05 0.10564490846207247
1.3674779693354986 0.5351988978181469 4707.893931099493 5.936457503267922e-05 0.10564490846207247
1.1312722248417435 0.5461611729273946 4340.272021584306 -1.292635150167702e-06 0.07022875507362747
1.1312722248417435 0.5461611729273946 4340.272021584306 -1.292635150167702e-06 0.07022875507362747
1.3660603456828644 0.5436959979996172 4522.001180471689 -6.08295800432397e-05 0.11126984517838316
1.3660603456828644 0.5436959979996172 4522.001180471689 -6.08295800432397e-05 0.11126984517838316
1.3219650137757462 0.5626871759888478 4986.524536999277 -7.663524532626829e-05 0.10737232000539736
1.3219650137757462 0.5626871759888478 4986.524536999277 -7.663524532626829e-05 0.10737232000539736
1.1919095616118431 0.583856684844416 4267.920766590052 0.0003163663162905917 0.05816136952174038
1.2002345620173447 0.6094295280397419 4739.550279797629 0.0007785650691153187 0.05732547882100869
1.2002345620173447 0.6094295280397419 4739.550279797629 0.0007785650691153187 0.05732547882100869
1.3543315582493052 0.6145233979036331 4249.902546311656 0.0002832543254359636 0.08569120240496951
1.3816036055122736 0.5177176438606796 4428.088472226435 0.0004548738218615082 0.10123440471829998
1.3816036055122736 0.5177176438606796 4428.088472226435 0.0004548738218615082 0.10123440471829998
1.14269810362022 0.5359513342826577 4235.16317406434 -1.716740682071906e-05 0.07510144649351781
1.14269810362022 0.5359513342826577 4235.16317406434 -1.716740682071906e-05 0.07510144649351781
0.991153401749239 0.5321217326984066 4949.302218448043 -0.0001367969873038563 0.04302736652055879
0.991153401749239 0.5321217326984066 4949.302218448043 -0.0001367969873038563 0.04302736652055879
1.4075169897441433 0.5987355713370691 4767.828923482557 1.0697889899264004e-05 0.12122835404910341
1.456246323949519 0.5634578174362855 4416.028018772099 0.001089125348797999 0.11848152784716866
1.354435034933685 0.6104508715120835 4657.645914873503 -0.00023911988780046946 0.07388838401844679
1.354435034933685 0.6104508715120835 4657.645914873503 -0.00023911988780046946 0.07388838401844679
1.258842264247928 0.5965199765127531 4362.752268186328 -0.0005208387474739715 0.08853457742134374
1.258842264247928 0.5965199765127531 4362.752268186328 -0.0005208387474739715 0.08853457742134374
1.1733067388014846 0.5904898323688622 4946.900398541363 -0.0003472104675031716 0.07217143261767585
1.1733067388014846 0.5904898323688622 4946.900398541363 -0.0003472104675031716 0.07217143261767585
1.3784313648369666 0.6104982136741167 4496.462202904602 -0.00015659569842292514 0.10943717812214465
1.2035329500418301 0.5684564824148748 4147.470205519627 -0.00041899201978762437 0.078526073683323
1.2407471168525213 0.5759712961878258 4917.555327016515 0.0002318143147973821 0.1099807272020156
1.332544710656205 0.57748833407514 3946.52031546032 -0.000931549211033977 0.1119381299189398
1.332544710656205 0.57748833407514 3946.52031546032 -0.000931549211033977 0.1119381299189398
1.4402482664176062 0.5856845175112524 4266.235293613722 0.00013329478931575813 0.11474323421595115
1.1908303472463988 0.5670159621617787 4634.240908471201 0.0004422407918433717 0.05083979111442228
1.2077290401487089 0.565024875448972 4528.279550884342 -0.00032951875268147465 0.06832888479044281
1.2077290401487089 0.565024875448972 4528.279550884342 -0.00032951875268147465 0.06832888479044281
1.1464952339138974 0.6056428758209982 4252.002105021897 3.0385516593562962e-05 0.04782815257327833
1.254121999331862 0.5500425971746077 4197.098237442185 -0.00017063982142323517 0.09756029565322777
0.9784182200377967 0.5485863450941533 4869.61523552155 0.0005856025434818636 0.04476215585798865
1.0465839226271216 0.5849520232977651 4615.4927203538255 0.0003528922225174434 0.042014203626152005
1.3302467089546772 0.5086757517742175 4644.847800418326 -0.0001530290791370635 0.10629430052155202
1.3666130225134805 0.5446332126453015 4202.826046375975 -0.00048282342549389105 0.10965210484926752
1.184259800004241 0.6122182652556567 4922.313600510594 -9.331914860062977e-05 0.05412357631794826
1.184259800004241 0.6122182652556567 4922.313600510594 -9.331914860062977e-05 0.05412357631794826
1.1710452065198178 0.5750302255050814 4641.116169035655 0.0007982037083313968 0.053833288405726244
1.2280163390619507 0.5532125729949375 4439.524328968069 -0.0005744538899355209 0.10902232822039208
1.2280163390619507 0.5532125729949375 4439.524328968069 -0.0005744538899355209 0.10902232822039208
1.3182339967583276 0.5850889239825514 4999.671679529437 0.0006125702916938849 0.11685945047114939
1.3182339967583276 0.5850889239825514 4999.671679529437 0.0006125702916938849 0.11685945047114939
1.4988439696763498 0.5758596966866245 4324.133203119933 0.0006895098639933968 0.11469706211291554
1.3418608105502505 0.601136833436367 4259.825921208107 -3.211584567984592e-05 0.11123673311030421
1.3034972713195971 0.6095786264582239 4794.693860366597 0.00016433229812578282 0.10577480443995049
1.3034972713195971 0.6095786264582239 4794.693860366597 0.00016433229812578282 0.10577480443995049
1.3566988461557132 0.5236787155143281 4348.0771325968135 -0.00013754939610929567 0.10323913668688482
1.3566988461557132 0.5236787155143281 4348.0771325968135 -0.00013754939610929567 0.10323913668688482
1.1610604821180406 0.6104541742465938 4901.997737722176 -0.00023414297803449837 0.0489841159368273
1.1610604821180406 0.6104541742465938 4901.997737722176 -0.00023414297803449837 0.0489841159368273
1.3088202019471757 0.6068276831631039 4671.239792133153 -0.00040154314462008314 0.09908576189157242
1.3088202019471757 0.6068276831631039 4671.239792133153 -0.00040154314462008314 0.09908576189157242
1.307135255972769 0.5643807627148295 4269.418789788752 0.00016215402478267124 0.10037148026292725
1.307135255972769 0.5643807627148295 4269.418789788752 0.00016215402478267124 0.10037148026292725
1.032970469207198 0.5844074277374088 4590.919427823592 0.00031460533867982916 0.04489088994300006
1.032970469207198 0.5844074277374088 4590.919427823592 0.00031460533867982916 0.04489088994300006
1.3631163535011437 0.6083075265599382 4775.277915940731 -0.00026742885075642424 0.11293799334440535
1.314374826918968 0.5824771400214332 4713.062951591023 -0.00021129073114081422 0.10876513190937413
1.314374826918968 0.5824771400214332 4713.062951591023 -0.00021129073114081422 0.10876513190937413
1.2338261456596247 0.6046886880252679 4101.915378562393 -0.000308743943714132 0.04786125985051766
1.1215287698146315 0.5728335802892877 4511.994984374722 -0.0002616664093383877 0.042033180768513825
1.2899403937915397 0.573099045365657 4919.113603641099 -0.0006125772238785534 0.0981381249218602
1.2899403937915397 0.573099045365657 4919.113603641099 -0.0006125772238785534 0.0981381249218602
1.020717099790968 0.5617899036822789 4891.849142836022 0.0005543825363741558 0.040488859174460046
1.020717099790968 0.5617899036822789 4891.849142836022 0.0005543825363741558 0.040488859174460046
1.2914677380486235 0.5642272970016264 4522.249468169726 -2.233151546540217e-05 0.11149779280040534
1.2914677380486235 0.5642272970016264 4522.249468169726 -2.233151546540217e-05 0.11149779280040534
1.3815800816973307 0.5269945977780877 4428.19953546625 -0.00013351117371063933 0.102504867486024
1.3815800816973307 0.5269945977780877 4428.19953546625 -0.00013351117371063933 0.102504867486024
1.4299901419207035 0.5747512515761061 4169.320085686066 0.0003080954817880891 0.12079993139086453
1.1560068140518307 0.593468000168393 4750.359193077864 2.821366115823697e-05 0.042596214860605795
1.207199430974228 0.5436545974954105 4809.694419271105 -6.894209633439457e-05 0.10577256097423834
1.2276447094769987 0.6093750330662745 4947.092951899116 0.0007127488543572967 0.06935400019474004
1.2276447094769987 0.6093750330662745 4947.092951899116 0.0007127488543572967 0.06935400019474004
1.0798322825534592 0.5857305670506432 4550.32250781746 -6.648260084184464e-05 0.04502185425057122
1.4523833571520692 0.5878391846658231 4130.150800242938 0.0003845630199062065 0.11431495144613443
1.4523833571520692 0.5878391846658231 4130.150800242938 0.0003845630199062065 0.11431495144613443
1.2610287488786176 0.598036249163785 4634.312210809439 -9.434209060153258e-05 0.06527647018966341
1.257422715309441 0.5273495245110578 4667.68115824881 -7.057790662706544e-05 0.10812297741883133
1.2089184504834398 0.5547989786755761 4663.394639477881 0.00035561726649415044 0.07426283649119236
1.3115095598903834 0.5672158908127862 4662.343598356124 7.919187069874696e-05 0.11030315690919144
1.3115095598903834 0.5672158908127862 4662.343598356124 7.919187069874696e-05 0.11030315690919144
1.3368232039520835 0.5991222968045332 4328.741865098278 0.00013434861156402586 0.09068142927603753
1.2530524186536205 0.5495286871054688 4954.957068909904 0.0001366527467683087 0.0976254751305192
1.2530524186536205 0.5495286871054688 4954.957068909904 0.0001366527467683087 0.0976254751305192
1.0342024133632464 0.5796945414616603 4794.172867953326 -0.00024310801309924984 0.046553799681365256
1.0342024133632464 0.5796945414616603 4794.172867953326 -0.00024310801309924984 0.046553799681365256
1.1893349333577468 0.5901246567933917 4323.110132604804 -0.00010774262451535692 0.04861142477454792
1.1893349333577468 0.5901246567933917 4323.110132604804 -0.00010774262451535692 0.04861142477454792
1.3563950092552322 0.5600502116432926 4053.3143396599194 -0.00019337999707195907 0.09352120442226446
1.3025753235854949 0.6081613309888916 4831.924975306843 -0.0008520120664557988 0.07471002738663102
0.9308757437248332 0.5410362109472061 4954.329703692175 0.0003805359892357918 0.04224447948952176
1.3907271523522393 0.5237287012216261 4853.968017564963 0.00011307525367641556 0.10574056673138846
1.3907271523522393 0.5237287012216261 4853.968017564963 0.00011307525367641556 0.10574056673138846
1.2441158872328333 0.5249902803403266 4912.7878669103875 -0.00019489336679582263 0.10945420893324136
1.3193935100980174 0.5506039751252358 4829.573210567146 -0.0001775692365006785 0.1082374801458604
1.178799519178193 0.5785391593561994 4322.594998444937 0.00011790009011735162 0.0593914051072834
1.2447314846595128 0.5910455194770116 4874.299881626812 -0.0005941970023377739 0.09843503990754071
1.216882480861166 0.6223335019196972 4850.719847196813 -1.570073847989204e-05 0.04888770198641371
1.2849693383955947 0.5341940097446964 4286.2234877309 -0.00026417492974430633 0.10413820495330978
1.2084052567265506 0.569287717983568 4318.8760826783755 -0.00030134237156103597 0.09533006491198712
1.0009926154296682 0.5441621150393192 4428.824260276307 -0.00014857071146488505 0.04340894613329811
0.9894891332516507 0.553004999157912 4306.200899860425 0.0001604895503886327 0.04127173868384431
0.9637079448567687 0.5483821454882074 4941.745980712587 0.0002337884218365819 0.044315039565177204
1.3652951829052578 0.5331336779581344 4760.734977431419 -0.0001872997533706675 0.11660519776866346
1.2202864511598315 0.5567128941853724 4691.223482049984 -0.0008999785914266214 0.0780510160843009
1.3635840514423347 0.5928622698274715 4445.6377406411275 -6.263732639955111e-05 0.0995734116425068
1.3635840514423347 0.5928622698274715 4445.6377406411275 -6.263732639955111e-05 0.0995734116425068
1.3397590536635002 0.5744254489785956 4930.34696694659 -0.0002178483983011047 0.09836178266416906
1.3397590536635002 0.5744254489785956 4930.34696694659 -0.0002178483983011047 0.09836178266416906
1.1279242427721763 0.562753016694698 4748.590305824078 0.0003337572865458122 0.04752863054709484
1.1279242427721763 0.562753016694698 4748.590305824078 0.0003337572865458122 0.04752863054709484
1.3287749343084314 0.5297713143341318 4377.761042743956 -0.000247200556222957 0.1076447611673988
1.3287749343084314 0.5297713143341318 4377.761042743956 -0.000247200556222957 0.1076447611673988
1.1528404904296103 0.606744633845344 4994.29573990053 0.00027465763028952856 0.04966439520194016
1.1806123209859878 0.6099379669472196 4629.895918787074 4.8056366173986195e-05 0.06446415306713237
1.1806123209859878 0.6099379669472196 4629.895918787074 4.8056366173986195e-05 0.06446415306713237
1.4701807606751154 0.6038795038495527 4850.935313675319 -0.00040751629600041853 0.118331836141114
1.1048802277823666 0.5903357122634074 4775.4599614302215 -0.0001150561822000456 0.04626099963905428
1.2222329954463858 0.5519695652350146 4795.593972686953 -0.0003589419482861776 0.10100187361679197
1.2939915698725022 0.5709167926338898 4133.880202991991 -0.00016144745600921701 0.10616844974099403
1.2939915698725022 0.5709167926338898 4133.880202991991 -0.00016144745600921701 0.10616844974099403
1.3393984095558138 0.543502854826477 4454.354931678477 9.120561940636884e-05 0.10865792360492094
1.1254051150919024 0.5716169018174079 4709.408883826239 0.0006285522718069397 0.046265784011769825
1.2736235007059926 0.544328057444619 4989.512170946162 -0.0006591530893915937 0.10890729575586472
1.0710637053587784 0.5737801898752446 4619.414872041693 0.00019156013770854304 0.04661312098055691
1.134311753950244 0.579471224264186 4358.787806203198 -0.00031437505325568836 0.06688995882685456
1.4151566998127962 0.5754783076545413 4741.749681854554 -0.00033802937187107 0.12303072952893752
1.325507525833751 0.5586650496442551 4215.434143365684 -0.00024307336404339708 0.10596875189560821
1.1237709705720087 0.5647936617557808 4827.560966007544 0.0004115521020722863 0.04523708368838545
1.3449741152273895 0.6038917174800507 4756.667173738379 5.10243349793297e-05 0.09760455355730373
1.3449741152273895 0.6038917174800507 4756.667173738379 5.10243349793297e-05 0.09760455355730373
1.3315210729389915 0.6311957829818322 4527.106969492651 -2.188188394528833e-05 0.08610836368459998
1.027642845798402 0.5588048035768463 4981.156283716396 -0.00010693123506403109 0.04442220541096335
1.0876614968727762 0.581624738186961 4056.4273347854814 -0.0002298745806868778 0.04286024594235359
1.2351585027479772 0.5862424943653002 4305.378969972841 -0.0002881735976994625 0.05035407451645274
1.3706057702921886 0.6004206253906182 4864.997886308517 -0.0003659816916434946 0.11144894290583653
1.313612594852677 0.5728354735022807 4773.413915574969 -0.0003015929758409309 0.07427258650891848
1.321236976095527 0.5341858850138574 4544.662686707542 0.0010541506862226158 0.10544277142603231
1.321236976095527 0.5341858850138574 4544.662686707542 0.0010541506862226158 0.10544277142603231
1.2848313747817226 0.5833038678903317 4755.544787648152 -0.00019078134911016295 0.08731505183238754
1.1883375607326716 0.5414399177312903 4608.282002012515 0.0003617192296678216 0.09037338413438625
1.1883375607326716 0.5414399177312903 4608.282002012515 0.0003617192296678216 0.09037338413438625
1.0693182506987777 0.5960946497128724 4643.077054901049 0.0004922887595123218 0.044808130114319694
1.191257623773365 0.548212102345069 4879.413168190718 0.00028273060151771826 0.09868319531793375
1.035883307272148 0.5460280057212648 4743.422867702981 0.00035010351722083955 0.042620105579869255
1.018703552636357 0.5636841064060009 4766.812110898842 -0.0005386923544689603 0.04401499053406091
1.1861229978297605 0.597392124824661 4604.81387018561 0.00010851126045319848 0.0513074889434547
1.3174195006353893 0.5660723605368274 4734.8353027805 0.00021569825968684083 0.11291193559124925
1.3174195006353893 0.5660723605368274 4734.8353027805 0.00021569825968684083 0.11291193559124925
1.0481203411216684 0.5921636119213605 4974.175621411567 0.00018793814644053831 0.04443383721016161
1.246313512022595 0.5462031840427825 4692.569132189126 0.0006638627396700876 0.10792169756595292
1.1620225146421181 0.6000171000337713 4727.859420676936 0.00042031990219935537 0.051238735978216474
1.3763732543209306 0.6104826996824563 4988.763087925064 0.0008711107345281958 0.12706734642926412
1.1167266445298767 0.5525783574709744 4966.083250468518 -0.00033762664293208533 0.04378972043781062
1.1926897950545885 0.5672480099141539 4376.430060774041 -0.0005647888547256607 0.08208628597101811
1.297229534741136 0.591414640461891 4371.325391056983 -0.00031997122563763846 0.07989484398574684
1.104525805698735 0.5658589292530176 4876.709303126335 0.0005601408438526941 0.04732947339464222
1.2218656773553458 0.5688747071006781 4463.851776079719 -0.00032809593566631925 0.10244727447935671
1.2538415579736126 0.6023195719577841 4907.2980368873605 3.96553244488467e-05 0.09003129336112976
1.3079732555334211 0.5475375465970406 4792.044697432018 -0.00021256070511632206 0.11452778481257084
1.3079732555334211 0.5475375465970406 4792.044697432018 -0.00021256070511632206 0.11452778481257084
1.2941384595515313 0.5811012840406052 4822.982477496462 0.00010526867411620824 0.09470887970731265
1.2818559270907142 0.545457571988234 4737.667105849266 0.00029207711481166816 0.10107196040197641
1.0812063271210075 0.5675126851623028 4581.8941452954605 0.00041515906193094243 0.041770387565054704
1.2490714884159482 0.5651211256993591 4645.468383645433 0.0003405338703994967 0.09174351252811747
1.2490714884159482 0.5651211256993591 4645.468383645433 0.0003405338703994967 0.09174351252811747
1.3424404274892852 0.570466519848774 4046.113145906254 -0.0007410185990710842 0.10743294266105492
1.2515100829445611 0.556273992903331 4263.654697535054 -0.0007917029519195538 0.11017693023683799
1.1623286774490962 0.5913659587814312 4871.585725471885 0.000602431928302396 0.049565814864647964
1.1979073235529156 0.5730761800278555 4414.064718342265 -0.00014082810360779697 0.07991963348196021
1.102563714529147 0.5815285116470245 4651.845884172434 -0.00022452953402198525 0.045388314534016164
1.2788397088045527 0.5493837474887131 4973.578770364423 -0.00023423168997790215 0.10792738546326928
1.1850286512527988 0.5970395575478905 4257.37988251444 -3.9540943159501614e-05 0.047311257123657066
1.0505542681165778 0.5551739253889243 4757.393711880202 -0.0007475644956365596 0.04390620921876684
1.224496953685351 0.5750565287465159 4489.8335122653125 0.0002010235121675717 0.09833962380196654
1.027996567843988 0.5745890300817262 4933.39588643522 0.00027944365342293467 0.04466827280006288
1.2438661426036564 0.5333948003720859 4809.935337171237 0.0002903562600752268 0.10278235627641936
1.2438661426036564 0.5333948003720859 4809.935337171237 0.0002903562600752268 0.10278235627641936
1.2956010348476643 0.5751625502067725 4581.998278185861 -0.00029240475306051636 0.07000593432380031
1.3176779091878255 0.5830903388182449 4168.142031012354 -0.00013336751064840175 0.10051638375086094
1.3176779091878255 0.5830903388182449 4168.142031012354 -0.00013336751064840175 0.10051638375086094
1.206965856784791 0.5596620555869302 4911.14918122044 -0.00015959388154081306 0.0547523038235046
1.060838237704758 0.5687600708328646 4679.293718883382 8.003606731592928e-05 0.04427975912087294
1.0629748697355945 0.5552250118127385 4730.646837099132 0.0001819678458016198 0.04364846793172848
1.4256444381791165 0.5704262745981863 4864.866981188359 -0.00013616165516577725 0.11404976321187374
1.3317007988731513 0.5933267771480926 4470.275870068027 0.0002666721793385445 0.09838418681714331
1.2974011773497751 0.6020598539687336 4943.263324421433 -0.00037285655769176475 0.09215624587509946
1.0674678112371077 0.5617497543586757 4577.4353603576665 -0.0005835501485304455 0.047455849911049154
1.350432229881456 0.5828478926157057 4665.868980053356 0.0006271725146063272 0.11457932033909102
1.350432229881456 0.5828478926157057 4665.868980053356 0.0006271725146063272 0.11457932033909102
1.1711298293241084 0.5517028138975143 4882.63547626562 0.0002925696071890491 0.05813544835852458
1.291745877970128 0.6019491290746477 4877.200397820422 -0.00018329506092917516 0.08330008606495287
1.398448821601752 0.5953279536381434 4204.199491975936 0.00034384856328053474 0.12496841582316381
1.3027586195667191 0.5632380458779298 4903.52697775821 -0.00013993982111125527 0.10598866374184857
1.1456095429740618 0.5788481582055017 4871.2268153168125 -4.8382717154827336e-05 0.04456306671203135
0.9897662633460159 0.5692396701465242 4463.2584576055615 0.0006382930987356201 0.04343527814666345
1.2812768575253426 0.5716522397454158 4114.300614011089 -0.0005213267831047814 0.09201773429299323
1.3194026518048192 0.5656246111564478 4923.868663916857 0.00043465138898528635 0.11569026008150021
1.3062279369213288 0.6036800793740399 4933.164778961595 0.0003133308596075336 0.07680142750099161
1.2494479514351342 0.5411923171111228 4966.48697167164 -0.000340288280155574 0.09312192218784851
1.445085389818887 0.5725177452273249 4607.87366941095 0.00040904344965196453 0.11521593075894088
1.237090257335665 0.5441479793402815 4880.788773730505 3.0635629267512173e-07 0.10083864921085159
1.304482020299855 0.603925752354829 4947.34694898615 -5.8445420367017725e-05 0.11174277412281904
1.4054933854180118 0.6084907319048886 4445.705860365965 8.656434210843007e-05 0.12501440262410102
1.1270996667876585 0.5764955389553391 4828.480258078707 -0.00027369401651311894 0.04863638966579817
1.2180306715593798 0.5586941340822942 4868.436746954691 -0.00025519676861991117 0.10088257695979522
1.0526610872279445 0.5679584519374696 4913.996865627833 0.000622659915565525 0.04476671940014668
1.3575528048302625 0.5593670023138236 4975.273440335903 -0.00023986586726944804 0.10973122073241443
1.1296730329321472 0.5890279579625228 4552.311660976645 0.0001584425262644146 0.04569984416878387
1.1296730329321472 0.5890279579625228 4552.311660976645 0.0001584425262644146 0.04569984416878387
1.3092849547426593 0.5620911513036803 4675.638381048925 0.00020269924296726028 0.11033128499056834
1.3092849547426593 0.5620911513036803 4675.638381048925 0.00020269924296726028 0.11033128499056834
1.349017126480348 0.5673650371261091 4907.118534511216 0.00016032806238198069 0.11711168198483238
1.2387722937169927 0.578093483855255 4752.882872068138 5.861733362567912e-05 0.11120898611152875
1.3869385081725552 0.5931706346293841 4803.528728241442 -0.00024006866707446643 0.10874314394029522
1.2069595341388852 0.545694717060802 4934.842611697258 -0.0007018574867048234 0.07618614491335396
1.107979611195276 0.5962515089609958 4901.6226187403245 0.0003634060584433032 0.046403735581495645
1.4353385630044797 0.5798915537251765 4536.55991153281 0.0002318489202791668 0.11021514791681414
1.2424975293950655 0.568582775778248 4986.60895394151 1.082805613905055e-05 0.09239849046308485
1.1829006743788573 0.5633912290014074 4745.410409318837 5.8057708232054874e-05 0.06912053032903975
1.3561529037991753 0.5630491514611456 4460.639049354065 0.00045054662477112954 0.11346003540398276
1.230798801083876 0.5703651371003068 4948.7484507710105 -0.00021070625491807437 0.09816642462965808
1.3511799605775123 0.5962176660121398 4592.71651844947 0.0001279501559034282 0.1110809144076064
1.3687950062288374 0.5822124526709154 4236.863524619296 0.00032463295627578316 0.10810068941571649
1.2499544458522711 0.5649671657043465 4972.21770427981 -0.0004685198974043078 0.09583041891377066
1.1563707107978 0.5635134591214773 4608.229354622985 0.00022419532603153486 0.0730540172713269
1.2936999132341036 0.5491645503494355 4712.622035998493 0.000621851355209519 0.11137984850816302
1.3490203896842101 0.5937258341864671 4877.289477153724 -0.0003511216043156318 0.1062055774628114
1.172489906427772 0.5491177397258433 4539.311834772522 0.0003065000417669541 0.06305394017966254
1.1804306949727925 0.5548957055823227 4896.159801238219 -0.0005638062617550452 0.063144715796074
1.4141230224190307 0.5555276357897667 4943.200998692261 -0.0001241907235102053 0.11195214762334499
1.1908390640865454 0.563370402720351 4711.319095828901 -0.0002272113927968606 0.07347242006814378
1.2657483327234067 0.5825545111201701 4930.473559876526 -0.0011288741010621276 0.06020179932268785
1.2696946720992863 0.5750334915511786 4252.844669801219 -0.00014212730730688198 0.09447779211538701
1.3326507568220824 0.5766161675886778 4634.340600405634 -0.00019140823473652122 0.10037736921857446
1.3279619380308136 0.5389800616668957 4882.417257230983 -0.0006636426964172683 0.10430243457507896
1.1143816927116266 0.5945504405943676 4581.953523367553 9.724758755481372e-05 0.04380199699737692
1.091542716485157 0.5523993510298264 4903.778961841671 -0.0002593847455175182 0.043424452120295394
1.1357555692331163 0.5663530409306285 4741.879565549519 -2.1415756346003277e-06 0.04600176635332833
1.2937685404105173 0.5970295163951921 4907.296666002332 -0.00012614246916129547 0.10820563403805347
1.0530252999586829 0.5550576584732532 4915.756846858484 -2.528811835074577e-05 0.04430500945720625
1.1900215607037186 0.5499478106212972 4817.425492942986 -0.0004393298258779505 0.0725579588874617
1.211162867139179 0.5968115009013593 4909.904279436843 0.00034672727464730817 0.06156967091187232
1.0501943024461506 0.5813422118731628 4936.46307333615 0.00023209304477505248 0.043013356239292
1.0880711924650663 0.5794363142509593 4859.29597443323 -0.00035360377989340097 0.04614789838768568
1.3701360095520982 0.5382097331971096 4862.685917730176 -0.00015240685903396726 0.10766787032187744
1.4268031388677391 0.5997889560079608 4802.8219359830855 0.000350478984746976 0.12320485161456182
1.3757464125295515 0.6174717412770231 4385.956729517893 0.00019464253562757064 0.10836851721447051
1.3064073822727784 0.5732767244386983 4919.967758811999 0.00041312037952494294 0.10607167880139487
1.2479680336247814 0.5712714444209311 4963.126044801643 -0.0005908181930816514 0.09451594075426659
1.1453361700015514 0.6207332679659645 4805.28504420239 0.0005483508322394384 0.04923370094332514
1.461345365802836 0.5700434739903706 4836.350464223026 0.0007113894625529318 0.120486767048613
1.3410759991796124 0.5584399663344066 4941.018456219194 -8.533526516579025e-06 0.11747743410608744
1.1106453170992376 0.5725568351335231 4951.387089592226 -0.00022089791435369208 0.043562445396125284
1.3506243464959544 0.5678782224641324 4931.150007317758 0.0012681565468305037 0.11766791757134351
1.373733591656669 0.5636418671086861 4569.0642864078145 0.00030800698482251444 0.1102008679510818
1.3463380238864664 0.6091604489759311 4955.634355257667 0.00034094269493249404 0.11473447755506697
1.2645557346276228 0.6139394670499545 4633.010809541284 -0.00038934308210554394 0.04909167022471005
1.1491921396765887 0.5765022645219747 4822.947555134689 0.0005511660688708958 0.04656364911830743
1.2386299927231557 0.5278796961143171 4946.911928035706 -0.0002253076212083312 0.10202726066004963
1.2727500834771965 0.5667191535292333 4966.772737527192 0.0003854186470391943 0.10576377510153775
1.3750866246531142 0.5666024609944325 4510.061330451641 0.00010488839680786469 0.1052276709192081
1.4427034220378347 0.5941688529703957 4840.140015104117 0.0010278083625562117 0.12057078872026869
1.2022964697367726 0.5662492584553467 4989.19334731475 -7.409825271585365e-05 0.07537132962092666
1.2247867476347991 0.5722171557063689 4801.074808899359 0.00013440149168948842 0.09946191004991596
1.2256054310727582 0.5974075342111728 4931.439119383805 -0.0002450368165806163 0.07641509329496275
1.4136967502618836 0.5746653883372297 4826.512002283646 0.0002711386473252886 0.11469071863221678
1.0493024553499664 0.579498839177096 4953.475081294178 -0.00032709914135522637 0.04381309187791336
1.3228046752424976 0.5543975038112243 4695.931608132611 -9.241365015740713e-06 0.10911697344579493
1.2597719684760578 0.5422310651799638 4757.823282527101 -2.2753392988643025e-05 0.10524477200670918
1.3081117192537854 0.543455243185959 4961.0228409317415 0.00016789246991804694 0.1060486356011772
1.182895663982596 0.5767617382051349 4512.629632698065 -0.0006530272991161764 0.04677733858973859
1.0479187055938506 0.5730731310450776 4953.353776963803 0.00011301300612278862 0.043304030595490574
1.3502302255686665 0.5846368450318462 4869.849299791975 -0.0008704670072290429 0.10165000802866478
1.2493390397041786 0.5549161746192457 4927.149221556479 7.305963319657248e-05 0.10246093815796833
1.3632159458953232 0.5534692114767867 4790.264855762651 -3.713266420956322e-05 0.10961257174859465
1.1879826367659059 0.5892423646794385 4272.965019473381 -4.0319409799886535e-05 0.047029637065574934
1.2616294501291545 0.5740324955386386 4871.193145803078 -0.00018445728567925118 0.07622987845684993
1.3075936414640918 0.5644438137652674 4453.475972692625 3.592456011788114e-05 0.11066240869315314
1.2734135524764234 0.5881762578105789 4362.670358312705 0.000239412607809377 0.09675458743397111
1.246211691481951 0.5794087045649423 4937.122841123511 -0.0003044191471218336 0.09381744424608576
1.1515463690436651 0.5745795744112433 4809.262022200713 -0.0004214014251402061 0.07642605641669808
1.2911973164538981 0.5849980727544666 4737.992787311767 -0.000126347219820974 0.10340504703060671
1.1427967034248734 0.5705987145074847 4883.215159786478 9.909128369753033e-05 0.06093957986819939
1.2669863237348153 0.5541861560790559 4942.69098985112 0.0005112038753920472 0.10557643947709063
1.3541648083179656 0.611574397517423 4427.834706139849 0.00011218827861219789 0.1046680641651872
0.9897416088985889 0.5566934150529137 4989.434941513554 -0.00016393251197012007 0.04305481964505579
1.2102808323804457 0.5721459061569218 4958.170805207682 -0.00040822075068299536 0.049212885633753006
1.237000192327995 0.5660548811109607 4438.864609309922 2.4979802241898972e-05 0.09868347315337574
1.1155489989315714 0.5683295615361541 4784.274631469879 -0.00027526856777947476 0.045195305954945954
1.3900835949803887 0.5486841926536137 4853.354028405188 -0.00017039655597802836 0.11141156757098593
1.2634674898166387 0.5358713654996721 4857.386514735829 -2.2595155837261904e-05 0.10506900669618711
1.3758570578390343 0.567601355190924 4998.425165337344 -0.000585274127981251 0.1153097994603247
1.2175030051906943 0.550851541412109 4787.1145908488015 -0.0004316677315960684 0.10181156339947448
1.0576490487446055 0.5585042274863199 4803.7977317560735 0.00021633871483703847 0.04304331235105413
1.2475269526034345 0.5912959729899416 4663.638067978982 2.947162824252947e-05 0.09443126891511341
1.3950389179842666 0.5668843791827097 4955.547849738031 0.00046309538980344333 0.11612029454696725
1.2864459928201577 0.574860003333558 4549.146076567261 0.00045648646340489256 0.09377380473298738
1.2926367274301693 0.5986448971604481 4984.120545714246 -0.00020044727976785791 0.09982260469344667
1.319733897079549 0.5805019247823043 4985.2755290761315 -0.00045069978400471726 0.09489460714844108
1.2000618081859185 0.5565339889688803 4927.443909934775 0.00026439620051947415 0.07653099626989955
1.3265558053124793 0.6241259279442632 4849.203937151299 0.00029824712131302264 0.08385784949156425
1.361673023438469 0.5593900530762894 4810.877785661269 -0.0002711307982873356 0.1112840503415304
1.4257013353031716 0.5754674509147872 4926.006906842455 -0.0003344921825942037 0.11186673579023595
1.2758979384855886 0.5642679523414436 4556.970743544528 0.00016728973514957887 0.11305565291385064
1.3141445038990114 0.5836815007029428 4204.335737542472 0.00012828380905070157 0.0977627681755921
1.230701216470168 0.5700925191731958 4741.670296911466 0.0002537602512879737 0.06055079418177619
1.2607396625556477 0.5692057565800057 4979.7781588546495 0.0001636129536298112 0.0991644038163805
1.2890996176573808 0.582694606848174 4818.1287798853455 -0.0002662353334785381 0.09662291790826621
1.2934600620562575 0.5899226289631743 4822.615818475227 0.0004522871214161835 0.08884854490957882
1.254124502940294 0.5838913560772403 4871.040030044685 4.70030548581405e-05 0.07077198744662548
1.3292756991404846 0.5870667608014339 4142.546027038293 -0.000435438757568622 0.08737789851632191
1.381741630568464 0.5475289626888258 4941.057856267533 -0.00020394610005021973 0.1123969140916676
1.1487427006577677 0.5732873482546345 4452.262119310724 -0.00022312590311014208 0.05161850480751896
1.2977807480374437 0.5974068805137959 4650.202684602863 -4.6200901311158294e-07 0.09339709225613332
1.280221354858673 0.5520272541783624 4782.650709390576 -0.00029602947356074835 0.10178717018385039
1.3018164013097038 0.5623354116318244 4884.664658604925 -0.0001984395743612865 0.10632991107362796
1.2726037701359183 0.5532741138689227 4883.62523321137 -0.00016613480933061806 0.11126486668492547
1.321196120423965 0.5972646094817344 4926.740777502247 -0.0003422913189278989 0.0853427157194284
1.2378220241885898 0.5587947792991022 4867.673613866468 -0.00012122220738412903 0.10243924580024308
1.3351902567793101 0.5616395108805203 4953.8631429050765 -8.102719676630103e-05 0.11063424848413982
1.3607803092391568 0.5799651700065973 4872.252476906275 -0.00017438497262993322 0.11614920282998117
1.3905547291612381 0.5796206991048704 4987.642225557878 -0.00016086749682205965 0.1022380544123745
1.2701255948914238 0.5889392576179882 4827.597150445933 -7.880760714038053e-05 0.09477481613380256
1.2929191117827947 0.577160236591584 4884.630449502988 -0.00022351203686788536 0.10844160933425476
1.2637038046449085 0.5738097799560015 4927.042175473109 -0.0002153600557584468 0.10225309792822396
1.267092227386712 0.5663655193201456 4941.689378574318 -0.00027059068856225465 0.09488007699614007
1.2891258804905599 0.5734385014969356 4991.27360191432 -0.0002294196731847365 0.10507143197956889
1.2967928745771267 0.5781645094083376 4804.308699227503 -0.00027385787220477197 0.09709631192489959
1.2867473384021095 0.5788979903181717 4970.205206889521 -0.0003408336275529775 0.09849654155633021
1.3252467221025892 0.5739464844606311 4927.376810172718 -0.0007701717635359978 0.11273017763023772
1.1878483887634277 0.5729008636678986 4918.97385393879 -1.827468509046944e-05 0.08888252743078964
1.1878483887634277 0.5729008636678986 4918.97385393879 -1.827468509046944e-05 0.08888252743078964
1.3255739719729176 0.5837166316523887 4997.981650980499 -0.00027783234996382825 0.10892269306523387
1.3813142431187426 0.5839114167890227 4872.4442105309445 -3.988458510707722e-05 0.12150395062304495
1.3207316277636079 0.551585199345612 4920.60825005557 -0.00018785255847467315 0.11328310340231812
1.3114794194615635 0.5326734254792223 4938.515155490855 -0.0009091369791741643 0.10413219652126843
1.2790017657135881 0.5503233991818504 4968.898121437929 -0.00010471968319653942 0.10433895193774761
1.3191021569351205 0.5513035891629271 4737.669588235701 -0.00036383971402958277 0.10762765897548279
1.3191021569351205 0.5513035891629271 4737.669588235701 -0.00036383971402958277 0.10762765897548279
1.3908052532814907 0.5553269601478239 4796.578224842185 -0.0004166412444811324 0.11391348463919586
1.3154834986063484 0.5444082235078027 4989.328321784452 -0.0007171978525075354 0.10702855200319386
1.3443609548293627 0.5484670941401393 4859.795476673739 -7.546052736683297e-05 0.11203717768627142
1.1893117042338106 0.5686774183190215 4883.3476917802855 0.0010504030781369417 0.08363628332234048
1.2385454350673342 0.5784610050461522 4859.112188779867 0.00045492946954659596 0.08245780962248751
1.2346917181113348 0.556218019706954 4992.014126049911 0.00022126992720476296 0.08059250707997001
1.2646255395200299 0.5838853624045008 4980.448858227236 0.00036614835887245286 0.10154419404841156
1.1856949542002955 0.5783846008746273 4918.3729193859535 0.00043976627317847606 0.08539832099656817
1.307896732879103 0.5722452435940135 4957.352883030565 0.0009481752062298041 0.0981600115663954
1.2163424156419405 0.5603349013232122 4948.993807461746 7.662464116661346e-05 0.08314828181620477
1.2457573844440433 0.5898772698350759 4736.823577276858 0.0007666092726428986 0.09501411013158759
1.2550933420429204 0.5534161131430515 4556.538227585965 -6.462479132805221e-05 0.10724060064793882
1.2416061718676854 0.5564585302975557 4539.262610669161 -0.0001635331699405615 0.09415666134464985
1.2880116616702404 0.5736795721686812 4572.090016726355 -0.00024104247074601917 0.09126045128906976
1.2189649630513402 0.5640533451598858 4544.681277939406 -0.00018600881675007627 0.092027529665476
1.333079103158052 0.5730874743265307 4270.642579106613 -0.0002214248515826732 0.10448173467851571
1.2192214256850098 0.5457294317418699 4764.638061330171 -7.648880434359755e-05 0.10397313606663738
1.4637722592717355 0.5824462221382023 4526.148220223786 -1.4351734206729222e-05 0.11828358041267129
1.3582356903417065 0.5612011000965006 4590.411863441247 0.00023636635082400066 0.10611064259987257
1.2961639457748906 0.5807088845845937 4181.546079413731 0.0001298277366229125 0.08744105497788249
1.3817734529131944 0.5545016643290896 4804.521175626762 0.00012875944672824453 0.11444342660404896
1.459933705091471 0.5622389307262865 4674.645342058836 0.0003950749166097434 0.11252129653592732
1.3756713194364347 0.5757318673184865 4872.623948622841 0.0003901610354937048 0.11227177552114656
1.3631250049803407 0.5650189060364641 4921.020995849502 0.0005436664441470373 0.11095136402845288
1.3537766750826068 0.5488040963539692 4760.332399999687 0.0005047665655823534 0.11087948258840113
1.358839621401109 0.5523780176040851 4790.431307035777 0.0002052943110263491 0.1101015109426792
1.2451583201569631 0.5638516633012953 4681.578005835554 0.0001554612411466635 0.10224933611394381
1.2575356494398395 0.5612266929004233 4731.93641797546 0.0005519406753560251 0.08961660768995458
1.2736579091019058 0.5566619446606047 4992.476492963836 0.0003914182363210535 0.09945678444494768
1.229345496582122 0.5512860606799419 4817.687323293452 0.0007243903765592098 0.08640920666525573
1.3164645367610022 0.5435227640264682 4975.829290869802 0.00022873788724153308 0.10407697453966118
1.4418411561125875 0.5906432113394962 4709.837927036976 0.0003981674552924688 0.12167779516897437
1.3492145596196448 0.5842412130832699 4739.47618936546 0.00015244274951913017 0.11536155214593276
1.3957869834590264 0.6013006811613387 4969.421879862241 -2.6308795521791724e-05 0.10435145526718656
1.3303561712536132 0.5866371331583402 4794.087340178421 0.00010712254380324978 0.11044384649301875
1.3286195330891057 0.5953423174128414 4805.720678197715 6.584409091787024e-05 0.11847851028193127
1.322138211460896 0.5742524652489083 4947.877247246915 0.00012666569584403342 0.10905223545063591
1.347154296914086 0.5929229866604815 4836.459073732711 0.0004611775051158731 0.11465574463366163
1.347154296914086 0.5929229866604815 4836.459073732711 0.0004611775051158731 0.11465574463366163
1.2983078072310312 0.6189255241700777 4668.597764994979 8.642044927231266e-05 0.09488483695469793
1.2983078072310312 0.6189255241700777 4668.597764994979 8.642044927231266e-05 0.09488483695469793
1.3687830235905483 0.6031755349261779 4850.359561976634 0.0002772476381102204 0.08328134824958618
1.3087459515616922 0.6059119780545498 4853.2842172434275 0.00026311890390008196 0.09096591619113076
1.3134927066036415 0.604299478512158 4926.665770411127 0.00029242906413055 0.0802841597230604
1.2710957886884438 0.5858006654707473 4990.875423947494 9.276034046866971e-05 0.09906238105110501
1.2904137139170941 0.5956438783560194 4669.913124887698 0.0006437539775779534 0.09501528731048264
1.261301152900423 0.5733636654353533 4815.024719378327 0.00036148658204731356 0.06942147586105651
1.1288318229331384 0.5911674678577153 4887.973434479808 7.079823248787347e-05 0.04680968345134052
1.1977593638728492 0.5903106997417844 4958.307204440773 -2.578585702063982e-05 0.04858952775603223
1.0579686718581585 0.5742354288916095 4899.275204255727 8.40051315462931e-05 0.044603896180539664
1.175750783903966 0.5624414102207271 4902.352490348954 0.00033493196440635063 0.0652970760932106
1.189516786554228 0.5781130786112127 4941.167667878064 0.00036382306138673623 0.05866330406812299
1.169366139288684 0.5739857774951264 4777.166034641743 0.0007666763169692369 0.051115563861837146
1.2197071419426369 0.6060139491639376 4955.619458251744 7.361981578226718e-05 0.05405407268521277
1.2197071419426369 0.6060139491639376 4955.619458251744 7.361981578226718e-05 0.05405407268521277
1.1959108209142628 0.6018578833823338 4817.150962250465 0.0003596884428408545 0.07105920808344203
1.1562821118129787 0.5876275643600488 4831.659553343628 0.0003835082777611034 0.04463416757714742
1.190643381124501 0.5775573785285744 4966.857036275311 0.00032760448972888776 0.060269171348973846
1.190643381124501 0.5775573785285744 4966.857036275311 0.00032760448972888776 0.060269171348973846
1.1501025611193363 0.5782349801310059 4961.086134322938 0.00022319732917505306 0.053162242341855584
1.193743737913187 0.572920323294063 4994.666246253677 1.5216199828469887e-05 0.06342125133616373
1.1572657076034136 0.5814429830854023 4836.795491434243 5.611619804064715e-05 0.04617389401991014
1.1137830003088742 0.5743402401854303 4741.21716788184 0.00041324197171993966 0.043650551895164556
1.2039536151116912 0.5929014054883345 4931.202429003645 0.00019815613000048824 0.06719206812098136
1.2457292206517492 0.5839279585058219 4784.910769255984 7.021904268322081e-05 0.06674262821364389
1.267561936928882 0.5855431062035592 4985.0911854248625 0.0001158526303449321 0.07197979231538032
1.2159378878857279 0.5829089853190424 4991.525834742759 0.0003304807986621194 0.06938304063771278
1.253428686760846 0.5794025806271865 4958.575228515471 0.0005799885433048179 0.05817935609137962
1.1082148991539515 0.5792049867861341 4949.653800935173 2.53739092488782e-05 0.04542501888722576
1.238262247904532 0.6147809255880878 4853.697619405841 -8.192957263621317e-05 0.05799551737295652
1.2270440773292959 0.5985792011049279 4937.537532024174 -4.7998380834784305e-05 0.0892536819422699
1.1998234669428123 0.5837522640564007 4903.522418685135 -5.04696945785441e-05 0.07608997095495279
1.194052730295481 0.5835643625741419 4927.547982829864 -0.00019444563888657893 0.0762940138935696
1.2419652728027475 0.585649591223973 4939.941758077333 -0.0007421306061165322 0.07351313783908006
1.247881016425893 0.5855565389630181 4827.09216038123 -0.0006311965445031033 0.08523754271059272
1.1646125283644495 0.5722417551279276 4918.742199093974 -0.0004335639853114211 0.07585440018371471
1.1646125283644495 0.5722417551279276 4918.742199093974 -0.0004335639853114211 0.07585440018371471
1.0665038677862757 0.5765564809626753 4794.5863870315825 -6.572248270427173e-05 0.04434937104245987
1.1587527446775443 0.5656010902391115 4997.074742616457 -0.00031952203200694775 0.04866794684761151
1.17023587289513 0.5731261262235621 4931.955072055495 -0.0005703335258727343 0.054624974169224585
1.1576786882744994 0.5592415401756914 4994.062590161166 -0.00038205594547442966 0.049243562588807945
1.1484928649028947 0.5919763960135099 4731.11141236103 -0.0002005341386291351 0.04893612645707091
1.0869589823130537 0.5627403817991671 4869.1963060537455 -0.00021164539099904398 0.04366552895043731
1.1611439417027516 0.5916508009500072 4915.719548498895 -0.00016167231177257463 0.05762050994293933
1.1578360200582933 0.5486399462915922 4740.419417529098 -0.000461889666391682 0.06485760725618339
1.184271354604581 0.5779314404253391 4782.118469020994 -0.00027887580752400116 0.05779466449041092
1.258046470114042 0.5820666146686866 4901.786792654076 -0.000395649821252443 0.0701976725359434
1.372042942407204 0.6043136163935413 4468.464762380138 -6.826821084673125e-05 0.07107237124035447
1.3327670953952633 0.6044642190721922 4300.226334231415 -0.00012798089528523538 0.07105626502190202
1.3327670953952633 0.6044642190721922 4300.226334231415 -0.00012798089528523538 0.07105626502190202
1.1996417465060139 0.6053592074600924 4249.78346738754 9.62771592569052e-05 0.045550775235158346
1.2537934205002073 0.5961876963430759 4300.76511376357 -0.00014739421193617178 0.04707517413091589
1.2362003082098911 0.5869222702323408 4490.431650740387 -0.0002254370345752623 0.06029121878759293
1.2462241360606945 0.5698000629279034 4362.310825984494 -0.000487465099556333 0.08336854361991591
