 F
       18559      183784           3        2048
    0.382410549099339692E+00    0.466576645547784441E+01
 T
   2
    0.200000000000000000E+01    0.300000000000000000E+01    0.686523437500000000E+00    0.313476562500000000E+00
   0
   0
 T T     0           0
    0.000000000000000000E+00   -0.100000000000000002+101    0.000000000000000000E+00
 T F     1        1406
    0.209332772662020554E-03    0.229711100157197722E-01    0.470277736886021547E+01
 T F     1         642
    0.106682706984681701E-03   -0.815141332830604859E+00    0.458019726720384757E+01
