chirp_mass mass_ratio EOS alpha zeta
1.0451511272455922 0.4711971887371279 4685.836375394978 9.392724848022634e-05 0.014905030483935957
1.115957068884694 0.4946666139277802 4266.061042785323 -0.0001438395905082495 0.014871446217682091
1.490365200798038 0.6020714811350603 4589.968741961586 2.7932385957321468e-05 0.029248668725843346
1.397710345278417 0.5861210682139653 4492.064690810964 0.00011632086897341257 0.024534482603108136
0.9058478843116625 0.4514110357469933 4766.318859387238 0.0006557992990570974 0.00929876515148037
1.234203722060488 0.5281954721177144 4670.588924454989 -1.6648163189525817e-05 0.022423215032388946
0.9169769430624398 0.45469645692763044 4587.920499081071 -0.0007791761138031813 0.010839394543496137
1.055015721475301 0.508772937658202 4821.612355504037 0.0006367544805998473 0.013943342123529906
0.9911106478520657 0.46720163106706003 4416.295758109521 0.00010584775256803253 0.013628359110329885
0.9260357976434705 0.4504199012932329 3998.0225938527 -0.00012436110789261704 0.0100252554981182
1.0708448053307735 0.5584019044148876 4818.2064010044505 0.00014946964394266457 0.009876459995117201
1.3370869431353423 0.518996744473909 4592.276740935905 -0.0003914847378627931 0.0330718488961201
1.2156535370440773 0.4889462281178429 4519.142758733923 0.0004065104019720293 0.03182104293781633
1.245753864804622 0.4983541167809557 4684.970029169422 0.0005729200238814273 0.02079535898780844
1.3324964106272963 0.4936949248953051 4864.655031476147 7.790292247971347e-05 0.032397174869036226
1.1951164201175435 0.48785080387370716 4239.525778037646 -0.00039910710494977164 0.012622507714414538
1.0359924380066063 0.5268532333614072 4279.123960586255 0.00032042766509824365 0.009545467980314758
1.0155743233267465 0.49439106157163576 4399.092986723082 -0.0007014511904212342 0.009544549405206786
0.9899011564479879 0.5156123312075638 4668.781359510883 5.669472215648826e-05 0.009129764583874099
0.9428045326606106 0.46410112188736075 4462.916570217513 7.984998243029727e-05 0.011628600991304814
1.2988368067789415 0.5005283214241562 4087.7102778909966 0.00025974800135106343 0.030315603636357324
1.149545084000951 0.5476742149717997 4861.558445834299 0.0001420631133325648 0.01534470360315104
0.9512714364537245 0.4831457251521457 4291.804457459272 -0.0003137690100716957 0.011510560824220011
1.4117236096694188 0.5752654074135922 4493.019123920646 0.0004537673082948507 0.024479431208761192
1.1842576223050316 0.5185795171054199 4980.374443704171 0.0004856232482499521 0.01344541747487348
1.013676281036314 0.45920318266554033 4966.8738842440125 0.00012543036327774238 0.009407450156692917
0.9237851818141287 0.4859857368453154 4286.657968483543 0.0002839689088205568 0.011395101543194886
1.143916026824732 0.5522930536160069 4752.811519965508 0.000651652295798771 0.015654916384969825
1.2114169958455394 0.5500394490136612 4733.6096238331365 -0.00024177102643438327 0.014982541787896587
1.1742994975887668 0.4966907244157106 4565.544676439676 -0.00039150968557038053 0.01413183297647035
1.0964806935871352 0.45335923595933686 4095.6017683758337 -0.00030636656721270977 0.013345487416305726
1.1260651740292373 0.4481140257051338 4725.357970525727 -0.0009665627279530876 0.011559987070745672
1.1917718479317783 0.5617704604365185 4983.329195557472 -0.0004233515121904505 0.013473441364399694
0.9544160725320175 0.4629472594410064 4497.7188469206385 0.0001459601726733361 0.012867352055827024
1.236851322134634 0.5533321568445864 4732.334872601201 -7.299590096030093e-05 0.019804861767336653
1.0020114830573192 0.4482840110546771 4693.49975449013 -0.0005770440473260075 0.012268449397095905
1.0504289961005875 0.49195216819521603 4183.792265371972 0.0006372299560774059 0.010529570132102758
1.2300980286488608 0.5353248042382914 4574.562659058899 9.317878397856746e-05 0.022095336578669456
1.2252225096568488 0.44915064210022976 4804.710252587188 3.377262337576525e-06 0.02830774438638306
1.107618769033734 0.5021522729741279 4868.960612541084 0.0001940480134635634 0.016222371237004027
1.0889979233719447 0.5012415646757138 4451.812932746119 -0.00032299977949528026 0.010145790394571724
1.0136083293955487 0.49498841437220703 4269.617168436521 -9.276402099548035e-06 0.012716504748231487
1.120248793888627 0.46737720089592194 4290.975242490835 0.00019973479508610134 0.01866237696568989
0.9404811019431725 0.46323117759372456 4909.063330941519 -0.0005373636607628459 0.010206638598833188
1.1208075386129108 0.4889697941831585 4945.71273338656 -0.00024749828035592215 0.014448792691802211
1.134089102522845 0.5474555368888153 4838.195222061463 0.0005698737280404557 0.010040980733691586
0.9884947001803606 0.47546652149238433 4440.283337835729 -0.0007655482022569549 0.011402345903987358
1.150068450017725 0.4621597215898211 4332.466898178699 -0.00021545710826930905 0.013154838140864104
1.2595138480956636 0.5318906642911888 4850.869766656742 0.00010083891315132059 0.01034136486385307
1.2731945859174627 0.49109664470452263 4295.3511431735205 0.0003661006621919121 0.029810263834725993
1.060485515817055 0.5203420673863055 4189.448670387342 -0.00019826647569752773 0.010332626124084612
1.41759591514753 0.47319092631819526 4424.0059783798 0.000215696023662079 0.03248380164759673
1.223606054195717 0.4942508632136892 4440.998726742385 -0.00018632869579427862 0.014252986370476376
1.1664023953771328 0.48395231063113947 4817.799944012357 -0.00018559169310746897 0.014643338394895015
1.3345654673908725 0.526327486766101 4603.40154589531 0.00032256595494815205 0.026903463781777805
1.1358903241234928 0.5058120170782563 4802.043321559987 -0.00021174302609275816 0.014348397160409272
1.2402500109150427 0.4960515191694404 4826.9673188988 -0.00044504545236245607 0.022834119866843874
1.301632661794328 0.4925811363265793 4486.445468479854 0.00011356486205296852 0.02548636688626131
1.1001352288306896 0.46786056691414296 4618.199251590545 0.0005665458220581402 0.010191774996118456
1.1524584342019424 0.5388762628648005 4848.654405865985 -0.00014337504933334373 0.011020398399954508
1.34446142311463 0.49110268891389686 4242.957691410864 -0.0001847280179979408 0.02768876282544048
1.3057848198476663 0.5134397641812818 4650.9018197256055 -0.00043716727228380707 0.03008268570499325
1.1784001796516954 0.5381163402317226 3956.7834023072037 0.0007237675605476097 0.012235577466069588
1.007892183361817 0.4542283327041882 4441.401192139286 0.0004211855755635541 0.010445992630962523
1.264171873179072 0.5013193999769219 4286.0387150594215 0.0003685015898318412 0.02770776516066001
1.058914350747004 0.45190360840623245 4608.583399202907 -0.00024941067204768176 0.01540068256732753
1.2663590193673315 0.44814367725290244 4252.9028399364615 0.0006435297268750135 0.025913929230253117
0.9636313895813912 0.4993585522156967 4983.788039378422 -0.00041860713361211794 0.01080951922839822
1.1771915412696354 0.489481198737814 4351.378836248658 -0.0001859263662366236 0.012156824758767068
1.2804375192293422 0.5717643564461391 4060.2250413517922 -0.00021034275522684103 0.011695219951533973
1.224693326518719 0.4994498578394207 4378.931265751082 -0.00020682728528583687 0.023436633307561537
0.9222241346891993 0.48790492869743446 4709.145489596846 0.0006679170729354145 0.009927748695819551
1.359729062656779 0.4899613535766119 4832.264937981425 0.000450445964313235 0.03261623855795982
1.2929766717748463 0.4560621229695765 4531.961617251191 -0.0001859825692517283 0.023407428452511266
1.0352680790124353 0.4703456348107655 4753.903847835916 -0.00022118860233419412 0.0120386927067083
1.1742976766323134 0.48971790320998004 4557.518044389255 7.079028942240295e-05 0.014644993350965791
1.0576822718345353 0.45170103984373006 4868.277362132517 0.0005219701854305902 0.014715784622811869
1.3400639239351637 0.5233140311755773 4674.689754630216 0.0005727642807152702 0.027865730041577462
1.0790798884009054 0.4862733767510614 4456.283031399801 1.9230262057405768e-05 0.011049507722822203
1.2947114501488477 0.5105912734516932 4021.791977947402 0.00016418571109559852 0.027821737789390184
1.2212949093825043 0.5187782981927027 4938.977745044875 0.00047217110676907537 0.016136790243354703
1.098379685734491 0.4833505534259126 4869.581214061412 -0.0006956054593948133 0.01386468189535129
1.2771376614220302 0.5332547000085485 4709.627563562909 -0.0006133806093755231 0.01995117029317626
1.184537970840594 0.4500374767889944 4395.955037427384 -0.0002840641459799378 0.01500202456426222
1.1404541805599038 0.5102557032504698 4579.598872216874 0.0002627852713459535 0.020115577828971
1.1721169728368148 0.4640571832769385 4601.189815241016 -0.0001864459542582946 0.01889005469480753
1.1591325143860598 0.5006693184271724 4549.59274498291 -0.00027425090957354476 0.015408950542001417
1.3190790130815606 0.5384271040053444 4238.440761463658 -0.00014259300578535662 0.01943757595475465
1.328521833285103 0.464447526684438 4083.201740578074 1.8331535337325977e-05 0.02868047063483951
1.1395811920120933 0.4715078351396332 4442.189040505817 -0.0003001799044032142 0.010317156394989301
1.1905145103181956 0.5271197078704715 4728.967371661219 -0.0004921356233114383 0.01932043577379447
1.286520510318103 0.5003092322170299 4998.979350455701 9.635663627371047e-05 0.03093257476078489
1.274223383166503 0.46695362106964694 4107.005266910855 -0.00010364322930145953 0.02422055077155958
1.0722110863662844 0.4582932992523088 4695.467322685623 -9.163354789128496e-05 0.01090771262710186
1.1176380155411598 0.5050287777477884 4943.72737882433 0.00019870931958320003 0.009770648979903027
1.2884501514343856 0.48782432821674293 4813.371851465323 -0.00029829072169391805 0.024505176332586025
1.2675635052101992 0.4753713516969664 4576.7979894749315 -0.00010694612635435523 0.03208428386008838
1.2675635052101992 0.4753713516969664 4576.7979894749315 -0.00010694612635435523 0.03208428386008838
1.1317263957680141 0.45928503309916724 4136.404412388268 -0.0005427214180302984 0.016441126354235107
1.3464516444606027 0.4841626828884985 4672.91378443974 -0.0006279200686101091 0.026355412995977122
1.3789870844318757 0.49622004809728804 4253.47472226954 0.00037198089402441505 0.02447215244398957
1.072217662851155 0.5002131948272148 4747.792110528665 0.00044605856691520086 0.012600704784599097
1.0891654689515373 0.5197476773076738 4021.7512942895905 -0.00035280494631568333 0.010920184935711936
1.0891654689515373 0.5197476773076738 4021.7512942895905 -0.00035280494631568333 0.010920184935711936
1.172104980297241 0.46469947592233346 4219.796240333817 0.0008130947835013748 0.013721806195579136
1.172104980297241 0.46469947592233346 4219.796240333817 0.0008130947835013748 0.013721806195579136
1.3044358133096432 0.46752635526893327 4332.485401682794 -0.00017923954615068334 0.026834645143783385
1.3044358133096432 0.46752635526893327 4332.485401682794 -0.00017923954615068334 0.026834645143783385
1.0677153328358926 0.4789155866935503 4250.145344638585 -0.00014094045771882317 0.011421179504506992
1.0677153328358926 0.4789155866935503 4250.145344638585 -0.00014094045771882317 0.011421179504506992
1.3379525916539823 0.47459044753319646 4580.255133518074 9.85403803348041e-05 0.02943254219370424
1.1131920447165404 0.4567791505221459 4617.852591397336 -0.0001135011623361647 0.01566850971024309
1.2212768162690697 0.47603545816121157 4991.4249915429145 0.0005903456874809538 0.02744999616144691
1.2212768162690697 0.47603545816121157 4991.4249915429145 0.0005903456874809538 0.02744999616144691
1.3143082330842593 0.486071594425128 4256.896184386818 -3.349979670190947e-05 0.02727668099102403
1.134407145114344 0.48426830009197475 4269.40650979265 0.0003659084360791104 0.010947040183579424
1.134407145114344 0.48426830009197475 4269.40650979265 0.0003659084360791104 0.010947040183579424
1.1936106508276598 0.45502002471825764 4500.237892593126 1.5679645841217715e-05 0.02357092984761798
1.208043610246925 0.46625630635813753 4601.204345362196 -1.942056289080905e-05 0.02964471149825569
1.1103697917858562 0.5086589742372837 4838.690607901181 -8.960128315521813e-06 0.01018142894837451
1.1103697917858562 0.5086589742372837 4838.690607901181 -8.960128315521813e-06 0.01018142894837451
1.30330193326631 0.46748897452790167 4814.022903135418 -0.0006149296835847684 0.022130432202737936
1.3230417611936538 0.5583824063591949 4955.309679045977 3.85694006250057e-05 0.021618411189627523
1.3230417611936538 0.5583824063591949 4955.309679045977 3.85694006250057e-05 0.021618411189627523
1.269821026888362 0.5119049301007561 4053.708936490827 0.00014974886619254264 0.020269096145406194
1.1589547778501115 0.5015203148336158 4192.084462603239 -4.951773365584606e-05 0.01147911116660635
1.1589547778501115 0.5015203148336158 4192.084462603239 -4.951773365584606e-05 0.01147911116660635
1.0313650180905596 0.4765630843241414 4867.492303293463 0.000554404966244288 0.012595681674445362
1.0313650180905596 0.4765630843241414 4867.492303293463 0.000554404966244288 0.012595681674445362
1.1696930050924426 0.45436871030239057 4316.989436118875 0.0005564831322566904 0.016013003821073703
1.1696930050924426 0.45436871030239057 4316.989436118875 0.0005564831322566904 0.016013003821073703
0.981551778238974 0.45790615972635607 4310.7298896626335 -0.00027458851596833884 0.01190577457487506
1.239151969455207 0.4643821520492313 4240.786634556425 0.0002617893327680607 0.025490366285167928
1.239151969455207 0.4643821520492313 4240.786634556425 0.0002617893327680607 0.025490366285167928
1.4666860362489285 0.4946315949094856 4612.262788016506 -1.4221192092173472e-05 0.030735647839625683
1.4666860362489285 0.4946315949094856 4612.262788016506 -1.4221192092173472e-05 0.030735647839625683
1.2406303887326724 0.4823419214713518 4032.829335709698 -0.00016911000323871508 0.020161912477778536
1.2406303887326724 0.4823419214713518 4032.829335709698 -0.00016911000323871508 0.020161912477778536
1.279711623725135 0.45733563769417757 4533.479465983039 0.00027644473304547473 0.0253153818649563
1.0083343167736245 0.4547630740120924 4453.214436221118 -9.982412811722498e-05 0.011023289736536957
1.1917613603386084 0.5108630683576628 4354.207850558997 0.0005876869006196669 0.02629039081463643
1.1917613603386084 0.5108630683576628 4354.207850558997 0.0005876869006196669 0.02629039081463643
1.1206593367074082 0.5284828014040911 4576.658208770125 0.00018648251945307297 0.012557737116573736
1.1206593367074082 0.5284828014040911 4576.658208770125 0.00018648251945307297 0.012557737116573736
0.9188560115519745 0.45671858533093485 4918.80206606907 0.000152526501706656 0.011601256436801599
1.0492167370972896 0.4578648219925706 4527.351139611505 -0.00014097419556058678 0.011357101378125631
1.0492167370972896 0.4578648219925706 4527.351139611505 -0.00014097419556058678 0.011357101378125631
1.2500922935069496 0.5000726368042893 4773.414142252649 0.0005050668688499332 0.013415324886921765
1.2951774942361372 0.4689684664103814 4084.867510832083 0.00035269489972692406 0.02582587548364404
1.2940598012198925 0.524464069737524 4127.901507996532 -0.0003602645754213846 0.026442290278307322
1.2940598012198925 0.524464069737524 4127.901507996532 -0.0003602645754213846 0.026442290278307322
0.9994359572235341 0.4839646689808399 4597.160392744354 0.0006750441060162868 0.011037884850680154
1.0215150011027632 0.4813457562622669 4204.723182379947 -1.617709966863746e-05 0.011768372818876546
1.0215150011027632 0.4813457562622669 4204.723182379947 -1.617709966863746e-05 0.011768372818876546
1.0839362759796334 0.5048599384165063 4386.163758778866 0.00028784038961533103 0.012551531645119667
1.2566489869261204 0.5211360424282265 4797.26449586828 -2.1386626138080852e-05 0.029459616311586695
1.2566489869261204 0.5211360424282265 4797.26449586828 -2.1386626138080852e-05 0.029459616311586695
1.3052372595804411 0.5350877455394508 4217.4605139058895 -0.0003284398501551579 0.021377057955310884
1.1453474003948423 0.518982563362614 4046.6946640147207 -9.330668799574693e-05 0.01103068570131673
1.1453474003948423 0.518982563362614 4046.6946640147207 -9.330668799574693e-05 0.01103068570131673
1.270256935957883 0.46449518996826283 4242.688581387264 0.00015212493377486248 0.02716243442916891
1.121648761175747 0.4951722336662874 4956.583148967672 -0.0003972795732831012 0.010990033205654327
1.3182709857223422 0.5385101144343127 4851.870842243786 6.911183373247055e-05 0.02293640684105281
1.3182709857223422 0.5385101144343127 4851.870842243786 6.911183373247055e-05 0.02293640684105281
1.285665611413116 0.4524164858531403 4709.826825860701 0.00021547348511974872 0.021900460507597218
1.234132971840921 0.49223596748016263 4144.543464713727 -0.00017108975442996663 0.01835644131769197
1.234132971840921 0.49223596748016263 4144.543464713727 -0.00017108975442996663 0.01835644131769197
1.4567503322996416 0.5191575712448732 4113.646088215031 0.0003382208310835674 0.02548212557618293
1.249025303163513 0.48660238646731835 4857.579061661457 0.00044559569942940986 0.027416497271450846
1.1590810243868634 0.4757254900942402 4239.438526790674 -0.0003802693455647891 0.013170874687898551
1.1973860931319664 0.5011809230679951 4500.672798804733 2.398524755107113e-05 0.017225634343211296
1.3233146027092926 0.5189914849297041 4112.706212149639 0.00014901088239484172 0.02143167612437981
0.9798882793579794 0.5034646038580701 4573.803368475013 0.0001305932163485 0.010270358124317253
1.0983143512107754 0.45976452233178605 4522.325301521024 0.000496183384844353 0.013030867884901676
0.998827745553913 0.451487723701774 4882.024250379989 0.0005035157394910618 0.011154454837306732
1.0006326147025615 0.4837283052074707 4962.4601785889745 -2.4314909029864916e-05 0.010351051252434938
1.0006326147025615 0.4837283052074707 4962.4601785889745 -2.4314909029864916e-05 0.010351051252434938
1.0853481214002694 0.48297875510740473 4348.2312634559985 0.0007210895918723501 0.012553025944082976
1.1739164903570254 0.5027523789083006 4139.529290160257 -0.0001195306914782891 0.0203789674690009
1.1667900580763013 0.4562473523839861 4822.890102632285 0.00030112304036486085 0.014319733746126852
1.120847794293343 0.46104208804444685 4988.837273084892 0.0007164122694072161 0.012305587724068121
1.0406413148493385 0.4789870076399493 4932.878255663104 0.0007804724433636734 0.01261733338007699
1.197880713045167 0.49128413579386937 4571.360103865601 -0.0004879367125881764 0.016588209827322807
1.163193209839685 0.5283555373041167 4384.972160653739 0.0005858994546992207 0.01041646744470847
1.1520617123046275 0.4646662813618728 4138.450670762346 4.656133218230513e-05 0.023279481138870687
1.1520617123046275 0.4646662813618728 4138.450670762346 4.656133218230513e-05 0.023279481138870687
1.1707557138179636 0.5036253002106796 4559.056838849115 0.0007524495858122088 0.02162345281798953
1.1754179901135204 0.4758956971832689 4269.224228137255 0.000460739734253936 0.0182927822412794
1.205662375013844 0.4836497859019953 4396.322517118499 8.203396126630876e-05 0.0209267398523338
1.1120369357734146 0.5203936674138716 4903.021562665146 -3.8856878871481324e-05 0.013358069049590696
1.1015962379072142 0.5335782573096104 4775.1730161659925 -0.00021199929953337856 0.010609453408008448
1.1015962379072142 0.5335782573096104 4775.1730161659925 -0.00021199929953337856 0.010609453408008448
1.3594797169403505 0.5015754317763856 4324.196523980637 -0.0003250369564199877 0.02247078052349534
1.4055207655673405 0.5268694767190748 4849.1764129270005 -0.00021348806835050032 0.03299962572365532
1.3359005393204488 0.5261642790527521 4527.857520793026 0.00019003665419671864 0.020542133075553293
1.3329331760991394 0.488429429073824 4862.888870503242 0.00023659977822472367 0.024575469551578383
1.3329331760991394 0.488429429073824 4862.888870503242 0.00023659977822472367 0.024575469551578383
1.1483070774087683 0.45696015492532654 4556.102375819469 0.0003450608319841219 0.020886797002040318
1.19182293852379 0.468288765086148 4809.588488149176 -4.1466357251147324e-05 0.023122134594065532
1.193128058098615 0.5311283048345778 4590.10375270186 0.0007487546674481562 0.013505873417165849
1.193128058098615 0.5311283048345778 4590.10375270186 0.0007487546674481562 0.013505873417165849
1.321820995961132 0.5077393611512167 4774.624484323959 0.0003885276438814154 0.017462397688305924
1.321820995961132 0.5077393611512167 4774.624484323959 0.0003885276438814154 0.017462397688305924
1.3252294688431787 0.5145713271181506 4576.793541705648 0.0005507222742707245 0.0268488856670326
1.1995730833513876 0.4746055656661385 4735.878028567406 0.00013245764962961152 0.02550877789065496
1.1995730833513876 0.4746055656661385 4735.878028567406 0.00013245764962961152 0.02550877789065496
1.250149343104352 0.514349443044742 4921.767986743174 -0.00011156821142610983 0.017200429486788803
1.2076195795743516 0.44953018271439404 4829.805713096977 0.00046787493738887086 0.027063186635108722
1.341522159666427 0.5044252847382424 4540.818581615332 0.0003895410428317417 0.0279963931694434
1.341522159666427 0.5044252847382424 4540.818581615332 0.0003895410428317417 0.0279963931694434
1.1692035653152524 0.5020187506904804 4837.659626573838 0.0003872192732575419 0.018847360883411934
1.4107206312319949 0.5304072713737451 4090.325131785349 0.00018076522673115487 0.02390185308366402
1.4107206312319949 0.5304072713737451 4090.325131785349 0.00018076522673115487 0.02390185308366402
1.322116641769735 0.4561564317414914 4272.91204867089 0.0008087599037860189 0.027189158708057083
1.1314213433848832 0.4831747382699404 4437.105811449245 -0.00027208592064364593 0.020601433205892056
1.1314213433848832 0.4831747382699404 4437.105811449245 -0.00027208592064364593 0.020601433205892056
1.2041073423368136 0.5333577635938378 4871.2262221020455 0.0004970552747996014 0.015392165502852015
1.0597964537966726 0.4538430425166689 4797.823009036883 -0.0006129885074077431 0.01156499644718845
1.0597964537966726 0.4538430425166689 4797.823009036883 -0.0006129885074077431 0.01156499644718845
1.1912143042266203 0.46442642277517243 4318.900542187594 -0.00025637382289436117 0.026770119247249632
1.1912143042266203 0.46442642277517243 4318.900542187594 -0.00025637382289436117 0.026770119247249632
1.302658268190469 0.48204256618440505 4217.250198854935 -0.0003457251913624001 0.023258402139791
1.1589241887324442 0.5055150383764934 4219.22982647926 -1.3833077346528567e-05 0.011243032494134
1.1589241887324442 0.5055150383764934 4219.22982647926 -1.3833077346528567e-05 0.011243032494134
1.3176941383048835 0.4748987632262559 4467.70077019831 -4.985946151212275e-05 0.028331619800327758
1.3176941383048835 0.4748987632262559 4467.70077019831 -4.985946151212275e-05 0.028331619800327758
1.318016879379801 0.5296481917918416 4181.969958594909 1.2224437132949882e-05 0.025627968606611356
1.2688913707245955 0.4767769768269129 4488.25525968283 -0.0002828730714769548 0.025547636657316387
1.2688913707245955 0.4767769768269129 4488.25525968283 -0.0002828730714769548 0.025547636657316387
1.1453202924479613 0.4499629493029338 4966.826142292349 -0.00011246260159525959 0.01618662101438699
1.203545253712139 0.5133512674129036 4645.127676645674 -0.00018313909385808525 0.021936132317388175
1.203545253712139 0.5133512674129036 4645.127676645674 -0.00018313909385808525 0.021936132317388175
1.2128884925642187 0.45424362585328737 4645.147928340786 0.00016112102594393907 0.0258411651803924
1.2128884925642187 0.45424362585328737 4645.147928340786 0.00016112102594393907 0.0258411651803924
1.1025387329642278 0.4733065950119012 4768.76089177133 -4.820086957906073e-05 0.015257953711673149
1.1025387329642278 0.4733065950119012 4768.76089177133 -4.820086957906073e-05 0.015257953711673149
1.272777756039506 0.476373908198091 4453.580409601611 -0.0005104075065874537 0.029230844805330072
1.272777756039506 0.476373908198091 4453.580409601611 -0.0005104075065874537 0.029230844805330072
1.1574819119702096 0.4985990410752634 4563.006862108063 0.00034272127407008237 0.01886924480004728
1.2510759708611072 0.5227710989568995 4905.437113529548 8.902177995001648e-05 0.02454608922166672
1.2510759708611072 0.5227710989568995 4905.437113529548 8.902177995001648e-05 0.02454608922166672
1.2624653966780794 0.5076656152483547 4150.34706795552 0.0001542182043035773 0.018622484576289122
1.2624653966780794 0.5076656152483547 4150.34706795552 0.0001542182043035773 0.018622484576289122
1.2210063216650926 0.468418704979758 4833.498653073828 -8.77332207299617e-05 0.025221171886468403
1.423455065513628 0.5320701723354723 4234.151217496532 0.0006612008532110936 0.025431493707167626
1.423455065513628 0.5320701723354723 4234.151217496532 0.0006612008532110936 0.025431493707167626
1.137462866314708 0.4757060732452486 4544.452150473359 7.946768141165382e-06 0.015582604858407708
1.137462866314708 0.4757060732452486 4544.452150473359 7.946768141165382e-06 0.015582604858407708
1.1777640149627029 0.5282841049682895 4630.685561028921 0.0004602237700274519 0.014470238333290386
1.2609103053707527 0.4922714392810894 4599.246264674403 0.00020052721558824662 0.025172873681882812
1.2609103053707527 0.4922714392810894 4599.246264674403 0.00020052721558824662 0.025172873681882812
1.3696957624455113 0.4865991913408781 4634.902565698618 4.680942354067514e-05 0.02592769728988
1.0021195782094106 0.4900648761093859 4443.094016017629 -0.00039478381287742667 0.010563391706225769
1.0021195782094106 0.4900648761093859 4443.094016017629 -0.00039478381287742667 0.010563391706225769
1.2361513981724281 0.5006112686941858 4677.67237221145 -0.0004688891502591074 0.020891444664025247
1.1536943490643186 0.5142932173955194 4630.4956715640255 0.0002768447918774581 0.011735329415384766
1.1536943490643186 0.5142932173955194 4630.4956715640255 0.0002768447918774581 0.011735329415384766
1.165904971809483 0.4903594128584604 4447.988455453715 -0.00011317229448418265 0.018884873618212124
1.1824653382569987 0.44885444066652896 4889.411803675634 7.390798015227252e-05 0.022316970568612572
1.1382202015572944 0.5094857432948887 4503.922675749483 0.0007958494915341262 0.01442781396711061
1.1884570171463866 0.4609279098815358 4618.127688228672 -8.665962948262023e-05 0.015152702546014675
1.0575699966435685 0.48650169274642063 4476.356646030627 -0.00046149237460415464 0.010965124991046883
1.0575699966435685 0.48650169274642063 4476.356646030627 -0.00046149237460415464 0.010965124991046883
1.2488886383658786 0.48412753063149505 4090.135244032356 -0.0004553948846530266 0.012850183517993446
1.1567789280886789 0.4668341848553187 4552.139853929549 -0.0005491747477665346 0.01387012739482178
1.3221816704835931 0.5489616047767462 4635.420092633865 -0.0005320959910448658 0.01899486556034615
1.179627047505535 0.48625484356485704 4440.234440167918 -3.606887188625689e-05 0.012877703127395657
1.063885882979379 0.4922932090097847 4801.610776056358 0.0002100440707828724 0.010914911158833697
1.063885882979379 0.4922932090097847 4801.610776056358 0.0002100440707828724 0.010914911158833697
1.1889628212130128 0.5188458689038935 4160.103954486932 -0.00040436151196283774 0.011053904252973288
1.1889628212130128 0.5188458689038935 4160.103954486932 -0.00040436151196283774 0.011053904252973288
1.3066820103659107 0.5214864113745239 4269.521052342161 -0.0010455580384817573 0.026958402275088257
1.3066820103659107 0.5214864113745239 4269.521052342161 -0.0010455580384817573 0.026958402275088257
1.2418978475174849 0.49553012967706944 4204.5998490583725 -0.0004457540560536785 0.0222315226775549
1.2418978475174849 0.49553012967706944 4204.5998490583725 -0.0004457540560536785 0.0222315226775549
1.168333194741069 0.5266150945753458 4727.0181386837885 -0.00027387574127465215 0.013119050327099088
1.168333194741069 0.5266150945753458 4727.0181386837885 -0.00027387574127465215 0.013119050327099088
1.0431573019313198 0.49677898035220547 4934.848858589653 0.0002616295682016177 0.011128178780319083
1.0431573019313198 0.49677898035220547 4934.848858589653 0.0002616295682016177 0.011128178780319083
1.1909739867056637 0.48648689102065573 4676.613318653287 -0.00010737214527586621 0.015747079014133667
1.294144115592926 0.4729937983007673 4685.572384435114 0.00032715116290013823 0.028013624432481097
1.1054508417701496 0.49481298228291964 4672.268041123771 0.0007302365053779142 0.011566624217252054
1.2191979038503802 0.5410992377617511 4841.253547096344 0.0004461871727896883 0.014944285565951005
1.0592504433043888 0.4552722841182703 4443.618733557731 -0.00017901085824355477 0.012896744812049702
1.43220291778424 0.5395407632075147 4153.373666696444 1.1155776031741975e-05 0.02862060482866738
1.43220291778424 0.5395407632075147 4153.373666696444 1.1155776031741975e-05 0.02862060482866738
1.348679700776934 0.5107758023754034 4257.04166370728 -0.00021695509194007598 0.02303024875485006
1.142899109776502 0.5046250445424596 4467.107801893898 -0.00019224442693952044 0.013340538346540554
1.0757590084290982 0.4740852125365392 4722.345386888791 0.00030685411904374325 0.015456000564778648
1.0757590084290982 0.4740852125365392 4722.345386888791 0.00030685411904374325 0.015456000564778648
1.1227139124584333 0.49798976228973846 4654.216331529603 -0.0005685666771843596 0.010074615902509083
1.1227139124584333 0.49798976228973846 4654.216331529603 -0.0005685666771843596 0.010074615902509083
1.2319191221071701 0.4968603089262699 4590.673037500006 0.00022880882821545005 0.018594478903160086
1.137273372515635 0.49467654174063114 4867.983114636215 1.6371931934578718e-05 0.015158221179886942
1.2272180400835768 0.4907599739390312 4133.452059891439 -0.00024942048770797197 0.023747354209868676
1.2272180400835768 0.4907599739390312 4133.452059891439 -0.00024942048770797197 0.023747354209868676
1.214159680423923 0.5078809784639899 3942.062598287145 0.0003555662948234246 0.013173012575956856
1.193112889545553 0.5345105574228601 4548.327292490397 -7.37676363050633e-05 0.015578985421050576
1.142718656592008 0.4842817216086401 4592.6278786076655 -0.00014754217777285445 0.013622276574969755
1.2519332999019923 0.46294427605140565 4855.831210398766 0.000390689881272279 0.025377278980057108
1.2074522439306299 0.48795808629038717 4730.4896174737705 8.895058499306874e-05 0.023882920587579015
1.3134942249014654 0.5105105142573002 4990.293533323295 -0.000254739267893041 0.029207032167179525
1.0664705063647726 0.4655751412242284 4892.96404448382 -0.0001280215542161733 0.010852837946532492
1.0664705063647726 0.4655751412242284 4892.96404448382 -0.0001280215542161733 0.010852837946532492
1.1624923283595705 0.5003104888603779 4525.840771015571 0.0002275073213135147 0.014992618670121395
1.1624923283595705 0.5003104888603779 4525.840771015571 0.0002275073213135147 0.014992618670121395
1.172522032325817 0.4780856179106194 4994.005810228205 -0.00012980074951331788 0.014797862276518966
1.2576506304277262 0.46210995971564595 4926.082197404936 0.0003716186925642767 0.022515264636019525
1.2576506304277262 0.46210995971564595 4926.082197404936 0.0003716186925642767 0.022515264636019525
0.9772256666003898 0.49802847631832525 4849.760011904957 0.00020549477917100562 0.010744925440173646
1.0365127293570349 0.49754736824346135 4764.480592191408 0.00013424324855221617 0.010949148650845031
1.0365127293570349 0.49754736824346135 4764.480592191408 0.00013424324855221617 0.010949148650845031
1.3885652331559242 0.5081887944781841 4105.236779719127 -0.00021646300981407082 0.02698950394864526
1.3885652331559242 0.5081887944781841 4105.236779719127 -0.00021646300981407082 0.02698950394864526
1.3720006902113708 0.5000486860337976 4590.098725043312 -0.0006193114058576244 0.02679322656377141
1.3720006902113708 0.5000486860337976 4590.098725043312 -0.0006193114058576244 0.02679322656377141
1.2847313010510517 0.47044174947604034 4853.552212210136 -0.0006826404894944826 0.02806767687963866
1.2441072027869169 0.49330791039060373 4275.234920625909 0.0010468715677155972 0.015540183762245871
1.3090381660725887 0.47849380538834624 4814.090129837495 -0.00021481591511554954 0.028907279862138757
1.22550638157047 0.48923437368503736 4090.682183884229 4.3637272446746156e-05 0.012885426270227467
1.3372426405733024 0.4822829406375588 4492.773891226128 -0.000744495970421455 0.023049578850304835
1.262803964220506 0.4971204877098796 4878.8826605914355 0.00019428279356499545 0.02656153529942264
1.0938674252081093 0.45495996353027884 4920.280273765048 0.00037811108078455123 0.013036008080070905
1.0608959877376427 0.4728385856766991 4674.532116573223 0.0004586219822811164 0.01029029755294302
1.1421927088765569 0.4857151622810857 4311.051371572403 0.00045796516393989406 0.015758556383962185
1.2233527844110639 0.5001479995341427 4576.646228112273 -0.000979175346658062 0.022090144217339923
1.129706063032157 0.4912338095937613 4768.071578716306 0.00036968895237485266 0.016264622506403134
1.2296526256138918 0.48176454706441274 4433.359343601245 -0.00010820928575730749 0.01987532095281221
1.2296526256138918 0.48176454706441274 4433.359343601245 -0.00010820928575730749 0.01987532095281221
1.2213332498986182 0.49172990915524506 4479.390329294324 0.0007806600052034497 0.022349063192604872
1.1086877338236574 0.4689905666437242 4671.489990947744 -0.0004576176077611947 0.011364990763037576
1.23086379314844 0.5096058240368699 4945.821235982758 -0.00019785893304711567 0.020000777285140128
1.0449080300147178 0.46007571269807623 4974.602733100594 0.000574419848190885 0.011773191923708279
1.2590297761779885 0.4670471280883114 4998.950257043675 0.00025062853933028185 0.028398441570752074
1.0750338414446279 0.4728057225292537 4456.761819216764 -0.000264682927490117 0.01269589007874892
1.2151611451243398 0.47479290251120404 4992.400742166461 0.00025063234728186064 0.01925462502312622
1.1665906973338265 0.48651408959645154 4104.829213499613 -0.00041495285128498847 0.012802832962666615
0.9915788193423947 0.46890712756178643 4802.066803611986 1.29181537776268e-06 0.010849429469188994
1.2671697155167785 0.4752947957836871 4556.750840022616 0.0007354570661575122 0.028036134393228794
1.2671697155167785 0.4752947957836871 4556.750840022616 0.0007354570661575122 0.028036134393228794
1.2105993649418738 0.5070480261886778 4829.696601821877 -1.7752324984502903e-05 0.021470533352016194
1.1303467723921776 0.523169592995759 4889.438850192301 -0.0005432639914345168 0.011455501518584422
1.1732379821566212 0.4715503891382015 4630.632405857571 -0.00035459384934613064 0.015396560315363919
1.2681360816514904 0.5111000742386116 4445.8709786727795 0.0004840822829196234 0.02045182661900809
1.2129438384525684 0.48963394230477075 4909.382116351606 0.00038781233295443244 0.021576825243654316
1.2992741841115882 0.47745837181679646 4914.077132672691 0.00022647501476356002 0.02680559950726319
1.1323270340453446 0.4886048628583346 4201.095621826553 -0.00021310317013967814 0.010362318465306495
1.1323270340453446 0.4886048628583346 4201.095621826553 -0.00021310317013967814 0.010362318465306495
1.3179024721405845 0.4822753006493619 4775.424528462971 -6.45731680185294e-05 0.02417152325756006
1.2738132801625215 0.5398890006212491 4365.993763659094 -0.00016227689663287192 0.020032651142438546
1.2738132801625215 0.5398890006212491 4365.993763659094 -0.00016227689663287192 0.020032651142438546
1.1125754453989598 0.49325456393010647 4892.413860388204 -0.00022421623943809854 0.013464635812806654
1.1125754453989598 0.49325456393010647 4892.413860388204 -0.00022421623943809854 0.013464635812806654
1.1101023966308363 0.49226733495663183 4719.684596561411 0.0004034159753128932 0.012876952386031692
1.1242882849924378 0.47981728388946204 4126.783773412124 -0.00015322817708427047 0.011312804617318472
1.2439018984292811 0.5127270003714155 4936.131082549368 0.0005652846138272462 0.025903190293036633
1.3155309515071822 0.5415230438599676 4199.028755997753 -0.0002725951813192611 0.018127711156410486
1.1688571667719045 0.4722907351321021 4644.012765882938 -0.000437667279549497 0.020962376804326267
1.1688571667719045 0.4722907351321021 4644.012765882938 -0.000437667279549497 0.020962376804326267
1.231673348961979 0.5004606319256776 4467.933267156399 0.0004474642335544736 0.02318907764359636
1.1121671748011528 0.4699433139048237 4506.831813363234 -0.00021018115290804263 0.013762911491658768
1.330492634096475 0.4987616717145677 4153.141204629482 0.0006393547148007636 0.020627719097243015
1.0739734354003265 0.4981145216129781 4858.724805591892 0.0001937021889495425 0.010927203104019853
1.272166830011966 0.4978520466457734 4526.957365492219 -5.077335088141555e-05 0.019709868486975007
1.222695959956031 0.46293175710751217 4623.303116714528 -6.808512156945597e-05 0.025258459548806938
1.2722552292332692 0.5143111792975472 4493.00876131053 0.0008911090214118352 0.016949923913577275
1.2366563637051258 0.4823895993404023 4201.129313419584 0.00025550814774473837 0.012677100598230458
1.1254397915937513 0.49115097000853686 4229.9003043306375 -0.00011232550231579517 0.01055767198219127
1.2400269014378567 0.49956288737359905 4225.4208669609025 4.425026133914421e-05 0.01879905910519583
1.082257338563591 0.5016981087025076 4352.117162090986 -0.00025908439344938763 0.010374058285758058
1.2160333302803243 0.530743848167605 4193.2244471954955 0.00021384779416146147 0.013262259559550422
1.2183221281048389 0.4862968671836922 4677.734908001223 -0.00018703490698742417 0.015571187471877116
1.2300893804836812 0.47842313221644706 4632.648286184433 0.0002370145991296262 0.012220020192953162
1.1546089427878536 0.4790221782580434 4249.566260931119 0.0008282678567620409 0.013689196760136382
1.340202825556537 0.4662517974063275 4618.451689207477 -0.0005461204493785383 0.028357032155458442
1.3301858867499332 0.5034175962194622 4257.420559946866 0.0007432254455979486 0.022035186479940454
1.1325431997499917 0.48513409197387564 4755.824138654827 -0.0005441344125001934 0.012868566736269803
1.174426594340037 0.4674965296512539 4822.648937370582 -0.00020480574598496563 0.015871167369188956
1.2030066593332043 0.5044319025814515 4556.83193782878 -0.00020754477584955625 0.023154754414139778
1.1771096955034432 0.48897106590410294 4110.909053528404 -0.00013134737543547663 0.01985692690250666
1.1621817359990434 0.47006450930365273 4410.526371651735 -0.00011522840745605842 0.02279573252981057
1.1800593943013755 0.47172445664979257 4963.389993044448 -0.0002644760066315582 0.020371727243665535
1.2948667042663977 0.49857520077970946 4903.644572014979 -0.0005063473494118207 0.024252545517466563
1.213676212116428 0.48866953503908495 4618.74874427406 -0.00035085470041840497 0.01811275100252538
1.248470941146988 0.5128780282883547 4921.92624925677 0.0007860208697303431 0.017704053233199908
1.1128086633310879 0.49755410287211094 4927.87581037632 0.0006632950007448266 0.011531296764138603
1.3271325083411338 0.49798555139986134 4669.674131147441 0.0005217188618297912 0.02712222870138602
1.14398136542446 0.5047489361168561 4519.975415544196 -0.0004244636682169956 0.014212253473543948
1.4177870563330455 0.5425319389519112 4632.541509667594 0.0002782024477980565 0.02815533680850981
1.2683701205157627 0.49246357157597204 4919.894492256649 0.00012611405398896549 0.025702111667555254
1.046129405537891 0.47301241272885214 4848.553111816496 -0.0008334149961955257 0.011640882668196104
1.2452595048019053 0.5131561979516397 4818.110544709351 -0.0009005674087109876 0.02034001742156017
1.2358464844846688 0.4570752458435351 4991.020597254788 0.00029147677512809424 0.024911681112613212
1.179702949440541 0.5090874464535915 4736.27951561633 -0.0002718618788535076 0.019149942361257825
1.0483242169389788 0.4881366848631629 4994.36428015537 -0.0002733589409345198 0.011753400744952505
1.2656197069433415 0.5118079023047981 4271.601146348492 2.166466062306368e-05 0.017045189954337372
1.2995396022492915 0.4767617536511875 4654.022339486271 0.00027239314141294776 0.023176276871822048
1.3088941082591803 0.46799486562590703 4832.667150092202 0.0013350966357255018 0.03102678989800201
1.217610794387538 0.506671233265741 4954.570610523779 0.0004223179241618401 0.021143788087183094
1.3490913428343525 0.5047759305370563 4415.208885323089 -0.0002506546946893533 0.02372539661398631
1.0969972053187904 0.5138464978646471 4915.707327008651 -3.7799222886929286e-05 0.01120936883348893
1.0618119669276034 0.47793272149628074 4590.06533287795 -0.0001606295921968198 0.011799911743883661
1.1781940720703492 0.4633011598895437 4832.426374109444 0.0002016288821771823 0.01863997672920836
1.30478012211316 0.5106763333618551 4939.2640559074725 -0.0001636082328587825 0.024430500594469676
1.2000102691181365 0.5108184619516067 4502.940355105908 0.00015620600876328655 0.014325877490775536
1.3633990034593892 0.5052886726714503 4199.638080860484 0.0003398554763464156 0.02155831083134837
1.1316019306358547 0.4965211811639456 4351.866271107232 0.00018191229277848212 0.012557358568000321
1.222922984609205 0.4926808343747791 4598.552531311833 -0.00035851022012699664 0.01571331756366534
1.1509653299924623 0.48247064729392075 4994.497108216074 0.0007956980125806314 0.013073266563784951
1.2180693886236824 0.5045193357615405 4995.092245049848 -0.00032936641128638065 0.024767024075250457
1.2446203889039342 0.48208930454034965 4126.258929157453 5.430476362422922e-05 0.016261521302752175
1.409900225344401 0.48424140335332483 4324.832413234337 -0.0002820963734321193 0.02668577623618376
1.209984272626946 0.5027243478455057 4974.135450967647 -0.0010633554598672272 0.02154877734533056
1.2972958926560576 0.4840393647909304 4975.170042122375 -0.0001323900926553953 0.027371441192232834
1.2508378483056135 0.5156139122820815 4796.86892405514 7.074410928063435e-05 0.020251776832885378
1.2557256134401018 0.49668650080804444 4775.4485625436655 1.1213161857397333e-05 0.02249785013919395
1.0857789712509767 0.47630458938809495 4536.65253200453 -0.0008894684321197436 0.010192725597248074
1.2640239334193315 0.48141483159316334 4876.150676049977 2.0499223807779534e-05 0.02489417402932964
1.0451516026938326 0.4803518759957092 4805.08317977811 0.0002598361794640336 0.01240261853140549
1.2558932245693573 0.5150011019767837 4955.944583245003 -0.0001465818210251832 0.02069169705453924
1.2107130283748404 0.4930751621796086 4590.283200038982 -0.0007450111333092539 0.016094221132219803
1.3321192345213193 0.48102605410599303 4442.098309167398 -0.00017157356863856707 0.02347160097317318
1.1216677228306455 0.5030035327475306 4995.4009075078275 0.00011933282956994341 0.013277129294119309
1.319994536396151 0.5027339356974208 4181.7939646076165 0.0003708230980486542 0.02451187172094648
1.1762426719322137 0.4736656114216077 4821.60750765867 -0.00043217893735460395 0.012273997108974276
1.2019053611145414 0.4733213503888992 4776.784175224411 0.0004321245103049456 0.014590206216110239
1.4328526647027928 0.5212406995936499 4105.353652152737 -0.0006478159120082654 0.028178370091124942
1.2823099408064877 0.5015520867654335 4690.386720258396 -0.0002276729848352793 0.014842761201375733
1.227758774166725 0.48618832441095705 4817.701660746556 9.688482864598466e-05 0.027931303546929378
1.0905380626593104 0.5001681752418317 4901.591891010106 0.00012978689566563837 0.01107799974791182
1.4166523295540305 0.5294655142628348 4566.606925662067 -6.51650748508652e-05 0.023603098506671902
1.2953855240291103 0.48752892250974617 4569.866852594682 -0.00010626067739496249 0.027047276244354688
1.0923450892304967 0.490617219036338 4877.770163424137 0.0004673984074037427 0.010853453598710433
1.2465733863598296 0.5352644155152733 4957.787570967663 0.00017940670764301123 0.018044191622095106
1.1900207330327248 0.5218689404652148 4980.729741652517 -0.0003504667367925666 0.01685481579061228
1.3660810151124676 0.5258752596478516 4850.571438619894 -7.371834895737386e-05 0.021247823749203962
1.2847667623577683 0.48074343559337634 4092.613182812659 0.000582877547814764 0.021833505163761587
1.2129288569852144 0.5056139646057811 4324.750649706035 0.0008197216189119507 0.011909415886456406
1.3464439505000545 0.5305251362806496 4803.233216523514 -0.0006901750031866234 0.026468137663817556
1.3488833323296674 0.5019637949483686 4113.454130784383 0.00014209676374165952 0.022508215635878823
1.3018342949844635 0.48733290642689003 4275.014930131395 0.00021238040946752954 0.023684785999855497
1.1990156518562856 0.5312294458548321 4777.1492176112 0.0003547645325817323 0.01701695408220996
1.1515977507996582 0.4844302854956326 4549.073417667417 -0.00037175011902153873 0.013813185987647634
1.2706312214437225 0.4960861379574133 4871.1821066412995 0.0005147631251858502 0.025511382518009877
1.194237448501457 0.5071137986265108 4922.794949204986 1.720496803608693e-05 0.01633261209235397
1.2417444391635322 0.47188508754066233 4403.617560459916 0.00023465738358264635 0.024316440358781853
1.1815348610366083 0.5031131925271333 4443.8975092592755 0.0005191480251538615 0.020033905308189458
1.2437268604147294 0.502993105321318 4597.010760175531 2.9522950012072583e-05 0.014723503084879895
1.3189357723084218 0.5049726574600288 4964.663010026299 0.0002088059834596254 0.02430628156486961
1.3017770047914052 0.503276369677209 4585.585381546658 0.0002149173396386766 0.020950904883794114
1.1830959215611494 0.4838236045037837 4841.715597922968 0.00025788013740921003 0.01323492550198526
1.201099561570829 0.47627669638226167 4782.892487096686 0.0004335285752263208 0.01954014344901106
1.2985425684704037 0.5108022803141905 4053.6182993958273 -0.0002797085396338067 0.019255886946495798
1.0079598775964347 0.47928396205937607 4927.744759433392 -0.00010191016631677119 0.011680716925245308
1.2846773306562256 0.4964925414334064 4120.95658077265 -4.7751065255750765e-05 0.017940536485350038
1.4424095006599438 0.4883139584332207 4536.3375013488585 -0.0008348039569555031 0.029864929960618274
1.3179337501506467 0.5126057573722534 4957.869302900259 -0.00034615229543149374 0.02433712910501449
1.4202473475075017 0.5213534367599022 4300.313777779833 -0.00023397948561012833 0.030451273150895387
1.3155824031857088 0.4861088121111339 4635.250637673981 -9.779289048151887e-05 0.021385486332804758
1.3906749790756545 0.4993246245732791 4674.542295734084 -3.42703381939021e-05 0.02875489542422429
1.1755955882991007 0.46383349937849755 4815.636771438879 -2.6418619443206212e-05 0.015078072722848508
1.3698810324692818 0.4831724354504594 4300.229456395357 -0.0006856036932355308 0.029825944429479084
1.165605403968231 0.4865830132530311 4925.740352838325 0.0003023299654585775 0.01931910650261811
1.3375655178086088 0.48709053200239666 4719.897720972959 -0.0004075771235334024 0.02804853577494654
1.1765808366505237 0.5089497631498956 4677.420507395222 0.0006773614849063915 0.013153837600274007
1.2367296414481492 0.49947174948614537 4633.070673101291 -6.65122949668391e-05 0.012898051179086246
1.1951104242280433 0.5043066411497739 4895.741299780036 -0.0003239068558120147 0.010916037721590697
1.4592172952695002 0.5116075968606066 4526.761365737209 -0.00010128339416014703 0.030668360066456315
1.3399749527092402 0.48455848828854614 4580.777310356002 0.0007511870942909938 0.02606447581770712
1.2054159800141258 0.48764435763759634 4527.294491616174 0.00021432636414689496 0.014585911775490198
1.1531506597379235 0.48636148638317644 4898.073545213254 0.0006266497663575366 0.015930712736398133
1.0970080718604285 0.47184476942754217 4556.470211298061 -0.0002947385381142031 0.015419084759223909
1.144275552515401 0.49352586793117414 4777.929924501739 -0.00023381608747521305 0.015145496738030454
1.2850698035219943 0.5012563370859558 4777.698865500153 -9.786581523064703e-05 0.025903165023556364
1.1864612267863313 0.4728899588790716 4810.245934220236 -0.0002122557685537899 0.016986219165933965
1.063286673826213 0.4741980459212783 4941.021667035425 -0.00028989352473205056 0.011965396430165911
1.08357548745642 0.4820290288655046 4886.3144112620475 9.549805843686979e-05 0.012330742859327056
1.16490399864978 0.49155095397936976 4896.4674837136245 -0.0004936836503791109 0.016257919308204142
1.3097473152690005 0.47906269253689177 4663.086065936972 0.00011575959813142173 0.0247047236069369
1.2675763188933564 0.4759675837311229 4636.483430014522 -0.0011696312447941927 0.021163940788469365
1.0575629464255756 0.48467697831336626 4811.775831833878 -0.0004983309273274356 0.012294051937402772
1.1332706982886855 0.4854197554784494 4864.463692162918 6.195283957430845e-05 0.011422374173775616
1.2793820828577738 0.5109050651170288 4405.042404760487 -5.492374228805853e-05 0.015957155476407827
1.1492271194126005 0.4818356912039721 4898.12124941811 0.0005643495985885216 0.015966554604993775
1.2018066103370701 0.47072879302789916 4760.998770902154 -0.0004935923957571631 0.021412980422879885
1.1071172311049269 0.4683329527169771 4643.631485872117 0.0003047383183582986 0.010989123731216213
1.231062813319305 0.4887931725169482 4650.604874040964 -0.0004942308095350315 0.020514289483900394
1.3110176477573425 0.48078138486191346 4659.88728062034 0.0003199713328952443 0.023328955829409685
1.1801205983007426 0.48194591565334166 4976.85530929648 -0.0007715754357809462 0.01937366010799274
1.3363586782658048 0.5204835618468653 4774.285734724696 -0.0002198553582781526 0.023561384633479066
1.2570935861867287 0.496389084029937 4236.488380483692 -0.0003405548842139581 0.018027843190378402
1.3497876812629672 0.5026498732779205 4814.288045031421 0.0005953634133996567 0.025565975581348557
1.2871844643400498 0.526766516917971 4774.407811366446 0.0004174635811650548 0.01706733333193447
1.208208774569219 0.49183378656207255 4511.307972654983 -1.444982538344209e-05 0.016353662545060037
1.3978591488868122 0.5280423507328029 4774.717535977153 0.0005656180721162348 0.02893033253139621
1.343495142781964 0.46996891458123435 4852.250098836088 -0.0006098443896774287 0.02822778432174914
1.2189317517105938 0.4896676363423424 4872.509598451045 9.977245378924166e-05 0.021058599462304144
1.1758397542027579 0.49497054385137024 4105.624437282341 0.0004635710635918174 0.010691760964949937
1.248843578421846 0.49217330543731813 4659.123742207789 0.0005761827497259818 0.01626268982627034
1.3521213704576822 0.4852089132366464 4405.018476628149 -1.4225048235628574e-05 0.025521395653035916
1.22149500250155 0.4728522559260188 4709.352946451403 0.001206126613470087 0.016165707540498855
1.274993106591881 0.4702834795131565 4590.027614261372 -2.7035615372886526e-05 0.024284263402684275
1.258597567023655 0.49470944752562057 4796.677003068628 -0.0002734488604990787 0.025646733316918968
1.2532711729070218 0.49058430779648343 4911.6052734402365 5.523231402430059e-05 0.022949916429829676
1.2006950266839673 0.4851651430454353 4852.578563290331 0.00011412834473056866 0.016642999461138744
1.1913585159342643 0.4894819478889568 4978.291486299288 0.00012401988479160368 0.014357702178744727
1.1913585159342643 0.4894819478889568 4978.291486299288 0.00012401988479160368 0.014357702178744727
1.1551542837791873 0.4587593636362801 4817.071014863784 3.6025380342714e-05 0.01893243650835462
1.0595141238805 0.47627463051090624 4803.399772078302 -0.0005677156844301404 0.011078315413270746
1.2263968343787575 0.4825593131072831 4985.174695164791 -0.00022703147392646466 0.017754480612266952
1.1636304254906409 0.4756114769725599 4927.051938238806 3.046257424752869e-05 0.017972957098950436
1.1517749030771678 0.4899073250027627 4937.366130678954 -6.363536118677254e-05 0.016152454478717247
1.174272232912772 0.49003663010028303 4804.1816861367415 -0.00012733762060771462 0.01584593479585001
1.167251260164388 0.49510300669435886 4882.143118496128 -0.00018963588612765092 0.016092966867596252
1.1776147004440598 0.49937249270512024 4805.488125606877 -0.00013539486756702088 0.015742645163685027
1.1776147004440598 0.49937249270512024 4805.488125606877 -0.00013539486756702088 0.015742645163685027
1.098869517120156 0.49045473918103955 4941.11777828539 -0.0003735311168645439 0.012218415510447863
1.2215820816350238 0.4910742578646375 4849.495214203427 -0.0001314050563922778 0.016599374127706845
1.2617844944050969 0.5139060972707852 4869.065067934904 0.00011800042792313018 0.01751101725693752
1.1956660155049104 0.4863742066610957 4790.77921905985 0.0001815741465251765 0.01915171126012103
1.217545150603823 0.478855865975334 4953.783061157768 0.0010883037288532934 0.01903751383299542
1.2712087350713246 0.49092032788952183 4849.374908053621 0.00014539369282324773 0.017714436277979608
1.2006792922746554 0.49372497035296276 4910.022923735789 0.00027740676899706677 0.0183355145972467
1.236990085349729 0.5051346276997104 4822.23864957949 0.0006154029826584435 0.018092626419672506
1.2277060602311334 0.48560374263341854 4821.877056134681 0.00015287924814429732 0.018532797701569105
1.2229066272334386 0.4965356915308809 4984.118553491064 0.00036417416486221935 0.021311685944373934
1.2211459080303313 0.48365895400221004 4605.521776766842 0.0005695955190285957 0.018095538061346908
1.3085553453846575 0.5241452024280793 4899.379323133923 0.0005082809027955776 0.02245493743053107
1.2290961406700713 0.4914734855035868 4811.58500932128 0.0008558907150801405 0.024893339896923876
1.2290961406700713 0.4914734855035868 4811.58500932128 0.0008558907150801405 0.024893339896923876
1.3490185559146086 0.4939707471451303 4969.713713361987 8.992602753896887e-05 0.025225530146160503
1.2652039856459618 0.488665722994598 4984.453401438692 -3.0855604267465114e-05 0.024162517072452705
1.2652039856459618 0.488665722994598 4984.453401438692 -3.0855604267465114e-05 0.024162517072452705
1.2235029455314785 0.49134272563372033 4937.009581447611 -5.992652870219162e-05 0.02235155627034416
1.2258768102521387 0.49265899579163863 4811.571338179813 0.00021807116365338467 0.02529056901746079
1.3374120017261877 0.4812613569944853 4526.763500315659 0.0006357740925913325 0.02679709433335935
1.3713317811168877 0.5045041062804321 4774.665978436001 0.00034766054731786493 0.028225655640620743
1.2619445852573812 0.4892996859154516 4760.592649440404 0.0007517429030431202 0.027059158439726536
1.3518329691988524 0.4960324573562883 4864.8047421864485 0.00041690383140787906 0.02682896677793449
1.2225259267579869 0.484533098133433 4777.011519085359 1.567147187701644e-05 0.021505004781190516
1.2225259267579869 0.484533098133433 4777.011519085359 1.567147187701644e-05 0.021505004781190516
1.344087601097733 0.4843065192574019 4802.10218105785 0.0003575681283770635 0.02602677252304502
1.3009610411878514 0.5243883954063779 4566.388807484311 0.0004227265822842017 0.016377590305449476
1.3114916506363246 0.5067697804428142 4585.6091566545365 0.00048608536765815986 0.02047899771983311
1.2268976550252333 0.4754194985843938 4590.994742275423 0.0005282681056272796 0.018173290320175638
1.3325745016446855 0.48991397445653834 4826.8062056234585 0.0003308220498293901 0.02679978114563205
1.1651862646920175 0.46156590194396063 4992.702684132423 -0.0006585362273194464 0.016875935322316925
1.1962014537968582 0.46463077564628474 4992.459836179475 -9.246126252885936e-06 0.019423662441421796
1.179923204200009 0.5030854684783952 4889.111956980841 -7.520477263123915e-05 0.016652801100141383
1.2511444103598364 0.49408037233765867 4803.737624881645 0.000485982921381377 0.019110037754632506
1.202043601447944 0.5010407314704233 4636.98754568672 -0.00017940426335066824 0.012605359737276986
1.202043601447944 0.5010407314704233 4636.98754568672 -0.00017940426335066824 0.012605359737276986
1.1811211782340247 0.4770742017199021 4837.525988975992 0.0008730410651711038 0.02075486982244243
1.3764198127263598 0.5087347944705032 4899.215352253987 9.649961467912878e-05 0.0294403534394614
1.3542051366558832 0.4910887595796871 4643.762638989256 0.000488030317035305 0.026584915396380446
1.3059257491868244 0.500192175230439 4806.395959713752 0.000644427846103934 0.023286340836042828
1.2640753442143624 0.482646804798197 4899.084415788668 -0.0003717674297521827 0.0207575969984408
1.1416220198110563 0.47656549798436953 4784.800385679848 0.0005045835985111193 0.013401269038990703
1.185799960136501 0.49905950133253046 4982.725527523151 0.0004654614281546905 0.014321353227507563
1.148234827516839 0.48718660122094964 4989.0983100304675 0.0003519792185999884 0.01537031042644695
1.1735789506010748 0.5159083415039598 4668.4990415617085 0.00034180184354159755 0.012957038233574287
1.1735789506010748 0.5159083415039598 4668.4990415617085 0.00034180184354159755 0.012957038233574287
1.169711329182225 0.5365728811153069 4806.638769236581 6.152260456392122e-05 0.011134872669740597
1.2104055736079231 0.5043654353636684 4869.99601052875 0.0008955840058649076 0.014329671660449019
1.2040841746472184 0.4988731971990397 4849.555415504825 0.00013421382336755108 0.011588627334929066
1.1589458620348072 0.5245385372255718 4926.216114744982 0.0006854168110456431 0.011957886779513574
1.2107969682970203 0.48630093709139566 4709.73547981841 0.0002552418733494303 0.014087711988100863
1.1256668069421922 0.5073534004731854 4805.04091719808 0.00040647290520057173 0.012140174770215353
1.228591479958658 0.4844802478199002 4659.102803621641 0.0005176146786868426 0.01433842234428068
1.1807348012756598 0.5311974300144338 4985.832432981821 0.0003986009523307025 0.012169498099268167
1.1963394981514748 0.5016016043386115 4321.872196532453 3.885974606469136e-05 0.01240357438198512
1.1610222741316805 0.49516997378175887 4590.542974497813 0.0002605488277294476 0.011421309145423105
1.2300150952172884 0.5033644923708684 4926.353908727191 0.0005585430425909905 0.014264561977167377
1.2300150952172884 0.5033644923708684 4926.353908727191 0.0005585430425909905 0.014264561977167377
1.4057078524121698 0.5240781016372474 4526.416092259628 0.00011430838616798332 0.029233894357861133
1.356755836160954 0.517666234262752 4654.7712340923335 0.00012923303398286391 0.026067460790987103
1.3409466108720012 0.5349440919830584 4566.8518832022855 -0.0005957367822392208 0.019718771733876657
1.4122485212802547 0.5327039321710413 4643.3619558624105 -0.0001905945249807564 0.02389956102908776
1.3661060161329441 0.5121773793238162 4442.536600808657 -0.0006567072418437481 0.025295211744621408
1.3228810856971238 0.5086349336932412 4442.23155464065 4.4835908384023404e-05 0.02263856626820674
1.3498536244360524 0.5311453295522497 4849.304368849912 6.645937818833026e-05 0.02278312310893315
1.3578292269948509 0.5205447456539207 4803.953495871814 -0.0005361356342523285 0.02613858667449603
1.2376563896465156 0.5155481457080462 4804.689837542713 -0.0001331935473387587 0.01910100675024458
1.2559653129682924 0.528370536442206 4709.662571919152 -0.0003472838444998902 0.015912530015170342
1.1196725460556993 0.5184254513832744 4987.810780348192 -0.0007621761117032406 0.011610797025922366
1.3500371989118412 0.5169414397769941 4654.18085174513 -0.0003028296212644654 0.026024996024907765
1.2557416723212598 0.4945730993206082 4427.045341158493 4.634218465175766e-05 0.019380676567161963
1.3419106149578617 0.5043114194890086 4300.748919388065 -0.0003810298089737076 0.021267714047339813
1.3419106149578617 0.5043114194890086 4300.748919388065 -0.0003810298089737076 0.021267714047339813
1.3357677083933703 0.49957050707028633 4352.40791308264 -0.0003596419137521073 0.024458955113643925
1.2876300277106891 0.5081510592074245 4511.040519554699 -0.00020979953233747978 0.022495754718653786
1.296960306248964 0.4943309911638698 4527.048789602439 -0.0001359234095823686 0.020632121737826872
1.317489752454946 0.4968477307488576 4427.375098089518 -0.0003699962204332935 0.027689893224510296
1.3079647946791029 0.49358373379822157 4366.695855904254 5.478078784281918e-07 0.02047051769702514
1.3251795858649484 0.49711374859893326 4405.28914822003 -0.00023381611649935245 0.020100078677017706
1.2721288892113256 0.46939619579093556 4853.3638890800585 -0.00012968746031320728 0.02198660078031786
1.299515264802598 0.49680923678143185 4877.821943596782 -3.229035287911341e-06 0.024242355997652978
1.2170329405294005 0.49517064201724426 4988.404740108842 -0.0003119298199837978 0.019663848552015067
1.3203756215400189 0.500891083767839 4899.96691276402 -0.0006972852675874403 0.02446143932976575
1.2394289856981664 0.4773227442721336 4817.683396137969 -0.0008566607838138739 0.02468118469253726
1.247773335454127 0.49425022867878743 4992.442309832435 -0.00038733015551658157 0.02295341211069596
1.2818644849854683 0.488172718665568 4802.559571561568 -0.0004839246966147741 0.021896690290330947
1.2668264679324124 0.47873918196768517 4803.655959884894 -0.0004329729088430313 0.023009370963224533
1.2622025790748728 0.4914306708464041 4872.730168012577 -0.0005150872406665668 0.022179891890538518
1.3522655113152207 0.4893247643549197 4709.557923592474 -0.0004078484439632642 0.02499262437289363
1.2070020912510175 0.47068962924545465 4636.691561917283 -0.0003780871281913031 0.013853657341247137
1.2744180344489529 0.5049483053029623 4933.099844760772 -0.00032558329154428633 0.01861969060966536
1.1946365388885947 0.4913281377131018 4805.5526976361325 -0.0005611260006889068 0.017760729780070032
1.1946365388885947 0.4913281377131018 4805.5526976361325 -0.0005611260006889068 0.017760729780070032
1.2105079706689543 0.4913330249662472 4817.366678883358 -0.0004686584064797281 0.02132883724809339
1.176591952618622 0.47144215024662967 4741.228591089621 -0.00011832038376304084 0.01518532060011748
1.164025264980105 0.4787406038665625 4954.561661686753 -0.00030601501938417783 0.018447152643414656
