chirp_mass mass_ratio EOS alpha zeta
1.2701669755676401 0.8895050315593156 4240.876343747075 0.0003680143742224803 0.20809304988970148
1.3697690146161805 0.8480158895708677 4342.758079379388 0.0001128924263822338 0.19469467587586456
1.3488400226372756 0.8146586914446337 4373.35807822677 0.0007502879168724468 0.21134776623551393
1.3716305068116237 0.8471368916574947 4398.099259918756 0.00025694535492925023 0.15612928311719868
1.3257479197828554 0.9480615565309114 4107.599238735765 0.00048641441569723044 0.1258388006912668
1.3563828435698249 0.8863228546281658 4509.900399403829 0.0005015626758074868 0.7883416179498806
1.1143244613288714 0.8913371494808598 4475.903739885936 -0.00032800886994917923 0.018283324725974666
1.1857802043455339 0.9317761102811548 4595.608016073072 -0.00013414514911537352 0.03894962961795796
1.4035539181111636 0.7612793374243788 4977.85137716444 -0.0007297306089101605 0.09104371581778085
1.2565180729287704 0.8311067688176136 4384.292357668725 -0.0005807922345392808 0.013831358589476667
1.3127139887316455 0.8215833479905237 4200.267816617927 -0.0004700721006695043 0.1818936654029745
1.2274730279436201 0.8386707728680984 4752.821148649132 -0.0003014406333620735 0.13888621968261375
1.3291341786202473 0.8803175395531629 4865.809181966087 0.00017761466935791747 0.205852365315725
1.1302381623553766 0.9530880040774095 4295.868882540639 -0.0001940221467706193 0.020883081655372747
1.3743722767647872 0.8409845530816077 4733.113595786533 0.0003011128457154346 0.18499702004905585
1.3586899675627977 0.9010456715908248 3992.4324903014945 0.00023315567626832037 0.47234879785536105
1.424809921725954 0.7083715963955203 4783.384938739965 0.00021590337687867845 0.036305913007335724
1.2588485367453197 0.8493952533936361 4481.352020867003 8.408357926327553e-05 0.05657406589343647
1.3624722281183677 0.7681235789527231 4847.0192407756695 3.5000187306286363e-05 0.10805089181374797
1.31468683377784 0.780077048313241 4648.390707638906 3.516065427548191e-05 0.08250303879177906
1.3445255661287479 0.7766644877274936 4173.515704415114 -0.0002613727925009678 0.09279526314355012
1.393509988555182 0.7856891652899842 4346.854339658783 -0.00015384642091380928 0.09350364673332222
1.346537318312921 0.71696934128179 4845.673202638369 -0.0007610919060903408 0.04353544588819452
1.2043062665329174 0.9409357584379644 4250.075804626306 -9.873995895269853e-05 0.09844976963914802
1.389138764921693 0.833536673654475 4527.264537826634 -0.0003725524333862752 0.11787901769450349
1.4190045528559896 0.873658145901489 4614.585942953898 7.036687235487667e-05 0.4850071372310762
1.2282331367029438 0.821780374529767 4779.009601828202 -0.000530606074321749 0.018296915024646414
1.1914860564138414 0.8813919573624074 4153.553157047285 0.0006562941333074498 0.020167065596282435
1.367621520068313 0.7946091039616126 4811.464133472815 0.00035791499936749244 0.13912197296288742
1.3981513728365051 0.8062187644189902 4141.113136371589 0.0004823397570158463 0.1207872630185881
1.2859834779051902 0.838836848609782 4989.5341606479515 -0.00043094775411368956 0.18252696503885518
1.3933555841445924 0.9296661242842674 4101.3472727537155 3.1629816435396216e-05 0.6453680992126465
1.3264946013074772 0.9709800235840493 4639.3833529120775 0.00048793143736373034 0.9788579523863554
1.3068703941010376 0.9062773690041149 4334.4653109946985 0.00024704845943074533 0.19543348237703628
1.1426171487281298 0.8636816267276516 4327.790137598334 4.876907896155418e-06 0.021257287739751954
1.3124257297543331 0.836006501707498 4836.033952448951 0.00020556679642813572 0.11640295965403148
1.4043985260298113 0.8227225097881191 4970.715148394868 0.0005352962494101063 0.2121183267041217
1.3130465594884078 0.8427696596866299 4629.086465384037 0.000903053998637674 0.2406706620774276
1.2675478583808846 0.8043313972229026 4506.199168437056 -0.00040964977090535436 0.06760783572178534
1.239308012401705 0.8355124814049766 4744.741071880281 -0.00041914446365774245 0.14978551327726214
1.1080969785537191 0.8148142449319916 4914.173926202894 -8.918846147400122e-05 0.014849038691202403
1.2830451112630397 0.7772978378075437 4473.187091576547 -0.00032611355507998474 0.10282871140251548
1.4508337767211859 0.7773465749678217 3982.7543486102218 0.00032117222853530694 0.10970571419048464
1.1942552555362467 0.8956895468271918 4281.2583574621185 -0.00040333929362433997 0.01834382339466811
1.2556149857649594 0.9209234798531353 4856.5924081698595 0.00022997093096374015 0.12003349451360791
1.3308488572979653 0.819476956156136 4661.220697456269 -0.00011861832623014844 0.0842652610084031
1.411923409948439 0.8362208933644613 4532.8036885800775 -0.00021502456523168702 0.2404653635365778
1.219386507993933 0.9709173828062316 4747.57117995525 0.00010381168823842797 0.020512535864106674
1.19032256419215 0.8555748139432912 4787.197963192411 -0.00024084455550706321 0.07518199914063123
1.4320902923398067 0.8488694549207587 4840.191767011657 0.00039220908312216825 0.47083290636667036
1.2463364028346557 0.8839097236620305 4595.543458353555 0.00010509313103372442 0.09142348107569886
1.3947686303659717 0.6854480554773856 4808.809861357604 -0.00018695423409081406 0.03888401750572738
1.186041555749071 0.8884889662286152 4676.203731029499 -0.000588749409068512 0.022545567888684892
1.4008183431583918 0.8814166028629481 4060.081307773249 0.00038090767167159653 0.05782532510749808
1.2981605286191986 0.944848968194085 4142.069392324655 0.0002467532467123388 0.06272847591692637
1.3036943877011367 0.8648751498027516 4469.108253579337 -6.276287748107625e-05 0.03371001811432853
1.2467831143862886 0.9460946330343812 4452.167390305596 -0.00045207994507562825 0.21400629032999863
1.3095501230008777 0.7979965883176499 4684.14612717975 0.000327657291172299 0.13705071198123875
1.5515926037381225 0.8371898454155211 4716.8171670657075 -5.169017718118256e-05 0.4156302551206722
1.2867268330003658 0.8540549467737626 4501.483470146876 0.00035832862630381506 0.20215356131509465
1.3177374745973238 0.7812123301640566 4906.224041674281 -3.7993288726526676e-05 0.10617023993162589
1.1485662863589057 0.9194300833833244 4953.731305594812 -0.00015298823125367748 0.01873321512690148
1.280700852413271 0.8078865610591839 4484.924124279175 -0.0004324961846719481 0.1361647474558308
1.280700852413271 0.8078865610591839 4484.924124279175 -0.0004324961846719481 0.1361647474558308
1.489846195659358 0.7896905286513439 4053.5090452730587 -0.00031101681368879137 0.11481491071972214
1.059071282009366 0.8810146553997004 4524.783845663585 0.0005200996984924384 0.015802127815652545
1.4078625595674694 0.8447430940524042 4217.031313065557 -0.00012815577926620465 0.24970365143819212
1.4179811964606326 0.7967347522692189 4671.562946864315 -0.00011593401518611389 0.14833552683456608
1.3731391634184185 0.8271125723822539 4215.542170350303 0.0002422835807677859 0.20070618260919673
1.3731391634184185 0.8271125723822539 4215.542170350303 0.0002422835807677859 0.20070618260919673
1.2466478353328023 0.9455228909157554 4100.425236900216 0.00010600347176724839 0.02759571883447068
1.2204172556161792 0.9770162445046875 4700.681795287449 0.0005302043436941314 0.03829419571593547
1.243753061175084 0.9221853013300341 4865.710712915658 9.036424522844319e-05 0.03916826275484976
1.148386227491394 0.822194860789276 4818.208609832062 -0.0008337282897136107 0.01405206020846227
1.169608670322253 0.8905643566668899 4867.772031065369 0.00011556960336256388 0.0318631789737867
1.169608670322253 0.8905643566668899 4867.772031065369 0.00011556960336256388 0.0318631789737867
1.3533107911566309 0.8204564076422909 4450.895105596738 -0.00034911414699813733 0.207240698948792
1.283023823444538 0.9345167266017468 4161.152265980599 0.00024103560938965385 0.07935043954684619
1.2981245749608457 0.9317078433868635 4639.188225101984 -1.578666310149794e-05 0.18567084938066042
1.2981245749608457 0.9317078433868635 4639.188225101984 -1.578666310149794e-05 0.18567084938066042
1.4880687051558232 0.8353969942272047 4059.7604950864065 -0.00012668623916998258 0.32913598027391894
1.4880687051558232 0.8353969942272047 4059.7604950864065 -0.00012668623916998258 0.32913598027391894
1.23920208510029 0.8578465825404787 4695.1905689334035 -0.00018726124949308167 0.058771532233074436
1.350297371041918 0.8572143877970582 4784.706695727411 0.00042668759599722876 0.24631645600795646
1.288050589994458 0.8010342922649384 4516.60338866207 -0.00010922355448493036 0.07367639519262088
1.5284391135891835 0.7962810820510668 4930.016124873742 2.600835371646143e-05 0.15922052143319046
1.3037219643226474 0.8343843673013921 4855.743969670193 5.022508596660713e-05 0.11839013259947705
1.5271868750334612 0.8328699891835357 4537.14155294621 -0.00011164574120505228 0.27715821219085257
1.4081733832067294 0.9002656743752635 4527.820434563724 -0.00015059666056217608 0.6725938997190023
1.280884678447043 0.8547620061168312 4490.672268084696 -8.350115083489419e-05 0.046220957355542325
1.3370468448047852 0.8570057270006542 4664.59519059454 0.000254812913933171 0.1612847049346601
1.3058140973459316 0.7797392341893111 4946.680798218932 -0.00014419059022878066 0.07921640990785994
1.4169676944908534 0.8695464674102038 4659.794784051051 0.0005967366693556901 0.36895043797746985
1.4114879696852145 0.9119143669013182 3931.5091737985967 0.00013161782304688615 0.5930055017213095
1.3089132753641004 0.8724355369049822 4815.90210037268 0.0008205403845531228 0.07801353943362999
1.275646806955081 0.8995687553945858 4940.29885333646 0.00022496868694463071 0.06660583415136823
1.433842556628882 0.7677848046625644 4707.488688789172 0.0006669851693329932 0.09601003896824428
1.3191942099760867 0.7730261948142203 4761.621342402896 -0.0005293498870950429 0.09598967484400399
1.4137700152738164 0.8478807312714056 4826.73037625405 0.00017798318521674048 0.4141750911954947
1.3530730063368561 0.9096988266565372 4065.7816224766857 0.0002930978832814562 0.16726700759976165
1.344044382453975 0.8390961442592301 4013.621174606547 0.0003926104283377526 0.15346261060689637
1.3148937514593837 0.7997527128177142 4178.856712985027 4.288102060417517e-05 0.12153896725583857
1.1932926189058701 0.9133107767960649 4443.3869893637875 0.00011386842753008757 0.07677331590680388
1.1932926189058701 0.9133107767960649 4443.3869893637875 0.00011386842753008757 0.07677331590680388
1.1781980435768906 0.9326318500588087 4053.8417883714856 0.00014690356693448762 0.020362690194742895
1.2994676275424624 0.858226934744795 3981.46178468421 0.0005789705704733977 0.1470447690603813
1.2784192959789726 0.941895321796635 4677.296821060297 9.583821587925611e-05 0.10028187272814784
1.474554240531737 0.8384344183484956 4580.561429566515 -6.995018178705883e-05 0.24903385678045736
1.366901645323139 0.8426635644427919 4976.652668339782 8.210691807009434e-05 0.42040144647336886
1.398470075017562 0.9026132249566431 4469.739186202732 0.0001694021983230905 0.5897797161231947
1.4870554189241831 0.7968923397280541 4802.01614756816 8.550246131025277e-05 0.1377305046259243
1.32752626190373 0.7950143126029224 4683.721427355591 -0.0005408189883113746 0.07171462230582133
1.261108932967379 0.7973110676064027 4541.463022434105 0.00015271571631845552 0.0939338795884465
1.3801581873520983 0.7972330168633632 4210.11580886429 0.00015652341910590161 0.08696163602785102
1.4591699942888745 0.7392919410898515 4838.316551939695 -0.00022388027340239638 0.05440344364188501
1.4591699942888745 0.7392919410898515 4838.316551939695 -0.00022388027340239638 0.05440344364188501
1.3415175831591009 0.8654800806055234 4488.8894400524505 -0.00011979276295022444 0.2767572971187082
1.2387247753617672 0.8081422092219263 4721.3612403798925 8.253847324667111e-05 0.09228262620502088
1.4010561506813497 0.8461676760879443 4960.283230098774 0.00021948408242785132 0.2229941833329446
1.3978391991459258 0.8164598367108622 4421.669077038971 -0.00019933824291112198 0.17930311891529568
1.3759558076996274 0.8194326147707668 4141.158688629141 0.00011950037816946604 0.1362221941790667
1.1822041646274235 0.8491752189090135 4640.87513996094 3.0450639230111648e-05 0.057884311328262494
1.2843824871170526 0.8389603842098163 4561.373600170457 0.00014479848553036864 0.14696273403274443
1.3308676262556602 0.7884987565890625 4295.8085118504505 -5.948261679066766e-05 0.09831734910187906
1.3749687525730834 0.8394481018408388 4755.840186417849 -8.530217977365212e-05 0.22078373929071
1.1764313480236046 0.9033837750125666 4547.525928375468 0.00016850782190362112 0.041350761002506634
1.135639711604954 0.8273228748334491 4556.977625821931 0.00047274391775936994 0.021192753267621853
1.2439976879264039 0.8729881896647517 4378.910364944742 0.0002505509552194371 0.088837201951994
1.3396621677807263 0.856787614520599 4122.805135739462 0.0006274602490471217 0.10673663735463292
1.3396621677807263 0.856787614520599 4122.805135739462 0.0006274602490471217 0.10673663735463292
1.3725231742201092 0.7748520115619463 4242.404444369343 0.00027209306843269793 0.09429627510090681
1.511850718079414 0.7874880291160228 4750.423210501687 0.00013214878218170592 0.11393471918146042
1.2602365779789912 0.856845997134619 4986.574634973645 -0.00048150096726728937 0.16953791107590935
1.2274819201589238 0.8608880436780242 4811.315622786859 -0.00018411672349153105 0.05249774288878126
1.3453218281078367 0.9260699727241872 3955.3944524692756 7.3234388688929e-05 0.6798569102755285
1.383948323661249 0.76623070203182 4660.393378358232 -0.00026300436348415646 0.07964087011539539
1.2263828378886314 0.9083789832744817 4596.863532676894 0.00026556113789577026 0.07040279046165963
1.2848740201406514 0.8982337742260063 4095.664335147677 0.0005335460484742888 0.04157906744210928
1.251475076942174 0.9153334111521064 4671.535060989442 0.0007582399661489238 0.04992168674634703
1.3197848835012929 0.7461275230609237 4623.096454501528 -0.00039728240037971294 0.05190508956932692
1.3197848835012929 0.7461275230609237 4623.096454501528 -0.00039728240037971294 0.05190508956932692
1.307166388385549 0.840108407539917 4373.230822422273 -0.0006469985315379276 0.22323335450305318
1.5010225630462872 0.7304102947436801 4465.2228394697995 -1.362877541298217e-05 0.05054650224192646
1.4753951824646223 0.8134214028338642 4104.743873279051 -0.000248065537479896 0.19977362934744522
1.1990499909803825 0.827518441009681 4616.4855944114415 -0.0004629730176554157 0.11032579876691481
1.1990499909803825 0.827518441009681 4616.4855944114415 -0.0004629730176554157 0.11032579876691481
1.328493638228113 0.8616326697353454 4270.284820418665 0.0002513468584179378 0.1378047468791708
1.328493638228113 0.8616326697353454 4270.284820418665 0.0002513468584179378 0.1378047468791708
1.52077186406721 0.8342350822017661 4527.8943690234655 0.0007083435321646557 0.3724494333888452
1.3191716314869768 0.7959889616647357 4197.428520098721 -0.00027912107676770614 0.12574607901615273
1.2897069835872104 0.8377984682665393 4920.567191115017 0.00047058603464730233 0.1871828330375117
1.2897069835872104 0.8377984682665393 4920.567191115017 0.00047058603464730233 0.1871828330375117
1.3410614914018804 0.9378257856194749 4365.655746781634 -0.0001894163645102086 0.7552131099927843
1.2640672756408393 0.84250682106107 4533.654397617239 -0.0001388685692663408 0.10230091956944136
1.234531750369588 0.8343912604894829 4894.74582637094 0.00030616735807466105 0.15865005851783992
1.4154005762246387 0.7811245777189384 4306.7597468935855 -0.0002473379465111224 0.07816962211307535
1.297870190001698 0.874149272631156 4571.461765666618 0.0005884060408657287 0.18608744287395929
1.4138820669265781 0.7821598805706939 4839.4927901853935 2.1899396803999016e-05 0.11098811361536486
1.211799752809657 0.8917941942276154 3926.1919126994303 0.000346665355615313 0.020523402238458204
1.3256836342867662 0.8318345845134459 4748.625019241963 -0.0004048385457085713 0.24627207552915276
1.2957765440437545 0.8838877239091077 4703.7195639038055 0.0002277751268303741 0.17889260604346496
1.2548592288479614 0.888649888637396 4713.9087405344835 0.0009470881471029607 0.08322491485969692
1.4187774789804313 0.8286734812794087 4224.694706917974 -0.00022706039650687316 0.27172675606877805
1.4187774789804313 0.8286734812794087 4224.694706917974 -0.00022706039650687316 0.27172675606877805
1.3228662040605745 0.7612307931762062 4857.345372765751 2.7243812722242224e-05 0.07751252702330363
1.3228662040605745 0.7612307931762062 4857.345372765751 2.7243812722242224e-05 0.07751252702330363
1.362483484557206 0.8613940947384282 4943.448653930191 -0.00012426196762053396 0.32001838201677435
1.362483484557206 0.8613940947384282 4943.448653930191 -0.00012426196762053396 0.32001838201677435
1.1998225595553942 0.8899155164686012 4714.515038143795 0.0005706445688736664 0.03926682036829321
1.2312041041558919 0.8748138215535818 4822.664673740784 0.00029490180362669717 0.029718922974520827
1.3369781031351864 0.8117186349189184 4962.939391042297 -0.00016797957707381342 0.1284641771023635
1.4316946443112022 0.8564830564093432 4557.730381326789 0.00012713386960366211 0.34410991377405564
1.3464484037021278 0.8742788983729419 4933.214989236875 0.0002717242215774514 0.16769924373775869
1.3464484037021278 0.8742788983729419 4933.214989236875 0.0002717242215774514 0.16769924373775869
1.5774625134207714 0.7825521333617536 4580.84626710587 -0.00024473771873503966 0.12190322821298467
1.3050101772481408 0.8402780742916464 4621.832175652925 -0.0007826579315365932 0.07072569820728426
1.3050101772481408 0.8402780742916464 4621.832175652925 -0.0007826579315365932 0.07072569820728426
1.276174929962261 0.8348938938309188 4870.906502229378 0.00014064028632434464 0.13661161017789716
1.3760938506492888 0.8569623538653104 4127.722100535222 -9.052236165907636e-05 0.3512163404540242
1.50756138315645 0.8444935298616556 4105.853911561 -0.0004735737404577084 0.3157377422347711
1.3423986870438993 0.8773849817202444 4982.56837888657 -0.00014255109983404032 0.332686537229979
1.3284581086671752 0.7756562794363563 4186.58932740777 0.0002665368172165035 0.08657927261906499
1.3281254012065786 0.840276979082416 4836.882875238229 0.0006853170641893485 0.12305678936683728
1.3281254012065786 0.840276979082416 4836.882875238229 0.0006853170641893485 0.12305678936683728
1.2813596858563618 0.8825877788346295 4992.82226454085 -0.0005790229485745825 0.17727430016106552
1.3877252610708921 0.829589128512061 4189.734193347274 9.280324116003904e-05 0.13904340806563165
1.3877252610708921 0.829589128512061 4189.734193347274 9.280324116003904e-05 0.13904340806563165
1.2736805314023725 0.8601485554522968 4896.590933572301 -0.00012036122528932257 0.20755416410482613
1.3368726648578755 0.7740279180757874 4967.731844419049 -0.0004656984445437041 0.09652350234390497
1.3503605788101347 0.7745202807230673 4663.258604342352 -0.0004994559604759999 0.09675137201106887
1.2583574029321094 0.9400848620549563 4059.5030072907007 0.000492993138261125 0.0382787033552218
1.2583574029321094 0.9400848620549563 4059.5030072907007 0.000492993138261125 0.0382787033552218
1.4044576167570246 0.9003858566942404 4527.139378621342 9.301200259942741e-05 0.6272373761603318
1.4659590883177291 0.8472329803951537 3955.0435605230223 -8.946489106941782e-05 0.47680752495042095
1.4659590883177291 0.8472329803951537 3955.0435605230223 -8.946489106941782e-05 0.47680752495042095
1.3258936857331123 0.8458991631211703 4941.5328825681845 -0.0003963381864206354 0.22397360370366484
1.258322196191242 0.8237753631508717 4318.727989456448 1.665361593587877e-05 0.17073629535372734
1.3027510610684327 0.8042185205842184 4942.564030593405 1.8053540245715793e-05 0.10236066799175358
1.2679616193582164 0.817395310804626 4771.392756503402 0.00015442472301914665 0.07674849597293877
1.2679616193582164 0.817395310804626 4771.392756503402 0.00015442472301914665 0.07674849597293877
1.4753385243176096 0.784478118247552 4659.258324045178 -1.0348395413252566e-05 0.09503160911726247
1.4124182542284967 0.8583720512094115 4849.053302321476 9.784875568733034e-05 0.30844784706623474
1.2250202332740343 0.9045512351631814 4774.827169467958 8.798956786874041e-05 0.021633613883496466
1.2683120906294323 0.8586579738831165 4227.025426840405 7.296396080385949e-05 0.15842916963896211
1.2692140286241824 0.9041842321802647 4642.92862666379 0.0005090026655333135 0.14671385718633365
1.2692140286241824 0.9041842321802647 4642.92862666379 0.0005090026655333135 0.14671385718633365
1.427475607441903 0.8567945209464346 4636.70579796592 0.00030475545721628754 0.39544511286002076
1.3925303706291228 0.8495660306615797 4384.143863883686 0.00045113846262951756 0.13934049584267827
1.2844264972727606 0.8167985803047368 4778.120459025259 -0.00036881224657050305 0.15190678376031483
1.4484023785052633 0.8356621443435243 4659.954412360072 0.0005275713260261883 0.23490334236484178
1.4484023785052633 0.8356621443435243 4659.954412360072 0.0005275713260261883 0.23490334236484178
1.47328853047443 0.6607299837655926 4874.07148379955 0.00015541345135365706 0.029128214265365854
1.1957080212259787 0.9146172901545998 4853.299527909257 0.00012265536889447668 0.02415944770037465
1.433039537901127 0.741106065708249 4604.593169118024 0.00011426532149718161 0.05808297555137294
1.4037082143202015 0.831344850423807 4142.5871012506095 0.00030477971281111745 0.15866857217124625
1.4037082143202015 0.831344850423807 4142.5871012506095 0.00030477971281111745 0.15866857217124625
1.2666389781820644 0.8198711319975822 4684.865527765635 0.00038727217566737315 0.10053870729097301
1.2666389781820644 0.8198711319975822 4684.865527765635 0.00038727217566737315 0.10053870729097301
1.4222197901787776 0.7016098105290832 4771.251289000394 -0.00020634268560001305 0.04111167725974117
1.4222197901787776 0.7016098105290832 4771.251289000394 -0.00020634268560001305 0.04111167725974117
1.1428626017531043 0.8727004603475206 4605.427634608333 -0.0004579571176632971 0.01705937684650716
1.2900784075636285 0.9205907661686115 4983.0195504276135 0.0001928337979886238 0.19254249018972788
1.416417285593762 0.8545668238864941 4598.900606934247 0.0003883279155359798 0.3028374535864805
1.427149773980179 0.8334840684833362 4597.351136153266 -0.0002324956953111165 0.16786201513156168
1.427149773980179 0.8334840684833362 4597.351136153266 -0.0002324956953111165 0.16786201513156168
1.3829821084363414 0.7829943340143157 4150.891885651186 -0.00039894939862205914 0.07925220918856098
1.331387635602872 0.8254111772371866 4959.069807525898 -6.453794978913918e-05 0.16827632815588123
1.3428819444724782 0.824502869450527 4143.932917274762 0.0002877780955720495 0.15078277026760736
1.229810678465581 0.8996166501232401 4708.979537240324 -4.702817353431796e-05 0.09393832042087163
1.1457085960084283 0.8530680173903499 4568.93480652645 -9.901507323571186e-05 0.014903807307553944
1.1457085960084283 0.8530680173903499 4568.93480652645 -9.901507323571186e-05 0.014903807307553944
1.308701370090469 0.83792392908546 4641.885932016183 0.0003001036251579483 0.14398746070597834
1.4427313664914085 0.7553173299174397 4921.378338090545 -0.00017948393920860266 0.06450083979010177
1.5331002878404842 0.7979434851320688 4352.606370184009 0.0008891660820914059 0.14058174056784378
1.5331002878404842 0.7979434851320688 4352.606370184009 0.0008891660820914059 0.14058174056784378
1.4007284444619872 0.8802320956920705 3955.5851098973844 -0.0002668332402974742 0.752631352300946
1.4007284444619872 0.8802320956920705 3955.5851098973844 -0.0002668332402974742 0.752631352300946
1.3158809353415042 0.8392184508043463 4966.183924105231 0.0003718243044019883 0.18708662162961448
1.3158809353415042 0.8392184508043463 4966.183924105231 0.0003718243044019883 0.18708662162961448
1.250247218462455 0.8644218171286887 4729.836496599655 0.00032254928444454424 0.14502372536584354
1.3447140665653206 0.7932899807636645 4662.459279259626 -0.00014930780493066273 0.11123788300698524
1.3447140665653206 0.7932899807636645 4662.459279259626 -0.00014930780493066273 0.11123788300698524
1.3810542550631129 0.8050697479731913 4618.204847082505 -7.53448997972682e-05 0.11288666145313692
1.3810542550631129 0.8050697479731913 4618.204847082505 -7.53448997972682e-05 0.11288666145313692
1.3377773077566493 0.7382649647681244 4681.369896610822 -0.0011372617736633958 0.05102613218734238
1.2901012119575865 0.8120469341010108 4829.633049700903 0.0005490837723268488 0.14666914515353172
1.2901012119575865 0.8120469341010108 4829.633049700903 0.0005490837723268488 0.14666914515353172
1.2936704582079617 0.9006571269701988 4805.976219256801 0.0008036993971694403 0.20217052353756845
1.440012466973044 0.7693530856000987 4618.310590719 -0.00018161303454690596 0.08760498995417029
1.440012466973044 0.7693530856000987 4618.310590719 -0.00018161303454690596 0.08760498995417029
1.1833630511513569 0.9164471331523651 4966.985460906137 -5.642887708793353e-05 0.02856900484594111
1.382660981099607 0.9177526708252155 4636.730722129404 -0.00026200227810891925 0.4844532330878317
1.192426727977445 0.831516070149551 4577.114279389447 -0.0008835293880165622 0.06415290518590691
1.3000322036136933 0.8324661259901396 4746.651105204659 -0.0005407704301619452 0.24111430199261744
1.3095514879179904 0.8545987045982537 4404.091328864833 0.00042229099291739297 0.11179086975556958
1.2582839130264951 0.8548775092156257 4888.421930658404 -0.00024676496033001257 0.16203162278307068
1.2582839130264951 0.8548775092156257 4888.421930658404 -0.00024676496033001257 0.16203162278307068
1.37880780936904 0.876305557683439 4352.701052448216 -0.00031914670572847904 0.1276517357133181
1.3463397029242041 0.7630267530830056 4989.830777540586 -0.000546757621348755 0.06419232888205907
1.3463397029242041 0.7630267530830056 4989.830777540586 -0.000546757621348755 0.06419232888205907
1.3156730126959635 0.7840155629698015 4882.456862488351 0.0003657346369163388 0.09215376632948677
1.3156730126959635 0.7840155629698015 4882.456862488351 0.0003657346369163388 0.09215376632948677
1.3038233532430383 0.7936587291605738 4910.1721882666125 -0.0005884499765997208 0.06546930678599512
1.3012415585744403 0.8538594790106686 4964.603181235111 -0.0003075888888997368 0.07320806722749476
1.2369933342346155 0.884601765790406 4793.151190490539 0.0006188761093261466 0.06775567257861774
1.2163317998875032 0.8459088748715106 4495.236609981004 -0.00034918006203178714 0.06948649096059967
1.3811392330532364 0.807866835958267 4168.675776870387 0.00033374806323890644 0.11913856054924055
1.3811392330532364 0.807866835958267 4168.675776870387 0.00033374806323890644 0.11913856054924055
1.1431641352331687 0.878808161809971 4893.27107330484 -0.0003903982574222869 0.02419624546046023
1.1431641352331687 0.878808161809971 4893.27107330484 -0.0003903982574222869 0.02419624546046023
1.2589138675925484 0.9198421099491981 4743.847823721577 0.0005203606925533408 0.14003408670489478
1.2589138675925484 0.9198421099491981 4743.847823721577 0.0005203606925533408 0.14003408670489478
1.3065133061773873 0.8883346140413919 4221.207998441306 0.00029464396894148405 0.04611021877283274
1.3065133061773873 0.8883346140413919 4221.207998441306 0.00029464396894148405 0.04611021877283274
1.4648006940383311 0.8206017147142287 4840.116514592052 0.0007301323807343901 0.2228014169542365
1.4019515370343627 0.831649051806229 4224.922766960989 -0.0002331803216588172 0.2691535963359406
1.3388213343194133 0.8350488908344766 4953.502968206514 0.0010078246628736367 0.19014464633752692
1.31544940344192 0.8225726865546559 4998.901012429179 -9.688280190288308e-05 0.11681435923411825
1.31544940344192 0.8225726865546559 4998.901012429179 -9.688280190288308e-05 0.11681435923411825
1.2546994392036992 0.9001364095041062 4897.826415412974 0.00024989652308265 0.1632308400500508
1.3141846077315509 0.7666403656096061 4788.147381221705 -3.6628153103316675e-05 0.08449559428812681
1.2182059007546835 0.8511051947194171 4377.821990789027 -3.466649982075772e-05 0.05209437335103501
1.3274701341451929 0.8266762795466693 4725.337352668945 -0.0005443009134783908 0.08885405646822517
1.367521223657855 0.8369705146535626 4846.57836971008 0.0008111473811881172 0.2751903317336004
1.367521223657855 0.8369705146535626 4846.57836971008 0.0008111473811881172 0.2751903317336004
1.3591769095171142 0.7572381800835366 4937.968045606715 -0.00041342780480236425 0.07084729196901939
1.4730297765967895 0.8236284728612446 4869.407720644061 0.0005826234204895627 0.28070765549361476
1.4946955357955771 0.8258189487185853 4405.123053792872 0.0003949130289134581 0.20417394347527187
1.4946955357955771 0.8258189487185853 4405.123053792872 0.0003949130289134581 0.20417394347527187
1.129647054928755 0.8463591007466917 4635.887018529058 -3.815788278771256e-05 0.015223671730054908
1.154808822955597 0.8589883236465601 4642.636488710317 0.0002697223357407318 0.01859559521817839
1.385536660720886 0.8419326346612542 4427.180072558433 -0.000344370888822173 0.18032925673378444
1.1851851017801596 0.9160240033011284 4887.821011862413 -9.165512360989354e-05 0.028770148762959732
1.3550998104510392 0.8146381964348579 4984.71416996225 -0.0007226253572249893 0.14148996658343632
1.4389720184971044 0.888813265417088 4300.811901045579 -0.00021512165055397294 0.5801102862783029
1.3354410238575292 0.807124648367398 4858.740085984899 0.00017852605282015583 0.13806279780267355
1.3050448670427937 0.830403118358487 4604.32502415599 -0.000348408963176657 0.0968010583496854
1.340137034364814 0.8117604400954074 4841.901863455457 7.980677995601189e-05 0.08761631454353783
1.2723271251262396 0.8003988883336405 4329.763373988917 0.00021501942832889869 0.09154827824166176
1.3454864896200691 0.8126242770031216 4428.398441022204 -0.0003806129328918645 0.09822384877754757
1.3890657656188372 0.8082952664041546 4618.962720115128 0.0005091889851923656 0.12971348391458867
1.3093713338285204 0.7901263660013093 4139.893979220812 0.0001856196973808418 0.111502257248832
1.3655355985666981 0.8554965400264731 4510.889914826168 -0.00043533064062432474 0.1535658431490067
1.3655355985666981 0.8554965400264731 4510.889914826168 -0.00043533064062432474 0.1535658431490067
1.4260017068294697 0.8524663639536497 4982.966812274677 0.0005066109160164391 0.4865239380513005
1.4260017068294697 0.8524663639536497 4982.966812274677 0.0005066109160164391 0.4865239380513005
1.2686137141508635 0.8207225128653715 4740.509840439976 -0.000300068963118047 0.14682452882697847
1.2577681865550114 0.8922179077431456 4853.612924263217 0.000692052352966876 0.02834911513845727
1.393135542967729 0.8121152782431992 4970.1784051531495 0.0006804121363626055 0.18746010277015204
1.204557265169259 0.878665723301296 4923.759931707464 -1.9279067916573278e-05 0.04324814989575945
1.2882100776556336 0.8480485969493238 4641.756823286903 -0.00014579901422595373 0.10947321287333542
1.2746652238205465 0.8426705025243452 4938.053205868832 -0.0003315177055695646 0.08101199482410745
1.2983972347340798 0.8412199498091074 4767.716353567257 -0.00031158194932754004 0.06236544562535638
1.2200471238517834 0.8250314997513591 4868.7870831965465 -0.00030710090362378543 0.06414421940624557
1.28467151186934 0.794992759701148 4845.716956699903 6.0682611055665525e-05 0.10590455743748738
1.3523751239039814 0.8147991056261797 4818.796345189543 5.6783395993592783e-05 0.1389224470701984
1.2613113402223473 0.822886021908488 4995.387253431451 -0.00037666452961234023 0.10080937086837453
1.2537605839825514 0.8682920878078024 4581.224012737295 -0.0002957422934140177 0.022799918930406744
1.30310579308775 0.8376977607856988 4792.094741981605 0.0010518417699063288 0.22487139896760025
1.2589151142792068 0.8340129532244681 4845.848977622639 -0.00018146743650256553 0.16830479978484225
1.2974377437592004 0.8004663734657835 4888.2587814246435 0.0004064472901798401 0.10856576197955355
1.2974377437592004 0.8004663734657835 4888.2587814246435 0.0004064472901798401 0.10856576197955355
1.229740217981938 0.9265608641036912 4862.831802881851 0.00033029204392726145 0.034830606190799154
1.1687034654961759 0.8864607460357509 4816.9774323731735 -0.000134090325200207 0.03853790986329076
1.4337455752491037 0.784033454850098 4739.6772693044795 0.0003151122487366612 0.11007643967845133
1.1827586185700518 0.8364429248864012 4721.559909477367 -7.46315035417239e-05 0.05580277375332332
1.2926427168865167 0.8575173231150343 4737.266461371004 0.00021202077726843795 0.15283904221571953
1.3394378535535387 0.7941412779496227 4989.621113640854 0.0003342224270540752 0.1315899821567619
1.3394378535535387 0.7941412779496227 4989.621113640854 0.0003342224270540752 0.1315899821567619
1.222824734514524 0.8814095261003982 4853.457172678575 0.00017723885770981642 0.024258512096909463
1.1955185263226682 0.8606693631114107 4897.027482485929 -0.000627950061778597 0.029043292570920573
1.4831578471811964 0.803976949105192 4840.231617235909 0.0006318903598579199 0.17311297153484237
1.1367635027379053 0.8797550105987584 4772.643515601479 -0.00021572242352787906 0.024846397769277932
1.3481454028019093 0.811819711881815 4827.595630515875 -0.0007870579609479169 0.14957740799041558
1.3481454028019093 0.811819711881815 4827.595630515875 -0.0007870579609479169 0.14957740799041558
1.3274448900533102 0.8517522180140098 4970.41262053839 0.0004582885964454457 0.23158705745466276
1.3274448900533102 0.8517522180140098 4970.41262053839 0.0004582885964454457 0.23158705745466276
1.2441770151144265 0.851934487390767 4883.98513911669 0.000585768805821321 0.15792704368781754
1.3278559067083555 0.8439969265187302 4991.826655502948 0.00023362142903579836 0.2525148209880899
1.3278559067083555 0.8439969265187302 4991.826655502948 0.00023362142903579836 0.2525148209880899
1.2350793358235745 0.9305848482674268 4039.9769372966953 0.00039767719848896044 0.019500029007411438
1.3574501731497906 0.7713578122557749 4898.967776105241 0.0003235620708677855 0.08043362994241529
1.2068220488748418 0.8813532333238482 4728.303551065821 -1.5071957415233953e-05 0.04334037773004288
1.2476918733013076 0.8417275531144321 4948.012664931004 0.0004973265571367216 0.0964643231454377
1.1557755920714514 0.8938948247475761 4410.7001923162325 1.0666825549396042e-05 0.03306181126974944
1.1273338678080387 0.8992198170180861 4915.819290599736 -0.0002751083380876206 0.02209178753333826
1.175550042890838 0.8199828987715271 4904.422479735631 -0.0006618772646459566 0.051202686226813725
1.3314530826048239 0.8423567458272534 4992.614038891901 0.00021152136848093852 0.27561190727446155
1.3314530826048239 0.8423567458272534 4992.614038891901 0.00021152136848093852 0.27561190727446155
1.2669115607844228 0.8772639969548535 4991.434239990795 4.323660765274647e-05 0.11339950413251482
1.3190011348946258 0.8507601254543508 4634.823468278617 4.765338662079914e-05 0.09397929619858772
1.3609078905901169 0.8184833067906501 4671.24117635011 0.00024076293826271505 0.13510756816081262
1.3711431735643385 0.7538919661366568 4902.154857651193 0.00010351129393762509 0.0725519708436968
1.2455769266420078 0.8339617572325593 4503.403090580776 -0.00041274102022396334 0.05703539750707953
1.320055176374035 0.8053297752398952 4859.793854446399 -0.0004471280713133685 0.11803092404733705
1.3088806212407942 0.8519601312238206 4907.910155436433 0.00023190926416806492 0.17969925857291522
1.247522019643355 0.862989427369695 4729.656924802753 -0.00022552706321728367 0.12803693190937726
1.321327235444963 0.7454524765559765 4809.323454288277 9.620247332909112e-05 0.06120205187249521
1.266218698621079 0.8166207252316056 4176.167899329224 0.000176685979153647 0.09062055388302198
1.1600088344496782 0.9136885973812102 4968.286661176702 0.000494155162110321 0.030821422222278703
1.1927080771368241 0.8764559644620651 4810.608698220922 -0.00047679118493002985 0.022347148362684394
1.2034002620835254 0.8901535514614587 4710.765477743133 0.0005533675286177439 0.029382884000434574
1.4050678467284765 0.8023573643650705 4901.507600178033 0.0005111133860061406 0.14343028988149517
1.1663487724957664 0.9228704144661241 4795.602035445637 0.00046233116363055986 0.04187642111330016
1.260291113050508 0.8175905568045988 4880.723016176026 -6.9080618211407806e-06 0.12382212002832174
1.3003000338042718 0.8724499258252784 4872.051377599583 0.0003351177260721427 0.1177592139907431
1.2635745342853995 0.8745158474774938 4699.29278458647 -0.00038350168236758584 0.17387484094130598
1.247167736137143 0.8639408034971203 4938.739380690617 -0.0006199725666539255 0.0569066932990202
1.3435211291265574 0.8057119575988101 4804.0860413960845 0.0002496084175241665 0.10053664890755293
1.1645456117858037 0.8778854616137594 4946.868239924395 -0.000378666978226831 0.032384839934687173
1.1297820006876869 0.8763451640672192 4731.873875141367 0.00011364431434822053 0.020129306531546477
1.4931291554507686 0.808093630353711 4822.279972707723 -3.616516834636611e-06 0.18637022595585445
1.1878976444894493 0.8354595036489623 4536.060609830327 -0.0008934118485849647 0.015518904993168525
1.3644090738545855 0.8178035942241924 4677.08842106539 0.00022976929274697732 0.13056195168963663
1.171126633359546 0.8839653668738116 4991.409381881994 -0.00019668982349617804 0.02047624701913362
1.3463405505534825 0.8330434171709423 4671.0426267635385 4.184984568894413e-05 0.14949440815409484
1.341999850369691 0.8270157785168504 4907.482853817661 0.0002521791196736071 0.18144925799746428
1.2623070940692778 0.8991257390414873 4782.606819795761 0.0006479937920031422 0.14063348911079215
1.2766534052471898 0.8968252510971111 4994.8299266484855 0.0004419442368894073 0.2038966120733593
1.2695203135721205 0.878087334123675 4832.177590921544 -4.728324835963247e-05 0.07121801439688011
1.334945008197698 0.7895948083080427 4645.705729167347 0.00042870029288251735 0.10364144939866003
1.1838238896599427 0.8383187999543349 4936.16035095002 -0.0006140094888551146 0.022007615867913183
1.2889638259340104 0.8564892291808228 4875.525475794611 0.0009431121358947517 0.17145480047103107
1.3053841173261969 0.8194421118635926 4920.37371728803 -8.096902488777925e-05 0.1574722140173454
1.227439059904699 0.9026936756262995 4980.950719437262 0.0001356093287245472 0.07374671990974958
1.3106610825437168 0.8080784534245887 4691.43323718156 2.8791474980488988e-05 0.10757590134178309
1.119111670581139 0.8512557874963032 4792.656107981165 -0.0010181244266377289 0.018320353253128547
1.2024599557067999 0.8653948241872272 4973.475681007857 -0.0002557575046382882 0.037746554743165774
1.3556604646722048 0.8192935703625439 4815.192798833543 3.5363749454843874e-05 0.11172910168932859
1.334800607773954 0.8597531361237256 4957.039395834007 6.153634827033872e-05 0.17660596060200656
1.2346759374864702 0.8359389014406553 4801.790531061441 0.00020992466961338243 0.07839618389785542
1.3386180345778973 0.8089043497608535 4736.927412690498 -0.001026047462834342 0.15456715730547757
1.2977544279597428 0.8862536237690773 4895.177042557223 1.8865595301134888e-05 0.03982496784731341
1.305707619332365 0.849241857130027 4913.470425718079 7.39885377597045e-05 0.2537213133474237
1.3659957578206763 0.7429219465644821 4934.273898519559 -0.0009059841409386111 0.05816897032561858
1.1908224483472911 0.841992380768743 4908.961322580919 -0.0005591821463617223 0.04472594543678746
1.1968511547862855 0.8816740727211753 4395.656709040317 -6.630933036298293e-05 0.01969002698643406
1.1990509607607212 0.8773797008195388 4519.496725938688 0.00029762846401465486 0.052901228302013846
1.3779388365246654 0.7457467104374395 4961.497328368549 -0.00033723020258886717 0.06047565248521063
1.1653138364407107 0.8907800800985882 4687.416146046891 0.0002856714976728532 0.03291473631237672
1.2863376158462283 0.8842891240044318 4931.923322353878 0.00032941785662700943 0.25850143840576123
1.3112081145571026 0.829526722433235 4704.451768717958 0.0001606599091596368 0.12269821715732897
1.2011873806024504 0.9187138126627722 4997.262020748557 0.0003079750303580745 0.03087087250594453
1.1894532936100952 0.8674008719477148 4368.504109426732 -0.00014253441799703945 0.020029870557889906
1.3738268567843768 0.8276616176969784 4306.166237952385 -0.0003245154786769755 0.13751741304285675
1.3282884856660704 0.8200015938353125 4913.892125263563 0.00021074777061377584 0.18565300293498815
1.3120071953642856 0.7981577495999529 4974.202160869191 -4.1071296037654724e-05 0.10173163163179673
1.2114347546561886 0.8712477723811329 4794.896224868169 0.00027778680403728594 0.02227147660074977
1.2854651213600132 0.8917311148385516 4983.840764427017 0.00013565387356983798 0.1160532088677047
1.3214206400017787 0.8782632674982417 4815.90244374374 0.00017375627879705988 0.15108679724951965
1.3347276503342695 0.8114026637087249 4574.941825370089 0.0002597528047672005 0.17101959016966267
1.2382900262488106 0.8473097376976677 4602.663424527755 -1.3110560939640121e-06 0.06895381208797238
1.1224209168309462 0.8650877396020309 4526.860059289525 -0.000112375070409994 0.016358938428219536
1.2965822761998629 0.8751241127165766 4827.659999158598 0.00033515614094620325 0.25022110535731945
1.2258936743151205 0.8846730763334285 4931.874982125205 0.0003278900686794999 0.05241919612447646
1.2661232644558809 0.8221145446675981 4795.88848087476 -0.00020139408418736468 0.1259667184079659
1.3060211137064965 0.8625632325163508 4970.304705962884 -0.0003357185716828136 0.18583416674953265
1.2214359245638509 0.838750394784239 4857.75070200829 -0.0005624465621120443 0.06550590022579003
1.089628500209355 0.8569754390569765 4730.287506977194 -0.00024308330639333838 0.016286639074904553
1.1946707225193915 0.899600877310096 4698.284493588437 0.00042157589654713594 0.022313838295005377
1.289748209938402 0.8743129450186029 4998.39473441214 0.0006551908126713664 0.158665779317559
1.2850500833065948 0.8669871653276338 4976.468876590467 -7.412792212539475e-05 0.21702212533590431
1.1298705047419673 0.8499915696979733 4947.971454045646 -0.00018815907737600586 0.017185094199249358
1.2173119927062797 0.8643358265099609 4880.830316242222 0.00024879772643259066 0.10911200617500993
1.2584852869994534 0.8423717267072272 4728.472249555298 7.009112717818547e-06 0.08883986571665119
1.3646271020337672 0.8139538126604088 4921.388505223183 -0.0005010343657441227 0.12540394029057522
1.2874390934489266 0.8316093226889741 4868.470691447336 0.0005175914811663476 0.20439911386589718
1.2635915250131036 0.8589493029313732 4986.894305581468 0.0001465632983373441 0.17211950315743593
1.2983007038156027 0.8666398572687595 4976.37475159245 5.999581084642703e-05 0.315635383334683
1.2494072729791839 0.8419612965999153 4420.397781173729 0.0004274030727148014 0.09901433157009767
1.063305847163444 0.8718362134570298 4752.484475100022 -5.438408717663377e-05 0.01917151699963099
1.2479636184403071 0.8405618612902424 4778.566946115124 0.0001253089043940253 0.10289856848742064
1.2357664611565546 0.8615199930982667 4501.72248138517 0.0005810838016979953 0.07501331757995691
1.3009636186358309 0.9154290208277522 4803.4530268253975 0.00012421846835156158 0.06546098271093506
1.1970992885043548 0.8517817244394623 4766.530747593044 -0.0003443610099375632 0.026061682432510655
1.215699099895809 0.8546684593707066 4858.996305932886 0.00011731901248486681 0.036297973162185665
1.3053272303903403 0.8124364134212354 4663.611222459303 -0.00041776617392333144 0.11955328014924198
1.3141199443559515 0.8192206480995805 4937.276514644512 0.00035106442898976396 0.15962585804526844
1.213908007251823 0.9062724098562723 4803.586855534142 -0.0002869868453163912 0.022917061694768533
1.231078704610275 0.858733703522905 4778.602524872747 0.00019043211761907643 0.0889410677044841
1.2905399135121858 0.8764559794342548 4827.062991911523 -0.00025280401863459335 0.20176724084798922
1.2710015296700319 0.8463198283476803 4889.093743947215 0.0002346966130791676 0.114133619755779
1.310554086070449 0.8328144732167555 4979.203051056041 0.0009698257879207414 0.2035528165623095
1.2693074544507175 0.915698810816196 4869.995787878985 0.00045694329106469667 0.039742961644612974
1.2961483338817523 0.864763810089815 4865.1498607566255 5.273708007191328e-05 0.05615894241245484
1.2618617832573005 0.8685509794216737 4988.173980539775 9.771306460465767e-05 0.07941010462878456
1.2282667163881236 0.9008102504601874 4975.76875315093 -0.00022835581153444055 0.039557236863558456
1.1911056282181811 0.8661380205806323 4768.2295734130785 5.428488233934127e-05 0.039284334296827414
1.2343587284764683 0.8528482282492388 4766.849451099143 0.00023771552300163077 0.048750554462192966
1.191335576138715 0.8689503181370071 4676.454748461044 0.0003609212870513345 0.02281916531285834
1.232178308928908 0.8395068448942469 4728.939983245152 -0.0006897797475366815 0.0485965152131021
1.27321585770734 0.8376799892710165 4804.040303779908 0.00014051296600646148 0.04842090972423237
1.4006363626622014 0.817548985523222 4957.670917303613 0.0002661181007521214 0.19800116507402174
1.297654533643949 0.8107738762946527 4687.701443645205 -0.00018245525924280307 0.14055726849328748
1.2376102538104297 0.8694403859745355 4881.382803075559 0.00019159863602504783 0.09888934643287935
1.2487508964928102 0.8367977239642481 4936.431720275503 0.00028317755780192993 0.07731474627573673
1.237616396027778 0.8760377354989962 4954.944493318896 0.00029213341549733557 0.0999255615105263
1.2253816607605814 0.861745408226671 4961.555560909231 0.00021270942452525872 0.0592254462981452
1.253224242553217 0.9016794560106025 4949.1701188534325 0.0004061685112137008 0.06722985100056018
1.2620696997114718 0.8726013329667455 4899.073778217304 0.00035895577557696744 0.03132934717861787
1.2372097454716662 0.8602208939933742 4936.704428399347 0.0005566592492940555 0.080762318672243
1.2517343232823666 0.9078284690259659 4827.101534098525 0.00026032597440619007 0.10237935759474755
1.2287228642718975 0.8835138237639217 4910.048836128588 0.000505925821771878 0.0456199984866722
1.2675773268519492 0.8908418039890236 4836.054339416197 0.0004282586557479468 0.07062585194704432
1.2605287130223215 0.9060172956746853 4822.170477586251 0.00030096654455065127 0.05046587017617479
1.1530158566659303 0.8699296579749382 4874.882502321354 0.000289409751326927 0.021886694092530454
1.193545847969991 0.8657525916106633 4816.197868036951 0.00032369354781023707 0.04802395874096731
1.2095736928137133 0.8798147950022985 4777.886416985034 0.0003507694445821073 0.03587814321309202
1.2293663417055396 0.909098169509635 4869.855875603549 0.0005805308701153951 0.026909290416778888
1.2133421905688457 0.8790694837741212 4782.01989496043 0.000235839328719783 0.034888928429062986
1.1593444702360345 0.8887695831216225 4787.1263065083795 0.0009295966818438367 0.042365979729668254
1.1760884153545366 0.8870191155380142 4802.943851909463 0.0005909596827681454 0.017621061900654895
1.235694306912705 0.9071626666360638 4732.992389813842 0.0008837186416496304 0.05704905328749912
1.1842707457004855 0.9171278842523655 4849.2404702732665 0.0005943791213076306 0.021319560199744916
1.308733957603938 0.8511434551294119 4984.628296445858 0.0002572856029372114 0.15058458712822678
1.2858770602525653 0.8261488638518393 4888.57949416198 0.0004487306854670939 0.142345648778879
1.3429884788365638 0.8075485740245455 4910.9051984162115 0.0005060626339334006 0.1344812579737664
1.2795375741685535 0.8387132118038448 4937.211110866607 0.0005166980376787983 0.17172593344933898
1.3320648820952274 0.8332115784518718 4991.365640076359 0.00014759934320327894 0.19177130678034712
1.3067862488056172 0.8339588683391841 4975.695489633536 0.0003588412436378952 0.11364263749376535
1.1705314185865334 0.8951819857304404 4923.931361008185 0.0006003872212863721 0.028632495548745345
1.2811342091359965 0.8216299041345718 4816.578862853916 0.0003406680535905824 0.15361127938262692
1.2580844123454265 0.9127066295488298 4872.303488722511 0.00033834811219636947 0.05279736876703241
1.250698998535641 0.896468846343743 4739.465564273729 0.00021815308448924726 0.04515265974793332
1.297275280036414 0.819206725221695 4602.549807606663 3.088849221421234e-05 0.1341096415413543
1.2714259733832576 0.9081472549064241 4926.780556472997 1.4473876722759048e-05 0.03468673417411507
1.2817678606747023 0.8828439841737026 4739.275578457231 2.0850256922059604e-05 0.08227260752562687
1.2316538490904534 0.8725376405168529 4771.0185768729425 0.00027300903488071675 0.07471212788009897
1.249843591372915 0.8801261138375317 4811.356726325582 -1.7134684399256105e-05 0.10168547334376214
1.26901137307258 0.8844134743872943 4865.566542318038 0.00011860553456839084 0.03902794467710742
1.2614004290188598 0.8900205256408811 4821.897071406878 8.564101113750219e-05 0.033824013937534946
1.29138953907167 0.9023244698493066 4803.700975544789 0.0001810867814437133 0.045838329032858005
1.2798066691505943 0.8730248006528136 4741.245891788767 5.396995282524657e-05 0.05368397351655797
1.279168440943356 0.8096493757932126 4519.642986958558 0.00034311139949046296 0.10106675842653595
1.117933571073023 0.8711827846168851 4760.514588694333 5.6686128629983745e-06 0.018725606422986145
1.1785965632150137 0.8732895544721181 4740.79774208642 0.0002892265195567954 0.042036381052405716
1.2278723465052879 0.8512279197845054 4484.7366017611785 0.00048713148466734773 0.08398465042642715
1.1424486263637137 0.8557139401785914 4556.351668339306 7.854376153738298e-05 0.028507975780571612
1.2763279920196533 0.8338726768483924 4847.926036812225 0.00022562560118595434 0.22658259324844865
1.3044456868988141 0.8543035102953668 4889.649379368368 0.0003653535623571054 0.2461149303244366
1.4375226408719082 0.8358678019123773 4891.731613479677 0.0006024291899669758 0.3465956788928856
1.32037135490336 0.8379267181661233 4968.848044155896 0.0003150977194633815 0.27541012236503915
1.2950563602037781 0.8585387205222341 4968.10716950803 6.603643085131677e-05 0.323810029173442
1.345453923871703 0.8365737268371678 4941.140352330123 0.0005047305554113077 0.2386841385808735
1.3565816830330106 0.8303325341308844 4991.023328250632 0.000892537321879945 0.2273946836219691
1.4301575699725002 0.8531020644980635 4926.930259986213 0.00032488790565210154 0.3893049691639864
1.2762090748820047 0.8807867761997632 4797.0714330676265 9.076490940050602e-05 0.22889306683106198
1.3188156029612599 0.8694157702079514 4784.095492036682 0.0003187293504183138 0.19198162200516433
1.2559793505738828 0.8635753931639629 4778.444011040814 0.0005095157627851031 0.1974807619898766
1.2850966681920057 0.875689744384341 4889.183947529523 0.0005075292277273671 0.2565785180105632
1.2640927775007906 0.8702032958422968 4968.588359910293 0.0001975926916237693 0.1940711422521735
1.2900460446449555 0.8596449264558046 4980.9462357169 0.0003402464580166686 0.19484090869480722
1.2520123330885786 0.8594046544228198 4868.406634806622 0.0003469952322651351 0.22235060968729245
1.2912399303483293 0.8716388235977549 4994.172618059913 0.0006060290982260908 0.22266247684826834
1.301050128929723 0.8629690832264383 4957.923290907122 0.0004430528167477656 0.086758004217028
1.2864540039270578 0.8880237964971496 4984.9332413183265 0.0005750475950500083 0.17774293910073366
1.274295169407988 0.8994838810058798 4970.170743529686 0.0004592320199598039 0.12746502170371818
1.2606619108620456 0.8581517104754469 4903.040439406452 0.0005457987430423124 0.1453855477849176
1.3007940620773284 0.8740003492589767 4949.9111864066645 0.00047356553615375714 0.17464956540645085
1.3135524974926818 0.8613679779920032 4741.6949344724435 -5.993573393096499e-05 0.11107007711480821
1.3166700072814574 0.8547813389322296 4741.880459830916 -9.357304304583778e-05 0.10456718533234298
1.3249206967777272 0.8588331899018382 4821.444573332063 -0.00014305674593615095 0.1001118161690981
1.3141175186921963 0.8773398286033289 4741.702391460457 -0.000315467077596053 0.14074485941398918
1.2605725221449837 0.8501516014602175 4663.854381760441 -0.0005503587197382937 0.0848824740682091
1.3135258946882487 0.8171096111140004 4574.46840197619 -9.385265582463963e-05 0.14155784696381354
1.2987639442541654 0.8168625286977779 4574.4573030470465 -0.00015194361477577706 0.12821761871560802
1.3013677225298683 0.824095506441341 4574.230986315458 -0.0002474767123724187 0.14563965849177576
1.3002874930961448 0.8347712211783582 4832.178995241601 -0.0001444808890491065 0.09127093677387514
1.2522198347904423 0.8124758181957757 4801.79605391046 -0.0005222954513341431 0.08676761942534005
1.249651526189189 0.8340839679920863 4771.957211360262 -0.0005097516756976545 0.07311006993622983
1.321901623889701 0.8606792043076898 4911.924412452484 -3.1951090969612166e-05 0.1967862267053763
1.2632809985532492 0.8503394749015385 4896.253344413441 -0.00043222888344795216 0.12079964469513689
1.308697578780209 0.8279968389197114 4836.116604592428 -0.0005574676722813125 0.07840456073654783
1.2887370034542653 0.8276098592595074 4939.257988406738 -0.000811352000652661 0.07299163697683039
1.2569681367558776 0.8444088239382115 4923.509089846795 -9.674518366884785e-05 0.11245128881663204
1.25836612061101 0.8445148232316151 4889.672067083222 -0.0006360262190946848 0.08029373850039805
1.25836612061101 0.8445148232316151 4889.672067083222 -0.0006360262190946848 0.08029373850039805
1.3063783839688157 0.832647102835902 4975.320607219232 -0.00024327226904891127 0.10540359144469488
1.3318524726026248 0.834614477436104 4951.158288102471 -0.00010841248489474369 0.1690004921529613
1.3436740823370217 0.8041715691936865 4941.587906444487 -6.248746143081044e-05 0.1219688651514748
1.3135012227957827 0.8186088152353679 4941.451439969438 -0.0006574087625844767 0.11325559149100531
1.3135012227957827 0.8186088152353679 4941.451439969438 -0.0006574087625844767 0.11325559149100531
1.2852039099509072 0.8109900848124919 4937.897306850304 -0.0006139834514014371 0.1107487485127744
1.2852039099509072 0.8109900848124919 4937.897306850304 -0.0006139834514014371 0.1107487485127744
1.3210832898146614 0.8242367274357625 4994.571906583788 -0.000191893628050663 0.16262331935083071
1.3467536436449212 0.7773737126203282 4937.010535464372 -0.0006557982224093742 0.10045879661801743
1.3151632168713183 0.7926208170907562 4995.61124175436 -0.00040543100300480196 0.11715179551819342
1.2625007506072747 0.7909635283427671 4918.946976068905 -0.00018956467120226716 0.08763255582597093
1.2769530699309763 0.8042569158865933 4882.502535884562 -0.0005765369765098963 0.07981882230167986
1.2996177584367175 0.8332878226391227 4994.058269389912 -1.322938976230339e-05 0.1322430114995146
1.2934325765716865 0.8107322941471291 4999.06920937411 -0.00033106402604083626 0.12502452058233093
1.248791615161946 0.870557210432906 4892.0325157509105 -0.00017255370745574325 0.09361142720893971
1.3018398363534023 0.8799457739019588 4955.022001047801 -0.00011541933848447835 0.0717899354670699
1.2521805818797644 0.8562866302413668 4892.394044029757 -0.00023685066079348968 0.08654475909349896
1.2325223946459374 0.8492645823533415 4920.583350838584 -0.0003705473154665279 0.05901108497333491
1.2398044143432567 0.8448901459748341 4966.726064029528 -0.0005690342471852585 0.046160791982816717
1.1922046234388757 0.8366789180357417 4918.992353023407 -0.0004614096031582676 0.05860281674361863
1.1970395739929018 0.8595616639893127 4889.605165796028 -0.000893170322272305 0.029038860240782113
1.1908210404942547 0.8499639440006214 4847.216650033373 -0.00024727516919763673 0.05312894567684095
1.2740080663668045 0.8638168971951261 4841.112376753792 -0.0002131814100833399 0.048669430333681186
1.2325562256595395 0.8329738254480934 4882.721909974499 -0.0002691437793436431 0.047929586580025545
1.2325562256595395 0.8329738254480934 4882.721909974499 -0.0002691437793436431 0.047929586580025545
1.1654447956002167 0.8588410118580201 4760.620558884898 -0.00022079240295504987 0.022695488201665472
1.1654447956002167 0.8588410118580201 4760.620558884898 -0.00022079240295504987 0.022695488201665472
1.1790713843087737 0.8907609524900275 4899.822322203471 -8.79184796857925e-05 0.02020050846798144
1.1790713843087737 0.8907609524900275 4899.822322203471 -8.79184796857925e-05 0.02020050846798144
1.2916146705523617 0.8939219236322948 4926.1504849079065 -0.00015366171883026073 0.04352100695434708
1.221338617604383 0.8711741883502743 4957.391996844018 -0.00040117417977919356 0.024412264397791525
1.2525110599642062 0.8845352925916714 4899.674229526177 -0.0002779932912701304 0.028912940223216582
1.2077791552230797 0.8807683712721054 4980.959904576537 -0.0001121821387008636 0.03909038513427875
1.247178616408767 0.8765275753001823 4957.045340012956 -0.00015025707889303232 0.03155972253777151
1.2347644253195993 0.8727447193148054 4994.875214623444 -0.00016993787921107745 0.052642190684266184
1.1737644062966226 0.8807033122894522 4984.655668856485 -0.00032176995716850577 0.021943327419593588
1.1979738934186095 0.878237102340517 4938.979679701945 -0.0001926428864910342 0.024940655675869044
1.2582460721027433 0.868727866475373 4832.326397238312 -5.145917817446617e-05 0.05625300558115019
1.1951412752659092 0.8988250053182659 4992.502448869617 -0.00039416884036153754 0.03155577780510818
