 F
       40371       82884           3        2048
   -0.148867931427636961E+03   -0.135204654994687729E+03
 T
   2
    0.200000000000000000E+01    0.300000000000000000E+01    0.607421875000000000E+00    0.392578125000000000E+00
   0
   0
 T T     0           0
    0.000000000000000000E+00   -0.100000000000000002+101    0.000000000000000000E+00
 T F     1        1244
    0.229289468785599121E-08   -0.149237656358032751E+03   -0.134897938413644425E+03
 T F     1         804
    0.845167501556295900E-08   -0.150042100659652277E+03   -0.135890305777217264E+03
