 F
       16602      158812           3        2048
    0.210801243671144611E+01    0.592487944986731030E+01
 T
   2
    0.200000000000000000E+01    0.300000000000000000E+01    0.875488281250000000E+00    0.124511718750000000E+00
   0
   0
 T T     0           0
    0.000000000000000000E+00   -0.100000000000000002+101    0.000000000000000000E+00
 T F     1        1793
    0.671471224198487231E-03    0.198653228368440327E+01    0.593982215225508714E+01
 T F     1         255
    0.164348142020153158E-03   -0.601172017033459044E-01    0.580919427040566472E+01
