chirp_mass mass_ratio EOS alpha zeta
1.007120171260135 0.8919287102966637 4921.266187441439 0.0001147204577407094 0.630341041719623
1.0417088414022424 0.9771643905466614 4230.054825570904 -0.00017044736830022103 0.6728796918245517
0.9713331199150305 0.973881609141063 4340.724823856029 -0.0005787582405820185 0.6963369769601739
0.8619701010010319 0.8654182820345925 4937.847950350889 0.0010390463156747646 0.6016498136720871
0.8902595401151254 0.8815339290715627 4701.8327884381015 0.0004013447466608169 0.6631119116959512
0.9938843186574567 0.879711512179524 4164.305199869426 -2.542958380264557e-05 0.638916166495419
0.88688471240195 0.7629300917787563 4255.413827536252 0.0005687631265156302 0.4371489969567725
0.9284647566613531 0.8214176105347181 4606.119778897511 0.0002941317318758508 0.5415642661379576
1.0313682301935918 0.9589298568647695 4529.640917777927 -0.00013856471209022913 0.6353785967950943
0.9700969176509806 0.8710784823609234 4739.2019226812745 0.00010721176386823288 0.6314315033165674
0.9324454249023635 0.9085173752084984 4801.029246747461 0.00010065684329604128 0.6281001756557225
0.9812436104504438 0.8481078272684921 4864.287942881956 0.00013462986287025408 0.5790439653067834
1.0318912517566932 0.9645304989157502 4346.263696175094 -0.0007692078266371829 0.6955235459145649
0.9706116040196688 0.9536095650967935 4852.658663523234 -4.462608165157598e-05 0.6313686423044159
0.9997630754855482 0.8904175381952718 4741.641176441361 0.00016309111638267574 0.6869170609312176
0.8868111897119892 0.7792005860306243 3926.946654506723 0.0003617608592297079 0.466067871914123
0.9086048530530606 0.7879976327055932 4202.412796120889 0.0001662159772870167 0.4607713579015561
0.9103287406328001 0.8499451807300563 4829.065492018952 -0.00028051592976071217 0.6031334179402992
0.8363761725921123 0.7503487615894543 4020.1531884171195 -0.0004417682687887452 0.40626510575380975
0.8714143604834723 0.8985360116272614 4815.096424131861 0.001104757318206174 0.6474411891111825
0.9590879497062421 0.8635694751661643 4682.220026248635 7.283332774694518e-05 0.6313344864889237
0.9456253439677138 0.9139376643420105 4485.155116415414 0.0003824222105860693 0.6671765994051914
0.8891232512938152 0.8254190938138917 4704.595861730992 1.806683895058605e-05 0.5165317496946404
0.9909818697559549 0.9027734534481293 4488.289860853701 0.0004334542104780519 0.6402179746334786
1.0109034359213946 0.9186735703796947 4532.227155040046 9.358221398494456e-05 0.6463336808299758
0.8890655320212539 0.8736055158003092 4640.625881477684 -0.0002201788419701672 0.611999602135753
1.054782499569403 0.9922058541650229 4960.320332049996 -0.0004187910503704645 0.6303056951666337
1.0113988970454506 0.9076286232052193 4943.981744712095 -4.986561112698637e-05 0.6362919196082243
0.9218303101359561 0.8801700853167592 4262.122511363497 -0.00047423886045403976 0.6185688070936985
0.8904836386278794 0.7528397447732267 4977.838267314106 0.0006249725141164961 0.409781538337257
1.0025699752698596 0.9912197672233982 4142.8883087965005 4.732947568208412e-06 0.6661687259914408
1.0552104121645103 0.9999981869203841 4424.337419189804 -0.00036890319502531194 0.6385327922585595
1.0322621681705222 0.9525973055935746 4560.745470186637 0.0005133326564740547 0.674606890625769
0.9608558795341025 0.8540087321475599 4621.368582720836 8.224870238101342e-06 0.5862410310054897
0.9613786476031578 0.943890244593758 4451.680060385149 0.00023658442695074778 0.6477685593813456
0.9436462085010935 0.9855882440161041 4995.187690403284 0.0003021779871756881 0.6218248374340695
1.0594428243029597 0.9890515564081636 4690.102845678149 0.00016011733485980363 0.6153115666048328
0.9175660644903851 0.9252864950767556 4588.480527623574 0.0003429932615430317 0.6768616059123975
1.0233153487387807 0.9003182089596782 4037.217161486632 -0.0003635738383981539 0.6700961827239466
0.8799922696155755 0.7572574491969085 3986.8170070909346 0.0003827875381877244 0.410587616665302
0.9110687150500951 0.9304688016995076 4429.396201467839 0.00033514745545134623 0.652896492172004
1.0019622447939662 0.9267755054488099 4986.407179531652 -0.0004963779179525628 0.6458009949571564
0.9416562673683493 0.9625990034612495 4354.9760954580515 0.0001462655322879594 0.6474647724006944
1.0589201111088415 0.9365704997548876 4496.323943379506 -0.00024081753562550374 0.6441415369360428
0.9802860784811355 0.9635651974079373 4332.062829154574 2.9038923439174732e-05 0.6826049184739594
1.0542573756798774 0.9865351770030651 4659.551854269459 -5.962803325577816e-05 0.6723606097337702
0.9563021902865815 0.9317485682875924 4845.833290645643 -0.00017987954978243784 0.6965917860062313
0.962782564872911 0.9503124558310235 4481.7445430773805 -7.935230912874427e-05 0.6674808591351176
0.9755667848641669 0.9478412156291833 4423.8423087245055 -0.0012681705663001985 0.6965895484959039
1.0444697252466262 0.9767751343190375 4140.086997134091 0.00019441181792784827 0.6450243611428806
0.9443108566778649 0.940289225261548 4420.244096833313 3.6475384993770444e-05 0.6453726100388454
0.9632101771211535 0.9391014008133387 4909.2353993075 0.00030012323605784445 0.6406261929813426
0.9483400123626603 0.9572395043969012 4292.939531142054 0.00041092303512778425 0.6498085700658022
0.9365450454953392 0.918315598695171 4573.436910892113 0.0006033190395560344 0.6964747659568307
0.9380985299252614 0.878405285193505 4687.809375743299 -6.123627717441868e-05 0.6246198227037671
0.975984822888714 0.9775394051304598 4438.391794223751 -0.0002351786016978462 0.669972271665678
1.0074348855278004 0.9169064689937084 4997.731226758416 6.236401267827088e-05 0.6389082583424542
0.9616698117574106 0.8592664204532839 4835.3312141489805 -0.00010387427857361238 0.6280843480677164
1.0269844544136464 0.9580127224628673 4089.2008920588028 -1.0526360425806114e-05 0.6533010464965157
0.8940794520084216 0.8421767027262389 4524.395949767987 0.0006016017734687543 0.5567154661532123
0.9994300398106648 0.9868165216357118 4602.377416610878 -0.00019000704625601832 0.6732340723480879
0.9403853582066495 0.8459857797641197 4743.059417248913 0.0004107219691121575 0.5567435292871186
0.898286363915313 0.7952576288087438 3926.7010653421207 0.00047456851385195944 0.47801053309824976
0.9960009724576313 0.9814510623401698 4763.44587052962 -0.00014169869532233134 0.6482133780352681
1.081546155609018 0.9976775157498983 4566.844168181407 -0.0003217918969997822 0.6115340470900275
1.0098070338998129 0.988251429709666 4227.662141202763 -0.00039721148026463835 0.6523174185328576
0.9531158981970214 0.9007488874222543 4886.550612915786 -0.0013815677154278834 0.6885747304222796
0.8609231075002474 0.7768466020035855 4959.488376143351 0.00021292736564910937 0.44215179578467156
1.017795811446994 0.9809399192598702 4552.508352839551 0.00014427439298528996 0.6220350163824728
0.9936749923732584 0.9392205944149216 4855.475674268514 -5.0596369447379876e-05 0.697234941745434
0.887997661137855 0.9394654613010393 4458.628424072446 0.0005843057576680477 0.6640258095763865
1.040219922669685 0.9169617455695682 4822.5413776088235 -0.00020272371867748547 0.6619780952785737
0.981107615923101 0.9897479707412847 4200.042477256726 -0.000377473286560081 0.6338667152875139
0.9625296614379523 0.9032498297469623 4875.8804280614995 -0.00034446891601229017 0.6606192360263708
0.9349268964336982 0.9484279738269951 4567.070205084834 0.0008318660298883294 0.6729697203183446
0.9599749204366976 0.8562476396216073 4901.968695702798 5.6729414146384306e-05 0.5750826147662773
1.0193133515205848 0.9746750562680084 4531.160611269551 5.8266070111851066e-05 0.6705773514845005
0.9555564118986688 0.9853288067202305 4870.805299343828 2.055097557220268e-06 0.6317961154882784
0.9619169405818538 0.863326597076886 4966.435027918097 -0.00023743574169431914 0.6268180547752309
1.009289796834972 0.9120257359871641 4189.6576412774 0.00026949909961947535 0.6471009193936682
1.0198885809099671 0.9860722771994029 4741.611735546257 0.00042563057351072966 0.6724399273158137
1.0270413564935508 0.9275122575061685 4635.02231484202 -0.00027237357904847975 0.6748027738513456
0.9457160549464435 0.8401919773605657 4698.424730478104 -0.00024457401731512655 0.5918628234195835
0.8893364674880805 0.815914272942006 4953.585497084161 0.0006039590542472146 0.5177506283879316
0.9395784555258819 0.921209748678169 4295.012573512413 0.0003677612211458505 0.6479975633177015
1.0509437988821788 0.9720706578250937 4225.912528643844 -0.0007578812051873563 0.6397352515350301
0.9941855374208041 0.9793947507796092 4707.908735098315 1.3202995727219383e-05 0.6289315774985647
1.0277098283716788 0.9263672014622933 4933.210368581421 -0.0004855170060883622 0.6427394330395537
0.9195980970951027 0.943815519269619 4577.5216308613235 0.00020179101232730977 0.6538824162164231
1.0106048812298154 0.9966272067167985 4324.609406728402 0.0005628746741965731 0.6492965241530866
0.9720813781614078 0.9858240108473358 4875.341224985571 0.0004419935571334408 0.6608044787429117
1.0212604585549747 0.9757425985218733 4324.714797485751 6.893364817659749e-05 0.6273705912138712
0.9609095193199605 0.9428547939483218 4727.638641635147 -0.00025490184236440585 0.6777928372947963
1.0189453846770484 0.9198049558602417 4221.578884278164 0.0004990975544694895 0.6704648271237698
0.9942762839239195 0.9149912241014923 4826.795974274359 2.543008012844066e-05 0.6526141736109701
0.96259368133837 0.9238501599500097 4507.560530022132 -0.0004734387227022794 0.6692218591157636
0.8978905223629359 0.7584558550920626 4540.478899766495 0.0002591279132086744 0.4213167175617103
1.0063163735498377 0.8747039753558431 4945.502326951826 -0.0006653734299286676 0.6269528285578795
0.9290482109754432 0.8542554062789165 4836.273695761435 -3.451015752292215e-05 0.6022144641308012
0.9133988785485306 0.8913360097748063 4857.131960362055 0.0005498059551565618 0.6723928478435588
0.9302991893441103 0.9897211352622839 4906.028717094963 0.0007250523908379817 0.6389795988077979
0.964436386637247 0.8559302618936122 4662.430343755665 -0.00010745371930955257 0.5821308187865625
0.9244968657326572 0.8298762314433501 4782.305308539018 -0.00011368808155655117 0.5621548795490051
0.9244968657326572 0.8298762314433501 4782.305308539018 -0.00011368808155655117 0.5621548795490051
0.9233377227446566 0.9434945968668274 4594.131017419309 0.0004768069702411534 0.6630359881079335
0.9233377227446566 0.9434945968668274 4594.131017419309 0.0004768069702411534 0.6630359881079335
0.9852154936866285 0.8842579127140794 4976.308099444344 -6.403253052108344e-05 0.6487123404580688
1.0486866576604394 0.958344460140962 4039.3830469918175 0.00020506656031620305 0.6429177044546504
0.8830203166282662 0.8713708252598622 4457.124229380889 -4.692573383154295e-06 0.6352651955538258
0.9293012489571412 0.9694056243702057 4800.496023547603 -8.546790458388656e-05 0.6571683571976668
0.9462878455679598 0.9108132420353783 4942.471581758513 0.0008165704066916519 0.6469143191339182
0.9654680865440359 0.9545220039934502 4665.285005247774 -7.381335686015481e-05 0.6492135592461349
0.9241327750618562 0.9350095919573974 4376.368131468078 0.000802362689162743 0.6688598749886787
1.0221566157006627 0.9611196331678596 4821.895930678736 -0.0003128603664439497 0.6573324422660319
1.0665080538518084 0.924998948910292 4153.312435971759 -0.00016444564237029277 0.6950326423869444
0.927570662748578 0.9478730690234844 4993.488826280926 0.000579137140647147 0.6516113394033236
0.9813667636603981 0.8975823508596528 4618.919265415481 -0.0003847367516949543 0.6545209101062195
1.01041947610516 0.8951520027009534 4921.088972110711 -0.00039378193947278993 0.6443481302905614
1.0238575367303024 0.9742075697216848 4922.638012043777 -0.0006093896728359335 0.661989624480896
1.0125181751018637 0.9294169926287065 4270.208846867443 -0.00027867593781806126 0.6380587264599803
0.8784898955674679 0.8292115612119586 4728.12989514313 0.0009262872403210322 0.5591369992719966
1.0146719280021435 0.9811486067886499 4647.366145753412 -9.402062751636902e-05 0.6629829286550231
1.0298708843849083 0.8938038749880008 4490.967002467455 -0.0005198096800249465 0.6749845234191487
0.8603247210124171 0.8276969537368231 4520.214605261573 2.9307712375710656e-05 0.5467088648622964
0.9851716734522868 0.9127837245580758 4618.782470671522 -0.0005259260787080543 0.6422622376027485
0.8972319701239582 0.8623381938077297 4768.67687600424 -0.00016206814381281297 0.5936443038024142
0.9048551436980643 0.8474515481120979 4645.756158995349 -0.00013617241203570162 0.568663442657634
0.9401277665752161 0.935955878649775 4952.637918362986 1.5657342848373304e-05 0.69379161515344
0.9718306014237418 0.9108662937278795 4181.225782503379 -0.00031391328169928594 0.6844974231792378
0.9718306014237418 0.9108662937278795 4181.225782503379 -0.00031391328169928594 0.6844974231792378
0.947187419626791 0.9533049773089712 4484.240886919761 -0.00032430225163071784 0.6438348799556365
1.0234492758536777 0.9851460756766237 4217.820098520564 -4.632170902099639e-05 0.6538164143005941
0.9321939217052657 0.838988910883298 4867.677189076233 -4.7468632331563237e-05 0.5857153997897271
0.9352644039851986 0.8666172193937481 4660.554308539222 -0.00028353214303835744 0.6197684092808163
0.8858006289458796 0.7488756451846845 4572.920063166312 0.0002087566723872317 0.4070729669868216
0.8858006289458796 0.7488756451846845 4572.920063166312 0.0002087566723872317 0.4070729669868216
0.983375793386285 0.8992342379856849 4873.627083687405 0.00032331862627810713 0.6747558017542633
0.9919362701758234 0.956075892761429 4430.043232918223 -0.0007321399266859967 0.6507501585374177
1.031974119601075 0.8898657685643212 4344.855497535766 -0.0006925123491712708 0.6635982862412018
1.035490667448068 0.9203887086965523 4592.921799829561 -0.0003718363283601743 0.6855836090784341
0.992921817834718 0.8970569598680662 4095.659281171212 -0.0006507389582798011 0.65400394071139
0.9869815227960863 0.8838417847762392 4853.8590640390075 0.0005438688525355277 0.6329517925792716
0.9376926351306982 0.8834282938055814 4420.559497170331 -0.00031586579576573914 0.6391434840435013
0.9376926351306982 0.8834282938055814 4420.559497170331 -0.00031586579576573914 0.6391434840435013
1.022615884805434 0.9472603586581039 4160.496983282411 0.00015900390724154243 0.6644522821454366
0.9628147063578355 0.8985817381838344 4763.632076463985 0.0005510112143332538 0.6442590386025785
0.882984664680826 0.8474783242648114 4544.871539846786 0.0001752428806018842 0.5728352905634259
0.9962038182574773 0.9433516542388837 4979.989060429364 -0.0005222486571321146 0.6614421616651301
0.9615604902842759 0.9662002292117231 4295.359809451379 7.760441185255936e-05 0.6714144526635635
1.0154224601382134 0.8653118437795811 4960.8123191844 -0.0012953927122406619 0.6197493882353499
1.0074549200846563 0.9945158172627957 4203.906817023906 -8.288653405509732e-05 0.6452747253366377
0.9195496301880169 0.9071053793114805 4927.375298220589 -0.0006887889487074531 0.6458486848989602
0.9779737885933065 0.9042229329239513 4217.918904055086 0.0008091551182842701 0.668283137781222
0.9779737885933065 0.9042229329239513 4217.918904055086 0.0008091551182842701 0.668283137781222
0.9488552228958508 0.9670479259798272 4820.726306099312 -4.335132255756239e-05 0.647909916091429
0.9981159514515432 0.9729241262585488 4087.0094311687913 9.26028465751133e-05 0.6466869363155677
1.038457723761253 0.9796276724453438 3956.816314067331 -0.000657979741004116 0.6467259841541126
1.038457723761253 0.9796276724453438 3956.816314067331 -0.000657979741004116 0.6467259841541126
1.01369471957341 0.8907522822293701 4997.312226000181 -0.0006896166836176927 0.6301127080536808
0.9650421180115684 0.9097724208060649 4569.175250090479 0.00031013817230684366 0.6451042607043597
0.9650421180115684 0.9097724208060649 4569.175250090479 0.00031013817230684366 0.6451042607043597
1.0073796706477667 0.9851289602544885 4729.568735082192 8.190584581270695e-05 0.6482616682880842
0.9574860796230672 0.9302164924748298 4507.067499332172 -0.0003285213924613208 0.6658951046717531
0.9574860796230672 0.9302164924748298 4507.067499332172 -0.0003285213924613208 0.6658951046717531
0.9772464133907899 0.9842125143878632 4710.958646600923 8.155644277202689e-05 0.6589615204494618
0.9772464133907899 0.9842125143878632 4710.958646600923 8.155644277202689e-05 0.6589615204494618
1.0549145967200664 0.8731633741076104 4716.155967032327 -0.0002530690721886378 0.6203654093852002
0.990468950131516 0.9501021221470123 4753.78612527467 0.0006638452089431063 0.6547098430679237
0.9518549519608319 0.9423338774011665 4102.375484590724 9.5635634536454e-05 0.6803191033135778
1.0054959852953145 0.9735774420979526 4396.370869360049 -0.0003682290670051007 0.6537530012988684
0.8716830299757515 0.8457579388717774 4437.236272192958 0.00022590948260201715 0.5750570757194393
0.8716830299757515 0.8457579388717774 4437.236272192958 0.00022590948260201715 0.5750570757194393
0.9951499200179207 0.9484194181882519 4793.153601356527 -0.0005804178862640128 0.651451272756277
0.9714419227246647 0.9787708297611637 4723.629030329528 6.73363589047075e-05 0.6466439492398439
0.9714419227246647 0.9787708297611637 4723.629030329528 6.73363589047075e-05 0.6466439492398439
0.9758506301528449 0.9148534393056398 4856.47073073596 -9.010557066478545e-05 0.6481840455553112
0.9479815017558985 0.971479838408108 4906.596505106598 -6.37401207154534e-05 0.658114777221124
0.9957887920902572 0.9863180266728178 4947.861278558219 -0.00012160256031376009 0.6535157300143529
0.9957887920902572 0.9863180266728178 4947.861278558219 -0.00012160256031376009 0.6535157300143529
0.9489498791771789 0.9928103536218653 4554.769471911609 -0.0005984835788851072 0.6460444967078336
0.9489498791771789 0.9928103536218653 4554.769471911609 -0.0005984835788851072 0.6460444967078336
0.9761786010647946 0.9315497887499168 4261.185151909881 0.0004997398122283509 0.6791275541205299
0.9761786010647946 0.9315497887499168 4261.185151909881 0.0004997398122283509 0.6791275541205299
1.0355682219789077 0.9532070662317216 4461.329461554151 -0.0005077981694093479 0.6748730256609561
0.9876297793065665 0.9173689852323925 4100.580288202211 4.005955778621216e-05 0.6732490030704494
0.948812761748615 0.8941195571756344 4875.4648661102065 0.00014447470661705104 0.6397924237707445
0.9879216117782478 0.9581335255259852 4887.878145453299 -0.0005941820626027228 0.656258394433153
0.9879216117782478 0.9581335255259852 4887.878145453299 -0.0005941820626027228 0.656258394433153
1.0348340240122318 0.9321485903531512 4590.477681149284 -0.0008334637347346489 0.6436522069225508
1.0179339469636017 0.9696573071282204 4306.428718057141 -0.0002510370213996919 0.6486518285684996
1.016975408810487 0.9888493641524189 4821.718237928423 0.0003261498290791151 0.6618189416169211
0.9292822699618525 0.8744824089476182 4954.501759112393 1.2648823873221668e-07 0.6318620754489003
0.917435207269127 0.8386385385433914 4811.087810991855 -2.1063447554173716e-05 0.5758524099629279
0.917435207269127 0.8386385385433914 4811.087810991855 -2.1063447554173716e-05 0.5758524099629279
0.9456794153728314 0.9241652497317985 4294.290293140233 2.7499724468087635e-05 0.680527642778894
0.9538125601986587 0.9409868134059816 4295.077234686775 0.00015953044035960255 0.6676069149240444
0.8845140896247115 0.8188746073147358 4676.71516422617 0.00020401108479894844 0.5319608722669025
0.9626132090713493 0.9425668582181667 4648.333249826291 -0.0004680763470737421 0.6626293143351888
0.9626132090713493 0.9425668582181667 4648.333249826291 -0.0004680763470737421 0.6626293143351888
0.9991236846706836 0.9183922937823467 4441.609477202582 -0.00025723345475481193 0.6537599997897544
0.9337306700724655 0.8898305842837535 4829.410967045808 -2.7436420761750097e-05 0.6560947799383183
0.9689011442237563 0.8748631566531649 4615.911302827209 0.00010594815443056154 0.6441314742718673
1.0804431265031798 0.9572228085063907 4105.092285115687 0.0002791573745790185 0.6757057760616878
0.9805718391146385 0.9000627653894435 4743.78373180281 0.00010751926786092518 0.675048364410515
0.9805718391146385 0.9000627653894435 4743.78373180281 0.00010751926786092518 0.675048364410515
0.9794790717773993 0.911731642764692 4931.605811093345 0.0005236608600870605 0.6812482874579888
0.9794790717773993 0.911731642764692 4931.605811093345 0.0005236608600870605 0.6812482874579888
0.9291771342900723 0.9237407619352295 4721.128351752759 -0.00033548545693745543 0.6820982764868218
0.9291771342900723 0.9237407619352295 4721.128351752759 -0.00033548545693745543 0.6820982764868218
0.9322325742188131 0.9028376786027814 4601.483016450902 -0.00037335382003592685 0.6611703126463234
0.9239518153630685 0.8401569701991449 4861.896735564258 -2.1076278919268456e-05 0.565478117181914
1.0111153816702256 0.9581420871466337 4712.413206754607 -0.0010692905200561358 0.6856439137054641
1.0111153816702256 0.9581420871466337 4712.413206754607 -0.0010692905200561358 0.6856439137054641
1.0302104856354315 0.8898642338026086 4850.0002592937335 0.0003412701376817609 0.6551587352903874
0.9654918731660824 0.9381598596631306 4909.47067088559 0.0003131999978310487 0.6850435443206566
1.0119659040551723 0.9718936908722271 4647.627230324741 4.863207533765771e-05 0.6513195961575564
1.0119659040551723 0.9718936908722271 4647.627230324741 4.863207533765771e-05 0.6513195961575564
1.0096105152034627 0.9073007068566158 4765.080681146012 -0.0007719584434203101 0.6797299243961499
0.9601436318635495 0.928066695837037 4954.675524431106 -0.00018642335357834373 0.6519891289635755
1.0698094153923416 0.970424476146496 4113.230855367789 1.881526067646555e-05 0.6437588834301298
0.9937807649705741 0.9661488800184854 4669.750475240107 0.00027933848215659185 0.6781393210696136
0.9562327447340968 0.9209283173018808 4934.663032505846 0.00025449981874055126 0.6792093276188459
0.9562327447340968 0.9209283173018808 4934.663032505846 0.00025449981874055126 0.6792093276188459
0.9921450830256167 0.9852469390816488 4403.71746238703 -0.00035918830260978324 0.6468427769341433
0.9921450830256167 0.9852469390816488 4403.71746238703 -0.00035918830260978324 0.6468427769341433
0.9874347044299976 0.8981610019983748 4849.497487545269 0.00016808767894896257 0.6482549198078236
1.0117884867292861 0.9514768998549725 4218.804339612356 0.0002794617817954305 0.6648509670168303
0.9269217520857159 0.8892296610529224 4883.746910247211 -0.00032028067352575133 0.6496057071400468
0.9767013357114844 0.9263923096909538 4948.659711035015 0.00027450324294593637 0.6693579874026621
1.0255942580748498 0.9159486125193862 4560.308940751149 -0.00012802718976072028 0.663929150040274
0.9607076650613635 0.8341126347893453 4943.734536941792 0.0003401756030513838 0.5659439851894157
0.9607076650613635 0.8341126347893453 4943.734536941792 0.0003401756030513838 0.5659439851894157
0.9732538261634056 0.8726416605881374 4641.575496163531 0.00035912096224193467 0.6382471416324702
0.9488097455552453 0.9412589063440255 4453.05088405444 -0.0007473305188933419 0.6602735178100438
0.9328897658119729 0.9778211408156796 4866.015276370175 -0.0002772403064368352 0.6393228028568865
0.9330228692357745 0.9941453308719849 4883.309499107286 0.0006039920287956404 0.6347489609301087
1.0351190073931111 0.9120084172224345 4135.0421828345425 0.00018831565581491048 0.6680100497723843
0.9546790620233581 0.9528501003585135 4817.149035061392 -0.00033760026919292513 0.6850250993261887
1.048817235497424 0.9972212285140841 4352.949243416889 0.00022526566893169342 0.6494715679339296
0.9632176921399398 0.8603948705065713 4980.695377179784 -8.472103000786638e-05 0.6262107976829383
0.940922834754872 0.9707029572168749 4623.63687277524 -0.00043488884361980463 0.6473837118203589
0.940922834754872 0.9707029572168749 4623.63687277524 -0.00043488884361980463 0.6473837118203589
1.0253032085047817 0.9330448769810082 4161.175515997446 7.818695135212989e-06 0.6823313324077722
0.9929377063913789 0.9109475346363786 4700.245360180628 -6.010524552264889e-05 0.6676709346797773
0.9929377063913789 0.9109475346363786 4700.245360180628 -6.010524552264889e-05 0.6676709346797773
0.9472384894305081 0.8752458888534376 4953.743260611525 -0.000175724840407501 0.6308484622988111
0.9472384894305081 0.8752458888534376 4953.743260611525 -0.000175724840407501 0.6308484622988111
0.9286771822992069 0.9664510381563581 4541.148894478307 0.0007897466357289197 0.6617363800649896
0.9286771822992069 0.9664510381563581 4541.148894478307 0.0007897466357289197 0.6617363800649896
0.9773264420582379 0.9489276292041444 4998.123125813337 -4.224580747496715e-05 0.6505309430667697
1.009041986525738 0.9138242230546588 4729.229116189146 -0.0005569424297345014 0.6865631965291681
0.9663996179182044 0.9135096564465668 4500.756343714763 -0.000865603233195846 0.6557523645870247
0.9663996179182044 0.9135096564465668 4500.756343714763 -0.000865603233195846 0.6557523645870247
0.9944579098700383 0.9737478394254763 4779.214553384778 8.565682649777236e-05 0.6634463756186553
0.9944579098700383 0.9737478394254763 4779.214553384778 8.565682649777236e-05 0.6634463756186553
0.9484620293851841 0.976172138276227 4233.202817598377 0.00010180262844682354 0.6596394033122622
0.9564525062072349 0.9873437948755249 4497.407760342556 -0.00033531155842581625 0.634873114326746
0.9846557405540832 0.9834677027217023 4946.111129463625 0.0003299587381638595 0.6528660915253369
0.9846557405540832 0.9834677027217023 4946.111129463625 0.0003299587381638595 0.6528660915253369
0.9936358063996988 0.9936150893204388 4956.525484540156 -0.00020897550993122086 0.6357076137288457
0.9936358063996988 0.9936150893204388 4956.525484540156 -0.00020897550993122086 0.6357076137288457
0.9788567764204483 0.8740791027288048 4931.720794042155 -0.0003787221251342374 0.6159616098647007
0.9270217126310676 0.9186597782549644 4563.8124035944165 -0.0003614501821132808 0.6603063111059482
0.9694088934308349 0.9197528837335525 4968.852919891632 -0.0004795345612535302 0.6922290257570383
0.9681959365534127 0.9726840842329956 4573.781702403467 -9.284042249428199e-05 0.6424794579687276
1.0236702705290464 0.9873284503034165 4748.758338326863 -0.00025495648031015317 0.6493805652155592
1.0236702705290464 0.9873284503034165 4748.758338326863 -0.00025495648031015317 0.6493805652155592
0.9760595422584083 0.9475990834985484 4599.032147708315 -0.0008386527117520439 0.6790302543609906
0.9197120719566257 0.9130339897755393 4790.579330279804 0.00039980537182892733 0.6515820480739739
0.9869422819734198 0.9746350330077014 4438.43141474762 -0.00046669293041250984 0.6508288724541149
0.9869422819734198 0.9746350330077014 4438.43141474762 -0.00046669293041250984 0.6508288724541149
0.9491380108029649 0.9313437385497804 4925.846955729986 -0.0003118967631124405 0.6810881223534199
0.9491380108029649 0.9313437385497804 4925.846955729986 -0.0003118967631124405 0.6810881223534199
0.9530765120166095 0.9117110952287821 4934.696794866029 -6.268698528517237e-05 0.6630066564752684
0.9530765120166095 0.9117110952287821 4934.696794866029 -6.268698528517237e-05 0.6630066564752684
1.0210971538476765 0.9713980079446266 4275.103605415274 0.000548804385996515 0.6475590199672527
0.9499373957059133 0.99140498219496 4952.6371792399195 -2.532671307585919e-05 0.6384503642413115
0.9429059608658631 0.8882297559390984 4954.479967859318 -5.263623268993667e-05 0.6432316657861965
0.9429059608658631 0.8882297559390984 4954.479967859318 -5.263623268993667e-05 0.6432316657861965
0.9630941873986494 0.9440396091453949 4377.741913599217 -0.0007909664378061939 0.6626245702426177
1.0242960720599315 0.957448030150424 4992.599646435335 -0.0005684778810873071 0.6448722983695686
0.9996383237994799 0.9919879841557812 4698.743587582201 0.00032567419397367043 0.645537511645017
0.8668373437278669 0.8193867494692377 4817.010874289131 0.000406502538806989 0.5226536507959286
0.9885340472828094 0.9959871783843209 4867.539950641846 -0.00013092187970857648 0.6515311860856523
0.9885340472828094 0.9959871783843209 4867.539950641846 -0.00013092187970857648 0.6515311860856523
1.033879444592737 0.8739606241708838 4720.592215561163 -0.0002903735285004728 0.6301552327855305
0.9968495535363837 0.9384063348435483 4465.7114708049385 -4.959262675036161e-06 0.6626387081563759
1.085305917115982 0.9329501142019601 4090.7727497016745 -0.00018098469834598567 0.67369737533185
1.085305917115982 0.9329501142019601 4090.7727497016745 -0.00018098469834598567 0.67369737533185
1.0209887222933898 0.9204289659122877 4126.500313495128 -0.0001380894677784063 0.6793686661287239
1.0232382650057184 0.9233344330952177 4096.713104397984 0.00016874350258206023 0.6647300585103917
0.9877134115675472 0.9206725727055483 4656.486302204828 -0.00038759862313447524 0.6578306180572924
0.9852295265411077 0.9261688776469634 4966.602620292438 -6.6546433939304944e-06 0.6888296336520631
1.0161367996567436 0.9975763470347105 4962.540548497402 -0.0001983353628224856 0.6230915626867413
1.0161367996567436 0.9975763470347105 4962.540548497402 -0.0001983353628224856 0.6230915626867413
0.9906848844636768 0.8925496906309521 4964.653639439673 0.0005462502074204959 0.6605778865227296
0.9140003714832245 0.8507620816635268 4459.1944303044 0.0009346664320633677 0.5904128092086113
0.9656601995813948 0.8712724606145359 4737.042496585498 -0.00020382958700899598 0.6080468546621469
1.068015775080968 0.9711108209272558 4831.779004443294 -0.0004190191750418377 0.6557718320608317
0.9663128209741332 0.9904331671232729 4340.4593414363635 -0.0006390875007170547 0.6384050397711236
0.9544271275434536 0.8854848461554985 4687.626355231944 -0.00036244223791888174 0.6393620992355067
0.9536562501247332 0.965024481639355 4519.96239808645 -0.00037334195076171785 0.6732191332545363
0.937804765141054 0.9130427595727759 4902.063308130423 0.00021651443284910173 0.6526311623142649
0.9810266148139324 0.8907598614601654 4615.907497147412 -0.00017875562405813932 0.6361542059061475
1.0165877974461168 0.9445736940562356 4526.132905494335 -7.291193479995423e-06 0.6696142262296291
0.9568600473495842 0.9630350023690771 4310.3750097617 -8.552426095127734e-05 0.6457324880215731
0.9519350949294154 0.9657943343542581 4604.961572703052 0.000556623463384627 0.6498635391279549
1.0038189591442086 0.9336148975185667 4919.258221600132 -0.00012310431167064168 0.6869340416692492
0.9830491388567563 0.9670717432255035 4202.75440527276 0.0009491785960264935 0.6647134801038441
1.0112815655407361 0.9562389883594588 4765.570820703776 -0.00011018497706520335 0.6772198511188845
1.0112815655407361 0.9562389883594588 4765.570820703776 -0.00011018497706520335 0.6772198511188845
0.9921806704287413 0.9505961894562663 4617.875933168709 -0.0006565446160329059 0.6723666636249612
1.0480267360294122 0.9329856850117481 4822.956586136739 -6.799424536640769e-05 0.6917395142602639
1.0480267360294122 0.9329856850117481 4822.956586136739 -6.799424536640769e-05 0.6917395142602639
0.9008972440211237 0.8760829030901666 4787.201819391394 -0.00040964010530650566 0.6251534331644762
0.9504345364029579 0.9750039458129347 4995.449275764544 -0.00018871934126533666 0.6509811648744483
0.9504345364029579 0.9750039458129347 4995.449275764544 -0.00018871934126533666 0.6509811648744483
1.0232692834747783 0.9523422574123778 4615.555872502227 -0.0006233739431455537 0.6462863617957546
0.9437463210107695 0.9672807872852879 4482.332363531632 -8.033170485661982e-06 0.6581118438561093
0.9249014762108285 0.9906811311014599 4995.841373208994 0.0010651548754565196 0.6459345165174833
0.9249014762108285 0.9906811311014599 4995.841373208994 0.0010651548754565196 0.6459345165174833
0.9693588282149119 0.8448163864272936 4945.700743881935 -8.863862330764612e-06 0.5763852300515767
0.9960448488746622 0.9294129446750985 4441.109694206859 0.000139671560054309 0.6694509310257446
1.0253787415050446 0.9969189343463845 4962.162166046148 -0.0004043272179307918 0.6345723742305718
0.9466863694462971 0.9583352974651316 4963.521297526377 0.00011377912974103375 0.6599776212620242
1.0612257403173038 0.9426563120798175 4566.246443740044 -0.00015589523955738573 0.6707022557636124
1.0034485687461256 0.9672286464047071 4956.469309087079 -0.0006453445697178487 0.6555951884289637
1.0659302276352454 0.9797298924767159 4958.283149803042 -0.00020492069235076538 0.6422359618000136
0.9669454737134653 0.8413504175609818 4741.733405248999 -7.130778606704568e-05 0.5744591929488837
0.9920358544786312 0.9428199168183213 4775.926628656081 2.0041247391646828e-05 0.6616826225798306
1.0236974355907364 0.9720283523951796 4195.6046864042555 -0.00029674030937011013 0.6425160302204687
0.9729052595116314 0.9704899283888158 4852.140857527359 5.378381783019093e-05 0.6545122018640974
0.9606945921401968 0.9417149765611162 4880.017589481833 0.00024329316978185186 0.6625093089560287
0.9820498427055833 0.9776614910199649 4979.537482548749 0.00018453806437087973 0.6633903279371545
0.9504870911105523 0.9732530194122948 4778.611902745488 0.00040609550267504935 0.6471199724201318
0.9901919524060384 0.9390484487470543 4941.415841673564 1.7634696989407844e-05 0.669851439325577
0.9901919524060384 0.9390484487470543 4941.415841673564 1.7634696989407844e-05 0.669851439325577
1.014446010369713 0.9574560146576958 4872.431464343876 -6.741627678832332e-05 0.6481438932640242
0.9425406806288309 0.9056450586311747 4902.774591264772 -0.00022630321583615474 0.6426657463558731
0.9787837188888169 0.8965185349296801 4962.132180868771 0.0004618639880341774 0.6396215922581069
0.9368289558052358 0.9678933290735288 4809.779608297072 -0.00033403597514442213 0.6677010825818924
0.9922993331115559 0.9135400822193814 4967.2619332221 9.0889036573727e-05 0.676691322283003
1.0615071911721579 0.9674505866449892 4958.185769140806 -0.00034248789260058594 0.6493287104384796
1.0284585537581967 0.977311717586554 4799.013570123763 -0.0003893219727726728 0.6613555653467968
0.9551254511063278 0.9669766463845765 4447.662578217969 -0.00016433818505619567 0.6680792437811449
0.9476031145993202 0.9422502548438594 4730.692863400693 0.0005930206289594603 0.6788240723484513
1.016857265390509 0.9480015400778297 4755.703126948901 -6.109672237720199e-05 0.6758564680915582
0.9601130986876197 0.8513210024212263 4983.987016307773 -0.00015562147529966404 0.5866682821795728
1.0691277094617901 0.9889668138020122 4405.3365305974285 -8.011961665252731e-05 0.6335740004536851
0.9704731487685434 0.873865169626176 4794.114169707879 -0.000255685840205326 0.6193073040924506
0.9568478054464903 0.993128368059382 4790.1510316664235 -0.00027922076332095224 0.6299439553214379
0.959323903875359 0.9424492352542863 4443.292074515079 -0.0005967057619600856 0.6868337433833909
0.9746590069055807 0.8956067467674943 4832.116137312698 -0.0006384128512277316 0.6713645705822054
0.9654907312692458 0.9618539535676447 4999.254089572701 -9.909082761246467e-07 0.6662137433268229
0.9654907312692458 0.9618539535676447 4999.254089572701 -9.909082761246467e-07 0.6662137433268229
0.943054449138066 0.9142170379651032 4876.848998039598 -0.0001323325347677303 0.6706673637235601
1.047461227362653 0.9316250797490006 4415.661337697337 -0.0004902709887140168 0.6628401380380327
1.052530523975864 0.9480776560384904 4636.124554738211 0.00022282374337071547 0.650214084049929
0.9975377742058296 0.9087642913802723 4899.076867853172 -0.0007975431990340319 0.6845332349394193
1.0011682216191309 0.8909652372849294 4590.615472142343 -2.177739962651405e-05 0.636626059433191
0.9470589384687161 0.9459786018743435 4857.540907287651 5.223698344457559e-06 0.6701257788025613
0.9866274868931674 0.9673798724096705 4427.011375190611 0.0004651618643348811 0.6413837755089244
0.9276366524631153 0.9843888147178511 4912.900905415866 -6.714370574820028e-05 0.6486679654354011
0.9276366524631153 0.9843888147178511 4912.900905415866 -6.714370574820028e-05 0.6486679654354011
1.0152291519243317 0.9099871655666769 4634.574207002558 -0.0007160866570858114 0.6499599069117632
0.9874624999364464 0.9467663868592858 4739.21970503945 0.0003971058851599334 0.6705724566244046
0.9541895259904299 0.9594477587814306 4519.914574823704 -0.0004388788411426093 0.6648544465449441
0.9617215428590571 0.94611698412486 4959.305865744951 0.0005444349738015225 0.670828458664477
0.9589260759202902 0.9319544038541835 4644.0291700464395 -0.00027992656957962126 0.6761665679447832
0.9855114489172336 0.8852857945880155 4940.997450785366 -0.0003032412692656372 0.6395059691280032
1.0398265062391172 0.9311249737489684 4083.7952317731806 -0.0002325559915807498 0.6765739466166231
0.976976712435473 0.9912096072020476 4832.602177732359 0.0002120619789471935 0.6287198796679905
1.0280698043462442 0.9773228504467224 4404.876495214793 -6.221696398159502e-05 0.6554114338046921
0.9764723341304454 0.9934586186561577 4795.0442298489315 -0.0003520837094518729 0.6295822437480909
0.9975193310501138 0.8838796384234028 4590.633101589345 4.6948950262465285e-05 0.6457836796149757
0.9776636811711121 0.9436442075336365 4784.155296076926 0.000280968685422642 0.6838097668869433
1.018487308075662 0.9341922972070049 4615.6232487259385 -0.0005792155939060139 0.6680976640216124
1.0157474147286296 0.9332271465246499 4864.234935948407 0.00034983895333427507 0.6583006131185362
1.0112796625855254 0.9361365643263382 4871.296277269617 0.00020611285106123277 0.6750044315746124
0.9647472316271514 0.9985508876133043 4852.568207014211 0.00028365830203052846 0.6313233818756905
0.9355373365434854 0.9175980500463954 4915.605087412281 -0.0001769118790752419 0.6615653473525265
1.0034829181969471 0.9674336151138625 4641.381952647465 0.0004025431629314547 0.652650517253733
0.9286951504112434 0.9090634896515414 4788.531670717716 -0.0005629835615689534 0.6650501715108192
0.9834853804085029 0.9712715717694532 4953.63387796286 1.0451008619850593e-05 0.6408917339130766
0.9195078462554322 0.8949191887895341 4790.319329540982 0.00012412151231586056 0.6431548997244434
0.9647497912024245 0.8977531689769989 4837.078029156353 -0.00024507120729746156 0.6535908136802143
0.9762211053394582 0.940348066276138 4998.8385703620415 -0.00012468465553708614 0.6703517393930394
1.0328752397381287 0.9519067129901325 4275.18127073053 -9.837919396206161e-05 0.6742571922263686
0.9513115081342792 0.9038390384226629 4847.414538569302 -0.0006436412502519107 0.6711118805080917
0.9696484159937481 0.9521066598186887 4875.24126436939 0.00016337604847137163 0.6616353796572324
1.0136430836114239 0.8851493907099657 4831.52109610968 0.00024630110103004656 0.6481972663535367
0.9560489239040039 0.9953085018456931 4847.557103170698 -3.0478572919544968e-05 0.6369230492704632
0.9627264000908179 0.9711818324986703 4463.346248664912 -0.0005342370359702419 0.667892735414961
1.02863954537872 0.9325077900149568 4552.827852367145 -0.0006573151431675565 0.6654870782075782
1.005470028837676 0.9720632007045571 4734.486256116789 -0.0005104787659155082 0.6591211389377376
1.0124848726279407 0.9307302076324705 4877.865992140706 -0.000711732190130314 0.6758808897308988
1.0081637723146695 0.9188980761661312 4977.092887812466 -1.5047054872292321e-05 0.6701698414492225
1.01734472570327 0.8823662082256414 4659.675691196614 -0.00012095524330619741 0.6496927677744195
1.014262411788117 0.9404944213009471 4324.8483814032315 8.571434086600338e-05 0.6750948995551673
1.0249224553783516 0.9795862946533718 4971.997095677868 0.0001200936135443611 0.6505285989652622
1.0314342008424848 0.9354351298538364 4943.995628432015 -0.0004027092713846346 0.6810094357467064
0.9617370687886821 0.9445605396026756 4506.966786647462 -0.000223556623329646 0.6690964341153303
0.9859239979590244 0.86743870074783 4957.638237512656 -5.7591588648306014e-05 0.6084403346614843
1.0386811959496456 0.9522282064570998 4840.286800512302 -0.0007116988975656511 0.6698141700968882
0.941728051947602 0.8910252959393785 4804.278698594317 -0.0002218596856116974 0.6503304707583015
0.9949682434566706 0.9739803775412533 4988.2139825187805 -3.37788505597782e-05 0.647284515505694
0.9763405436655075 0.8604858460160375 4962.0143220789605 -0.0003103493467420801 0.6024579480824215
1.0023749851791501 0.9581116290202241 4743.979340983078 -1.6521500453243956e-05 0.6711498733540247
0.9621696591061936 0.8685138375795481 4602.137489789431 -0.00043311216900892923 0.6144622635957264
0.974934775013877 0.8927921044662861 4991.026809416765 -0.00039597842555735586 0.6521272604460973
0.992454314337814 0.9431990255612985 4939.7594564770125 -0.00026538743825046577 0.6788411750907455
0.9845394114805333 0.972629754229504 4740.037349017776 0.0002213754579443776 0.6655579832179847
1.0182531537983344 0.9904496506380094 4871.7330928246365 0.0002508139278448492 0.6465060580763244
0.989658698983805 0.8866685327528284 4873.564036538104 -0.00041306817270953016 0.6431192741429903
0.9902045311157697 0.9527861577693857 4881.617913469997 -0.00010460242717127224 0.6746003546542959
1.0005663513319791 0.9285727584126301 4748.462222145394 0.0002489977894927118 0.6786719807424446
0.927373193970825 0.8751000197144655 4915.256311178003 -0.0005538920468225712 0.6226743942414512
0.9861388725441186 0.8745577230112986 4951.942472814065 -0.0003783998934126566 0.63597003156091
1.008348886691471 0.961951647866524 4729.62619416687 0.00010377684312796732 0.6708159421616005
0.9532358926003316 0.9737875850685891 4816.860527941311 0.0002732789784534275 0.664033964824988
1.0086948090197578 0.9726711256863713 4546.857538817058 0.00016466833021983504 0.668192778087552
0.9882207946913544 0.8851839826104971 4650.620264389567 -0.0003661114182501396 0.6384300007173898
0.9679017834518517 0.8735976319706134 4986.087836205439 -0.00015786505587124636 0.6195322498330156
0.9503764598527106 0.9816785016066588 4905.8276726622535 -0.0001346138808038882 0.6360092014691696
1.0255730419700517 0.8891992342219509 4668.809067210776 -5.0427227257085495e-05 0.6607878255421582
1.0088574788519151 0.9390120058156277 4967.571466533073 -0.00021853083155804365 0.6737764047410058
1.0006070111907381 0.9427390949858365 4613.775274565273 -0.000307873434039921 0.6787592943197419
1.011342327473561 0.945190866149504 4862.292065540724 0.00013116775368950942 0.6645043869309146
0.9526140148920853 0.9528670481776176 4728.71553325427 8.54696049131272e-05 0.672689650287557
1.0242356962621384 0.9387960307450526 4964.336154182243 -2.982537590604894e-05 0.6838906220386269
0.9841574072505285 0.928104150342709 4975.263170826254 0.000219738261805069 0.6865946540485586
0.9212518914018952 0.8979521117920043 4764.3535465831765 -0.0004793322260534866 0.6645920844648382
0.9943306211379599 0.9397704080102376 4881.05405178547 -0.00044116663246925134 0.6617787062064882
0.9955864880064889 0.8972755563617258 4805.895169644654 -8.067719220292035e-05 0.6682374333441085
1.0049204452159097 0.9519653784520475 4922.294451995243 -0.00038805407603638073 0.6534268772599093
1.0118874092530858 0.9127244028079152 4849.7377964436755 -0.0006375793313003523 0.6868191239050868
0.9971823670540333 0.9598672739691477 4841.380642172277 -0.00032619720875676927 0.6594228940238952
0.9516222380868711 0.9591827729233033 4801.516500875589 -4.970782274149709e-06 0.6572042828053825
0.984222363528837 0.8929339835711331 4739.547383643877 -0.00032483634707421063 0.6414564079771967
1.0423362879175126 0.9456778382433686 4551.633038439565 0.0006566458294327787 0.6612065116990727
0.9544712796706784 0.8836341057374109 4730.527019794446 -0.0007346410193035359 0.6479280417625009
0.94954287475962 0.930632575569722 4934.9344348107925 0.0004703869322482989 0.6732587553302604
1.0101200393766638 0.9107473508520474 4452.357139751047 -0.0002696984119933542 0.6747712907509515
1.0273746506797952 0.9078541443957238 4668.869091245567 0.00022683733927258374 0.6653264020809595
1.024304160745684 0.9237820758080137 4635.003638248384 -0.0004618680647786442 0.675007391044242
0.9909035476665169 0.9683608866968064 4602.573633855622 -3.7784246142431445e-05 0.6514442509216607
1.009721200510142 0.9426036987740007 4978.690290353352 -0.00017784720024377885 0.6627768883614358
1.0286919573674798 0.9850868012899696 4921.0260013883835 6.430491407867684e-05 0.6490324319433027
0.9953902492919539 0.9322608777435037 4881.757366159057 -0.0005118060285957733 0.682774720022256
0.9607566164569944 0.9597248057062616 4728.109146631564 -0.00017466411262143794 0.6537174457426329
0.9941637856133894 0.8708881788881828 4840.338029508839 -0.0005030494544916031 0.6178298634668329
1.0084483060417093 0.9162737890107095 4913.926941476049 -0.0003602187397497671 0.6810731648553139
0.9275429198953409 0.8952008898796526 4903.389498370914 -0.0003008288454476422 0.6464486477133439
0.9939445773850581 0.8879919041381438 4821.222154048566 -0.00014230769936231458 0.6345454904086595
0.9911336414398616 0.9466545909453826 4732.623438668363 0.00011310563804643934 0.672987829306889
0.9396006558433918 0.8794756118029077 4888.305030897894 0.00022848319039188005 0.6406551058059486
1.0062790228916463 0.9677818500775135 4951.928781411228 0.00026611134871871344 0.6456830407396076
1.0821799523361237 0.9403689239536441 4537.587806985277 -0.0002411079486701179 0.673028021056151
0.9847734525654263 0.96975659173728 4949.595424320949 0.0007046335998239638 0.650864978586525
0.9938449952015735 0.9533057436718722 4868.704353963008 -0.0005465560690676566 0.6702896952511138
0.9786698261970109 0.9385530755952161 4811.058189315145 -0.00019948996374337722 0.6873871370371225
0.9836753880758047 0.9722930087613776 4810.589611488218 -6.0205379055125576e-05 0.6512272951671204
0.9874962456918646 0.9821102089898471 4771.91377705377 -0.00018769786639832566 0.653821677603331
1.0314749631895284 0.9083749899243275 4955.66666111195 -0.00011854526485358921 0.6644878944483195
1.0716992477639158 0.9307281744245091 4557.872927076166 -0.0001500725973882619 0.6648344700698728
1.0378244731743393 0.9555429315154419 4490.37895462418 0.00014399747519794738 0.6611933659784898
1.054934458753564 0.9503857395390017 4527.042559954588 0.00018323071930267978 0.6718063257438556
0.9263670827101934 0.89203473296415 4882.690570641337 -0.00024635733435663705 0.6535592407833866
1.0376683097825636 0.9733396463266732 4773.433364671811 3.403798072294489e-05 0.6603589254726903
0.9705667132005082 0.9290318400773064 4836.2500888140685 -0.00021679317739905845 0.6827723508665424
0.9701682865318118 0.9800961207146306 4836.114920754203 7.882371199022618e-05 0.6414132468358696
0.9723552616364967 0.9863392518282433 4795.219639866542 -0.00027974489743747027 0.6387663852760606
1.0094559202274773 0.8748943515123845 4831.440532962944 7.368701270959007e-05 0.6335237058793184
0.9210913174266823 0.8880407077489154 4817.017352775144 -0.00012129142905119454 0.6387310654913437
0.960737996092331 0.9097283349886109 4629.1709874190465 -0.00014357748627103669 0.6609789500909333
1.0091692344792043 0.9477943315931949 4748.0152875505155 -1.216704335299908e-06 0.6645485726688776
1.042325332478469 0.9372559480567104 4865.678228067252 -0.0006150296408048799 0.6845065398168202
1.0047798426923142 0.9385813398369245 4368.604516322551 -0.00023982804740152957 0.6660969663430851
0.9920676923049596 0.8634446272880141 4884.22654534728 -0.0003455204461215172 0.6186351695422412
1.0239784108712344 0.9709766881230395 4977.950630478526 -0.00025124727044082454 0.6596764742279784
1.0038338682935148 0.8887199450024139 4884.882343813623 -0.0002646976204419285 0.6509560919866129
1.0358818936510326 0.9694230355934377 4802.58056826642 -0.0004869361570793949 0.666348560521199
0.9811550333398803 0.9489781621233725 4859.540697707176 -0.00010993222152216021 0.6711926250422913
1.0393710273072037 0.9081160777450512 4806.322148044679 0.0002390613494127706 0.6581584583797104
1.0325431282916917 0.9256482407977833 4831.648171732256 0.00021819966609513971 0.6597671036745071
1.0333598874681673 0.9462017833338585 4926.475487013032 0.00012882403844176538 0.66903076206551
1.033949881665357 0.9676939924055338 4865.421755014166 2.5435805578475397e-05 0.6613371286610709
1.0273896199483836 0.96564621166546 4853.700192477113 -1.1663959232949954e-05 0.6643327501280032
1.0064730168400378 0.9853935569950211 4803.022695882279 0.00013390212733224626 0.6458385291995131
1.0235126173857854 0.9363361905357974 4865.130036099642 0.0001935379807342908 0.6785643172892356
1.0496495249669109 0.9399304677413638 4891.026519344706 -1.2090284181137941e-05 0.6787304582495977
1.0332365640529408 0.9730455589889141 4853.2589886765745 -0.0001945066877847047 0.6431979178719642
1.0362381659317563 0.9878076733847323 4853.105103859047 -0.00023359536902806425 0.6464151334338577
1.0450887889452563 0.9269068245581656 4891.161407570265 -6.993876375880683e-05 0.6711273976862613
1.0450887889452563 0.9269068245581656 4891.161407570265 -6.993876375880683e-05 0.6711273976862613
1.0604773813776525 0.9242655095320824 4895.654879738263 -5.783506128486246e-05 0.6695397176607267
1.0617222337517171 0.9573977717987908 4930.093636135697 -9.910335109727485e-05 0.6674713328692401
1.0467318374179293 0.9543599073084984 4865.868978101169 -0.0005533889066287512 0.6781470903580225
1.0616916049522171 0.8855967258851651 4643.058027091766 0.00013787188942166186 0.6425575608575702
1.024436310244639 0.947274858462468 4636.130549348393 0.0012128814056812634 0.6631669151663335
1.024436310244639 0.947274858462468 4636.130549348393 0.0012128814056812634 0.6631669151663335
1.0476131190748617 0.9513361543053418 4405.950950485211 0.000373206680864852 0.6575557128391493
1.059435848139242 0.9645950730501879 4566.7108599309995 0.00026895462501470385 0.6631248101416426
1.0597398946128378 0.9527637915886396 4468.100975565364 0.00027277996933847945 0.6659504668280066
1.0242756471685301 0.941614917387441 4719.026200137743 0.00016865638941274363 0.6686068679617297
0.9925298038821045 0.9303491099559869 4698.589262802766 5.1309986566472686e-06 0.6727462137552552
1.0084716772541762 0.9479709357365135 4674.041426828327 0.000676744415847834 0.6687839942571654
1.0113723002560049 0.935973793281361 4590.072477371612 0.00031648093452696276 0.6770107986134681
1.0221421597648481 0.9454666122813566 4719.543560210206 0.0002907098538620143 0.6544327365956517
1.003749484612423 0.9282596653493885 4605.519543364426 6.966538744734917e-05 0.6767643031956677
0.9848504884030178 0.9274864746981062 4574.91058478317 0.0005485533271486983 0.6718768537942069
1.0007313808573528 0.9277234064724601 4605.74534474689 0.00021352523579708533 0.6761707902869082
0.9799197014992181 0.9196063180954437 4698.066695729693 0.00028028461020278874 0.6622307392633867
1.0442404049884673 0.8888369733870591 4580.90393964407 -0.00012159733614407396 0.6563160281504099
1.0491580198788315 0.931260747838103 4352.617133755696 -0.0001935124516445591 0.6775829347466826
1.0392915409934174 0.9288396017673097 4344.636348232217 -9.934051834910953e-05 0.6641527234791664
1.0326829304092302 0.9351607355821312 4344.031820796957 0.0002653060761705219 0.6684534498227221
1.0326829304092302 0.9351607355821312 4344.031820796957 0.0002653060761705219 0.6684534498227221
1.0214770186288082 0.9320708078732298 4526.169212213951 -0.0005518151095538712 0.6713646212670168
1.0604933940401688 0.9385259092957159 4636.140811401864 -0.000266181466955418 0.6690710801286919
1.0604933940401688 0.9385259092957159 4636.140811401864 -0.000266181466955418 0.6690710801286919
1.0329574101893746 0.9523575705633883 4590.54613936471 -0.0003429285906417329 0.6650899868669884
1.0267464924197693 0.952169821891116 4428.019112903773 -0.00018491357328669937 0.671750806607936
1.0220150708075688 0.9461118274478227 4491.786568442149 -0.00038005698192063875 0.6751956970286174
0.9644210263302052 0.9544087128139918 4456.060448124387 -0.0008396579296289252 0.6597503872175647
1.0160790994308915 0.9198077497794361 4509.223045379837 -0.0002889432660096518 0.6617337203615433
0.9680802094460862 0.8340124955401647 4955.739537749214 0.000558468628491759 0.54820114337213
0.9538700181473275 0.8723411058492494 4948.383886421269 0.0004409332045217584 0.6288903668897046
0.9529741088281971 0.8353326492970193 4957.758575516608 0.0005028719438254795 0.5618169923199698
0.9483112874154627 0.8740427731265651 4868.182185461072 6.885303236257164e-06 0.6281240780602224
0.9920105353222148 0.9427528759702574 4913.230460779552 0.0006636743190351822 0.668365693207993
0.9895358928590912 0.9928489705281593 4948.317648979074 0.00041704530040799747 0.6356963236271214
0.988143327136989 0.9651845560443785 4975.247784125574 0.00042877735698101146 0.6596441136233648
1.0099804747172259 0.9971874340402056 4994.827633180227 0.00022251598631614465 0.6318835842285508
0.9321382486466395 0.9347583047377152 4882.865277416965 0.0001735576872360758 0.6628749535907634
1.0311007084985722 0.9109867768004296 4969.951199985918 0.0002257791182562638 0.6601539374749528
0.9798574060704784 0.929233385611892 4947.0113563686145 0.00010797729673745045 0.6672862394229622
0.9992845216113382 0.9367622298798729 4938.338766434508 0.0005034570849929751 0.6728815309799986
0.9775619164850741 0.9192231608330418 4949.844730271662 0.00036052851507563914 0.6590084769319677
0.9922386140260914 0.9352270288733241 4849.538123050339 0.0005001564828585982 0.6825566398632277
1.005242236747288 0.9408523118747164 4992.322201328005 8.143212494777393e-05 0.6714144678648328
1.009770515086065 0.9457307013175861 4992.632621630526 0.00011090618738905661 0.669217711595169
1.0027969210779202 0.94673703921386 4849.490838483111 0.00018348109373427345 0.6742246851207265
1.0242925365253037 0.9151081255533285 4926.085151114046 9.284505508019343e-05 0.6662190783682398
0.9740005106877966 0.9468561548587456 4811.808176096239 -1.9768703174434378e-05 0.6676625233932385
0.9875137648938654 0.9451469280536909 4966.905701170573 -1.6957335889601903e-05 0.6664949630353247
0.9875137648938654 0.9451469280536909 4966.905701170573 -1.6957335889601903e-05 0.6664949630353247
1.0246541816357833 0.9760386009124181 4849.751344405435 -0.0003596949718796717 0.6488822619277281
1.0246541816357833 0.9760386009124181 4849.751344405435 -0.0003596949718796717 0.6488822619277281
1.0119423285696723 0.9659126586054042 4931.3995291133115 -0.00023632843149704722 0.6557234084795274
0.9884144733869717 0.9597347726017496 4859.618714359575 -0.00039906459061249015 0.658175395708326
0.9804275376463238 0.9914233914800988 4937.247562769601 -0.0007559302993405781 0.640951905999426
1.0008445915773625 0.9745727140739394 4948.040112200933 -9.998068832791772e-05 0.6606248474541284
0.9914166380124251 0.9773018903434358 4991.524633244817 -9.919259610493932e-05 0.6445651609816467
0.9959769069626577 0.9929679721000494 4939.013138823502 -9.305895282622202e-05 0.634809098542133
1.0211282105101307 0.9762572098228417 4994.864255777829 -0.00012872252075578702 0.6512930644829029
1.01344212094724 0.9638315553182917 4892.623812123296 -9.379819908964959e-05 0.6609988084052778
1.0096835903512402 0.9882690691236091 4988.263571265291 -0.0005830417559619412 0.6447009311283516
1.0125230653962827 0.9541866683113962 4992.187469731249 -8.885903597743602e-05 0.6735572379219243
1.0053589098393063 0.9458017547845997 4901.233418832698 -8.690018935708134e-05 0.6634976454779618
1.005186199113891 0.9351085849271557 4794.092321594166 -0.0001414317730389861 0.6815205942375826
1.0317273574706056 0.9306962758455084 4814.591304115738 -0.0008696145506520051 0.6768007466511388
1.0068565876005198 0.9496018900062972 4899.389686572225 -0.00044501490459102034 0.6717790346526057
1.0068565876005198 0.9496018900062972 4899.389686572225 -0.00044501490459102034 0.6717790346526057
0.9942129315790972 0.9314536494414294 4948.9097401449035 -0.00031410154470532295 0.666241074574142
0.9942129315790972 0.9314536494414294 4948.9097401449035 -0.00031410154470532295 0.666241074574142
0.9946817061691606 0.9267016554751552 4922.488672299031 -0.00024087074958086343 0.6755064238599386
1.0246586663929544 0.9438289789983342 4853.531594062183 -0.00012838349280544574 0.6740623142091701
0.9758530700165046 0.9732769431558803 4758.499652597553 -0.0003619367994821356 0.6562298698659494
0.985737141935643 0.9158691505854571 4948.782328836168 -2.9549613109653843e-06 0.6799812344269472
0.9765358794649809 0.9287988945197694 4896.744362820338 -0.0006896553230421768 0.6613567210670234
0.9869043383651511 0.9241998257171853 4827.648958911488 -0.0003224321941201865 0.6767576777939018
0.9935304166095105 0.9179065443599663 4794.383487731473 -6.073363117828912e-05 0.6790411985037725
0.9624805831883583 0.9276640300892787 4902.841953606649 -0.0005251901049074895 0.6726093843835618
0.9627168125350971 0.9393665619087902 4848.787095948851 -0.00012859748806990927 0.6697597027451452
0.9601014160073027 0.92504068992587 4804.5368048030605 -0.0004464284115958218 0.6663938431054062
0.9739723001829028 0.918217457696889 4832.183135198526 -0.00025166959641642156 0.6715110761754428
0.9664565966493949 0.9092899373277227 4954.429242140488 -0.0006375658532618202 0.6732888048144481
0.9562351144713426 0.9010790098584361 4887.7139027954445 -0.00031998746057694766 0.6609704848768554
0.9700318691075912 0.8999830203561361 4889.026782045481 -0.00010632753405442559 0.6594030767675675
0.9751216325963609 0.9094786360228377 4889.236275189279 -0.0001504219038326342 0.6661407232650717
0.9543773824899848 0.8949438156928031 4836.423490900041 -0.0003130966434524606 0.6441241581935239
0.929983303001663 0.9098815656643081 4882.3290163922775 -0.00016014261757282326 0.6563262897736907
0.9373024331137059 0.9143941667529125 4936.233480636471 -8.505066819319577e-05 0.662771772786193
0.9798689475706737 0.9243220288903184 4989.7566424649685 -0.000714386531963282 0.6771485671202476
0.9855737258896289 0.9083214049630931 4949.37158814895 -0.0001392499481802211 0.6721693478609704
0.9855737258896289 0.9083214049630931 4949.37158814895 -0.0001392499481802211 0.6721693478609704
0.9835644875321633 0.8971635112380875 4841.43611469631 -0.0006355211545675876 0.6541219520964248
0.9736593085154792 0.8914049729376632 4975.975292007724 -3.792476055433539e-05 0.6481058504023844
0.9962654947961287 0.8897278596853676 4992.1011837919295 -0.00035907464097750043 0.6466059913088514
0.9942032634835605 0.8881423749721149 4872.297108006199 -0.00038548774305066446 0.6351315722310209
1.0102066507661935 0.9084488923311905 4911.375385705124 -8.119677568128152e-05 0.6552751780546693
0.996740495253797 0.8752904455256791 4815.726559317771 -0.00013882533074276824 0.6249063028208227
0.9778365218437989 0.8632005544313051 4992.993666405702 -0.0002322642673996797 0.6060606570319356
0.975778345139238 0.8728092295449104 4794.053122110044 -0.0004104858947289266 0.6252296115186524
0.9836496839712631 0.8859101997512968 4794.528978170992 -0.0004232457296247498 0.6419597605160786
0.9794652625408757 0.8646729861636009 4938.537452905005 -0.00013538301543857464 0.6154474597967088
0.998716640185884 0.8806167357698458 4957.886480351552 -0.00044909705723764477 0.6370688745031975
0.9985393792471717 0.8939977578537719 4992.203131263853 -0.00036914169551195296 0.6493270603934732
