chirp_mass mass_ratio EOS alpha zeta
1.5794940600705174 0.7168584527098477 4726.709685698716 0.00018031478706188184 0.2802501228192321
1.0137358493383404 0.8966758380942992 4070.397062117644 0.00032743931703610956 0.10814149726638463
1.0985878001422735 0.9897725372311418 3926.1663784212396 -0.0006782566189986934 0.13210224261841946
1.3246074512912416 0.7808716786170585 4518.574285220121 0.0003832549574292826 0.8212781619638204
1.5033721448054909 0.7939337323780317 4187.2902079625255 -0.0005933612475627192 0.977891431875206
0.8465820899975213 0.706182032851358 4946.255093258509 0.0002563355111946695 0.06300410673814147
1.3953287153376408 0.7648669726681739 4993.515390983246 0.0008938416991977539 0.6180808311033332
0.931305715633221 0.7955109895012245 4767.494685022714 -0.00022060291181728614 0.07636364247786996
1.2495621185304748 0.9854733421892843 4846.883219330635 -6.696888550387937e-05 0.93386754830496
0.9773515008240106 0.7977553241132842 4986.281140436847 0.00017628631134701528 0.09129973145545325
0.9049673669758116 0.7245071081731952 4128.742551595452 0.0003380990395607022 0.06617442465107308
1.075414473178145 0.8885387899926113 4300.746538685906 3.925304539668362e-05 0.11261290060027151
1.2278751566857167 0.9888195945695576 4461.207510405211 -0.00032754383857033743 0.797522095759449
1.130729952436757 0.9290775366749241 4462.919685713159 -9.655068560842066e-06 0.14797195155083265
1.1188944796338278 0.9159343290670439 4722.287019202024 3.9131271282733015e-05 0.23747702822802486
1.135697909079955 0.9494898387223578 4296.04993818093 -0.00027004543470416124 0.19903042346020333
0.9951595886758121 0.8004766259693089 4822.114595541366 0.0004150403321859269 0.07832638852747088
1.1117714888351502 0.8727869576032173 4043.9881549820766 -0.00010909789277150455 0.12896594706601844
1.1538792449763335 0.9297720003297151 4679.574322407272 -0.00024184398431915951 0.16499856338279176
1.3376577908006437 0.7683950647965323 4457.579351338818 0.00010026907422280962 0.5199337751097874
1.0656336828036883 0.9933401847030576 4788.495239529473 0.0001944509339389893 0.1247930636815166
1.0137425248911947 0.8626237964585044 4761.892011510896 -0.000531251588712528 0.12786578914472144
1.0384553366701956 0.9674829176683578 4973.942168878915 8.10113143775708e-05 0.1377951964257057
1.0633648922737526 0.8966428893126495 4076.829844375034 -0.00010637980249434458 0.1340860688516033
1.0051796270788045 0.8927381539832523 4373.780736349021 0.0004542523316552644 0.10568055985565851
1.10294587874759 0.9792071114038639 4828.287334151747 0.0004088719529162619 0.16200956767263278
0.960900726102567 0.860570519662746 4896.5475662653735 -0.0001362461619564807 0.09998141052976318
1.2603746595039103 0.9269699529387803 4997.043832935028 -0.00033120880654878397 0.7002832142055394
1.3014984014547588 0.9693804884359853 4219.769027514387 -8.674116415532943e-05 0.7959700006598958
1.1858766533275527 0.9852250148799222 4076.958531174596 -0.00033430359590609627 0.32977700554151435
1.0834323552202902 0.8854107065559048 4850.195322964896 -0.00016417162220439953 0.12188807374418435
1.1443932043601677 0.9571312423810735 4673.584716492144 1.631830344722174e-05 0.21934134831509058
0.985589598568717 0.8369363503904371 4410.437854178874 0.00022227741293344116 0.11550633972409882
1.1038293155332854 0.9379767799637954 4748.721045304127 0.0003354447532623911 0.1363582994757709
1.291036166361854 0.9940750928901045 4405.95237607104 -0.0003873945015458006 0.19802682462935478
1.1371818806094585 0.9965272090436714 4381.936847099553 4.0510271004901215e-05 0.6896599326980613
1.1742665014729028 0.9927949917049506 4750.702659290808 -0.0003872387600962343 0.11577700893156569
0.903960444206335 0.7592765214216579 3965.7823422335564 -0.0001870751641395767 0.0740050857934675
0.9824252493815872 0.9170971536871619 4625.254429572603 -0.0008446209312507898 0.12302761129171491
0.9534550288134036 0.9161085760814686 4823.179326924882 0.0003110166077588916 0.13478812246832111
1.1324877616404543 0.9167869920007419 4211.883668332877 -0.00010040998000182789 0.14767834293628324
0.928374188790345 0.7294825106131976 4806.667762297511 9.81511542015051e-05 0.07627423317552766
0.9841221570689515 0.8835847618965261 4768.6858584994 3.323949033718974e-06 0.13389273790544148
1.2436608930835504 0.9855527305923536 4251.3904511060855 -0.0007150497176109087 0.9684451852528227
1.049897680814806 0.9822832349298648 4789.443569383808 -9.767732915640002e-05 0.13416771386351767
1.1707803805949601 0.9829440063657812 4521.863818594192 -0.0003987135741584632 0.233777738096448
1.223499044288674 0.9106039282306033 4937.92318624517 -0.00033692054729465837 0.8636356603784138
0.8778907784432572 0.7571987839991091 4778.199253825025 0.00011756553229045588 0.07416438904281543
0.9594064088816173 0.8708096791645488 4429.582959215408 0.0007462868271433225 0.12589817499346542
0.9783724411759109 0.8545868768947433 4567.720329638176 0.0001684979236768183 0.10868147365269716
1.0916353930276164 0.8614148100028965 4039.7769166877174 4.316020346681192e-05 0.11429854929186611
0.9459885197878595 0.8561636096001055 4571.990634532597 0.0011218034390884013 0.1133718579269423
1.2335969631811894 0.980276466263948 4719.197259433631 -0.00020176178070210367 0.17734618014331827
1.039105346385672 0.8589970808856998 4421.463608990962 1.5748773295399695e-05 0.11493017810842485
1.1977108832974384 0.9249870060714753 4868.836425067913 -0.00019028071999209662 0.8579322925278573
1.0710140807334319 0.8978355399898964 4940.198615626396 7.627214173405272e-05 0.1167172846416713
1.2241391175372016 0.9737860209000919 4897.441712126643 -9.708666329586149e-05 0.7948067392300499
1.0021867241014262 0.8206687427155059 4950.999514146227 -5.683112413112618e-05 0.09579340954714315
1.0334985439176874 0.8697840077901422 4415.549408899704 0.00035157511702370894 0.11285740826675314
0.9886900562511898 0.8040987200723658 4726.174551073878 0.00033438870843668917 0.09441119842108227
1.0790432195439426 0.955137358474276 4652.461126924425 -0.0004998080401396514 0.1533855968618199
1.112666613028592 0.9009976857161309 4622.498476090292 -0.0008797959524126992 0.1422921629920419
1.0954024169518337 0.9705531368110526 3998.1316162334415 -0.00023426051575367945 0.12817039082777248
1.1615968663109653 0.9651927191632721 4584.042993566552 -4.426160501826992e-05 0.4024148128523324
1.1950706038343841 0.9923778410567189 4981.611769672081 -7.832616980837473e-05 0.8497333800170005
1.0673210098166224 0.9128280784675862 4884.494509832897 -0.00020865346846032736 0.1353571059053657
1.1126310160111037 0.9964046314150614 4913.755515049693 0.00024271357524925042 0.12967960649096005
1.071339412288029 0.9835094860737151 4217.076327111548 0.0005098467528700678 0.1092130852614698
1.1185602935079584 0.9945563500839782 4883.138686160909 -0.000513606792392338 0.19243346588963922
1.0061953232770247 0.965889100702282 4355.994934298622 0.0004757794570713382 0.11336647571944403
1.0061953232770247 0.965889100702282 4355.994934298622 0.0004757794570713382 0.11336647571944403
1.098148178563275 0.9721710886787925 4524.721655697988 -5.769543309060159e-05 0.12006943791164315
1.098148178563275 0.9721710886787925 4524.721655697988 -5.769543309060159e-05 0.12006943791164315
1.0671990732943217 0.9083023181384653 4408.311934675681 0.0006295367073905127 0.13207796229452795
1.1332495970020862 0.9939190073329813 4160.19802434902 -8.698149433587272e-05 0.11385892825918018
1.1332495970020862 0.9939190073329813 4160.19802434902 -8.698149433587272e-05 0.11385892825918018
0.9752694625347563 0.8411989452087724 4923.054646224145 0.00048411502999569134 0.09904976887889055
1.056626156576086 0.9671284735290967 4363.965912556876 0.00020429871979805558 0.12027115085557857
1.2857386707636183 0.9126327387954678 4509.618893297324 -0.0008294218324633264 0.9913698673878031
1.2857386707636183 0.9126327387954678 4509.618893297324 -0.0008294218324633264 0.9913698673878031
0.9358712670003129 0.8257671600018245 4833.379445520322 0.000408614732246184 0.10288250354835275
1.2330223289978426 0.9523054028059067 4459.295125776464 0.0002928588321520652 0.6342586106228569
1.1754565782654998 0.9109288132101641 4556.097840462177 0.0002840849355732177 0.5638842072652299
1.1516623370248915 0.9404916025631161 4604.340708210114 -0.00038763249258978223 0.1556129542000355
0.9192816088656703 0.7946077130311731 4644.192492396737 -0.00024014480633732297 0.0829909431261755
1.0498265927768218 0.9079634317604562 4456.8366282334055 2.8091910037494474e-05 0.13645645925850217
1.042960498395629 0.9208725122652341 4118.72191428625 -4.2992520503548395e-05 0.1334665973266253
0.9584962730934834 0.7305114058521442 4633.923614183255 -0.00019414432671895006 0.06901508681737792
1.26073661718844 0.9157013886357294 4169.2799299389735 -0.0010094863763330038 0.21757364955399788
1.0156688331373789 0.8846097490625251 4459.339553393891 0.0001689570775680707 0.13017580628389733
1.0156688331373789 0.8846097490625251 4459.339553393891 0.0001689570775680707 0.13017580628389733
1.0532052301588055 0.8748382585414605 4709.9344733349935 0.001066780511194924 0.12783675856543525
1.1598309705260692 0.9365426430691649 4735.437211871407 0.0001314135013079001 0.6287141327980954
1.1056468906073607 0.9363254178713281 4766.1388024952275 -0.00017744266796610199 0.14399993662993277
1.1056468906073607 0.9363254178713281 4766.1388024952275 -0.00017744266796610199 0.14399993662993277
1.2105785989828697 0.9979803206868283 4654.3278114307695 -2.4243005567541906e-05 0.1411289314131679
1.141173047538508 0.9351540582175756 4804.434955573663 -0.0002346730058398925 0.14722383307289616
1.141173047538508 0.9351540582175756 4804.434955573663 -0.0002346730058398925 0.14722383307289616
1.012420954239847 0.9366952055358406 4667.63020596167 3.0265298900713905e-05 0.13539573198732374
1.012420954239847 0.9366952055358406 4667.63020596167 3.0265298900713905e-05 0.13539573198732374
1.1415533778966958 0.9954467617503892 4546.2822488670845 -0.00026586532127703303 0.15197245560618822
1.104115925209616 0.9719089015410242 4087.8740233357244 0.0004192228495219962 0.13218849360173074
1.1534026478197035 0.9552213125602607 4533.319340655975 -0.00010943900255681456 0.18313183504390682
1.2336451342676151 0.8736864076098375 4386.86413546139 -0.0009625867133926545 0.9327038338919155
1.1382506284072935 0.9265647385392407 4424.6823394110415 -0.000863940785807847 0.13929657435207943
1.09356747392074 0.9507020402643388 4735.0065593400595 1.4768004519753029e-05 0.18285853701609023
0.8901736270628684 0.7792124781852132 4705.393977180612 -0.00033006448462938564 0.08417024837694732
0.9878892074617035 0.8592440276431602 4861.7310963251975 -0.0005800274290430426 0.11427521635037496
0.9440422387951769 0.8847340958901382 4473.889541314537 0.00011029962965304719 0.11886402950157052
1.1393817880455572 0.9882270067584374 4941.1905251247645 0.00026187679666741 0.15089823424344762
1.2551889075322664 0.9155867453582258 4990.463933322009 -0.00020602073090763637 0.9709894744118158
1.1497493657261189 0.9808249575857534 4428.352701196826 0.0002522610534976265 0.1397283803889346
1.1497493657261189 0.9808249575857534 4428.352701196826 0.0002522610534976265 0.1397283803889346
0.9143438955638551 0.7719353281493426 4427.546230479215 0.0006408778877995513 0.08184673471491996
1.1087987957710614 0.8993392214988323 4208.119094812819 -5.4982732081865374e-05 0.1283968780737543
1.0496734413641509 0.9747081341968373 4336.094445565199 -0.00046644943042329896 0.12412297770926559
1.155621264541009 0.9825403960579743 4659.183433999524 -0.00012292480001470298 0.11753451156680658
1.167161515202112 0.9845873350007373 4835.580111496415 -0.00034312154852859646 0.14250450074920495
1.2334469879457823 0.9796103391517794 4491.211515810633 -0.00024302611307979764 0.3749900761592209
1.2334469879457823 0.9796103391517794 4491.211515810633 -0.00024302611307979764 0.3749900761592209
1.1085483214730423 0.929400789170018 4249.304736939928 0.0005852810083673622 0.1383318541409761
1.2109488566730493 0.9945458332363641 4516.764714732538 -0.00020171522830558368 0.4511584875382424
1.06334245294302 0.9079701778814203 4012.137591488378 -0.000314471859924555 0.12991961140406197
0.9866409262460462 0.8069456384347333 4607.323798349191 0.0003547276290061398 0.09712018739407274
1.0518682931576047 0.9410687173154733 4378.391291566643 -0.00010069609563767111 0.12087762036196828
1.0318450400364807 0.9056543397242318 4395.9324522527195 0.0002328309492557626 0.11044482873933738
1.0546327683215768 0.9267931747972068 4859.917283009606 9.841551740193685e-05 0.13931873687751156
1.0546327683215768 0.9267931747972068 4859.917283009606 9.841551740193685e-05 0.13931873687751156
1.1220231232751097 0.9389844293885785 4621.584751888073 -0.00021633677380987961 0.13422419319955944
1.1220231232751097 0.9389844293885785 4621.584751888073 -0.00021633677380987961 0.13422419319955944
1.2088334926431519 0.939123709336074 4828.25801773381 -0.0003967003595959897 0.6741322834726424
1.0565277556149324 0.9629774934283579 4358.870127463809 -0.0002492390840820071 0.1304429188745513
1.1207613496821132 0.9442414147481275 4899.360885986837 -0.00012466049538377511 0.1256737690387843
1.0447523137573398 0.9705845264849031 4558.49084422592 0.0006549495557920394 0.12846444585528374
1.0615310341807214 0.9286963176035816 4217.248424740082 0.00018314118121914725 0.12457503765429233
1.0757475362445976 0.9679834415154298 4714.8739319869155 3.970043648766547e-06 0.12996958168825845
1.1926899924561853 0.934776396049303 4847.318243737377 -0.0001850577268764237 0.9395886773992611
0.9775539030520246 0.8540930990791925 4511.307455000281 0.00022947976539106231 0.10720784229727429
0.9775539030520246 0.8540930990791925 4511.307455000281 0.00022947976539106231 0.10720784229727429
1.2585534278262158 0.9602093473805718 4606.184176355741 -0.0007804154345292168 0.7963074059454975
1.0416030695759784 0.8661484752684316 4765.884861478257 7.131545118339412e-05 0.11627187249013035
1.087118446665808 0.9633541189720922 4307.7408029418 -0.0002761717856699125 0.11900832789868583
1.2382963507496956 0.9691154952026546 4947.967567878775 -0.0004302853801615692 0.6618455185486205
1.2382963507496956 0.9691154952026546 4947.967567878775 -0.0004302853801615692 0.6618455185486205
0.9665823515317787 0.9556546361754558 4768.565057687968 0.0014020303897884885 0.11483921577493154
1.180665162252771 0.9894202553102369 4788.190226072365 0.00041047109056335053 0.793968891699772
1.100942494780451 0.9237349091764482 4732.699762015053 -7.718189622969069e-05 0.14139109160421856
0.9134704987216254 0.8376553998278267 4809.08636545546 -4.063447543341025e-05 0.09610071384640903
1.128388069108225 0.9685331468529244 4307.8656057486405 -0.00045807018565965034 0.13320345822960108
1.1818202360230305 0.9705137113356265 4773.508600818704 -0.000293512113424844 0.14123103740997284
1.00391069729621 0.8821474890421493 4936.967366522342 -0.00037233732893710405 0.13005117536878424
1.0405632255219248 0.9705795678227364 4391.631271655861 0.00024764440467204825 0.131048333671418
1.0832780705786158 0.87338748094272 4211.307295939557 -0.00021170376377935095 0.12630224424966824
1.0832780705786158 0.87338748094272 4211.307295939557 -0.00021170376377935095 0.12630224424966824
0.9466608436952904 0.8383057932706124 4329.990668208516 -0.0010206418281669572 0.11036796383862571
0.9466608436952904 0.8383057932706124 4329.990668208516 -0.0010206418281669572 0.11036796383862571
1.1316230051592684 0.9783783600379816 4160.150039831208 -0.00040267853743578333 0.12795465720927746
1.1316230051592684 0.9783783600379816 4160.150039831208 -0.00040267853743578333 0.12795465720927746
1.1329839885862718 0.9747785277054164 4607.02956216182 0.00013570148582528347 0.1276472593045817
1.0538461983935052 0.9608074068615576 4030.8623741941196 0.00023518023700091418 0.1171878226330626
1.0677215510805866 0.9582348203714415 4875.151279854435 -0.00036883807828653467 0.13436613409566464
1.1622179086860653 0.9895579892383257 4809.496074985797 0.0003644971682949038 0.8156886757814942
1.0704707320341997 0.9386255377228471 4020.436600470112 -0.0006776601830979514 0.12078986852918613
1.011366564523466 0.9579435651526196 4177.654152054548 -0.00031676353330679945 0.1390428788777806
1.0944137909901415 0.9423450589515315 4092.503122906657 0.00012410495034715412 0.1120557050764274
1.23426108711993 0.9204149279217051 4837.65497443409 -0.000949627101597474 0.8373926603277286
1.0916779323001728 0.9692366585838919 4322.628882750098 9.68706205256497e-05 0.1421956070863562
1.04804644232219 0.8935901289144715 4776.6692581303605 0.0002777471437436995 0.12057047450561023
1.184384141502223 0.9842970596564129 4609.416320379121 0.00013255555448086703 0.5550086103253475
1.0592547662381384 0.9403549824539312 4068.868139844529 -0.00016221738880428692 0.13396025340684892
1.04434817470311 0.9110836322071378 4826.671310289966 7.11293667780618e-05 0.12676272358186128
0.9889305727157978 0.7943086606227995 4552.26672153845 -0.0006915387372699246 0.09072312298103788
0.9889305727157978 0.7943086606227995 4552.26672153845 -0.0006915387372699246 0.09072312298103788
1.0060691760394465 0.8603745702006118 4953.1911087924545 -0.0002721244483068046 0.10487585925819659
1.204757229023282 0.9542627683241274 4453.1355574112495 0.00021167645938488034 0.45130904998634136
0.9985197528238596 0.8491538000373302 4881.26331362077 -0.00015825478882010692 0.11497033919428899
1.0188832594318478 0.950360527183926 4619.312801430823 0.0008710097536470356 0.13639087107264228
1.1307429087368692 0.96285579861574 4484.030863540626 -0.0010943379856205462 0.16124595926210494
1.1307429087368692 0.96285579861574 4484.030863540626 -0.0010943379856205462 0.16124595926210494
1.0968726093261942 0.9622733906290297 4828.720352182351 -0.00032873812758996574 0.13471983718946592
1.1652846299680972 0.953424497729622 4248.770709527967 -0.0009151662849579458 0.16465310136882874
1.1652846299680972 0.953424497729622 4248.770709527967 -0.0009151662849579458 0.16465310136882874
1.2567887975042316 0.9607017013902254 4818.101049835737 -0.00047508753799381336 0.5851983820512062
1.2797538211347645 0.904818851930273 4727.4943029209535 -0.0005528829612177836 0.9682073893134343
1.0347178266744148 0.8892591558592009 4425.803724869412 0.0003992182885460618 0.12615111169453122
1.068431332469014 0.9232310488090116 4169.205558195883 -0.00014054115711283996 0.11947392465461545
1.2345945188632819 0.9481638566256266 4642.0722832300335 -0.0004365532487670154 0.47790072943078643
1.158616486457134 0.9675682386371505 4253.269414688171 -0.0007004985183997791 0.1398267288716772
1.0686149527470281 0.9550654621856771 4707.311698016707 -0.0002597611141587447 0.11532220569344709
0.9917039664611915 0.9078956338283191 4792.3304403942 0.0004911752063574168 0.12819919729208973
1.0405547250304563 0.9444007242534072 4817.848449756529 -6.70906426254724e-05 0.11827674894036377
1.0098057347117397 0.9010922946404951 4294.320886982253 -0.00028000477533624864 0.12475796781106138
1.0978575523163019 0.9653418392114889 4136.784092448425 -6.797034092100368e-05 0.12878374675199536
1.231121236597922 0.9761767631346776 4723.651823055793 -0.0003956853061870857 0.9225252254797078
1.0377251635843248 0.9005762505220419 4671.801860344718 -0.00010484487697148455 0.11451855905810845
1.0377251635843248 0.9005762505220419 4671.801860344718 -0.00010484487697148455 0.11451855905810845
1.0948078295768544 0.9302618622164474 4613.132963776196 -0.00027171282369895346 0.15504479586797554
1.1316036558367844 0.9643546323692153 4427.800247425118 -0.00011413273218493413 0.13512336812691794
1.1223983909639206 0.9377808291490063 4320.276278301432 -0.0002098831045848065 0.1256618731982757
0.9754919411095595 0.8393777554472731 4828.091315231185 8.224362893187329e-05 0.10815666163966386
0.9754919411095595 0.8393777554472731 4828.091315231185 8.224362893187329e-05 0.10815666163966386
1.1512524885265005 0.9094563964931983 3979.4274908645966 -0.0006516781147048696 0.12304676170021626
1.1512524885265005 0.9094563964931983 3979.4274908645966 -0.0006516781147048696 0.12304676170021626
1.0694544005204096 0.9610688137139665 4888.541087708715 0.00030397171613890636 0.13121032344699257
1.170726365884017 0.971112662745302 4065.948331294206 -8.451076276081787e-05 0.12807726791208068
1.170726365884017 0.971112662745302 4065.948331294206 -8.451076276081787e-05 0.12807726791208068
1.0627083849247712 0.9817735123483368 4804.552205577653 0.000369913936192591 0.13083063734345537
1.2254825303051868 0.9909334265381406 4776.826865430625 -0.0008584392338306966 0.1757459929994321
1.0989767679221658 0.9081596446864332 4476.571145161649 -0.0005348237686849783 0.13266837104568208
1.0989767679221658 0.9081596446864332 4476.571145161649 -0.0005348237686849783 0.13266837104568208
1.0980557154657882 0.9559699254406374 4865.126353000732 0.00017276960072850378 0.13375885278568353
1.2345846130756493 0.9608234409417495 4824.6636996420975 -0.00046487703056091967 0.6423876513720904
1.0156707946957193 0.9825008127581559 4563.519341622954 -0.0002991502893969496 0.12123209382311217
1.103899921756427 0.9217284028951196 4948.361520848592 -0.0004916583564995283 0.1363856282709302
1.0026985891955893 0.9238035946053103 4990.285308758889 0.0003409753954459191 0.11962610026362348
1.0578783706330745 0.9557749383371252 4863.151809221318 -0.0006309490456377513 0.1292983547799975
1.0578783706330745 0.9557749383371252 4863.151809221318 -0.0006309490456377513 0.1292983547799975
1.0694863486276969 0.8960891547900274 4776.603136640268 0.0005719507540800964 0.12890965967990148
0.9956767630983562 0.9231793392507126 4559.072729661518 0.0005338861865607802 0.12099544533817846
0.9956767630983562 0.9231793392507126 4559.072729661518 0.0005338861865607802 0.12099544533817846
1.0845759766632217 0.9724182636633234 4269.9048654941735 6.591984624253786e-06 0.1314224668893228
1.0336711924841921 0.9339407175090172 4631.583628546198 0.0005670346690482905 0.11729964238008084
1.0517461021518986 0.9738046917101921 4182.322665596361 0.00020529098221589456 0.11531146192987735
0.9946091656598142 0.9436974968556406 4678.364248982448 0.00014523827570317446 0.1244317992783787
1.0831573478108745 0.9137708311193721 4236.917005705621 -0.00034761123158374437 0.11480648743433514
0.9663828170626744 0.8778322163059089 4721.449276683684 -1.7424551850722994e-05 0.11550053765895685
1.0974923293015708 0.9675557443618565 4316.825784898303 -0.00035967067518626034 0.12673168420078762
1.1127098554541606 0.8965649445359294 4212.250801917886 -0.0008987235902780175 0.11640146821008264
1.0660194087559045 0.9400807412702324 4742.69345715625 7.727796670872109e-05 0.12529332362003243
1.2605446604780204 0.9554226843735949 4953.430841956278 -0.00021055342402210184 0.8326577801082715
1.2605446604780204 0.9554226843735949 4953.430841956278 -0.00021055342402210184 0.8326577801082715
0.976438305484024 0.8122478507329185 4634.29597644944 3.517991646058137e-05 0.0917893921844003
1.098182942974775 0.9428004929550284 4257.149109804828 0.00024811816439968996 0.11740240890798509
0.999033157674384 0.8306972375144962 4988.570219746913 -0.0003516741718560256 0.10714942615944174
1.1055903503085633 0.9685550564036289 4970.857601085331 3.136110886723314e-05 0.12070470340941333
0.9891212749990411 0.9257443237102431 4823.959195620807 0.0003194684892669809 0.13113675372359718
1.0783391683325716 0.9266438495038751 4438.939518932326 -0.00022058419489288884 0.13804350322979195
1.2176267447109566 0.981073638148885 4993.9669532410735 -2.9613540022382537e-05 0.9051436441351676
1.0359808932458276 0.9242852129613639 4867.060835195982 0.00032780698235875433 0.12129913544358618
1.0993168214539066 0.9602220145593445 4249.287835254744 5.0670921926662664e-05 0.13226502419512123
1.2212454308428236 0.9226571548910827 4519.599757301062 -0.0003881814630106685 0.8659336553004257
0.9877513657556891 0.9150191306996023 4890.197502156826 0.0001989564166490906 0.12116455029645021
1.075398894283293 0.9123714127782802 4598.397038255747 -0.0004555569037297109 0.1130914990964559
1.0634152861188866 0.9502214831813561 4793.774925205418 0.0003275612367293484 0.13010838072724212
1.0634152861188866 0.9502214831813561 4793.774925205418 0.0003275612367293484 0.13010838072724212
1.0497167089501298 0.9736319429760738 4727.8363766931925 0.00018775725637201228 0.12856432634289017
1.0382994599175215 0.9718387662047617 4449.414575740011 -0.00036244236779192857 0.12062847567505529
1.0823683812308873 0.9472331849160053 4570.724284956646 -0.00019419337217293052 0.13457961473935015
1.1387741322545941 0.9471053169126142 4839.540328594171 -0.0007517462951667243 0.14601100924121366
1.022049010040613 0.8503878282245247 4966.912126171688 -0.0001927216748608085 0.11541939663554562
0.9194908748655597 0.7877329780403154 4920.335117270663 0.0003132129662241906 0.08607041714726668
1.0511164207999164 0.9886169186453208 4263.538579404651 1.3535963080643082e-05 0.12929515855387666
1.2129315248252603 0.9443894697949836 4936.738105878351 -0.00025470445958348056 0.6553055443486432
1.0624034980680581 0.9606660925040234 4949.969007696176 -3.9631481220480714e-05 0.1296300151631509
0.9902728423317851 0.9329918911755334 4608.039286675553 0.0002877833993732822 0.12009091462469179
1.11878698953035 0.9502705043894603 4859.307509257231 -0.0006296841049940884 0.13463480496225966
1.2084339218924427 0.9738083462419241 4704.286989525088 -0.00022567920256628003 0.27638012152890423
1.2174466679330518 0.9354251420250053 4902.017453804457 -0.00036727127273491144 0.8572747821289085
1.2174466679330518 0.9354251420250053 4902.017453804457 -0.00036727127273491144 0.8572747821289085
1.109885186483027 0.9585252959777529 3942.1032919728236 2.7751310313814882e-05 0.12569103106970986
1.1106156631260806 0.9716046187753189 4221.141278169485 2.8769545895092316e-06 0.11469186555646238
1.000965567346664 0.975629144614002 4354.216236740969 0.0006110791504273909 0.1173446110795068
1.225705912757943 0.9748295988340214 4790.185650805789 -0.0004172391520114423 0.6058644092506643
1.2194397459916981 0.9273511376953395 4828.627616055326 -0.0007036834814557195 0.8265130609247593
1.2486942036980981 0.9340315009652387 4663.538882527333 -0.0004156133755886558 0.9424293392961619
1.2486942036980981 0.9340315009652387 4663.538882527333 -0.0004156133755886558 0.9424293392961619
1.0640380768667002 0.9566776106042685 4743.871529933021 0.00013041505253054715 0.13207926715038804
1.0818988545718171 0.9589704030334237 4550.456466318545 -0.00031621800685760015 0.12641291400038102
1.0448004998334215 0.9844819499014785 4515.856559196036 -0.0007439249516497589 0.13821571135257202
1.084194858729869 0.9540585590748022 4671.427207852533 -0.00026110016058930504 0.12084390057735078
1.009501395161649 0.8980194265506064 4548.04613988699 0.00033944821801870097 0.1213564694725146
1.0396772359225823 0.9824961451810615 4358.762440062207 -0.0005624520989318482 0.11983980318935458
1.1173683633705744 0.9454843386659757 4607.990390981294 -9.841386475270028e-05 0.1334605567661239
1.064053839241564 0.9680915582969374 4931.866056353331 0.00037501712714482056 0.12870881324949413
1.0728962847694996 0.9803408183662674 4892.2911928396825 -0.00021098361490956978 0.12295335006863914
1.029585041089387 0.9856662592551112 4801.160319364051 1.648321715400282e-05 0.12533698725445674
1.042681236343625 0.8622063898734849 4944.0980958871705 -0.0002762910648015727 0.11362739790942847
1.2600409937741377 0.9710295540739069 4558.889538447573 -0.0006125250564115565 0.8691397573415628
1.0364543281515937 0.9241706387766326 4905.064386820807 -5.252255325758306e-05 0.12549765153420342
1.0529440423719856 0.9436417594215136 4848.06933156806 -5.598298000494052e-05 0.12166806113327237
1.1956445007328287 0.929287611294281 4609.890889300971 -0.00025661722275087075 0.6323686277224958
1.0638667065715524 0.9335934384473209 4162.500084865799 -4.743081588500224e-05 0.13002658465405037
1.0356580046687751 0.9518458576361496 4948.579773634725 0.0010757179213454452 0.11820178873764164
1.0269364163215666 0.8840452903387999 4465.159412729413 0.0003051475032386129 0.11774184695908327
1.0839376608367433 0.9114585252480316 4674.523823648024 0.0003739730676479243 0.12216797969440746
1.095143251230339 0.9530193948753883 4836.518793843026 -1.2979103256962246e-05 0.13421568307155868
1.0694858118507726 0.9192619675003355 4765.615877581188 -8.363543145998356e-06 0.12831064851704696
1.056779704837827 0.9730536758836561 4907.493324096191 -0.00021635018096769238 0.11951680849690362
1.0387449330987297 0.9289841249972366 4570.564807455155 -0.0003123505417864517 0.12924848677682305
1.008756180010725 0.9054587365519456 4695.8989140952435 -8.009017760738307e-06 0.11897766061534404
1.2223837095052164 0.9847703379419084 4905.8446940457425 -0.0006338839577117355 0.6111075261893297
1.0165788072269129 0.9102333881676915 4874.838187818915 -0.0008078134901523017 0.11493524402471732
1.1117779550777986 0.9024888156786265 4229.541636666845 -0.0007782721566354753 0.11647810255082733
1.1171114223873166 0.9573189981318 4739.192109261795 -0.00021409507415713744 0.1311618916668549
1.077874747298774 0.9843313197126697 4479.629579612915 0.000357605273033301 0.11640207406179406
1.103382190305704 0.9685964149240047 4428.628018652418 -0.0006817599372446747 0.12004670235984605
1.0196662233328755 0.9323850928587059 4968.350478503321 -0.00010931178838777116 0.12050194637453163
1.001114959106229 0.8466906473651855 4947.717666992702 -8.359286714107148e-05 0.10534080364465696
0.9853620763243509 0.8310302628338693 4802.191518063677 0.0005392373522386749 0.10385968181497371
1.1043306285524126 0.9341015871812697 4767.808594781714 -0.0009334108826164141 0.12029697393826189
1.1206810161833993 0.9522962284858231 4806.9693648078855 -0.00015059104570469138 0.11356122224399237
1.0447341457491492 0.8519656473476923 4911.529344440892 3.749225745413587e-05 0.1150715204710895
0.9910649774653704 0.9186283258646256 4908.017322888664 0.0006319029324487172 0.12172273195163358
1.0618298772188233 0.9479166553730779 4803.435583538737 -5.862303977118845e-05 0.1222898706953425
1.036145819680956 0.9692600195545422 4792.140691579959 -3.626009972316107e-05 0.1255813724635429
1.063419181430649 0.9137658280786778 4630.04795348851 0.0006360670575563469 0.12234555437219628
0.9271762749664101 0.8921874607803318 4556.821862100982 0.00021515082890306966 0.11742202726043886
1.0513959569592985 0.9308862225593733 4539.656507068974 0.0003305632030111126 0.12532493284791793
1.0867465829361311 0.934087494995421 4259.4087537289515 9.723908536487791e-05 0.1314300659616335
0.9403320471463874 0.8417868356281135 4936.7723985233715 0.00010486175964762803 0.09960332388177866
1.0460143750970978 0.9433929660127389 4838.118238162019 2.9515562880189468e-05 0.12391382092216333
0.9991581324593773 0.940097220279638 4623.518188948789 -0.00010515003172120175 0.11756275396785172
1.0124213582618746 0.9108115230498859 4968.489322471659 -0.0001912169460222986 0.12034108979594615
1.1221737385819748 0.9341779598028123 4636.52552200939 1.2767132181324817e-05 0.11408197259498673
1.0957745506211927 0.9986893408403318 4491.928528913952 0.00010260340562046962 0.11767592013177484
1.0315355641529553 0.9796717181114138 4501.336169445614 0.00041641383741453146 0.11926252485408803
1.0569844702214661 0.8855818100393175 4945.371695165913 -0.00022846197005704989 0.11575316649415383
1.1673807948216517 0.9722534503851229 4969.644716079401 -0.0006520302102237054 0.13106294187313963
1.1252180583550027 0.9468127776092334 4641.272364120897 -0.0008852669071171819 0.139325902114255
1.2237095691061741 0.9423392535914473 4972.31100487274 -0.0005661755948295847 0.811261529987405
0.9656632118206858 0.8452966452834191 4887.400321880733 0.00023578077701940674 0.10486641502967874
1.1660007771285543 0.9712421012884357 4632.455765300708 -0.00025939552711579496 0.117272227536215
1.0402721559991568 0.966772498270812 4989.746245984208 0.0002189667095965062 0.13051390741136845
1.102291773212515 0.9922397937180646 4784.807422119593 -7.710723444623705e-05 0.1217572729213072
1.0670570709278995 0.9368706911598071 4110.89268319762 -0.0007280412360516089 0.12979601773278632
1.0409036826131717 0.9459352560742328 4710.477530860749 3.488362571149692e-05 0.12341710981099037
1.0366897995951396 0.967546632411452 4681.65497163276 -3.5158820581737764e-05 0.12614005753534654
1.0952630882452483 0.9014244650834183 4636.354886637817 1.3449416781851596e-05 0.12749742120697552
1.086207111935134 0.9991359266704595 4805.663207769722 5.558088231606128e-05 0.11710195804146759
1.1611988945092964 0.9024148847015071 4969.28894621592 -0.0010945071070040731 0.1315064888865099
1.0645681006494547 0.889564691202345 4572.676243027166 6.258613560639297e-06 0.12305724135971755
1.0993142527167252 0.9936831296151294 4896.739388349349 -0.0003384844592665802 0.1363106430295048
1.1039513731425201 0.9628706779202352 4922.440152895545 -0.0004326868374971702 0.13401875737358976
1.0453767551681723 0.8997147712872098 4379.9348295655145 0.00034463424100300414 0.12249937499753394
1.2236819708285984 0.9411912560393347 4936.899173461212 -0.0002322745908274727 0.8009972734266213
1.1938813594996829 0.9949651181701419 4874.105152275864 -0.00028103592234815804 0.4043199247390698
1.0756747132792457 0.9971218882706389 4827.946126883403 -0.000277387369440426 0.11632484547068757
1.1720570413041587 0.9771689974415987 4709.365082433002 -0.0005321522990236181 0.13659778439207249
1.0691556367934942 0.9417272525791457 4511.496536374819 -0.0001319128968397688 0.11914732194118602
1.090136130442597 0.9284050896018468 4970.533840042068 0.00025886027288843757 0.12967584071674526
1.003568363395451 0.9825522488205554 4764.407992109776 3.479580251854437e-05 0.11577933873027277
1.092020498437144 0.9490192659369107 4748.61568115981 -0.00016039935488468932 0.13119321910192058
1.0799586578060056 0.9634126897710961 4887.362976495541 -0.0002047239169939459 0.12594108718331434
1.1088753565331873 0.9234364468977396 4509.100857586206 -0.00018684965626642068 0.13134755975273615
0.9891636379256932 0.9103679722264896 4905.693020304977 0.00044922671786920613 0.12770704085173723
1.0113457639108647 0.9100338861104549 4816.073458937817 0.0003073158375393403 0.12873119507205816
1.087326100702024 0.9715182978812156 4669.985211579799 -0.0001793988917644001 0.11780782248626229
1.0640143628751286 0.9818294616919825 4740.825745124745 1.4818712707759364e-05 0.1329802019129155
1.0280764966060394 0.9214054650226181 4463.320790036918 -0.00044958833339017935 0.12206777849868738
1.0633184815938803 0.990777132099427 4889.528753615909 -5.5505828690377595e-05 0.11313198681008838
0.9669125940705521 0.8078537156832252 4948.220373924983 -1.6285581373291872e-05 0.09363637126813669
1.021339839900151 0.9064485433777283 4923.544666812463 8.717373777063557e-05 0.1199337304715419
0.9929341528505375 0.9822824672476322 4918.125346023277 0.00011359817966399033 0.11385020234184147
1.0558189814548 0.9495275348352116 4848.115744248574 4.296409366906412e-05 0.12623017501361403
1.0185926143556712 0.9227572534879989 4954.471498693059 -2.0515483358930927e-05 0.12202044962365247
1.0749417716611749 0.9525610082873341 4980.817270948618 8.90821551990821e-05 0.12904245966230626
1.0269551999758937 0.9343282293074349 4836.8406614624955 9.75623782774997e-05 0.1261747206145745
1.0507160729637983 0.9335344406310078 4889.448954716184 -3.079671167665167e-05 0.13140327503200516
1.0116466856945343 0.9648489382438455 4995.899721088564 0.00031295554217256977 0.1197941242273701
1.145432479248818 0.9576700746635344 4987.828799869853 0.0001916751026117806 0.1252941825392765
1.145432479248818 0.9576700746635344 4987.828799869853 0.0001916751026117806 0.1252941825392765
1.0610802385029656 0.9143033752893247 4951.602892025777 0.0001797299511682144 0.120250719809215
1.0931152611773916 0.9678906803334524 4677.950909245708 0.00027812841212919225 0.12198205206327314
1.0186296593879727 0.9792232589085232 4663.9095264919615 0.00038492139552668317 0.12604778016107282
0.9998754889651745 0.9298078694965022 4687.037017666417 0.0009243975131653857 0.11957656514204007
1.0709226050844622 0.9552906558138868 4743.944866837576 0.0004092894471407112 0.129646203241697
1.06096240669397 0.9503545878399303 4784.708151842077 0.0004888874375005443 0.1300041223801293
1.0799592471584005 0.9849203586532665 4741.981254451325 0.00017263147295953023 0.11584733729435692
1.0542869603028673 0.8624154059949654 4831.259110025719 0.00026803815230510056 0.10972725218617962
1.0126659238458027 0.9455061295999229 4760.5503847457985 0.00017843921376181705 0.12603480110570442
0.9984637421755247 0.8960395302426343 4797.798175084058 0.00036463813061866674 0.115852123644983
1.038739777466346 0.9182660204855576 4849.858322600297 0.00037606472373057526 0.1167252061322176
1.054369143029614 0.945931268831066 4892.481558350326 0.0005399885909447723 0.12124635017158422
1.0815525959535996 0.9285468465551218 4872.037149131038 0.0003392068307204307 0.12523597025853028
1.0815525959535996 0.9285468465551218 4872.037149131038 0.0003392068307204307 0.12523597025853028
1.0688248920136036 0.9604935324854437 4975.319794871749 0.00044951963188284596 0.1254861448927402
0.9829536015888697 0.9243992343826178 4903.007135913328 0.00038480015298562615 0.12622749075265222
0.9948503205453444 0.8630921815069948 4737.099629837695 0.0005180382700259031 0.10774112843951848
1.0064449542751397 0.8613501342025923 4784.76787820021 -0.00031998183746805004 0.11355076024457256
1.068793061924956 0.9434590957786817 4748.48694146179 -0.0001336309975816495 0.12505619539797663
1.0468453943600684 0.9537277442411195 4836.471793404191 -0.00016355369343973032 0.12312666501315286
1.0468453943600684 0.9537277442411195 4836.471793404191 -0.00016355369343973032 0.12312666501315286
1.0318032170363258 0.975245966859024 4918.085753851251 -0.00018599225999604537 0.12970521466882506
1.0873860764956906 0.9589916254407949 4988.751954826805 -0.0007041867717512325 0.1195808033881276
1.088839518249853 0.9034714690071513 4933.931559871326 -0.00013595530154722008 0.12213468693345839
1.058903142492425 0.901020628809465 4803.964463075312 -0.0002763085790573966 0.12731620998988075
1.0758131787527756 0.9205966422031935 4849.685706614095 -0.00012373100825657457 0.11834084736737492
1.0758131787527756 0.9205966422031935 4849.685706614095 -0.00012373100825657457 0.11834084736737492
1.1339965858038907 0.9464455154460941 4872.207328484155 -0.0006135186530246726 0.13947139415279097
1.1366488942515849 0.9718309137940497 4955.982594711603 -0.0005423487952645889 0.1261348067499674
1.1366488942515849 0.9718309137940497 4955.982594711603 -0.0005423487952645889 0.1261348067499674
1.0409709297616954 0.8990719667562173 4975.375614192442 -0.0004053140651448751 0.11893079404382731
1.0905121729501388 0.9402249128321738 4914.511787172535 -0.00047768423766900484 0.12578992713952586
1.0691124543935526 0.9867430036668553 4832.614832624084 -0.00043545092723984826 0.11943489715513167
1.0927711290263689 0.949720066391365 4841.448835505671 -0.00033457726815502576 0.12373160981137804
1.0713298642469151 0.9605309266926186 4925.378720145536 -0.0007293152137048788 0.12993522194668589
1.180492667778366 0.9599368136234181 4806.93596237063 -0.000575415532741462 0.13645044567946313
1.1130541577347772 0.9497569676377224 4937.685931925581 -0.0009160298611012332 0.1446035474220776
1.0853748381666168 0.9915690172419174 4868.498549280377 -0.0008375462716299006 0.13298583222532154
1.1115431224578614 0.9659083175766913 4960.600744748758 -0.0002345526291828561 0.12305833466581353
1.0645875263956408 0.8760881011314551 4994.687312873194 -0.00037337107196808297 0.1238115822412324
1.0630132850291252 0.9856299471388994 4792.237984279571 -0.00026813418899764116 0.12470416067218601
1.0581984797625106 0.9777436007246529 4904.162149239516 -0.00046462661852715467 0.14458232596695858
1.0745909707492456 0.9524578048016095 4848.494964883611 -0.0002166286825261469 0.13064624951210327
1.1074373879658579 0.9118060281304535 4891.906554275142 -0.00021400309615320748 0.1304518623584972
1.1074373879658579 0.9118060281304535 4891.906554275142 -0.00021400309615320748 0.1304518623584972
0.995584998862295 0.8821813203868327 4836.29967550178 0.0002157722250815568 0.11879576264950067
1.044962093081612 0.9449613183884206 4830.009049745342 -0.0006687544634650674 0.13529910324277683
1.28329050195335 0.9539768301803423 4841.002739045104 -0.00026631164103018307 0.9358162260484507
1.2381857073923805 0.959808422921296 4887.6042564694535 -0.00028981572293231223 0.6269303743128475
1.2141148637518338 0.9775025712607723 4927.802906302736 -0.0003902662316216996 0.835771961210618
1.2080057879882602 0.9321861333555178 4484.3997988430665 -0.0007422883788607939 0.7916343837759975
1.2080057879882602 0.9321861333555178 4484.3997988430665 -0.0007422883788607939 0.7916343837759975
1.2548187729823634 0.9768914675206972 4604.984938660958 -0.00034408010365557064 0.7338287720209166
1.2545655380315155 0.9521164798486302 4704.444117208831 -0.00025140641704876035 0.8552662351689974
1.0265420484270742 0.9722264668982521 4420.5262102377155 0.000262237837021581 0.12377564284452622
1.1577714428293016 0.9796853659618616 4385.302046091078 0.0004289280514402294 0.12804641394387292
1.054925319399559 0.9157494197538271 4491.06705234196 0.00045767069629630683 0.12217156807207152
1.0828827686057445 0.9845605068439053 4526.943855086771 0.0005738630930648949 0.12224639136645553
1.095449567847965 0.9908897010524356 4536.128831701904 0.0003329251976645856 0.12068977813065274
1.095449567847965 0.9908897010524356 4536.128831701904 0.0003329251976645856 0.12068977813065274
1.1588305675776558 0.9779915902574764 4300.635468898223 0.0004754169952871273 0.12718846814390283
1.1588305675776558 0.9779915902574764 4300.635468898223 0.0004754169952871273 0.12718846814390283
1.1515151656825533 0.967475131424991 4636.75824933233 2.4214691118553885e-05 0.13183583440315064
1.0951870092815232 0.9443612332013119 4512.912781720775 -6.894268536602922e-05 0.12475990018650701
1.11856912753371 0.9684134163627706 4526.367913900542 -0.00014506913581011581 0.12656085172433118
0.9711701331953787 0.890765159565912 4519.604529379177 -5.0872747040854595e-05 0.11665135919731236
1.0625337245009168 0.9682020196727883 4539.040814994295 -4.513737516647618e-05 0.12782303879625617
1.0911312040530416 0.9874486714928434 4574.25503206018 -6.165890693478569e-05 0.1270994827792257
1.100754638908691 0.9626023130178325 4491.65039687791 -0.00032957954322130657 0.1227443855669137
1.100754638908691 0.9626023130178325 4491.65039687791 -0.00032957954322130657 0.1227443855669137
1.1089034094144568 0.8835239383292985 4709.757903284441 -0.0002828010493407295 0.12576647931659635
1.1228491911326697 0.8980944057398359 4580.696387593137 -0.0005221994805304386 0.1164608542085981
1.0766604468382661 0.9008227454276808 4452.007077428622 -0.0005231095325214918 0.11979018389549348
1.1080824775979852 0.8722321593459869 4468.308264753084 -0.0009208664579055413 0.11770580681351876
1.1249797972525695 0.9285248699519947 4511.558800918082 -0.00113924190990403 0.1259962003468992
1.1491601963883875 0.9256505413056902 4366.140683197001 -0.00040038981836729956 0.13072079174186382
1.1440876261308717 0.9250622320401913 4442.657892575443 -0.0003765282310527941 0.12930261483492575
1.033557596336349 0.9816440850343356 4438.2322015239215 0.0006003192968155554 0.12110836371319367
1.3652332531965705 0.7627687113639466 4936.963222141484 4.4093243894850353e-05 0.5780910686546941
1.4250943094191746 0.766698244458929 4242.847979638216 0.0003092228854945191 0.6570394387410807
1.4197777112755348 0.7559716055430943 4533.727858638213 0.00044068061054988435 0.5536221170468384
1.5421191183523884 0.7420317385106472 4560.176667573058 -8.259403013889423e-05 0.4582262840225519
1.5539979189313047 0.7189389458791309 4434.204303903161 -6.250636584015265e-05 0.2827677915699359
1.4194873111448822 0.7784048427626302 4576.083154918067 0.00030625624157808016 0.8075023406070828
1.4234446822133646 0.768466653567072 4419.731533584029 0.0006527843348311091 0.5998945943743391
1.3889012806022438 0.7488507796681345 4705.642319458517 0.0004578332063956654 0.5041916437763647
1.5840211914941755 0.7692828674589434 4165.737109962795 -0.0004938324437946775 0.5958747713673188
1.3604922927527294 0.7969455495271602 4594.631523270887 -0.00048181422013210233 0.8944942326327745
1.5328407052771955 0.7649954996090793 4955.159274319898 -5.791659547927575e-05 0.6518307220976113
1.385151962538346 0.7444258399645816 4423.10420884006 -3.354417161153528e-05 0.46499505175354294
1.4619742288692406 0.7075042978399566 4766.965989349082 0.00037509365140227685 0.29088904175515323
1.4471282321849441 0.7739116408058164 4202.376610999733 -0.00039313031051127197 0.6952752763231567
1.326703529554345 0.7560759187586765 4912.949409602217 -0.00030815937809539745 0.479106785944568
1.4123998826403281 0.792380628225296 4284.230203765215 0.0005739569582680797 0.9454101556689601
1.3209231833100676 0.7719191188630551 4929.710647419647 -6.0688846505785416e-05 0.7184031331513723
1.5175467341315958 0.7601691553409939 4767.359839532407 0.00026642502324604396 0.5812874915530144
1.4380318125362872 0.7775474537767159 4491.493774395461 0.0003566201401155586 0.7720374013193654
1.5663223802705022 0.7506480290483679 4598.710262915081 -9.636740787192059e-05 0.44436150949950787
1.5319499006254946 0.7943336979623749 4107.180411739462 -9.512355092618079e-05 0.9560125052711477
1.3967545458172905 0.7772643622529506 4714.000169311089 0.000569815145842264 0.6298227340137874
1.3437909620503832 0.7899998297681879 4380.800145935165 -0.00031780724477634847 0.8907672082483236
1.4834545546728906 0.7885588368703819 4827.945996633317 0.00045078774741321435 0.9439663873490013
1.4834545546728906 0.7885588368703819 4827.945996633317 0.00045078774741321435 0.9439663873490013
1.3717463339272449 0.7707307649082413 4935.616321959811 0.00012114598639394685 0.6363214453918142
1.4180649664980782 0.7854036211716384 4807.986505742423 1.5901895389773907e-05 0.7781478664202477
1.4476841894685633 0.6954746875987058 4825.60953245233 0.0003693427283128418 0.24783978137539645
1.474037848130838 0.7852412625080366 4725.646418380135 1.2474867190374185e-05 0.7209040013092515
1.416616852202739 0.7549959771785881 4913.195760824942 0.0001038376374525063 0.5368376931472788
1.3595839526309097 0.7995082686273446 4874.454298546062 -4.838814332621813e-06 0.8908619095737503
1.3595839526309097 0.7995082686273446 4874.454298546062 -4.838814332621813e-06 0.8908619095737503
1.419516630706063 0.7714414269103514 4876.12939027686 0.0004249291031442214 0.6264657227668777
1.419516630706063 0.7714414269103514 4876.12939027686 0.0004249291031442214 0.6264657227668777
1.4366680131804568 0.7879058974098394 4134.881117033984 -0.000177830750201315 0.7738449628124248
1.4366680131804568 0.7879058974098394 4134.881117033984 -0.000177830750201315 0.7738449628124248
1.4109607448001458 0.7758719343916847 4905.742606367879 0.00018033430789954113 0.5972002602816057
1.4068681416643045 0.7758657621621318 4601.819690975161 -7.537103957787709e-05 0.6626013030051728
1.4068681416643045 0.7758657621621318 4601.819690975161 -7.537103957787709e-05 0.6626013030051728
1.4385409181948323 0.7389469845660182 4923.770440405372 -0.0002507692024778016 0.3587983079163941
1.5576761262748864 0.7708217759667667 4597.616913422091 4.396608866816685e-05 0.6254664267391394
1.5576761262748864 0.7708217759667667 4597.616913422091 4.396608866816685e-05 0.6254664267391394
1.4413776795877846 0.7878021142186453 4749.809042249218 4.238132157770342e-05 0.818722919831092
1.5030913985575376 0.7717946063361221 4564.700510760426 0.0001516083074220449 0.6405084186031041
1.5030913985575376 0.7717946063361221 4564.700510760426 0.0001516083074220449 0.6405084186031041
1.336076772605367 0.796751476734954 4484.696815398848 0.0002817153473667434 0.9845074523634225
1.3656769040893768 0.7903843118678526 4819.187614370489 2.8075177473392578e-05 0.9112959568250677
1.3902807170039329 0.77015449719624 4522.540220870611 -0.00045378164188802076 0.5996471152535803
1.3902807170039329 0.77015449719624 4522.540220870611 -0.00045378164188802076 0.5996471152535803
1.4465805757836956 0.7141643538919077 4920.901509883371 0.0003893629518446673 0.3180764545171578
1.3906736521598408 0.795019162505228 4910.29293371688 -0.000156714009348751 0.8888451894931595
1.3906736521598408 0.795019162505228 4910.29293371688 -0.000156714009348751 0.8888451894931595
1.442035950364907 0.7406109504008385 4284.950018668987 4.7157059987086034e-05 0.4127884410349231
1.448147699171761 0.7860299577127589 4387.675163634322 0.000719868320702093 0.7996560279636291
1.448147699171761 0.7860299577127589 4387.675163634322 0.000719868320702093 0.7996560279636291
1.4928655651013458 0.7202432598391705 4862.939703561567 -0.00017790238913755157 0.3206623820990563
1.3459833429196086 0.7805891987167316 4623.293580388495 0.0004333074570772472 0.7678715942725679
1.3459833429196086 0.7805891987167316 4623.293580388495 0.0004333074570772472 0.7678715942725679
1.3499081083966287 0.7936848646166915 4932.41306439686 0.00026870917675512096 0.8682271512195465
1.3499081083966287 0.7936848646166915 4932.41306439686 0.00026870917675512096 0.8682271512195465
1.3896910120615278 0.7634250764776077 4898.267124677864 -0.0002451105766421708 0.5885069858886052
1.3896910120615278 0.7634250764776077 4898.267124677864 -0.0002451105766421708 0.5885069858886052
1.4951435720364281 0.755584950917613 4195.446820928861 0.00011633820580680776 0.4835352601086306
1.4061012261211836 0.7498507678347462 4761.682432869307 -0.00010394735840524335 0.47483284197550046
1.4341882377267665 0.7588854145601371 4441.3462267854975 0.0003370902197399033 0.5214448801291909
1.4341882377267665 0.7588854145601371 4441.3462267854975 0.0003370902197399033 0.5214448801291909
1.5015816241904474 0.7475242860630512 4832.115598599481 0.0008169664066070643 0.4112488089838398
1.5015816241904474 0.7475242860630512 4832.115598599481 0.0008169664066070643 0.4112488089838398
1.372523932141323 0.7687340066560407 4918.006180780778 -5.33609568560555e-05 0.6595126048488845
1.372523932141323 0.7687340066560407 4918.006180780778 -5.33609568560555e-05 0.6595126048488845
1.378276300617245 0.7861853341176462 4829.006881848615 0.00039766660743607125 0.8021993302166506
1.378276300617245 0.7861853341176462 4829.006881848615 0.00039766660743607125 0.8021993302166506
1.4072271650850623 0.7989950978284186 4691.680471021608 0.0007467096895988119 0.9586663766793367
1.4281416107654035 0.7983329195742999 4660.111298390068 0.000742551435580761 0.9720728796159579
1.322249648912813 0.7954904892838369 4670.0948217019595 -7.399175728722599e-05 0.9475972559840115
1.411059292745923 0.7671493963730627 4898.804940967373 -0.0003417698058120281 0.5621974073880623
1.4764952283378667 0.7957465297066606 4984.702763804182 0.00045296086205417335 0.9516237900156291
1.4764952283378667 0.7957465297066606 4984.702763804182 0.00045296086205417335 0.9516237900156291
1.423650689886029 0.7430347028744076 4084.219853574004 0.00011179686338969382 0.40579846722699775
1.423650689886029 0.7430347028744076 4084.219853574004 0.00011179686338969382 0.40579846722699775
1.4536933273376937 0.7872823227364455 4683.368615674938 0.0006352144943337086 0.8331083075655461
1.3675778345074845 0.7838335999962294 4617.652751115137 -0.00098326418840613 0.7765145744399321
1.5170909884389072 0.7505525725793101 4958.136937229517 0.0004503126582537417 0.4902267365455596
1.5170909884389072 0.7505525725793101 4958.136937229517 0.0004503126582537417 0.4902267365455596
1.323791651426445 0.7998179413743791 4556.347323165824 4.265183828197997e-05 0.9822195675073455
1.50774722682453 0.7731277670024127 4899.81089682645 0.000269172640139617 0.6624200054505544
1.3278198296787256 0.7969787333438947 4609.378348125084 -0.00014545679334266307 0.986457290012219
1.379445863680402 0.7781583888593563 4757.590081174487 -0.00015580219777469188 0.681846304209894
1.3475832685337306 0.7791949641532252 4484.22316006734 -0.000857401547895225 0.6682849234558389
1.3853301458595495 0.7957074014034292 4936.803010106744 0.0006120533384116317 0.8647757730305742
1.5244330067070266 0.757725900046689 4943.427361985525 0.00040858484859765653 0.5326762491879237
1.4474951667054388 0.7971609525456229 4707.301207509226 0.00014764642022548188 0.9686808240434663
1.4474951667054388 0.7971609525456229 4707.301207509226 0.00014764642022548188 0.9686808240434663
1.3869467420125843 0.779622503571805 4712.056339284507 -0.00031223859005562654 0.7627029738707958
1.3688503019273304 0.7719313851330143 4541.684978847627 0.00026541400149027373 0.6569451646803988
1.4905013163027563 0.7484892524841208 4832.979483665404 0.0006053525303185496 0.48327348325157404
1.4145700177590537 0.7398182774379835 4761.959353114524 -0.0006060003305839262 0.4043442786393747
1.4145700177590537 0.7398182774379835 4761.959353114524 -0.0006060003305839262 0.4043442786393747
1.4163315651319102 0.7880589324384978 4467.92505139395 0.0003816061454408522 0.8306888035849787
1.4163315651319102 0.7880589324384978 4467.92505139395 0.0003816061454408522 0.8306888035849787
1.4978989548792154 0.7879497146837552 4650.481080563286 0.0006152737968073185 0.8730063983579609
1.3936894089128522 0.7966518474920927 4979.469018555556 0.000269131965404307 0.9688115378604775
1.3954058851667546 0.7730287590360946 4447.3926179439395 -0.00010403390281461816 0.624217039549832
1.4476572029162338 0.7910466649773936 4909.052618289278 0.0005186786852352166 0.8733821816447259
1.5069175751155812 0.7672882366933146 4671.813550002195 0.0007115782043254776 0.5723381047732117
1.4834651037209174 0.7882741169382931 4821.822312816241 0.000679509425044379 0.8407002561732907
1.4265016236971964 0.7391746584431766 4438.628800103079 0.00030265603072190223 0.40317179791646474
1.4095391545688472 0.7980520280870267 4731.4973842919635 0.0004337306351987022 0.9767820063819147
1.44114244359311 0.797007235499163 4919.249491158921 6.167823003741268e-05 0.9667381243918045
1.3532070685383633 0.7836467770210758 4705.114694333874 -0.00022604966289015678 0.7212885694997163
1.3708002825854706 0.7742799592076218 4429.265546962885 8.116069235695186e-05 0.6879926819891503
1.3586907814079274 0.7896628798378522 4788.1076922896345 0.0002019448392617493 0.8543363479973798
1.5077040919337779 0.7760304761384976 4988.067395801875 0.00020739813298138634 0.7189758554142486
1.3595335773421047 0.7872150933578145 4354.688901646363 8.268974492557677e-05 0.821567818762476
1.346930111038137 0.7951035533434961 4932.797086823571 0.00017330666588905063 0.9235090300174157
1.4150429810838958 0.7597559019246666 4420.013411620758 0.00016373536165590596 0.5564498087509688
1.4755924350106178 0.7955756064793211 4815.0447216225975 0.00020470413610796645 0.9444457773219098
1.4131854294070307 0.7927065286497631 4892.852531875224 6.598245989439778e-05 0.9209446969187245
1.4039872461423948 0.796630032630413 4728.836435352987 0.00041402879937395043 0.9677002798025165
1.3758484578946044 0.7728071231149227 4519.122716524959 0.00020372151523269488 0.6819575306423064
1.4822526471536082 0.783394653668202 4605.85122444307 0.001304048089238673 0.7712162482539312
1.3862538986265758 0.7926045897728291 4663.379292173145 0.00011430544106076689 0.8901046758286217
1.4006412714522338 0.7321687646030541 4787.958649771855 -6.389594174923865e-05 0.35236242638428406
1.5227249374680554 0.7944871559185969 4955.845941830057 -0.00024499017864615434 0.9263137072147007
1.450345099377875 0.7723355256428625 4804.555359591966 8.365151314273393e-05 0.667816604293111
1.4809456791281659 0.7880971720343418 4797.901954108713 0.0002427534634587759 0.8049496253958424
1.4472774214680102 0.7846747114187544 4677.738176979138 0.00011341921065803398 0.8208722936039543
1.421992470803515 0.7841467911249732 4896.990064032512 -0.0001233506746054242 0.7948515429935465
1.3944737689156983 0.7394960894004275 4867.354693624744 -0.0002973811715082947 0.3987796463063237
1.4033458820066138 0.7827905519239802 4902.567911849883 0.00012401429810881886 0.7636559244381178
1.4033458820066138 0.7827905519239802 4902.567911849883 0.00012401429810881886 0.7636559244381178
1.3452348923377258 0.7832715459775289 4652.678999551805 3.1289046175829416e-06 0.7438104600443781
1.5327256489237011 0.774781395661891 4803.25022957272 0.00015270621896860126 0.6517276257341681
1.424385311679011 0.770544211481859 4730.737353170152 7.718944739404259e-05 0.6102655801627139
1.4050296810080298 0.7860994554355805 4795.211452204465 9.685948950332415e-05 0.8302232590525614
1.4072460477852808 0.7687574265684587 4817.501887591998 0.000436318459940868 0.5773578391464789
1.4072460477852808 0.7687574265684587 4817.501887591998 0.000436318459940868 0.5773578391464789
1.4242536755556663 0.7903644355306196 4975.364744881703 0.0003168268418908672 0.892448571707876
1.4754862687505939 0.782315431045693 4836.777421206959 0.00027307018550436663 0.7547895707053454
1.405441007562286 0.7931964825333337 4913.978065463779 0.00034294725265587205 0.8957993352252211
1.3273573643397536 0.7867386517466373 4912.554141367393 0.00027989484445372 0.8299628290012103
1.36103454594701 0.7910811069607889 4772.975020515222 0.0004263720167885318 0.884857969751641
1.4295879645560463 0.7936005727512321 4804.615410176616 0.0004592010067785676 0.9275995505956942
1.412007075849722 0.7865370856944414 4889.023647452612 0.00019068387645614283 0.8531717557219438
1.349170449924085 0.7794225903744723 4752.509719403476 0.0003277986948786013 0.7508600381906085
1.5066097290546097 0.7700104865856194 4590.9418145987565 0.0005211706400607527 0.6125398198455108
1.4656709434436461 0.7930262720806988 4997.154530154152 -7.034047453705475e-05 0.9650759293056922
1.511808602183991 0.7900455688836225 4964.445094170021 -5.152923822446806e-06 0.8744782606758023
1.4474434352842307 0.7984992946465334 4901.449003633858 -0.00016124791236108728 0.989457491962143
1.3331221223462313 0.7937132702566301 4764.532890845039 0.0005138358067412172 0.9111366525772284
1.3331221223462313 0.7937132702566301 4764.532890845039 0.0005138358067412172 0.9111366525772284
1.4350602755690858 0.7899860482989273 4949.540329871688 0.0006330262440503386 0.886609195787502
1.4520804040123017 0.7853433786893662 4941.026927545014 0.0004792726157018545 0.8033099074588588
1.397962275000789 0.7909250996771845 4676.566293324627 4.2237780891835795e-05 0.8549832029587859
1.393745117122884 0.7751361009126775 4886.474496413036 0.0001724979852905016 0.6910926977157298
1.548799136009273 0.7783018033740787 4891.468335714676 0.00023461758261629782 0.7356152119495261
1.4427183980151326 0.7743390668252703 4777.755915920129 8.21252376724512e-05 0.661704374906622
1.3449955489224932 0.795313516401909 4740.112998966245 -5.367586213913479e-05 0.9451740059281097
1.3846704259767928 0.7751039159482017 4882.097475744912 0.00019865577663310505 0.6876505208140203
1.4041808463106489 0.7963212615240656 4848.276793863059 0.0002491483155796662 0.9522243183269009
1.430551082351501 0.7951694434124175 4975.053088525876 0.00046192529653275947 0.9700050141632087
