 F
       19748      291279           3        2048
    0.703287975404698229E+00    0.582543397745724079E+01
 T
   2
    0.200000000000000000E+01    0.300000000000000000E+01    0.854003906250000000E+00    0.145996093750000000E+00
   0
   0
 T T     0           0
    0.000000000000000000E+00   -0.100000000000000002+101    0.000000000000000000E+00
 T F     1        1749
    0.141772872546489160E-03    0.390282925949794357E+00    0.558029015709200849E+01
 T F     1         299
    0.370253290173505199E-04   -0.610671659731209293E+00    0.649244038067400897E+01
