 F
       15291      123388           3        2048
    0.201557663769618101E+01    0.516202978520004763E+01
 T
   2
    0.200000000000000000E+01    0.300000000000000000E+01    0.926757812500000000E+00    0.732421875000000000E-01
   0
   0
 T T     0           0
    0.000000000000000000E+00   -0.100000000000000002+101    0.000000000000000000E+00
 T F     1        1898
    0.138676842257500865E-02    0.194884468186830739E+01    0.517541271833653926E+01
 T F     1         150
    0.187641772257135574E-03   -0.724675141944606138E+00    0.496809924156396576E+01
