chirp_mass mass_ratio EOS alpha zeta
1.0054395630815915 0.7766223527565659 4757.149916546852 -0.00040558180058421716 0.4369051210441456
1.22710180230139 0.8833908046564669 4092.0387593967653 0.0006310385391368217 0.707640862622416
1.094422338235828 0.8327676338087526 4732.81271660444 0.000580055148584398 0.5392113117924029
1.1504662192200212 0.8378106518851269 4825.474670013369 -2.0186782678252192e-05 0.6986850626669108
1.1724436785356596 0.8494318000688362 4178.952927213295 -0.00042531954947729994 0.772859126968096
0.9689314084672187 0.7808871251960728 4382.668036966339 0.00038119366458891336 0.4276807757800091
1.1667317491034508 0.8234306361561075 4438.07335593698 -0.0007301074367878712 0.6706762452099331
0.9973324312306479 0.8203584250885412 4890.370812533019 0.000257252909699421 0.45577860602664566
0.9673431511145193 0.7999238430021092 4380.313173183874 0.0006063778920224266 0.438442085091844
1.1048921532830298 0.8317218295129892 4686.246024458698 -0.0005606101735766938 0.6190894082562979
1.0495735179434462 0.8021623973553031 4552.138927724645 -0.0002877941243460275 0.42442802177899325
1.0564674217780445 0.8475165975441044 4390.56613225915 0.00021939021605769457 0.5342411320090357
0.8593641458115089 0.7120121637002625 4788.605985620645 -8.431892174055165e-06 0.33399472509394235
1.0922899431843784 0.8598898605365003 4764.1635951144335 -0.00042652433028480164 0.6372664818437224
0.9513300709040261 0.7431196972694251 4598.721768644453 0.0004274412211220285 0.37448136254595854
0.9095655974759418 0.7526823771889133 4463.222024148267 6.996428188487609e-05 0.3622273586445327
1.102577948909184 0.8508210768323028 4666.387923150056 0.0006496202621827979 0.6561233781040379
0.9914653430428938 0.7701440500713488 4373.79978506457 0.0001461930566955985 0.39032844423119384
1.1189424805326733 0.8543279869445146 4880.132958134177 3.183666940329478e-06 0.6401122483062534
0.9518696295843482 0.7186186262796549 4135.944484195708 0.00016328410518138482 0.3261900480050655
1.0798836456432992 0.8440841690388061 4555.2584973498115 0.0003759303934957282 0.5437918284374418
1.0368929645524285 0.8206591712017095 4035.388464590064 0.00031938010361795457 0.501597728293141
1.053494074427003 0.8029930412889098 4490.981445749485 0.0002068949631913561 0.44503794246792533
1.1861567456568274 0.882232267658609 4832.413098430617 5.074453252238932e-05 0.6946966912280625
1.1886360089623156 0.8831536533800404 4521.334052035914 0.00030053192336601525 0.9554386596723511
0.9901519160538557 0.8051724417489163 4186.92286956135 0.00020115408550303845 0.4732863570113331
1.222343517187116 0.8485686567126878 4203.191133729883 -5.697781428762554e-05 0.861476423248918
1.0969816519890068 0.8510867013281403 4932.4177279049945 -0.00020310204918922434 0.5963503219714335
1.1220191770652561 0.8648195717333349 4265.3535340077 -0.00010839281201658757 0.7486573619290875
1.097069631963338 0.8099200143704897 4083.170718924762 -0.00023636394187499026 0.4506797932405134
0.9406004876021371 0.7754197232309092 4290.168184837292 -0.0003359282739536876 0.39970707501944897
1.0887419013762203 0.8711118724181772 4149.58800527008 0.0004760585160319668 0.5870557073906645
1.1768292157191325 0.8551073376375997 4442.537350750937 -0.0004554763698697876 0.5497963985114966
1.1815937775995584 0.8767995217007406 4947.934117994029 0.0001358817194570779 0.7460276477059291
0.9611595278528376 0.7523401415258099 4978.697723381132 -0.00017597168793390797 0.3527259141864283
1.070026341328018 0.8501564502262144 4288.322688536783 0.00031984712682372253 0.5948608854645392
1.184818491158012 0.8426782263647603 4984.715278097267 -0.0008242964371632594 0.6938997996567904
0.9320424213799992 0.7327685350302667 4718.795133051793 0.0003846832126804167 0.33680135131396755
1.30105473229156 0.8663434867238917 4750.627111041709 -2.9373186591520878e-05 0.8831534111812067
1.009273898713985 0.7888163798770649 4591.58946149446 -0.00017036181088074214 0.4193167274345771
1.2311523057296931 0.8494561746260879 4607.478645817614 -0.0005687166689101464 0.6582566048608731
1.1794494919360208 0.8466571314947857 4141.651954447947 -0.0002616368808015987 0.589413759449108
1.1894671156953245 0.8601108501423211 4384.858167603613 0.00041600674115620245 0.5848205115054151
0.9448470936779333 0.7979457406085492 4489.725505507557 0.0001758718194704593 0.4290286068183169
0.9062510026833192 0.7121583364854924 4136.580729814349 -0.00034661563694007576 0.31618351938664047
1.1669554703516 0.8693185017673226 4540.53936132637 0.00046020810201135394 0.6080958432235084
1.168558460620384 0.8730542116949283 4610.18083882227 0.00019282203400414376 0.9047361023694294
1.1643906051442876 0.8696725862847471 4677.858878748514 0.00043133326203186154 0.5944325607310968
1.224056947108938 0.9003730772740048 4862.435177976599 0.0003480129866304782 0.9663314896354062
1.221639759712877 0.9045221747663383 4324.2335549646 0.00017404361207080333 0.6727782271421924
0.956513990821106 0.782780251999143 4594.800294924127 0.00026958752414926284 0.42187603645759264
1.1057099103927612 0.8413314297795296 4491.836374282837 0.000700437069827348 0.5228748917579651
1.0108718979788844 0.7925543061978572 4779.090940969565 -5.405903746242541e-05 0.4139267202411028
0.9433730314690489 0.7467015212760549 4615.222576330458 0.00022552439901151575 0.36236075913402715
1.0808630903864085 0.8679136488009997 4012.274403637032 0.0006819168457906138 0.5769143442877288
1.0181263310667008 0.8127427475135842 4588.787252659694 -0.0007249616750642325 0.4513672638258309
1.1201191235654413 0.8554154639381732 4972.424719982962 -0.0005745872618422789 0.5919391688294318
1.10935817187897 0.8450740421626328 4340.072011395269 -5.547235253579427e-05 0.8280118595441126
0.9330370684718133 0.7604438308485555 4559.909946614916 0.0003930641357471359 0.38764434201822995
1.0646921943079568 0.844415635279093 4893.99484814418 8.170253625539312e-05 0.5527428752403266
1.0470580716205065 0.8483752182094806 4563.37265635524 6.090802705599437e-05 0.5258009339591729
1.192172947358299 0.880127727663303 4255.4967954501035 -0.00021790420765289156 0.6692901024588587
1.0374866013390478 0.8211449483928644 4286.31624659616 -0.00023365387398834983 0.5052022094500624
1.1751818753569352 0.8686440777116797 4803.823980178638 -5.433182049057109e-05 0.6205441453368004
1.1165380357142154 0.8401482294189563 4852.287092023354 -0.00017787051692538875 0.5540058853350723
1.0973176882889206 0.7905430069722744 4566.880566179972 -0.00036471525810444466 0.43690311917516883
1.1856665936788442 0.8434449681064761 4130.53300201062 -0.00034474605564941617 0.5409849925277961
1.0392208297445786 0.796222511301435 4248.333007567731 -0.00046902141665550965 0.4435017644824127
1.1148684658265304 0.8694243543434734 4068.225361051438 -4.8192471311595446e-05 0.5936685403557533
1.1225310227756364 0.8258162850099575 4813.413321130867 -5.284157114528213e-06 0.5006276267035479
1.1702005041077994 0.8969350166331346 4717.5609706132145 0.000640581311691951 0.605305650434594
0.960838869435405 0.7563041215175905 4782.82894096184 -5.181784414318245e-05 0.38861009241878997
1.0643606856199648 0.8504090178730017 4515.301145794267 0.0005330926361572305 0.6132033647829513
1.123397040742395 0.8400431627430781 4035.019361678094 -0.00035449956072047557 0.5363905297531772
1.1838689884441325 0.8425778930319112 4642.566902347724 -0.0007513132401447601 0.6909175097308786
1.1141888647716762 0.8367865727363799 3965.7117061606377 -0.0003512449767907489 0.512056261040738
1.1217828094461024 0.875929179944983 4898.986959821793 1.5217631721723807e-05 0.6296518003840993
1.3065295780120625 0.8936506625852936 4643.273996442942 -6.630569525478217e-05 0.8024164302118242
1.0780877660229315 0.8171480387041736 4799.238658156857 0.0001566398012162575 0.48025135204372205
1.1592463072391808 0.8564621364836774 4603.716620916016 -3.524818462901365e-05 0.572679822151791
1.152998923914021 0.8373029862251841 4960.151685004364 -0.0003510896035335296 0.5157486626934756
1.1943435258448414 0.8840469668210462 4733.01175621312 1.3939898135549928e-05 0.6608146834271005
0.9822284928800702 0.7671690901613287 4622.1714110469175 0.00038797203652145875 0.4011842472770413
1.0851805838335011 0.8493094286788969 4646.08637329117 -0.00014364631156570681 0.5423688102612804
1.1214989290301607 0.8769968285147293 4772.595791121584 0.0006459090966232512 0.7629137674506394
0.9812781683392204 0.7841723275676966 4197.178933769633 -0.0002262097850357334 0.42319485481254926
1.0964678004017117 0.8680365094764334 4263.110875188464 0.0005032559063944868 0.6801839855288799
1.00025153419833 0.8243186586150555 4886.122494412382 0.0006685675477883402 0.5105518729878482
1.00025153419833 0.8243186586150555 4886.122494412382 0.0006685675477883402 0.5105518729878482
1.0178393603384288 0.8247360385131728 4829.448809340188 0.000309678071380801 0.47350462407993127
1.1648217594719183 0.872358460279384 4052.954472028566 -0.00015066605735343034 0.6413984436021869
1.2322382112653383 0.8941188624604591 4564.5615190667995 0.0001544697132384738 0.8576276127352611
1.2322382112653383 0.8941188624604591 4564.5615190667995 0.0001544697132384738 0.8576276127352611
0.9734085231440635 0.8048981473072615 4904.539124844361 0.00027691267786558336 0.4558047548226146
1.1098500182760054 0.8464472593960861 4706.361009574317 0.0002958236065565403 0.5591519573202816
1.0879331125900877 0.8563216270601629 4284.261172508326 6.862924493559466e-05 0.5449171254278212
0.9432113370005342 0.7391478303203632 4622.461313997394 0.00014123308539643035 0.356724417519116
1.082346064491221 0.8366034259945436 4425.947764810555 0.0002701160980992947 0.5381641660098949
1.1398544548608758 0.8282330617874605 4850.876975410375 -8.306429683744532e-05 0.4812950462881299
1.1398544548608758 0.8282330617874605 4850.876975410375 -8.306429683744532e-05 0.4812950462881299
1.1045904861158276 0.8535148413619932 4683.502062088138 9.386247392584562e-05 0.572422992991559
1.062194971511848 0.8193524482612818 4788.082408710125 -0.0006700808248383708 0.49628589479451857
1.062194971511848 0.8193524482612818 4788.082408710125 -0.0006700808248383708 0.49628589479451857
1.1827423622915116 0.8543792241083308 4352.709134853647 -0.00022220800495593692 0.5783076942974816
1.1144021064079968 0.8204530687136954 4649.854514861602 -0.00038448259572463527 0.48946021436913895
0.9831812564737189 0.8026777280305604 4177.323802734082 -0.0004377553370654683 0.4586944390993308
1.054709553773521 0.8596536730318769 4242.3473026516485 0.0011537310709879896 0.5641488684959065
1.054709553773521 0.8596536730318769 4242.3473026516485 0.0011537310709879896 0.5641488684959065
1.2128649405775582 0.8765600397208276 4144.5298582697 0.00024316057807258537 0.6894908341826651
1.164710254501387 0.844298106968781 4295.197194920571 -0.00022517691137494535 0.6353443162534684
1.2262231884169088 0.8799015558395102 4536.783840598278 5.1345692411794524e-05 0.6961366847588129
1.146043423332541 0.858102354495286 4323.533056980924 -0.000145814738143131 0.5522265671218278
1.19954680389887 0.8803462849375494 4558.075968935568 0.00020168634755229529 0.8118176979068359
1.2527260187248324 0.9111446938015333 4229.5924900068185 0.00012267066209743427 0.6965897717347278
1.0733067079180454 0.7999717737078091 4960.242733641744 -1.477878884572088e-06 0.44710697377176156
1.1968311274041805 0.8737348155440907 4259.308118796668 0.00018213364534552633 0.77423348542013
0.9281753930898692 0.7716415820274312 4489.718252096764 -0.00012971451125113855 0.3900796639473818
1.1951708229537195 0.8722507503388353 4497.315464516038 7.81336646021548e-05 0.8641707015130832
1.1257905913157131 0.8742115746974599 4999.372010728931 -1.0385534101362356e-05 0.6830660404281559
1.1009680676322948 0.8629380337660091 4793.787714126279 0.00023040533462630666 0.5587025285166951
1.1711287825780585 0.8750813568241286 3926.469823965626 4.423599792332293e-05 0.5891404680966237
1.068031005379614 0.8437620731433421 4483.865603058727 4.295190357221255e-05 0.5412861605964167
1.070231020079616 0.8061098347468088 4611.900409201269 -0.0004707402313270741 0.4469058453245083
1.1291197670215143 0.8587376146203958 4269.798434199189 0.0003550627995087941 0.583359493410521
0.9889711006180918 0.8130646247961232 4386.191038652962 5.993563220477169e-05 0.47637693810176673
0.9889711006180918 0.8130646247961232 4386.191038652962 5.993563220477169e-05 0.47637693810176673
1.0888805467982943 0.8418798635483369 4303.882153182287 0.000224084924805753 0.5269196092921006
1.155632541612592 0.8595871778312523 4897.0190217600875 0.00019609075855828333 0.6990008646978153
1.155632541612592 0.8595871778312523 4897.0190217600875 0.00019609075855828333 0.6990008646978153
1.121434892463521 0.8507358909956007 4954.7831830017485 -0.0003094796356486516 0.5780235011541955
1.121434892463521 0.8507358909956007 4954.7831830017485 -0.0003094796356486516 0.5780235011541955
1.0825403902340072 0.8167478022252725 4966.507371510815 -0.00023912081909638184 0.4892206564751381
1.0824511623715554 0.7970498038250677 4751.987016878706 8.470130923932515e-05 0.44509811909615166
1.1515304993632989 0.8629136730972533 4602.690272636696 0.00035639419413006267 0.7351631863006636
1.0633940113459808 0.8566994685989828 4844.965492511686 0.0002091993884028755 0.55176155238823
1.182156669211935 0.9063730398626465 4225.5849614568415 0.0006841973152531277 0.7121395493342222
1.0840276476141497 0.8642125034939994 4676.775197116709 0.0010227654105733268 0.5806956691253293
1.2196046224312806 0.8910767092989436 4385.292415464226 0.0004725166394511096 0.660565494269952
1.2196046224312806 0.8910767092989436 4385.292415464226 0.0004725166394511096 0.660565494269952
1.1334406655630973 0.8704598543333664 4020.1152749737566 0.00027706334699980516 0.5803177823209817
1.155898454040298 0.851574910936568 4539.816047046327 -0.0008312350048214308 0.7017166617152621
1.155898454040298 0.851574910936568 4539.816047046327 -0.0008312350048214308 0.7017166617152621
1.072115492394926 0.8358888293756577 4410.013652027927 -0.0005267276312483295 0.528058817433852
1.2240349371392658 0.8791790763564711 4165.875920495924 2.6895351016816693e-05 0.6361772832338813
1.0663265239470754 0.8084975409600778 4945.872376032456 -0.00015439781984400968 0.4699289211550013
1.1625101703787801 0.8702410630615152 4260.395483007441 0.000271737583574634 0.6973318795953651
1.0703528997426919 0.8100868502597842 4379.56654619305 -0.00019574256065209864 0.45677292385158974
1.1594700430566078 0.8775238603404656 4673.542605248318 0.0003502986083253985 0.9722201073414569
1.1594700430566078 0.8775238603404656 4673.542605248318 0.0003502986083253985 0.9722201073414569
1.2002155229360756 0.8866590859208101 4144.957269534877 0.00016990328732661503 0.6674762624578785
1.2002155229360756 0.8866590859208101 4144.957269534877 0.00016990328732661503 0.6674762624578785
1.0458609511655694 0.8289405393995525 4876.50815767976 8.354925501062967e-05 0.518729489026031
1.1473362641257625 0.8931419468672385 4775.171703241309 0.0005047974331998777 0.6020326885134368
1.0076710303863445 0.8191575566086605 4866.77783115561 -0.00019104424252217885 0.4978845811649876
1.087899591582509 0.8316621761305818 4768.947408013875 -0.0003511244332042854 0.5350681522644353
1.087899591582509 0.8316621761305818 4768.947408013875 -0.0003511244332042854 0.5350681522644353
1.1512558022129027 0.8749295722900551 4753.7526410750625 0.0002755192220989686 0.6121925073612168
1.2048305707561204 0.889899289560387 4169.6484415401455 0.0008724833400923965 0.6705776225074866
1.1507207319585293 0.8802656517029258 4979.234138093511 0.0004563542753729791 0.7101616190449582
1.1507207319585293 0.8802656517029258 4979.234138093511 0.0004563542753729791 0.7101616190449582
1.1617720102239049 0.8505384401444387 4964.249250878627 2.5229252697193735e-05 0.5698877318147164
1.115745660611764 0.8316793405109609 4760.219338250738 -0.0005110136644986136 0.561746359796576
1.2932590992634105 0.8810069900240243 4690.088262717321 -0.00014349121282484885 0.8255759370083442
1.2932590992634105 0.8810069900240243 4690.088262717321 -0.00014349121282484885 0.8255759370083442
1.0366568016252302 0.7884135720054561 4605.0118224306425 -0.00032508982862649726 0.4141486405985578
1.0366568016252302 0.7884135720054561 4605.0118224306425 -0.00032508982862649726 0.4141486405985578
1.1574534762233786 0.8832558874051335 4095.826283527807 0.0002003080087596791 0.602551201541655
1.1574534762233786 0.8832558874051335 4095.826283527807 0.0002003080087596791 0.602551201541655
1.1436913964176216 0.8407860683482598 4599.920128800061 -0.0004009875947957509 0.6095183107281901
1.052892675713125 0.8165909147242514 4396.987760014114 2.858554188170821e-05 0.47320029486170145
1.052892675713125 0.8165909147242514 4396.987760014114 2.858554188170821e-05 0.47320029486170145
1.1054756769076013 0.8281649914069101 4888.115484808353 -0.00031420620580096425 0.5462370474158476
1.1152027117914476 0.8312583104069396 4452.115834433181 -3.85508369973149e-05 0.5481700933009719
1.1383087071444182 0.8360763067949588 4612.878237560914 0.00021364955406069376 0.5058421187848655
0.9927247516265862 0.8016755488717084 4295.880026623195 0.00022418074853170844 0.4443634367339831
1.1402516689853242 0.8826909250529884 4834.515457545852 0.0004771740663200383 0.9762209307960596
1.084478596167846 0.8415838350727674 4524.739103897304 -0.00017435832935743084 0.5360740888410409
1.084478596167846 0.8415838350727674 4524.739103897304 -0.00017435832935743084 0.5360740888410409
1.0991016836171044 0.8515063621907849 4974.20720538899 0.0002766563964891308 0.5630897507370693
1.0991016836171044 0.8515063621907849 4974.20720538899 0.0002766563964891308 0.5630897507370693
0.9680957648962629 0.7792493244048047 4561.56522646339 0.0001484149228947904 0.4148383321868054
1.1390034108961284 0.8614352577268389 3992.549234594141 0.00015296007160426047 0.5721084997796402
1.1211134285122077 0.8542201121532703 4380.6043531983005 -0.00025608965253922375 0.6762551176714914
1.1420211946420942 0.8424068106385828 4699.822048399694 -0.0006050329611358357 0.5922399792499506
1.1706967793033431 0.8389594073196306 4884.404630426489 -0.0005022993106512342 0.6934329060766062
1.1706967793033431 0.8389594073196306 4884.404630426489 -0.0005022993106512342 0.6934329060766062
1.1629504323328725 0.8654729978426101 4502.808363845072 -0.00014346442790766004 0.5901736583851365
1.1487583083985702 0.8478005762842188 4599.550909029801 -0.00018957851329219044 0.6349573926613176
1.1487583083985702 0.8478005762842188 4599.550909029801 -0.00018957851329219044 0.6349573926613176
1.1147959177890752 0.8435259639148706 4429.607185582581 -0.0002560709916261335 0.681853371921681
1.0797782717941602 0.8334975147764199 4770.548364523716 -0.00029019314900346165 0.5363231884809686
1.1005922733231743 0.85874182129392 4760.558493337657 0.00022524393326933226 0.6058197096548483
1.0696354743131073 0.8082707858761479 4220.278633202433 -0.00033520106113120717 0.466831647365524
1.0865266989315614 0.8466608910346731 4533.6015403512365 3.5972584446478695e-05 0.5521552901421368
1.1291425472010868 0.8851328026644639 4989.271435627955 0.0002620130200794181 0.6468926059826745
0.9622654251775601 0.7315581184349533 4891.545404238479 0.0009402129015976577 0.33535069402808104
1.097512326228103 0.8411642645756636 4883.106136123225 3.327184976728317e-05 0.5839648264866435
1.097512326228103 0.8411642645756636 4883.106136123225 3.327184976728317e-05 0.5839648264866435
1.2364216443735094 0.8704208484983893 4674.9690791886005 0.00021463948330101092 0.6559307411036023
1.2364216443735094 0.8704208484983893 4674.9690791886005 0.00021463948330101092 0.6559307411036023
1.1684152564787638 0.8667835510763606 4695.779597736864 8.074762487718761e-05 0.6961261734043258
1.1684152564787638 0.8667835510763606 4695.779597736864 8.074762487718761e-05 0.6961261734043258
1.1300761107508008 0.8826876611171404 4133.461113238096 0.0005040188286797774 0.657448992150345
1.2043938553664444 0.9154503781504805 4195.683096030969 0.0006236883488847652 0.7565915727480739
1.0804426361486912 0.8170810058764967 4169.539678061077 -0.00047418038537129514 0.4851826966263271
1.0804426361486912 0.8170810058764967 4169.539678061077 -0.00047418038537129514 0.4851826966263271
1.2778923208291622 0.8918238675500882 4053.4621893919307 5.78636180520459e-05 0.9903654769961947
1.2748218794785993 0.8891561253896304 4366.066179231817 -2.8695872159751147e-05 0.9078028546519159
1.1802963538740558 0.8591741698178579 4496.943446158171 0.0001800207141668753 0.5624298608195605
1.1693022974892477 0.8676619867409859 4916.090979762796 0.0002181343868696628 0.8751592245451605
1.1693022974892477 0.8676619867409859 4916.090979762796 0.0002181343868696628 0.8751592245451605
1.1121778633468802 0.8246506947715155 4919.211282724105 -0.00048637373079222075 0.5213186832786857
1.0179603554813659 0.778655101193407 4680.576201748784 0.00014490585890836684 0.411891527345596
1.2016846175162528 0.877336806878245 4839.091664280167 0.0003776856766045272 0.9470592243696171
1.2016846175162528 0.877336806878245 4839.091664280167 0.0003776856766045272 0.9470592243696171
1.1958165500596907 0.8496103640304457 4244.6917119562695 -0.0004545485025534138 0.9570876229903228
1.1958165500596907 0.8496103640304457 4244.6917119562695 -0.0004545485025534138 0.9570876229903228
1.1403321455414779 0.88067437019233 4911.878378563857 0.0005425591422067467 0.6164750125961224
1.1403321455414779 0.88067437019233 4911.878378563857 0.0005425591422067467 0.6164750125961224
1.1926483861947168 0.8932304371411534 4639.639621045739 0.0006489356517493018 0.7306145840718219
1.1228064413150647 0.879052055651311 4947.359647062337 0.000533834158510799 0.6257917371054228
1.1070800018188705 0.8635393635479196 4968.358669514167 0.00012903037412945463 0.6150380924691639
1.1070800018188705 0.8635393635479196 4968.358669514167 0.00012903037412945463 0.6150380924691639
1.1473641620750914 0.8535977853691216 4914.78865207405 -0.00016290507556185007 0.5912393068121035
1.1833101905635672 0.8711076589516782 4352.589163971712 0.0004023658595112352 0.6002013677536052
1.1833101905635672 0.8711076589516782 4352.589163971712 0.0004023658595112352 0.6002013677536052
1.1452998048635106 0.8402488554454877 4352.090940286845 0.00019510982692476123 0.5342669470545235
1.1558720279687718 0.8567170136401956 4793.312562468519 -0.00017179726744198968 0.6517549047577839
1.1946729940722793 0.8862535799215316 4802.517692806912 4.117579719617128e-05 0.6018108801481864
1.2613365876994127 0.8963323961212699 4557.822995795516 9.65799427449054e-05 0.793598199591355
1.2613365876994127 0.8963323961212699 4557.822995795516 9.65799427449054e-05 0.793598199591355
1.2108696169973865 0.8735548420773647 4230.8510753594655 5.6803147277346356e-05 0.8232052877071433
1.148793722933494 0.8760436904620749 4975.906505197544 -3.20206004758656e-05 0.616230207247826
1.0775815329452518 0.828086860601788 4748.643985919604 3.444604774367347e-05 0.5102598804527942
1.012789272787702 0.773095425293659 4662.8597165796355 -0.0004979647937473247 0.3964882643664353
1.012789272787702 0.773095425293659 4662.8597165796355 -0.0004979647937473247 0.3964882643664353
1.1219902936584718 0.8602583498142045 4902.92417675561 0.00011737369977280845 0.6583542948196628
1.1219902936584718 0.8602583498142045 4902.92417675561 0.00011737369977280845 0.6583542948196628
1.0449451018501026 0.8088055811160704 4980.9039658938245 0.00030685156866642224 0.4765247359369401
1.093358571758518 0.8381862355041664 4775.296522191055 0.00021636731479983832 0.5130394636822289
1.1963834682496601 0.8745387741574338 4709.710963830309 0.0004177550339751047 0.6315000210569114
1.1468099900039188 0.8689206395605135 4683.064596978019 0.00014375511586446293 0.5906180543305442
1.1468099900039188 0.8689206395605135 4683.064596978019 0.00014375511586446293 0.5906180543305442
1.1760542154548146 0.8715868147228985 4605.0507813237755 -0.0003214727865147076 0.6365110491987196
1.2121990364694328 0.8646262685590151 4955.682207360979 6.665449163638369e-06 0.6940758936542327
1.2121990364694328 0.8646262685590151 4955.682207360979 6.665449163638369e-06 0.6940758936542327
1.1398410663438716 0.8605978382309076 4788.035336305744 0.0003693712043564928 0.8432618760468887
1.1490457895853572 0.8933992810196156 4784.902290973821 0.0007270657984451047 0.6568253065978031
1.1962249804051732 0.870729033507736 4674.871414185012 -0.00012346020031724333 0.6129683126741662
1.190551941846408 0.8574201350029156 4739.352288456264 -0.0004217385372024678 0.6804543057929134
1.2163215785167711 0.8846583002840636 3992.4454432926022 0.00026945382289402274 0.7374668968962408
1.2163215785167711 0.8846583002840636 3992.4454432926022 0.00026945382289402274 0.7374668968962408
1.186260280097843 0.8414288697311032 4937.300163044176 -0.0004414612737177271 0.9115397762316222
1.186260280097843 0.8414288697311032 4937.300163044176 -0.0004414612737177271 0.9115397762316222
1.1637607471025226 0.8401554724054803 4092.4943026803817 -0.00041839814959459653 0.5230805491982513
1.1637607471025226 0.8401554724054803 4092.4943026803817 -0.00041839814959459653 0.5230805491982513
0.9848197926784727 0.7787862092482752 4669.034120596449 0.0003800759336509392 0.4041477715403664
1.2848537344136695 0.9045034934558763 4747.913902548022 -1.8242699118520494e-05 0.8292974039622577
1.1915467401832711 0.8812871075145058 4859.116407354949 5.204633373770147e-05 0.8910003316905406
1.1915467401832711 0.8812871075145058 4859.116407354949 5.204633373770147e-05 0.8910003316905406
1.124494959411977 0.84711926352833 4766.697107716308 -0.00042141728096160364 0.5803385015988967
1.2160950377933344 0.8973883901397383 4150.089145396808 0.0005463756220287669 0.7790270789343697
1.1012938196595656 0.8767659959858894 4591.068990626608 0.001018604117549968 0.6379284939863992
1.2458573494085412 0.8570243768719752 4849.657151908194 -0.0003906851031516371 0.693542635216845
1.1462649800868374 0.8398033147388142 4249.34137837138 -0.0003099509700217926 0.5307739929606718
1.104255947136016 0.8727630440533723 4296.139122539049 0.0006066517637113057 0.6552489524447469
1.0074065666258805 0.7935953258758996 4909.712671412814 1.0648402646957392e-05 0.4319124140019575
1.0074065666258805 0.7935953258758996 4909.712671412814 1.0648402646957392e-05 0.4319124140019575
1.1616148514483076 0.8883326773064741 4665.553819400703 0.0004021520727139956 0.6567914069407601
1.1616148514483076 0.8883326773064741 4665.553819400703 0.0004021520727139956 0.6567914069407601
1.15262324523174 0.8808032957770354 4819.017983746537 0.0004126875209374858 0.8025719791063526
1.0351132303839816 0.7873378307338075 4938.595176056438 1.1802446149756863e-05 0.4310676679131213
1.1006953743309347 0.8431416336737179 4882.6905411731495 -0.0003870701512374072 0.5664461272446983
1.1006953743309347 0.8431416336737179 4882.6905411731495 -0.0003870701512374072 0.5664461272446983
1.149885319655711 0.8818607284968043 4953.7931083528 0.00022971384473869977 0.6175260760360903
1.149885319655711 0.8818607284968043 4953.7931083528 0.00022971384473869977 0.6175260760360903
1.057057231026791 0.8489355804897328 4678.631108196193 -3.8013263766560504e-05 0.5446208529248432
1.1789666645417023 0.8655414042245481 4160.39761029681 -0.00026836212946556405 0.5693380407848104
1.1789666645417023 0.8655414042245481 4160.39761029681 -0.00026836212946556405 0.5693380407848104
1.131876680018099 0.8421790446069657 4185.915038094383 -0.0005060330015580454 0.5971086481130992
1.104029333653625 0.8481966334286783 4459.72899455831 -0.00041158638629337806 0.5392289280658732
1.0159364536949926 0.8233125825536607 4893.542544952741 0.0006719799045404922 0.48442042430300836
1.0159364536949926 0.8233125825536607 4893.542544952741 0.0006719799045404922 0.48442042430300836
1.0794997499744632 0.8311213347785105 4379.151580720139 0.00039954224531731157 0.5103150943566421
1.0794997499744632 0.8311213347785105 4379.151580720139 0.00039954224531731157 0.5103150943566421
1.1552502043632709 0.9078605037231812 4777.703321026995 0.0007099257083366623 0.739455169959601
1.146362016979427 0.8690499944197857 4779.132820266636 -0.00014429521184704822 0.5917955795946441
1.146362016979427 0.8690499944197857 4779.132820266636 -0.00014429521184704822 0.5917955795946441
0.9852974207179023 0.7835990138134344 4561.558327122354 -0.00037387428586291885 0.4135383411642466
0.9852974207179023 0.7835990138134344 4561.558327122354 -0.00037387428586291885 0.4135383411642466
1.1588866696827085 0.8948180826765875 4261.643798212183 0.0008253005038047317 0.6399940895678087
1.111674421509639 0.850167558026948 4598.066244864993 0.00031741919425268245 0.5442556336653054
1.1609244322741135 0.8653297641038005 4252.158866248697 -0.00013262196610288105 0.6416631405607405
0.967764657477375 0.7608995943881078 4978.1258892444785 0.00017901253247775217 0.37631489699909487
1.0861475107322134 0.8590900688463251 4827.851974374386 0.0006193175666831092 0.5462434773244993
1.149119572004703 0.86426308435553 4849.712790507352 -0.0002535597108784404 0.5681621936573846
1.2089428726984233 0.881075095493711 4850.363044432812 0.000408234103215514 0.6151821168376805
1.2089428726984233 0.881075095493711 4850.363044432812 0.000408234103215514 0.6151821168376805
1.2094427553166855 0.8690466451601003 4773.961664308835 3.243338070936329e-05 0.6127295228534215
1.1614885826478165 0.890905492602821 4046.6563452803193 0.00043172412644102814 0.63116994826648
1.138624944539754 0.8517330222039591 4934.63705678621 9.481920272094939e-05 0.6434653931694303
1.138624944539754 0.8517330222039591 4934.63705678621 9.481920272094939e-05 0.6434653931694303
1.2164233052429823 0.8868345743240275 4169.887333980449 0.0006696343081939597 0.7060216789053066
1.224042576096611 0.856022949339822 4953.635285308313 -0.0005227323739761652 0.9096379522813098
1.0473005287785107 0.8060792697759525 4914.454582737063 5.477370512392865e-05 0.45048388552285923
1.2162237853777738 0.868049997509668 4210.081920519174 2.849626878822861e-05 0.6817418114242684
1.2162237853777738 0.868049997509668 4210.081920519174 2.849626878822861e-05 0.6817418114242684
1.1739424484322534 0.8684499339062584 4295.368276378527 0.0003092323316782735 0.7216644694978027
1.1589961986673274 0.8556198996212784 4674.223923312657 0.00022329753949666667 0.5567587479518566
1.1589961986673274 0.8556198996212784 4674.223923312657 0.00022329753949666667 0.5567587479518566
1.175510799614515 0.8773093726539939 4775.850413745379 0.00027466833300284437 0.6167276517940457
1.1670201212506606 0.8787758739022737 4975.03441915379 0.00019621939045700958 0.6872021816842577
1.2198300724456321 0.8668191857652734 4841.765638974325 0.0001453449757960436 0.8129372630172504
1.0782161743825625 0.8712059101982313 4790.045366482452 0.0007886260285097791 0.5673605923347422
1.1235227478212728 0.8622223973135181 4220.720524608307 0.0004047688262385932 0.5910968855272969
1.1235227478212728 0.8622223973135181 4220.720524608307 0.0004047688262385932 0.5910968855272969
1.1088992027647504 0.8626526687134943 4781.582443788232 7.058493990710146e-05 0.6215713520233563
1.224013551189243 0.8664200445247306 4555.203548027516 -0.0001724493140468781 0.8443462194446426
1.2697396367896188 0.8773215275423509 4113.166676118964 -0.0002411933813170301 0.6764516706440489
1.1125537479561036 0.8113975208857287 4747.091287176153 -0.0003059120067240543 0.463765412610526
1.2079444596774804 0.8919933400527386 4637.51583064843 0.00043475205050222263 0.6853980936109718
1.3028897755518642 0.8808163220111496 4537.096965247989 -0.0001460067689511082 0.9587002180453029
1.0985041778976135 0.8451806790831333 4766.481622684669 -0.0002377829930134984 0.5471726798937175
1.1874727879824798 0.8580667147175026 4944.7141858708455 -4.8692360501753294e-05 0.7056007777268706
1.1874727879824798 0.8580667147175026 4944.7141858708455 -4.8692360501753294e-05 0.7056007777268706
1.178214858409803 0.8680214621849323 4907.301955554257 0.00019039095840660446 0.7449975801993157
1.178214858409803 0.8680214621849323 4907.301955554257 0.00019039095840660446 0.7449975801993157
1.0087946687800555 0.825301242111217 4788.9874105909375 0.00011661426860419213 0.4952360136999654
1.2121208998551198 0.8916401356154776 4668.983695753052 0.0003583422956276147 0.8180589418459465
1.0207708471892203 0.7867275240484674 4491.684949415166 0.00035182334674708517 0.41607768260600014
1.1629908310270556 0.8688467492634219 4793.915967688476 8.211418071376597e-05 0.7405567469763474
1.1367728321743042 0.8422025573713513 4776.796621705451 -0.00025796615388758756 0.5212324450254286
1.1706074131004265 0.8723795921751327 4259.635732045789 -7.15130496885784e-05 0.65714429294029
1.1478475021494599 0.8828797862561464 4448.10926554747 0.0004630137623674284 0.7343013799588345
1.0124546066656301 0.8405923363410701 4768.2825839154 0.0006681141228015472 0.5188610870121476
1.0124546066656301 0.8405923363410701 4768.2825839154 0.0006681141228015472 0.5188610870121476
1.047020030106931 0.8299939652151063 4796.841213205346 -6.656628376422823e-05 0.4989764581806902
1.149376076107477 0.8599530446480652 4817.1157353407525 0.0002416310181358104 0.720257981459529
1.2115892859019188 0.898006239130802 4659.865886519481 0.0007120607173631694 0.6315374439778778
1.2115892859019188 0.898006239130802 4659.865886519481 0.0007120607173631694 0.6315374439778778
1.081512847531935 0.807139775030841 4862.399417269869 -0.0007206124884726251 0.4538938347851026
1.1404053280659117 0.8539101485388912 4882.65906868108 0.00021768169605605663 0.6461402666407877
1.1404053280659117 0.8539101485388912 4882.65906868108 0.00021768169605605663 0.6461402666407877
1.1488412379144903 0.8385042049100596 4164.947995152448 -0.0003578603514771817 0.5198823909374478
1.175111181594798 0.8892834716457043 4201.970663481151 0.0008567217926474661 0.5909645100776244
1.1371850002231296 0.8555101011044253 4671.382176072247 -0.00013245650123591663 0.5728018320745913
1.221107814518948 0.8752040088748004 4211.343936212059 -0.00013269187163104874 0.9274464525671986
1.065830677138464 0.8375376926999438 4823.621872276213 -0.0005078554503324252 0.5565735187751111
1.2645641771247678 0.905878639175335 4208.4450810999615 0.0004610104794757556 0.7515567091417125
1.1130660385443136 0.844598273361449 4837.1648874158955 -0.00010107904327601968 0.5768981153013327
1.1549442445629527 0.8718381956909027 4947.602260511129 4.2867303137605385e-05 0.6428984582569915
1.1992394629102205 0.8809511344973731 4442.317646722376 0.00040374028657259197 0.5938011922608856
1.1752923427516546 0.8798341764260085 4803.458792671563 0.00048011490583680305 0.6289218343319058
1.1656003869663336 0.8729751799498163 4779.56588081815 -2.7410904091647826e-05 0.6283403608745954
1.1656003869663336 0.8729751799498163 4779.56588081815 -2.7410904091647826e-05 0.6283403608745954
1.2074253859058581 0.8682550075457394 4253.271291204709 -1.0266726437099942e-05 0.729145874664724
1.1844822415234812 0.8621843635839406 4982.9885066066945 -0.00012301432270327443 0.6349096412922733
1.2046783351947659 0.9069776889631694 4039.3249295299593 0.001168770548957545 0.6502743263207813
1.2713732986607074 0.872545392963329 4895.543364116588 -0.0004947735394150784 0.8879633319465579
1.1631192174164204 0.8574032281279936 4838.720581292385 -0.00045379674450451724 0.5962545985415848
1.1995729231207213 0.8657666025574354 4143.983274891634 -0.00011259690309249162 0.7394127006858185
1.0996334886421264 0.812970140663049 4580.553684512308 0.0002798335763689547 0.46249976649892843
1.048485204173844 0.7972309838158517 4802.426970710186 -0.0003819163347255819 0.44349389492204594
1.1804526366563453 0.9100900432565434 4683.0523076796235 0.0007575391797982251 0.7325604451963973
1.158196036678911 0.878434432709388 4971.397160768775 0.000442659654272038 0.6914906702260595
1.2454056335998027 0.8752849526765205 4221.23614471761 -9.35344738694494e-05 0.719755507433266
1.1531619558623871 0.8428484270228168 4992.698749316036 -0.0005162072449067016 0.6121744570984828
1.1531619558623871 0.8428484270228168 4992.698749316036 -0.0005162072449067016 0.6121744570984828
1.1300231876485782 0.8378162579429708 4569.836212839773 -0.0007489654786250664 0.5313555442383157
1.1710397452390913 0.8768555267546029 4404.472672081072 0.000549918083408201 0.6552398978472367
1.1729857118987443 0.854430640839358 4819.429295338879 -0.00014807668466576204 0.8916618159464871
1.0191814296992117 0.8016700521482086 4767.735032695267 8.681580868993998e-05 0.4467685232908189
1.1652139441370353 0.8737526197673924 4850.149498562249 0.0007661739742086508 0.5619060251293778
1.2259028793354063 0.8800769009210712 4930.022240830166 0.00035075952311181376 0.7167234098911092
1.0802838655543436 0.8554337076165061 4427.31781439712 0.0008825021226976001 0.5413555278790468
1.100779640316094 0.8367784107334871 4840.856333404767 0.00031226424684833065 0.5178218181705598
1.127824808287882 0.8539266504800829 4914.276385255974 7.087294239537297e-05 0.5685933537889143
1.0321243483576246 0.83468555587597 4645.370331440567 0.00037686974852055907 0.5134962054728989
1.2595463892974583 0.9039840456902943 4065.9380505347544 0.00017138897372432244 0.871030840237926
1.1384175104092005 0.8460567123066463 4826.96322152504 -0.000581357921249539 0.5394707676497985
1.172915920363916 0.8400602284847715 4636.2903833399305 -0.000244159489020344 0.5461703648269975
1.2147618451983568 0.8813857537839253 4589.806581131602 0.00031849893701535703 0.6067688598950064
1.1487029938192157 0.8563855338189263 4641.872955116433 -0.00010801959768381405 0.6005884159720282
1.1382605092294085 0.8636327943171165 4888.357649880004 0.00031431281749463467 0.703824312734036
1.2096845485211825 0.8942790949655106 4415.473982242925 0.0006556082959298765 0.6617629942056747
1.2066104305536207 0.9088979322936923 4943.94502334806 0.0005814161417738491 0.7772031129965307
1.136222627102487 0.8562989267095963 4748.664602405907 0.0003121202958303096 0.6566647421548084
1.136222627102487 0.8562989267095963 4748.664602405907 0.0003121202958303096 0.6566647421548084
1.1412405477432144 0.8634857853059972 4699.0400063099105 0.00037273999954258983 0.6511060654567321
1.1978744222503355 0.876331032091827 4938.060584884638 -2.1769830855632342e-05 0.8529204652301112
1.0635674095388605 0.8542917382239167 4453.6385761757965 0.00012723685215562991 0.5520680854811817
1.0749926902717044 0.8677099098462356 4760.285478256719 0.00036204602923554707 0.5668575523259896
1.2026628088840847 0.8846211073215876 4957.127984033559 0.0004392551223892418 0.7702997993521487
1.1459515979888 0.8707528968427759 4777.416482579366 0.00018973365308295415 0.6616380104140225
1.0570614705522483 0.8011557917364701 4428.811290756611 0.00011827815748704998 0.4500251996091383
0.9999489505730528 0.8272604700443222 4787.377770126421 0.0003354300608613512 0.491508934270154
1.2522613044424102 0.8944601276675901 4130.292493673752 0.000190072423924265 0.6662753104068904
1.161677839757004 0.9106398797063744 4905.426512086392 0.000986689531746951 0.7902737442869947
1.1196337368300435 0.822834541236123 4891.380531971641 -0.0004434328187157879 0.4809501472520106
1.1889451696773077 0.8751311613841759 4303.373227639695 -0.00010989785595930018 0.8607793438677935
1.2032002348417623 0.8824582137302293 4775.57796260422 7.962872434811151e-05 0.7009404973981068
1.2224759242409804 0.8917799169362324 4181.33410752615 0.0005882378577599092 0.8240114687620581
1.0611924269132427 0.8561139257003855 4778.908939374965 0.000764167807038784 0.5563138668189166
1.1459937681996795 0.8442530552041 4815.394324329265 -0.00013332862092168985 0.5372042376279799
1.0843293579993005 0.8556608302108564 4704.260977304018 0.00013368572851932522 0.5432029284801824
1.1821115704652227 0.8757769119270078 4871.557930964697 0.0003319601406181281 0.6614367605631412
1.1055189394626577 0.8540515397532664 4536.859656628961 0.00045423612972819065 0.5381628756283087
1.169707055716506 0.8855554346865319 4980.593880050759 0.0003899604296119628 0.7886719530502418
1.146419867054846 0.8878638261948589 4730.425059478233 0.00048227463925607 0.6993035337281096
1.1343885776226474 0.8846046474625443 4874.293552376757 0.0005034387911995737 0.6808509389081977
1.0227658109226987 0.8049763411600533 4832.347043315711 0.00021076636661667005 0.45926926887918107
1.2166276139902994 0.8760420485962416 4083.9364981854783 0.00016097281877882827 0.6127669795312733
1.1613431844199258 0.8733803012671449 4303.8584617822735 0.0004179192309203638 0.7026949300863794
1.107806137655786 0.8312700519453657 4737.773441678034 -0.00047849091988418833 0.5072227191531292
1.1185334017175084 0.8644379209928069 4169.6114553761945 0.0005060178226127286 0.5642145994025839
1.1313406493026743 0.8657011054858632 4732.100796934115 0.00017870966811832503 0.6072677908611823
1.0921080322388637 0.8464425131920078 4827.335213996511 0.00034055901716603123 0.5360928140223908
1.1916713396466043 0.8705733346991162 4210.723127883858 -1.714754351910041e-06 0.6244740080848044
1.1353009206257036 0.8455667015189355 4526.646250364615 -7.941041976397453e-05 0.538813332925801
1.0867519724682957 0.8539927893921967 4932.774932816741 2.5942711274000435e-05 0.5662934545321655
1.0946639961753541 0.8270179734829761 4960.416900784254 0.0002265993315405708 0.5019215443266409
1.177568177725349 0.8688406626140166 4891.848934636063 -1.2959058420138534e-05 0.6399706093721604
1.1476159565833834 0.8798035903879338 4933.405015109098 0.0006144048492703046 0.5830242009227967
1.1341906860146274 0.8838143211462124 4948.142745363939 0.0005545145372059888 0.6986242757828522
1.136512118598285 0.8404661437417261 4964.385286270989 -0.00024560733955023906 0.5389805095672993
1.2364831386033885 0.9010789490498391 4840.116799105334 0.0005102093693468516 0.8815064139139303
1.1391999848332988 0.8775913612445739 4983.667226469 0.0006541294842227625 0.6042444002652844
1.109943356514249 0.8303358961803169 4865.905303789865 0.00010036470969472153 0.507838326283267
1.1204619023069167 0.8612300797910105 4737.912460515097 0.0005759708155599121 0.5915219909314711
1.0095365160060137 0.8211408211413308 4882.844741162962 8.318435502933493e-05 0.484094738185765
1.1264250091541124 0.8787763493258322 4927.962805356633 0.0003219941825843775 0.6784127084892955
1.1181564004028708 0.8422107785784686 4805.000490797139 2.888039717126902e-05 0.5508696559189091
1.2190886013862685 0.8897316196724593 4794.263159639359 0.00021842669834923708 0.8843728020345141
1.059225094094792 0.8385366391324124 4974.339093092025 -0.00011030960083849775 0.5268972641873991
1.182498502751656 0.8806581195077364 4796.634427472426 0.0005495093958479115 0.7255158912729068
1.1550772587890998 0.8579162590995322 4792.97955258824 3.0426543933353457e-05 0.7554985411446911
1.1733929186788288 0.8502876519657245 4869.668819159762 -1.3635282755790792e-05 0.5625425432711387
1.2203539340824912 0.8738637617332677 4835.198095419866 0.0001421200415999212 0.8003769549559399
1.2475949970369815 0.8873186198320117 4120.281509990537 0.0002740495775688124 0.7257226821145077
1.148354651364558 0.8603987595051807 4741.76110302513 0.0004108900189986704 0.5762924578221025
1.1705590722681478 0.8757218810978481 4961.103993551578 0.0002243937010157283 0.8792484442708737
1.2327207703766536 0.8746223137732748 4371.270700802223 0.0001810316580706724 0.7399038581434806
1.1794591358892386 0.8691376035172393 4300.354878863508 0.0003677662493948508 0.5676891241079369
1.1809011309620234 0.8580229829638442 4719.6470948250235 -0.00010731324427611018 0.563550402948874
1.0327377321124358 0.8180108424296743 4887.997478769839 2.5373601027388143e-05 0.4820007287826923
1.1722856792558742 0.8648578104189723 4796.841418808634 7.937222458247866e-06 0.6654084660138938
1.0947975809715247 0.8488129065887366 4808.494166528785 3.923032607484913e-05 0.6028798037950279
1.0737587635665338 0.8366160455595683 4920.044801003884 0.00024507597023365365 0.5249168382657323
1.1421861321122764 0.8558268491756692 4704.756602696489 -0.00038189767141405274 0.5924025476640618
1.0414573216038048 0.8218578892230022 4816.954534938057 -0.00015032322989124117 0.4886864771645293
1.2103873573231096 0.85129183268133 4910.022641155145 -0.0003005564094125046 0.8931326277333599
1.1192696592891658 0.8464010334836548 4779.749766697303 -0.00023940732040216296 0.5401681175874574
1.1523120871150299 0.873994438250933 4988.122352776268 5.9457863150153027e-05 0.6391195885554103
1.0982470954212387 0.8673376108108839 4932.984107630004 0.00037901374713074685 0.6048732171917892
1.1534863370545105 0.8513895023786116 4730.600987887156 -0.0002909158203069073 0.6442079778227522
1.079640205984767 0.8427350064893169 4836.413951969799 0.00024307105646633321 0.5361429179877184
1.123807855788998 0.8511210720276833 4644.61777976788 -0.00022971284554741174 0.6067276839729534
1.1685056329784922 0.8657401643951802 4691.522727162082 9.793974638656628e-05 0.726432002968525
1.063792521665132 0.8257249514577779 4992.825922012762 0.0005182986510039984 0.48830043760545533
1.1641810199341556 0.8736824323329709 4947.685870090753 8.817145346510328e-05 0.704914363032748
1.1182403867455055 0.8527341873531932 4925.395553636018 6.1012974131654665e-05 0.6071549888899939
1.174360829985074 0.8768718963149239 4779.101196646893 0.00043813049343232935 0.6697668746043324
1.1641547965598444 0.8840778710444603 4449.691393134425 0.0005948512777125505 0.6670659157515828
1.1778832995892647 0.8541859194722775 4970.512512461191 -0.0003921838069076669 0.6553613708666814
1.1352019999382 0.857186493692747 4923.786669808265 0.00011248741274625538 0.6453918829470331
1.0871849426216211 0.8487810388182814 4939.381334197447 0.00026148529323777276 0.5345239769824248
1.148559690866898 0.8914612131191681 4976.115482109795 0.0007279156010623048 0.723148915578854
1.1213307622619435 0.8600827388411099 4937.518462914548 0.0002554286350673571 0.6389553539806272
1.1247331950918888 0.8790467046381202 4986.7846289515965 0.0007190630977910487 0.6560380859041661
1.0884994152076466 0.8613494396043686 4973.793002818958 0.000619081624250037 0.5755571182075613
1.1555846907940721 0.8688486775567692 4470.992688735764 0.0002510978014941332 0.5871234638460352
1.1714965599978087 0.8449834479379336 4861.836515741122 -0.00022546678463148255 0.9875215333739712
1.175171383267456 0.8720358596953132 4910.43004193828 -3.598537262665164e-05 0.7173424152636201
0.9841865838817171 0.8005732009650581 4882.111226609761 6.258988914510327e-05 0.4425280953821597
1.0450672560960776 0.8019292349136385 4674.915167397181 0.0005546269478028048 0.44643354583278505
1.0507695036700448 0.8295569567185711 4899.731282773109 0.0008426384691130645 0.5005905094806613
1.2048719582270138 0.8765519268907245 4815.195098562779 0.00039977892014140615 0.7097542413734044
1.1536895577565351 0.8866101932461913 4888.217926003696 0.00047445317426316846 0.8312127868373105
1.0877981677700315 0.8645940013777127 4456.131209831651 0.0005277683432753145 0.63520041631533
1.0511357458015773 0.8291663978050023 4910.683551582327 0.00032728885558646405 0.4938558152046577
1.1953061474797888 0.8932907687349294 4379.107475292215 0.0005111119903676154 0.6375942556482055
1.1951066560069858 0.8704671209432284 4964.806708959598 -9.738825516387576e-05 0.6576133140819688
1.0857304725659618 0.8427305453274105 4795.1268020701 -0.0001561491277349778 0.5521341907209766
1.0893827156169844 0.8329058715396541 4739.979994460195 -0.0002473549957583366 0.5026423828715826
1.1488178944183132 0.8594544152645514 4962.731429130587 0.00017316713950021022 0.6440772383192884
1.2022972625967419 0.8799656489530707 4998.585952251354 0.0002341043428681954 0.8998661101903067
1.2020586252752328 0.8702501254910121 4943.516961085462 -4.27886401019616e-05 0.6796139910721438
1.1682788296803202 0.9076923004951378 4853.456644728055 0.0010825472832504289 0.632582391823798
1.1882483902677663 0.8812668634836982 4782.013679110325 0.00035343881745181617 0.877427268555387
1.167685133699176 0.8659523008794557 4865.255712514528 0.0001834030352726199 0.590556022867885
1.0952831606252202 0.8341967140177631 4997.586756106952 0.00040587126376082365 0.5104187472547895
1.2249310771655815 0.885408393778108 4056.7589240844354 0.00015593672380202254 0.6488743379896436
1.1210877924046276 0.8498337722685684 4618.278489155713 -0.00015049475998307122 0.5439122491989805
1.1266882741384225 0.8831134947250832 4986.223728617463 0.0007443631866435174 0.6728377483955031
1.1418026264806578 0.8603615332652759 4782.661587458206 0.00014225132892892346 0.6128740576570568
1.1364211276476857 0.8506010149960117 4933.456078186822 -9.011199132225929e-06 0.5406822220360465
1.1540652225586507 0.8753597360378524 4947.610961678572 0.0005192076437534878 0.6740015529086714
1.1514247562492292 0.8738440855232967 4920.872606265806 9.641842305333756e-05 0.719950908759087
1.1235860593006401 0.8542415187691181 4573.740146833284 -0.00011610136684311368 0.6216113844358117
1.1595109403351964 0.87217622999954 4896.752706475285 0.00015254456069033792 0.7713289449703128
1.1024466597607694 0.8492366436344817 4910.2315040395615 8.001479075227378e-05 0.5430727129531354
1.103513841602935 0.829847264312485 4821.906819823827 -0.00015254504360107078 0.4993350174086528
1.1681935023060235 0.8842672924393636 4259.689138055336 0.00044987855325058013 0.6616428608743277
1.1425266042772404 0.8561457777783079 4948.480750411511 -0.00028537618958845735 0.6902089989654205
1.2229725213795954 0.8794890113504431 4814.20703049535 0.0002686038453428678 0.7091279608268566
1.2126160743860348 0.8883479011381604 4933.963997589918 0.0003603979746867854 0.6962145794888931
1.14288651273635 0.8722303514782328 4976.55513099959 0.0005075227369147169 0.6734403807853528
1.1986989437449405 0.8871710151819692 4835.108243022253 0.0005245214684162148 0.7231323281986378
1.1046028850653982 0.8741810098636782 4883.618289705712 0.0005195896689169524 0.6672192312145935
1.1246475788162624 0.8586184450444212 4859.163442190714 -3.040481661971271e-06 0.5899265357755301
1.1198584489433847 0.8452091448863045 4952.586019176036 -0.0002881222106968668 0.6301747981326926
1.1462798023332947 0.857717203414485 4954.035275587015 -0.0002704746275830046 0.6859466750481505
1.0338499983250318 0.8411883875563115 4764.65703120211 0.000219906537404168 0.5329456597892178
1.1554885339172654 0.8796632727367157 4859.353587836597 0.0006144457214626111 0.6964787666507026
1.1436950061526334 0.8511797987709608 4999.403745407932 -0.00023009828766995858 0.6893419597139897
1.1605804836213969 0.8849252517179039 4743.722121020321 0.0005191100796554102 0.6860358778764647
1.0807643934432654 0.8284755696443207 4911.426532466533 0.000540466332819658 0.5016735126102829
1.1841753187703736 0.8967567494659324 4835.068718959957 0.0008259620928767602 0.6884126935872175
1.0998346234456442 0.846677949548305 4997.56624768799 0.0005050163229453494 0.5360103873992825
1.194483942207999 0.887545118292477 4872.559342638581 0.00032312435386355504 0.7252372349219658
1.136003580656737 0.8620905349909905 4310.503062248653 0.0002100247843298332 0.7044776652077087
1.1656243657971874 0.8394833840680761 4140.137558645182 -0.0005111131577068685 0.5302023490520089
1.3358615010052741 0.8964628251747623 4153.622845073073 3.4327372019565786e-05 0.9531443000707325
1.184762306520864 0.8902994626899907 4938.060138121836 0.0006346514395076419 0.8103119496863981
1.1670922433421858 0.8910397250882374 4980.914177148964 0.0006801948822734855 0.814559927880177
1.1802911608046047 0.8832002929621661 4955.095223686072 0.0005835523369383471 0.6366666625071227
1.1802911608046047 0.8832002929621661 4955.095223686072 0.0005835523369383471 0.6366666625071227
1.1463847289312068 0.8841793231222839 4989.3286033742315 0.000675745424107355 0.7220866477248551
1.231163404028716 0.894145897445003 4849.205549736966 0.0005340782909207272 0.7328811987147168
1.2355665666029123 0.8986119380951519 4895.957862063594 0.00041936452818673695 0.7291560220432124
1.1636207760980928 0.8818980986849966 4980.753389678732 0.0004807830204621628 0.7641110053152178
1.1551911965327437 0.8838974171414989 4936.565926204756 0.000797429875565229 0.7993642306914951
1.1909217271148078 0.8909929637018743 4951.193070285175 0.0007629520791875264 0.7908496850692415
1.127512528260112 0.8830032257261815 4923.671635770662 0.0007796082998324861 0.6873266653141522
1.1632473181299834 0.8921017222755927 4805.123399418642 0.0009352306833243928 0.6902101440973266
1.1308501224263312 0.8878581020771508 4817.861955973637 0.0009054236882252275 0.6930362439758078
1.1737057613865796 0.8935927536637851 4805.415614529047 0.0005731855076828174 0.7270859898498181
1.1914359579799079 0.8965298617233121 4951.9034746111 0.0005822245231004104 0.8170906762011609
1.1719364550702918 0.8844286460045666 4997.6201774191695 0.00040858769652138546 0.6956579054389167
1.2081550109365642 0.8921379490741341 4926.3264292435815 0.0006403630637744429 0.6782182153849877
1.1367301240573757 0.8814313763965406 4989.754691625284 0.0007419943216767502 0.6740675023139264
1.1772731468230127 0.8770952131981744 4992.180837637247 0.00017061861490555257 0.7633270225871098
1.2094963573181094 0.8843365066877681 4849.179657857235 0.00018520969422958206 0.6545459206754892
1.1494851474648589 0.8742389071281181 4882.352505378337 0.0004888755088410857 0.7110845900000466
1.1494851474648589 0.8742389071281181 4882.352505378337 0.0004888755088410857 0.7110845900000466
1.1875947743348387 0.8745263096172561 4872.984492663845 0.00012830544161434877 0.6909181766698056
1.1304657382764198 0.8703393310872859 4936.027431144094 0.0004087503056814771 0.6488089107484585
1.1535226809269785 0.8754249280927272 4872.29392663851 0.0006202161210789554 0.6250683613697468
1.1523481644160796 0.8752898954933266 4957.056448659474 0.0004600705691528664 0.6101333100142222
1.153676812905016 0.8672175622492009 4790.952413642727 0.000325956721086201 0.6799212039047979
1.200580529510217 0.8806088363545963 4815.420543711984 0.00019730419105713965 0.6871084752248676
1.1592215414985056 0.869385335719635 4876.899458145118 0.00023740040201939179 0.7736013126661763
1.1466304334461492 0.8727516458490701 4937.146522935218 0.0004763976858841164 0.7530212802985277
1.2196319007127407 0.8696816820860606 4853.973669251726 -6.499172732911084e-05 0.7053569244949544
1.1262361744589258 0.8638149806384009 4988.267128843677 0.0001332550560881431 0.587948677890461
1.1393872292588 0.8621197713038984 4888.319978528751 0.00012374021355562412 0.6816964742700192
1.1300021804526517 0.8645257768412576 4899.302269078315 0.00043208645311672235 0.5689830494376367
1.1425919877471893 0.8714231986770666 4767.167855458239 0.0002857418873228242 0.5952526418990962
1.119438344988169 0.8637786605838151 4984.852723926859 0.00021315309921821708 0.5783955862341702
1.1436686369624878 0.8663261686893156 4937.35353639282 0.00011798799488681691 0.6990976223920484
1.1461553937140805 0.8713126219849235 4849.220083093121 0.00017810014199146437 0.5673790732175272
1.1563973430944827 0.8589183969831828 4803.018700720983 7.745344592381735e-05 0.570916318002699
1.1113491209907858 0.8603603498091005 4989.683938012407 0.00012089120944955794 0.5883561867549019
1.1549750302485047 0.8536499561725787 4911.637701042973 3.1547853561127304e-05 0.5880177711012675
1.2083888682244839 0.8845964385273122 4853.8726638356675 0.00022885137391679084 0.6953122809559461
1.1845119759841067 0.8763525931343925 4805.3608254890705 0.0003693485564823578 0.7488935212865231
1.1334495419173536 0.8644792196621714 4922.656511133961 0.0003323938807549995 0.5869939273640207
1.2067491507128025 0.8823825903682204 4802.909020425068 0.0001512628042641614 0.6352599803632211
1.1903345890077415 0.8954982676305336 4674.075987311209 0.0005997739277352824 0.6245503236162161
1.220126161738447 0.8949481112161443 4636.1055897217075 0.0005997662564999329 0.6662225850786142
1.187972186970181 0.8831488986732963 4536.1985140257675 0.00039393154745696033 0.6152281361572182
1.2120789032625057 0.8903322239808501 4526.639954773824 0.0004283777041522195 0.6257177806667182
1.2391456001038201 0.8900704805826417 4468.507755467992 0.00031886871312326295 0.6145965765240305
1.2391456001038201 0.8900704805826417 4468.507755467992 0.00031886871312326295 0.6145965765240305
1.266378209690512 0.8912246940161515 4806.503194225362 0.00020966686044223112 0.8127279122953386
1.2383556558699333 0.8844848903382803 4853.011616732279 0.00020916924238867176 0.8481750851707894
1.155898793615107 0.8866439747162279 4902.484645249505 0.00046746520445489304 0.8636016438133004
1.2114816234972516 0.8983057027698793 4957.493744336288 0.0005921231761122632 0.8166108814834552
1.1987315085834553 0.8971750371308098 4939.947592535872 0.0007949422545890754 0.8840832307935695
1.246003577720715 0.8943217881092409 4926.929442341889 0.0003555866479249286 0.825064439548449
1.2180283555222928 0.8910264791990843 4822.430236368659 0.0004497443623512 0.8604795558007712
1.144106418717536 0.8719121706294157 4795.003681710868 0.00018755814028360396 0.8332654608950163
1.2547451365023414 0.9008547177281147 4849.520661820145 0.0004550512547412468 0.8485107140562611
1.2547451365023414 0.9008547177281147 4849.520661820145 0.0004550512547412468 0.8485107140562611
1.2252409402585451 0.8994207957148147 4841.757662047538 0.0006599486949159282 0.9400635700924284
1.2431310741730262 0.9041095830929624 4958.477250074968 0.0007094791754970935 0.8418770994816729
1.2339442370535068 0.894882205610374 4821.728890547851 0.0004989304718861551 0.8732416057902639
1.227599603751807 0.8849473993818422 4853.30320221644 0.00018097003024021452 0.7667439769141386
1.244616748830743 0.8838773913844176 4814.356384313362 0.00018226488623220027 0.8425707616104637
1.1955874967045625 0.8906044503718067 4737.675265491475 0.0004534514514240737 0.8900269559889384
1.2851996962875987 0.8772016931072963 4536.576535420342 -0.00019314026759877667 0.9707766984104316
1.2323783131006643 0.85184311157507 4832.602883963467 -0.0004489907564404004 0.9792959587451566
1.2323783131006643 0.85184311157507 4832.602883963467 -0.0004489907564404004 0.9792959587451566
1.2064441358324611 0.8591815372004333 4777.669254817068 -0.00029600599218287385 0.9470350160059828
1.2064441358324611 0.8591815372004333 4777.669254817068 -0.00029600599218287385 0.9470350160059828
1.2537349887716949 0.8824912280512296 4958.457134079597 -0.000256708323642506 0.8613667559132867
1.1930308037471709 0.8760502145982979 4302.352246647424 0.00030383450582297336 0.7859797480760573
1.0531009498954305 0.8308611512739705 4936.807115156311 -0.0002885787665187881 0.5041438207795732
1.102903992660352 0.8342111157050625 4978.45380106985 -0.0002889458482336264 0.5086510352097366
1.1359844963494252 0.8447719712675832 4741.093973944028 -0.00010394473004738583 0.5453702620061025
1.1269055753255832 0.8499360249686256 4832.134981470521 -0.00013394363600568077 0.5606952414206924
1.0820224982149984 0.8274539606457725 4743.180381934714 -8.560330557297567e-05 0.49835295750697994
1.012013434505847 0.8350678633123569 4936.542595236939 0.000902876096939556 0.5112079169418623
1.0720532809354348 0.831189687288428 4978.824682013039 0.000474223926403797 0.5032730831389789
1.045364438460453 0.839499283473853 4902.1725704225155 0.00040437465552976647 0.5172852243937072
1.0830155319038943 0.8535673406266181 4902.973412860415 0.00021754587690345955 0.5668460163397666
1.09965639618681 0.8548656785342429 4811.619388323522 0.0003283489021418096 0.5653185475277654
1.09965639618681 0.8548656785342429 4811.619388323522 0.0003283489021418096 0.5653185475277654
1.1272354263164654 0.8433262842488034 4955.7619628243565 0.00037503152201628654 0.5339033968057406
1.0676914311602417 0.8552548857233702 4915.574527205793 0.00035043395739984786 0.5519175057377865
1.0423737100056307 0.8278480079617462 4836.340529179813 0.00019739798049407605 0.4930598692120545
1.0867834907896414 0.8480877251049539 4836.282797722651 7.013926929926872e-05 0.5413160317207373
1.0778605488352269 0.8407298041194362 4887.9392935552805 3.926591625336473e-05 0.5250781161821424
1.132743784146773 0.8341461063147275 4985.142340734543 0.000251124440640769 0.5232685709996721
1.155213333397661 0.8389349697480185 4895.589544708069 -2.0224935887515822e-05 0.5201450164945084
1.1284473920123803 0.8458821852103541 4849.306145738456 -0.00011164684697956433 0.5409108339267594
1.0806340282777387 0.8536998988998044 4934.866114686363 0.00041908690198474 0.5573382560876525
1.1590794451306352 0.8620770775155668 4975.037461418739 -0.0002804080779475505 0.6157978107806703
1.1639062729639233 0.8504233381712281 4988.266304027167 -0.0006430785177117567 0.6291094031041863
1.1639062729639233 0.8504233381712281 4988.266304027167 -0.0006430785177117567 0.6291094031041863
1.174168341845075 0.8602470111248095 4955.146421336987 -0.00015110874520915565 0.5786153608875342
1.155721989108175 0.8515704674215623 4934.123199477729 -0.0003295531503084067 0.6964650139867887
1.1835476091678716 0.8674796527485944 4957.957101697082 -0.00018254771190261978 0.6360000803355076
1.1526252228711966 0.8605173009536055 4937.460661407913 -0.00024095709939461957 0.7297692027759971
1.1393531811705437 0.8527433776352398 4974.698151576154 -0.00032688759795627194 0.6309724609069853
1.1965930772552678 0.8648858582678458 4951.354498327005 -0.0003278244807838045 0.7381940929830081
1.1665320931111611 0.8558068395800148 4674.226058212666 -0.0003619763811408861 0.5503897849776875
1.1763420761720171 0.8548109668975149 4677.113352389078 -0.00024463671115124597 0.6028068666243394
1.2216943297333454 0.8628505319746066 4849.4391947365075 -0.00042180018419814866 0.6449594958486944
1.1711356964624016 0.8548850587941617 4739.297649312369 -0.00034228137339306874 0.6089469102207181
1.134108849443216 0.855364238716215 4784.705631552525 -0.0001631983328155119 0.5722307658080632
1.1616766092579804 0.8601700544782738 4731.920727577416 -0.00011101672753304669 0.661135869921355
1.1560720431101963 0.8629911805715489 4824.82969724568 -1.624038933277858e-05 0.6496490904703014
1.17956676732953 0.8667572655215425 4815.052315916957 -6.00083871694326e-05 0.6142237724590345
1.17956676732953 0.8667572655215425 4815.052315916957 -6.00083871694326e-05 0.6142237724590345
1.1463751547724756 0.8542080181655066 4663.916375124462 -0.0002748660194664853 0.624290147591305
1.2076100264728753 0.8548027819098861 4300.341096883677 -0.0005797549480328555 0.5609538835528508
1.214742570368928 0.8649402995585591 4249.921316607652 -0.00034916170906185514 0.6085267497608597
1.1916133703851153 0.840816394690396 4199.031895134044 -0.0009196022881735218 0.5247693768634508
1.1286934177788268 0.8460361941617917 4424.442743795762 0.0002639820798247635 0.5288807333586734
1.1368290589218122 0.866154873320682 4536.810578238842 0.0003606025914846998 0.5605341791034664
