 F
       17607      274125           3        2048
    0.225360186025720122E+01    0.661486244566798298E+01
 T
   2
    0.200000000000000000E+01    0.300000000000000000E+01    0.953125000000000000E+00    0.468750000000000000E-01
   0
   0
 T T     0           0
    0.000000000000000000E+00   -0.100000000000000002+101    0.000000000000000000E+00
 T F     1        1952
    0.471865276392603381E-03    0.220885626516260158E+01    0.661837128969428790E+01
 T F     1          96
    0.316978507169134502E-04   -0.875449787749837172E+00    0.653818614303174073E+01
