chirp_mass mass_ratio EOS alpha zeta
1.1425007455752607 0.5300182525154997 4233.874777881226 -0.00026658422096285825 0.049324418878202714
1.2117154124624443 0.5674208460216073 4107.994071426844 7.462125756786756e-05 0.04874846233282338
1.2777063376362732 0.5595874584740481 4756.126918812501 0.0003728827737963161 0.06101313619832423
1.2926672930110925 0.5355578524797938 4555.170402570144 -2.8485840354766157e-05 0.08863667304729494
1.4425470968639176 0.5293077328647547 4474.2698037855735 -0.0002591617941431145 0.09972146029442382
1.339421159781038 0.5929722280597244 4796.9588116537625 7.089727563498372e-05 0.11168978965112644
0.9812621416881122 0.5646689682648669 3946.5686182136765 -0.00031825112749473593 0.04286984251609124
0.9314697883553322 0.5240786927206815 4493.067528291641 -0.00016933965656746485 0.04221662600529494
0.9620717731645941 0.5418061933502791 4573.728125845239 -0.00013864127535293054 0.037584618789172845
1.252768052608745 0.48526516675222164 4892.612081345449 0.00015396073103379602 0.08468408794030725
1.128960675188285 0.5728173045718457 4447.052004579388 0.0007187148163740749 0.055540886364912376
1.3182649339709758 0.5774972675550918 3942.1027704416383 -0.0002430633767160552 0.07063816569502368
1.4138873324640397 0.5867682275783848 4615.446805388162 -0.0005332814148839548 0.10011960271609072
1.10051417929477 0.598693930862988 4930.033821876886 -0.0003088014814603844 0.0447841692386739
0.9616791917370335 0.5338353358633718 4824.487542327774 0.00018520303370355863 0.04288729865195224
1.4033356463277231 0.5773913561754256 4321.4385841869325 -0.0004532098941696388 0.09654043468286747
1.4704542957301927 0.5562008354823353 4083.8723684237907 0.0006623111521828265 0.11459499755568425
1.1752151285857204 0.5433175213884993 4538.917112213135 0.0004467749755920261 0.08326978549480887
1.132822891274959 0.5791882343800181 4248.164811170793 -0.000487400192134158 0.047496777207614985
1.092498124773122 0.5965903544404736 4974.7167573333645 0.0005389787684674977 0.04685945481520794
1.409358082217016 0.5465601991677077 4203.641758495653 -3.792461404429472e-05 0.11190736293711635
1.2967120792784856 0.5434249040337118 4355.770762759022 0.000597996989024587 0.10036049399194694
1.3010467606966114 0.5469343660788848 4295.142671846356 -1.816432413963285e-05 0.10591040734473998
0.9079097676142208 0.5049934209591691 4810.953917805194 2.41657664474493e-05 0.0380471668888551
1.0808491686904014 0.5338373812175106 4779.827022501335 -0.00013273697736062166 0.03843490219506777
1.2230366380566435 0.600923633489953 3942.222496983176 -0.0004213504511946761 0.04732211432368863
1.285561074117696 0.5942080609370411 4093.427474944131 0.0003464807491828001 0.07302291421517022
1.3469674090106571 0.5620896334491732 4043.3067059241707 0.0006403563413059007 0.07686205660810662
1.2910643091484335 0.6002971417860802 4976.836338708903 -0.00011482404615864488 0.114673298833888
1.230770982702639 0.5632682773816015 4113.334915020557 0.000502513497578232 0.04161519265089039
1.0696666207793175 0.5312397948634543 4822.179649015955 0.00038825267028611216 0.038627609201113536
1.2852408988743464 0.5399945187607369 4986.134336059123 -0.00023460121189448923 0.10772430966906354
1.299383174359152 0.5410298812591584 4749.083666191374 0.00010722426476610202 0.08526237004174592
1.2479851326660107 0.5742979031453969 4707.8352054202105 0.0002606418469925501 0.0715874167710723
1.2114205230455106 0.6177325278017307 4635.357188320792 0.00011362841930693355 0.0468877319921439
1.5506982052253078 0.592017504298828 4153.260730433261 -0.00017075267609292043 0.12621772324213093
1.2881815899453346 0.5750905086451952 3979.1557254402687 0.0008252082980241573 0.04798376092655714
1.2835680255603306 0.5834004226257016 4342.615969641794 0.0004610030194704389 0.07373166515734064
1.2988199406436953 0.5705216584726067 4101.979292697875 2.088586716158389e-05 0.06327884665571336
1.0940353253704336 0.582505599999666 4932.662091899842 6.770842156401194e-05 0.046769010478577414
1.140422352473518 0.5731597910521357 4294.563062985263 -0.00040171951978924824 0.056469459764025294
1.1873065464932968 0.5698660000596185 4606.950051424361 0.0007286534578883831 0.049229256001293284
1.2110415607585265 0.4733251751347666 4948.091229497449 -0.0008117824913271587 0.08354444510369352
1.2905214797899214 0.5301558111401361 4757.210256982473 -0.00020545474673938 0.10982717177945064
1.3844041656564865 0.548142445307775 4098.826990472814 0.0003461216250592238 0.10339804622247997
1.2488371354863599 0.5733573976386601 4255.438263199761 0.00033453269106477253 0.0582210371746381
1.1883439707196977 0.591372316340063 4699.125278770276 0.0003474058522061126 0.060617739306416674
1.2408070291117848 0.5400872058200141 4701.905903539839 -1.3877962545159886e-05 0.1091710610767259
1.113426777212158 0.5728369238819989 4674.222634733535 -0.0003699491321006399 0.03902091855070133
1.25286251835734 0.5804747687477316 4568.310891992188 -0.00016646278925974678 0.04726462661845537
1.0410863373762351 0.5433476193077945 4950.231254831085 0.0006402436762167258 0.03886167033752827
1.4407545744720403 0.5759548753154622 3979.6817092538713 0.00029795475496498936 0.10505755342110282
0.9289544548213607 0.5294971901601734 4782.403640365584 9.94622440065628e-05 0.03910358330825113
1.4128689618314114 0.5556946631293461 4149.022399165286 0.0005226858361214954 0.11183824783985598
1.2282663553254758 0.5480969149765764 4991.928467193886 -6.292383442031615e-05 0.07381131692725261
1.0767124324830126 0.5646127420933167 4308.336671725043 -0.0004020948606099521 0.040868537113301344
1.2651736657663295 0.5552209220511094 4176.97537962177 3.507271137058834e-05 0.09488054225123507
1.325871489428451 0.5568525417177845 4255.056926239788 0.00045475788249810294 0.10064599470248445
1.37594823866092 0.6169906970267038 4716.070323558846 0.00033783117724132933 0.10608641868244117
1.2437814607645037 0.563594354077738 4143.042780326713 -0.00014312830445911738 0.0657425915045593
1.1185985926445203 0.5979943646633048 4303.691841323639 0.0006831238251555089 0.04609084462643555
1.099177797654605 0.5565292442967485 4246.812255348252 3.773733465511242e-05 0.058266366813486646
1.0261926342735654 0.5786875746268734 4957.190542210975 0.0009416962296383326 0.04300024404416432
1.1354346752683964 0.5621443136433771 4511.6648415045365 -0.00025770770131749787 0.043639341214833295
0.9355590460140844 0.5318077329107389 4965.650657939444 -0.00040887253510335004 0.03971039665083866
1.0635634673825347 0.5766098807232345 4605.370801663188 0.000173085333267081 0.044285259121220076
1.1257071831793675 0.5518301493174047 4661.412179364997 -0.0006352319773183546 0.042376370276910456
1.424832493295845 0.5458028817337269 4408.7503256097 -0.00011109053887245823 0.10898057493874845
1.0302983410294901 0.5398662120612014 4669.413584215167 5.329031942692285e-05 0.038391937645133704
1.1970821577669293 0.5902135407544662 3965.427396439078 0.00026626927840779 0.0505305202796745
1.314231448434291 0.5454363407351482 3941.460330092055 1.3377521167284958e-07 0.08942897581689759
1.0272530746519346 0.5421120750041355 4813.616130138494 4.5815914249372884e-05 0.03892658596215548
1.3720625605340913 0.5977663002384217 4060.4293896452537 0.0001425673142679048 0.0629210045408456
1.2807490920211204 0.5859908244438199 4947.276587965058 0.00018722457212825186 0.09300837018222038
1.3850910894502095 0.5783190050261235 4416.016036590239 -0.00011513346317289462 0.11314989865902148
1.0585276062930047 0.5351613061191399 4286.391264914098 0.0002506192170927837 0.04045326464831586
0.9539675694078069 0.5312984421151036 4832.098840823889 -3.418991927408135e-05 0.038481310129704516
1.0166377306984236 0.5238840090303205 4758.6660432126 -0.0005032820434833573 0.042614336917663025
1.0166377306984236 0.5238840090303205 4758.6660432126 -0.0005032820434833573 0.042614336917663025
0.9076733890657889 0.5114780270097644 4443.974859323126 -0.00037651412309245983 0.03870146640035752
1.024793051284964 0.523559594255666 4941.227446136468 -0.00046589094662806353 0.04001663684620174
1.3223920672189153 0.6067265004361082 4797.650384073059 0.00038296134221515673 0.12233916849778473
1.1360438496924912 0.5765622184190341 4114.610030874738 0.0004638557044338165 0.042941940481847574
1.3243289201974837 0.48852122083831967 4489.597735620325 -4.829715569265709e-05 0.09781518076480364
1.3550340053102574 0.5712263035788259 4733.303649566623 -0.000617701578668991 0.09877353441083353
1.314162877248962 0.5671218165186642 4713.135994630847 0.00033079335053205495 0.11017829642970932
1.1717553309297908 0.578195168211127 4855.132065689698 -0.00038785870634669607 0.05370874935649203
0.966007931603353 0.5380976874950263 4824.111403880506 3.9841845937590214e-05 0.042166412997205395
1.3691083701218179 0.5824276204879322 4379.85313789688 0.00014386071284798173 0.10161045528538065
1.3691083701218179 0.5824276204879322 4379.85313789688 0.00014386071284798173 0.10161045528538065
0.9850480882132442 0.531370100319227 4751.612777071337 -0.00024446331320964886 0.041669209719624734
1.2061133443791838 0.6069958154702686 4969.179297508195 0.0005165594320837455 0.04353166813381087
1.2666094149755938 0.5731946555499186 4668.176237306223 0.0001916771164936089 0.06765222080030293
1.0752832919525235 0.5481568543010344 4745.582220143989 -0.000198594660168884 0.041247848407321715
1.4566102557547722 0.5960283151081593 4101.844524902528 -0.0006071912008577296 0.12023742579143049
1.5006895422069242 0.598246441102722 4442.674018769876 0.0003012688216435118 0.12619313456058
1.394448156183623 0.5729407068825272 3965.1260192823966 0.0008367533540242605 0.113554825369513
1.3126235092323308 0.5721655168740762 4020.7653668337607 0.0003353125465861803 0.09948587522974067
1.1067659662215419 0.5754046954311092 4813.7139592361455 -0.0003491405093417317 0.043496700395476616
1.2309363421566655 0.5696735222089055 4321.852440400197 -0.0006068165903140472 0.04757853900267503
1.137304639516154 0.552188901670158 4380.867631619607 0.00037312674134596844 0.05522215387850704
1.3746069186396452 0.5783695199231541 4472.384919529403 -0.00060265729859153 0.1057824561712826
1.0075506871498905 0.5403884626999356 4894.836513061576 0.0005393658360666642 0.03998839425290982
1.129935344842969 0.5631066364331376 4135.849825677168 0.0006318463993737031 0.0421327682450285
1.1747628330451765 0.5740522770960544 4229.509345126197 7.765907523736401e-05 0.03996930134778006
1.3983320276652935 0.5692732784165785 4100.527714382699 0.0008661687260831757 0.10656019604723843
1.2766747860709449 0.5484492337751334 4887.771818116103 -0.00017130917039139386 0.09771627147055592
1.1668097544229696 0.6005867166218287 4442.738666969331 0.0003798551873917383 0.044692959935261845
1.3469776519992909 0.5171172695695028 4914.472784918722 -0.0001531458440306189 0.09404675487655
1.133618989855784 0.5755176078277713 4267.231191964126 -0.00046732175478417237 0.04454374735255935
1.133618989855784 0.5755176078277713 4267.231191964126 -0.00046732175478417237 0.04454374735255935
1.2493388894500077 0.5423154363810109 4296.772307064592 -0.00034397679048940203 0.09928703247676139
1.2226044466414394 0.5566681551824006 4727.70955585923 0.0009577388039046912 0.06303309983587634
1.2226044466414394 0.5566681551824006 4727.70955585923 0.0009577388039046912 0.06303309983587634
1.243235773594619 0.5157631183091762 4619.088229543312 -0.00035114984212159564 0.10469522178910937
1.2848555066283893 0.5162763531694545 4678.921370936815 -0.00012486214569994728 0.09793652604789801
1.356864590554932 0.5813672186600369 4639.885100092483 -0.00046758159304022224 0.10843778627014444
1.301451666721913 0.5834570009475886 4037.686628784528 0.0008206217343473693 0.07537600147258092
1.0008431566160512 0.5403068462521692 4973.897560967274 8.584695675982068e-05 0.0419781800305669
1.0008431566160512 0.5403068462521692 4973.897560967274 8.584695675982068e-05 0.0419781800305669
1.2054967084505102 0.5429665034072659 4952.950645058379 -6.278867502136305e-05 0.08847627946001936
1.2054967084505102 0.5429665034072659 4952.950645058379 -6.278867502136305e-05 0.08847627946001936
1.1771590432522112 0.5459679699009989 4244.167615472166 -0.00022605116533253353 0.060235489717012966
1.2077642022159762 0.546199440213991 4705.533552851838 -0.0007690628445327802 0.0905381072929708
1.2406769272308313 0.5597662826927141 4290.199390196022 2.266340367812981e-05 0.09964118739675715
1.1923765955951766 0.5926314761501574 4210.5691488328 0.0008661355940789907 0.04676168839999502
1.2206954954184412 0.5841196861027638 4348.922892011195 -0.0003505767662073753 0.06033706016824662
1.3415794433181714 0.5384817780150157 4261.508474128897 -0.0005484048899476732 0.09742633427399526
1.0322747034868933 0.5628000610992874 4764.553013424015 -0.000600469404842985 0.04504520942128349
1.0322747034868933 0.5628000610992874 4764.553013424015 -0.000600469404842985 0.04504520942128349
1.1759155285241356 0.5597289067773181 4146.920707638916 -0.0008228954677697543 0.08441769203643218
1.458361817212048 0.6083231912908481 4537.040072618083 0.00037169162974147945 0.12639912635370623
1.378287084530689 0.5136967852591319 4782.665794789893 -3.4899463712624566e-05 0.10392915578052836
1.2411796921502838 0.5377502548920642 4693.00919412225 -0.0004549402784838222 0.09121689793016383
1.0973402866553712 0.5805608705490467 4524.260993847267 -0.0004074713280104532 0.04428785051342332
1.3893424330484518 0.5545041936573429 4987.6528373690935 -0.0002355434342888844 0.09563575917244525
0.9728462652040357 0.5344822958513339 4376.649186722555 0.0005608759169322166 0.039840035738224755
1.3433516511310095 0.5802929048295944 4990.094766529273 0.0008395930277394952 0.11919397895712552
1.3433516511310095 0.5802929048295944 4990.094766529273 0.0008395930277394952 0.11919397895712552
1.1403875900576446 0.5374405156793574 4834.2558617761815 0.00020064286078663555 0.06174555072550933
1.1403875900576446 0.5374405156793574 4834.2558617761815 0.00020064286078663555 0.06174555072550933
1.283913458461626 0.5791029812116174 4396.699621813074 0.0003121595977336291 0.09604983503664503
1.3002385518919672 0.579542449267007 4971.359640229601 0.0006096042675487207 0.10374088558029787
1.3002385518919672 0.579542449267007 4971.359640229601 0.0006096042675487207 0.10374088558029787
1.173914987656866 0.5686754403965957 4774.388314645077 -0.0001550172203184194 0.039891765100648464
1.173914987656866 0.5686754403965957 4774.388314645077 -0.0001550172203184194 0.039891765100648464
1.0672499506159148 0.5387365590751133 4553.758902169692 0.0006777890063029106 0.04084968364753461
1.0672499506159148 0.5387365590751133 4553.758902169692 0.0006777890063029106 0.04084968364753461
1.1740305000588416 0.5324764798098593 4254.869143732449 0.00023064741510843488 0.08968181673142989
1.159709000984256 0.5753894009680014 4013.128877771869 0.00025080185199275135 0.045635722557717244
1.3056686857522561 0.5521456919482424 4669.850849736766 0.000676135095037268 0.08830205587032298
1.2770260141677063 0.567199945072449 4869.478374183178 -0.00038707445982188885 0.06525282623733772
1.0464142694566883 0.5564066633639421 4068.2070247408724 0.00025179329963671273 0.040818228933514486
1.1877549073569642 0.5564339007560996 4173.3693446480065 0.0001354135180825517 0.07782166465248982
1.1877549073569642 0.5564339007560996 4173.3693446480065 0.0001354135180825517 0.07782166465248982
1.2916242940715343 0.5576924667301726 4891.210536184574 -0.0002847805218490502 0.08750559466620039
1.2245452620493056 0.5414882749834872 4513.998784921986 -0.00013689597877751514 0.09576717458267726
1.2245452620493056 0.5414882749834872 4513.998784921986 -0.00013689597877751514 0.09576717458267726
1.3129982869771337 0.5370624994487543 4528.007351903858 -0.0003536416686873546 0.10275392171784781
1.1829197270678484 0.5436829701487101 4761.852817593337 -0.00037277379614361904 0.07589631192020294
1.3529964226954228 0.5754396486204304 4080.0705866700073 0.000480462512883934 0.09169324187499567
1.3529964226954228 0.5754396486204304 4080.0705866700073 0.000480462512883934 0.09169324187499567
1.2324448660966554 0.58062680515321 4753.230316200327 -0.0003274447425548143 0.05806645045505396
1.102823696312633 0.5533122189884043 4936.83115722853 -1.4504384483519734e-06 0.041572452582359254
1.2858161259407137 0.5746396453911357 4876.6947297673205 4.279162012142534e-05 0.10404877763904066
1.2858161259407137 0.5746396453911357 4876.6947297673205 4.279162012142534e-05 0.10404877763904066
1.3048037795041123 0.5090584799118041 4485.737674771183 -0.00020432345185265335 0.09679083223490123
1.3048037795041123 0.5090584799118041 4485.737674771183 -0.00020432345185265335 0.09679083223490123
1.4451187168418533 0.5526353286415929 4776.88874131264 0.00031038972853654874 0.11253820280466376
1.2693467339361488 0.5308035918611941 4443.07192498 -9.80082268880027e-05 0.09614548839717485
1.30947070228741 0.5686268550667786 3986.1629462480323 0.00029160020016679323 0.09564175643832203
0.9976951524804222 0.5285301817616839 4886.286182696711 -0.0005735564809605664 0.03973284778994704
1.248671274090757 0.5465024583582756 4191.4791757338335 -0.00015693991908327445 0.06456633028788437
1.2278271257649656 0.5835729088768896 4639.528222015486 -9.349743072159354e-05 0.05684956590837729
1.4074171473454522 0.5165779281348444 4704.1885846343475 -0.00019817412883195383 0.09735035214360065
1.309174942014573 0.5538649030194182 4875.856824199356 2.4038760980433533e-05 0.10560337529235775
1.4415072010939514 0.5469534409767237 4841.6541534921635 -0.0004388560112611521 0.10992667367253109
1.3658779925628595 0.5577470898205497 4369.760848032977 -0.00029370907729078425 0.09801049066605957
1.301186470842769 0.5670860085967115 4727.761183962758 0.00014488266925938124 0.0923895118976785
1.2085360268600647 0.5390676133715411 4888.726691353989 -9.383842490028521e-05 0.0750478429988819
1.285570841156401 0.5568209613686526 4936.245265612891 -0.00017955313121442802 0.10038542932937058
1.1634071758664573 0.582778379538435 3926.390159317869 -0.00026693964016741804 0.0445922891237309
1.1903314323177048 0.5515904090150641 4711.811241967372 -3.355098532462472e-05 0.07464173551361557
1.3508789583048415 0.5465228189693844 4261.409601939298 0.0004741317269324876 0.09932030855416468
1.3508789583048415 0.5465228189693844 4261.409601939298 0.0004741317269324876 0.09932030855416468
1.2433440990917082 0.5532626694763507 4762.669660458697 2.8387785103842318e-05 0.09828421733286974
1.1597607382371113 0.5467436236067185 4439.3646743681165 0.0004274527250882345 0.07985726893830968
1.3308785401988987 0.5828867154876547 4832.618184372577 8.005714056821792e-05 0.11105532196176024
1.2555072578812627 0.5548304053037794 4348.301097772917 0.00019295705504847593 0.07904133933393176
0.9999689035194222 0.5505179008356686 4752.703518805173 7.051867717392146e-05 0.04027058057349439
1.0867044745570413 0.5600135053935424 4644.733581215824 -0.0007104412671242731 0.042275039270234224
1.2587297826334936 0.6130355238611942 4709.617239353544 0.0004902557243193033 0.0550569826617995
1.2825063839056663 0.537636400049299 4721.588894031221 0.00020272462249059498 0.10718599227067496
1.329996597916876 0.5337683760444164 4021.3251404874095 9.921670052546009e-05 0.0995897865716816
1.329996597916876 0.5337683760444164 4021.3251404874095 9.921670052546009e-05 0.0995897865716816
1.2464145019052402 0.5422429176707746 4946.7356673893955 0.0006048056641717783 0.10162063813755659
1.3094021281712585 0.5491750538714968 3981.075214476036 0.00023974378069752935 0.098901171766614
1.3094021281712585 0.5491750538714968 3981.075214476036 0.00023974378069752935 0.098901171766614
1.1731260469913847 0.5456689038181057 4887.427316344854 -0.00037225584868262737 0.04866974971213063
1.0320139218163764 0.5569797649845624 4095.2011587261513 0.0003745520440678371 0.04047547593813616
1.0320139218163764 0.5569797649845624 4095.2011587261513 0.0003745520440678371 0.04047547593813616
1.2080140441868266 0.5811901458784264 4589.1965131512325 0.0006142439795659442 0.041931815910760145
1.366799244052352 0.571552373969876 4199.977446758956 0.00034682923067833504 0.07800973838247793
1.073053055475613 0.5687933514657488 4872.857908229135 -0.00051112272440338 0.04053917088548127
1.1769196048215762 0.5818978261507673 4253.401215374591 -0.0005400879626158441 0.046456563571790205
1.1621306463311478 0.5706778174036625 4420.542215204898 0.000319520289159177 0.06042466410366182
1.3515836495670062 0.5395989154144283 4570.015830399914 -0.0007086432985244615 0.11129587173892067
1.3515836495670062 0.5395989154144283 4570.015830399914 -0.0007086432985244615 0.11129587173892067
1.197057707610047 0.5291550967949432 4967.410342847118 -0.0002864514092390567 0.07440757803747772
1.198077729057669 0.5726865318078611 4776.758256777448 6.67506150434237e-05 0.04663282171383122
1.198077729057669 0.5726865318078611 4776.758256777448 6.67506150434237e-05 0.04663282171383122
1.1546673541295667 0.5672584355103886 4392.945574562266 0.0004789894588894068 0.04943223163774512
1.2600105366106713 0.5759612683140694 4731.767489932194 -0.00010411967292830054 0.08711152344538015
1.2600105366106713 0.5759612683140694 4731.767489932194 -0.00010411967292830054 0.08711152344538015
1.1303164942969515 0.5584316792796313 4644.085951896058 0.00013088972039803875 0.04619029207332495
1.2931426781184536 0.5454474612339876 4021.3262752998385 -0.00039353552674822553 0.09713857483377195
1.4151355697710892 0.5585661228641892 4532.184912723416 0.0003207518022183039 0.10487441018281601
1.213606636538071 0.5905792226285174 4949.751590320104 -2.761181211470287e-05 0.05875582619219602
1.213606636538071 0.5905792226285174 4949.751590320104 -2.761181211470287e-05 0.05875582619219602
1.2731882984495166 0.5460517942475392 4491.23389331914 0.0004157693873550181 0.08772264893960309
1.2448071593262098 0.5641953476611432 4512.998751355235 6.225559094160101e-05 0.06112851817167111
1.304105999633823 0.583376609871502 4931.646617883371 0.0006064639630160085 0.10901343115081938
1.290762933796468 0.5142746990859008 4808.752457269914 0.0006942055568047579 0.10481076572881726
1.290762933796468 0.5142746990859008 4808.752457269914 0.0006942055568047579 0.10481076572881726
1.420463740608949 0.5950078127282448 4611.41933416302 0.0009954011290999644 0.11831438253547519
1.420463740608949 0.5950078127282448 4611.41933416302 0.0009954011290999644 0.11831438253547519
1.4397584447899623 0.5953182567206035 4096.081295890791 0.0009220165386394081 0.1126695897187068
1.4463766739009238 0.5864692483893261 4864.781046750979 -0.00014597063828259555 0.11443987905592576
1.1550209600091401 0.5602373263705136 4520.69635010043 0.00029300548232912655 0.06319646174995956
1.336017240807858 0.5807258822117158 4490.085753490144 -0.0004120607431464087 0.09857298111196436
1.3143277222128158 0.5936049648265155 4799.505273330684 0.0006749050555272104 0.10747745002323646
1.3143277222128158 0.5936049648265155 4799.505273330684 0.0006749050555272104 0.10747745002323646
1.2049176789279143 0.5272411742529878 4809.777055787222 -0.00011487417307870578 0.0909395301830032
1.2049176789279143 0.5272411742529878 4809.777055787222 -0.00011487417307870578 0.0909395301830032
1.404206755864277 0.5454971042620504 4661.348981767638 -8.332547072014962e-06 0.10534575899539997
1.365371493399568 0.5862956817249629 4799.109084002207 0.00034699661956865893 0.11542490071784198
1.3660135894211347 0.5449730204225549 4390.309405243321 -0.00025376159267898263 0.10410809301375729
1.3114612610794691 0.5295599756370174 4362.833745500432 -0.000155800031625311 0.09647708477464069
1.3114612610794691 0.5295599756370174 4362.833745500432 -0.000155800031625311 0.09647708477464069
1.4627676548848974 0.578722012505516 4160.305518187844 4.763752396583905e-05 0.10968908501522251
1.4223938489032846 0.5536859086354513 4568.950147859506 -0.0009028050027987185 0.10470916975350016
1.1237378115154004 0.5659664929672958 4827.9478466155815 0.0005821814502215392 0.04470622591500475
1.300459783293273 0.5877884964019368 4142.707942914524 -0.0009556938663555951 0.07174433966860337
1.3047854493625564 0.5679769377999995 4980.546305984126 0.00012177491493102157 0.11217101321652675
1.2108253802802078 0.550236372008768 4559.605899841522 0.0005046128692929047 0.09068423736060699
1.328707678716214 0.5128807803841202 4743.859170645897 -0.0001244277165193096 0.0971978531031867
1.2721428126174583 0.590691859145067 4113.935323759166 0.00027868131637834575 0.04763535206989371
1.2721428126174583 0.590691859145067 4113.935323759166 0.00027868131637834575 0.04763535206989371
1.34439997779828 0.5115021570200107 4588.8606454895025 -0.0001719488689169826 0.10068881938898398
1.34439997779828 0.5115021570200107 4588.8606454895025 -0.0001719488689169826 0.10068881938898398
1.1261099433596282 0.5559689569819222 4547.152334730246 0.0003333364870079089 0.0507676509031329
1.1261099433596282 0.5559689569819222 4547.152334730246 0.0003333364870079089 0.0507676509031329
1.0676051203092574 0.547439914998558 4728.747550820308 -0.0005135130775860176 0.04194339174069598
1.3766236918838604 0.5997905345303665 4527.247697802302 0.00021646010167467576 0.09966623852484069
1.3124631930009616 0.5824925226416997 4991.475174640098 -0.00040527625088861 0.10721797475631836
1.2551201243825507 0.5783716822858186 4405.338974162269 0.0003250787509862646 0.043000371844847486
1.344231258033106 0.5605426054614555 4933.854413564703 3.98447716367044e-06 0.09036444768618135
1.352884126559253 0.563255684013661 4546.918628833543 -0.00022074576469738894 0.1098662125958095
1.352884126559253 0.563255684013661 4546.918628833543 -0.00022074576469738894 0.1098662125958095
1.0537756582039748 0.5437924932626083 4797.777497593956 9.209085093421122e-05 0.040026616168788665
1.3002811878455063 0.5355389194534378 4788.069895485827 -9.983346818086446e-05 0.10919431796414082
1.3002811878455063 0.5355389194534378 4788.069895485827 -9.983346818086446e-05 0.10919431796414082
1.3784042944494106 0.5656558839605103 4930.485997984156 0.0003233463714718451 0.09861568211419564
1.3784042944494106 0.5656558839605103 4930.485997984156 0.0003233463714718451 0.09861568211419564
1.1788427257080154 0.5590711644650285 4272.235732039702 0.0002478897630549114 0.043347508519129455
1.115092660496414 0.5599615823814255 4039.1863107838667 -0.0003260800902216601 0.039951287070865094
1.2407577789747708 0.5342602058034149 4439.018752310525 0.00019984226122561413 0.1009049246559241
1.2407577789747708 0.5342602058034149 4439.018752310525 0.00019984226122561413 0.1009049246559241
1.1414961590188295 0.5447767980270011 4729.948822617117 0.000388312963010419 0.05136265304839091
1.1876637450708498 0.5141904414372065 4340.262184586267 1.6063102725036917e-05 0.09474426176985562
1.1099256474517074 0.5583327725838242 4867.850451956593 -0.0004201916250065555 0.04677422401318673
1.429958716510645 0.5906673347383122 4851.655907971215 -4.418260664855408e-05 0.11270038991628775
1.429958716510645 0.5906673347383122 4851.655907971215 -4.418260664855408e-05 0.11270038991628775
1.142527214170376 0.5373391911145771 4687.638925799601 0.0002582168479117562 0.05225034578191165
1.0836271942186078 0.5531105159108669 4705.065332091569 -0.000207463821644857 0.0448759991603871
1.312514131146505 0.5269145526692731 4973.053586516654 0.00019914433063350831 0.10060857773212598
1.4111606768221487 0.5117551128771062 4621.932766343422 -0.00041843204503822727 0.10212596765957194
1.414312572741233 0.5942494538333086 4164.906095713101 0.0006534607841560761 0.10523671899475928
1.236920840887571 0.5779954719212648 4210.997801797951 0.0004409637428797912 0.05225918651535491
1.3326834231413582 0.5380323673557477 4779.218555389177 0.0006720085617995256 0.09619362954135749
1.3326834231413582 0.5380323673557477 4779.218555389177 0.0006720085617995256 0.09619362954135749
1.2167552754108668 0.5924996124331061 4225.228762845745 0.0007031165737648739 0.05370828295746703
1.261655054635845 0.5580144473401654 4898.02003616939 -0.00033968430951488896 0.0968062871542785
1.2123352075544203 0.5544053753753869 4929.062579601702 -0.00015049265140516766 0.10022402713863764
1.2501628826462714 0.5320452864714956 4847.634962228456 -0.00038637927489727504 0.09675658059409879
1.2501628826462714 0.5320452864714956 4847.634962228456 -0.00038637927489727504 0.09675658059409879
1.082025665312464 0.5593406213868313 4644.584365620634 -4.842471912555152e-05 0.04314622828273505
1.3054962552781704 0.5314038505144139 4672.183713816982 0.0002455356960269795 0.10378506173216284
1.480963308832179 0.5473484493455577 4169.95082974644 -9.109521169693468e-05 0.11048705511285033
1.2206876477991342 0.5650224968561137 4898.070665876717 0.00022784366013652347 0.07994436847694919
1.2206876477991342 0.5650224968561137 4898.070665876717 0.00022784366013652347 0.07994436847694919
1.321225946333311 0.558246576437692 4691.465773900282 -0.0007223369286747694 0.10931729825562228
1.190699063592314 0.5494571064028655 4910.226655524176 -0.00037983667568694133 0.05791157300505281
1.396689476970019 0.5919578024322383 4950.3919922983205 1.8700158494466822e-05 0.11739589598689953
1.321214265658846 0.5540825412896724 4886.623697354754 0.0005605375301963129 0.11312068785202703
1.327793160810953 0.5231050246679603 4911.697273065104 0.0003682456901044087 0.10074341860133151
1.327793160810953 0.5231050246679603 4911.697273065104 0.0003682456901044087 0.10074341860133151
1.1809674925701452 0.5384402321790549 4721.618190744168 -0.000508451406327686 0.08513633303225593
1.415332414744122 0.5792180806975937 4747.506373094886 0.0006253916701545702 0.09830996557771905
1.026919735435683 0.5354360418790447 4777.517713226842 -0.00046171892887644593 0.03950613716927301
1.026919735435683 0.5354360418790447 4777.517713226842 -0.00046171892887644593 0.03950613716927301
1.312350120851367 0.5293819208050595 4924.143145639628 -0.00036456901032035197 0.10272570884619799
1.4203755181752253 0.5937919938734368 4635.6477232246925 0.0009782295851918487 0.11369330775425696
1.4203755181752253 0.5937919938734368 4635.6477232246925 0.0009782295851918487 0.11369330775425696
1.376436134476561 0.5532211953392995 4955.518187150953 0.0003673771495666445 0.10609514013167172
1.3244406538011462 0.5840362946246505 4630.589007701842 0.00036944716977465155 0.10432066207008439
1.3244406538011462 0.5840362946246505 4630.589007701842 0.00036944716977465155 0.10432066207008439
1.3338415384613178 0.49713888041000814 4711.7543329401415 -3.2838674454504324e-05 0.09906531693058157
1.2270872510870008 0.5641691973828166 4821.939064728608 -0.0002442484553974967 0.054104649694474934
1.282092697573257 0.5767076097718533 4703.847353750116 4.739672919275486e-05 0.08954979395962737
1.282092697573257 0.5767076097718533 4703.847353750116 4.739672919275486e-05 0.08954979395962737
1.2648786225034716 0.6027857254018356 4060.373480420345 0.0004193463214851845 0.04539623876781258
1.2648786225034716 0.6027857254018356 4060.373480420345 0.0004193463214851845 0.04539623876781258
1.2887561863081254 0.5675611817765562 4852.421051910971 -0.0004191208060339489 0.09487883784254053
1.212705424666865 0.5646216006901104 4622.745065963712 7.339647973356303e-05 0.06402457805317675
1.1773638210408202 0.5551807566433445 4601.950886465422 0.0001460860456917451 0.06660408966762002
1.4572708816820477 0.5941200325524425 4405.457184840298 0.0004807980153603744 0.11016038163614844
1.2650676901674895 0.5292684700427587 4829.708975833402 -0.0006841644787304327 0.1022077742523577
1.2650676901674895 0.5292684700427587 4829.708975833402 -0.0006841644787304327 0.1022077742523577
1.3239986396730452 0.5420448545505396 4923.785417615936 0.000345047878781733 0.10979634521026588
1.1741875783124427 0.5431050813106715 4235.47107495639 -0.0001069214410910196 0.0859871276686898
1.2785642176121035 0.5667419582864275 4907.1063102792195 0.00035103409029358594 0.09040362766288079
1.361748535594249 0.5526122170951615 4502.627179383949 0.00012296172795687413 0.10126310285342656
1.0957029989610094 0.565083187424147 4901.464276371195 -0.00035881667936673434 0.043001880319498684
1.244474949373518 0.550578744922514 4721.4261918137845 0.0005954369873019765 0.10380296589000496
1.254692163847197 0.5355080237313186 4792.342242178384 0.00021821831716533073 0.09854649574251217
1.198481904372009 0.5681870515745728 4801.15454380059 2.254826676449385e-05 0.08039594748349553
1.3146014630820098 0.5782404635620667 4524.982948729704 0.00026034198607850073 0.10083480301150416
1.184383186578018 0.5607978131324172 4574.149810156565 -0.00018713430778744024 0.06304173695362758
1.3078245495318845 0.5405283316031256 4652.848396504428 0.000169619745834086 0.10668780072142851
1.1109953761588987 0.5513313290811942 4787.517870416803 -0.000134723033586717 0.04958118595831756
1.2295495790566076 0.5597375167417424 4255.855455029561 0.000345238437738062 0.0557219632063084
1.1567680152498403 0.5474699467145048 4602.504808753521 -5.185846499978615e-05 0.052037377972589366
1.1843633786873489 0.5528571922727641 4845.7347196460605 -0.0005762327047600561 0.07700089915836633
1.235579939237094 0.5578521326560031 4765.504240524973 2.1583254139232695e-05 0.07531105249901823
1.239078957473525 0.5546600886758268 4609.677309183313 -0.0002277105963023908 0.09807205986640391
1.1051429402848725 0.5476458483028998 4519.102311836148 -8.605842256824149e-05 0.04343878492585473
1.1051429402848725 0.5476458483028998 4519.102311836148 -8.605842256824149e-05 0.04343878492585473
1.275031184414833 0.5835924745395819 4931.97308784269 0.0007023263133920128 0.09881788013631762
1.2492345976589694 0.5808965533798072 4126.897645934976 -2.3751517611683285e-05 0.05141639449949516
1.3312287893035628 0.5695551673734758 4725.2532114192545 6.793541383895332e-05 0.09857710806758949
1.2122876242432237 0.5478587218110671 4734.610351766274 0.0008393791533747321 0.07171848662669367
1.2122876242432237 0.5478587218110671 4734.610351766274 0.0008393791533747321 0.07171848662669367
1.375460856540669 0.5934591710659307 4385.6982856573395 0.00019275304558065247 0.10543364065108685
1.0858103309551075 0.5492232900811684 4824.308321082257 0.00010717963704927916 0.04177898010469914
1.1820899400921767 0.5614004028911475 4110.697868543489 0.00027861397751052336 0.062357896456707584
1.3214780693669828 0.5218926500473189 4737.3499195900695 -0.0002802830561184932 0.10051180833335968
1.2738625954646723 0.571976392030461 4549.958554422506 -0.00010272164141349767 0.08864155131042473
1.2317213617979095 0.534862934246282 4892.442816907084 0.0004548598198556678 0.08032261050930675
1.213320773995763 0.5701789244788827 4191.925141320065 -0.00020882624713626334 0.052582034349879986
1.4183417784290135 0.5570311719680656 4371.011033699918 0.000858334223614766 0.10781734565195544
1.3145091196947927 0.56027862697168 4837.021747900321 0.0003461909087485306 0.10644908393393805
1.2368850565831415 0.5463661565012279 4686.069873398194 0.0005973860759240146 0.09682511903247026
1.1916823058459294 0.5770593605702946 4994.528008579614 0.0002984360667376613 0.06075654614731384
1.3393260013894646 0.5507955455893441 4902.295530142627 0.00030519023020462023 0.11379047137714796
1.273422743138718 0.552676635748693 4953.555722902485 0.00023504097051668858 0.08626094391397715
1.273422743138718 0.552676635748693 4953.555722902485 0.00023504097051668858 0.08626094391397715
1.2427494002016886 0.5510254802821308 4965.941193657248 -0.00013266892153981243 0.0979922249102877
1.2500556705941461 0.5586919113078033 4495.779506175876 6.463263114084118e-05 0.0983648386884396
1.121867051117171 0.5461218630436517 4941.797077693676 6.438257878098681e-05 0.043039903911208294
1.121867051117171 0.5461218630436517 4941.797077693676 6.438257878098681e-05 0.043039903911208294
1.3275585415120927 0.5508646443093965 4959.4867124456405 -0.00038216935213661936 0.1053512529630593
1.1885944786356561 0.5652835053092461 4581.19895035704 0.0004402182396760142 0.04245566560836614
1.30232375681756 0.5833540041946081 4852.436398480871 0.0007145722899150982 0.09742970421989287
1.2843390803647385 0.5557204985481083 4501.900002666736 7.784985764692305e-05 0.10179175345825761
1.4576514414868356 0.5893985443136729 4140.539078120564 0.0008049168375651417 0.12084822642770814
1.4153472659692459 0.6105545806054977 4537.388642576466 0.00031930771935908696 0.11293495748300471
1.128834888594261 0.5868839754171716 4987.594461600302 -0.00044870257737648846 0.04400382910128677
1.3468915970809658 0.5502833955155269 4902.16184487197 -0.0004505872656036492 0.10775347682135583
1.2879164839101407 0.5656047461752287 4573.924515829817 0.0001663270340924931 0.10914722073631744
1.2722395241326652 0.5608623712847719 4903.684587840001 0.0003402993329520996 0.09892028822054676
1.229642304805329 0.549571492684785 4867.993519405728 0.00030386222423774606 0.09518369168433312
1.2945926809280315 0.5551823857152274 4966.90267783552 -0.000707878215277689 0.10547500678122211
1.1563127069871526 0.5760368110953611 4803.024457132443 2.106374709305269e-05 0.04430539300321721
1.3514644420737814 0.5435955042248918 4491.452822732334 -0.0001984885376120436 0.10391959910004195
1.3078913683557194 0.548966996661078 4450.073828127584 0.0005471420579412209 0.10157248345353864
1.3027549590144658 0.5288194974190211 4944.153775078849 0.0002337067983535947 0.09454772246211654
1.3084965152847983 0.5399742004840696 4994.907573087099 -0.0001987147394599529 0.10652647061298506
1.3355125772122252 0.5266213923676348 4914.39132218023 -0.0005401037635747588 0.09631111276627
1.0808797466301243 0.5511096239336186 4961.379852275702 -8.318768054411537e-05 0.04139824531599226
1.3370098330217979 0.5404449871817136 4970.815723457805 0.00016315385125517106 0.10247545109450945
1.4177749364244712 0.5635325472011818 4193.968241985087 0.000590359498794679 0.11022693828504151
1.2180135177609483 0.5646715880514644 4420.246118435928 -0.00018403035169514925 0.08572540352780188
1.1989143041802983 0.571641041219843 4983.6562414899345 -0.0002295575163595844 0.051409593359082253
1.3506880438721949 0.5284105623540796 4922.842961232268 -0.00015742725007603564 0.10302698455472786
1.3756862545505695 0.5618566657405089 4835.211908567743 0.00048554889892691205 0.10939014776174083
1.3375788064336855 0.5351817564689288 4270.4118653578425 1.1617123178188761e-05 0.0955091745322165
1.2601007279205225 0.5552837315971225 4837.224914808477 -0.0006086758947576166 0.09174225823379006
1.221425170078239 0.5586808715558655 4839.6239708755 -0.00013596643128178172 0.06666641248245264
1.1876609452764444 0.5712152064036501 4760.446408615826 0.0007019613952483421 0.06315568328341867
1.1670785370140981 0.559568241587809 4911.312147042467 -0.00010517491961881447 0.047201751638171
1.3358731484821817 0.5610112672715529 4790.70779225535 -0.00012370428320113846 0.10959575762501154
1.3141052451019644 0.6007316544090732 4750.5888717146945 0.00018201509002454595 0.06353165150236789
1.316282281369534 0.5739562822669728 4976.639663399419 -0.0002255790389875431 0.10909276458754613
1.3047814392760815 0.5312631974730815 4459.366720652859 -0.0005744114535631427 0.10135876501966867
1.4238377848675647 0.5620011276524677 4849.39542314881 -1.9247336177888726e-05 0.10258126166216174
1.0906284804715927 0.5507784313223045 4927.046375920112 1.7876047745993733e-05 0.04317148196525177
1.0843209057810594 0.5635586311819275 4903.436738525054 0.000358405976253523 0.04202272320250535
1.2821358529255515 0.5849894103050428 4775.1064031163405 -0.0002570841330700938 0.0738881200679774
1.2571632268288566 0.5732666165348083 4921.43531480214 -0.00026213067700830896 0.06792934280659377
1.188772363684155 0.570919646616041 4677.952619798559 0.00014647868048208666 0.04671352161000261
1.303579516289473 0.5456268218475187 4778.555735229054 -0.0004416736592552341 0.10402147333718283
1.3406425272168176 0.5910092959203008 4797.59268915432 0.000446017295905844 0.11644885323320987
1.3662772150800544 0.5329877847729614 4779.459503248527 -0.0003354401028050639 0.10500817754338612
1.3081041192759444 0.5789697050118783 4869.452929150246 0.00011512396544304833 0.08833486018443812
1.2087653042453967 0.5728133412680793 4300.960379910877 -0.00025249542283333387 0.04122065595103599
1.2351620382748676 0.5215625384076079 4867.042955554919 -0.000547453890314136 0.096407231539192
1.1067750015016848 0.5556886826286381 4782.500710812879 -0.00025917177635005395 0.04367798335958768
1.3736045438097293 0.5475714885658274 4618.631499374903 -0.00011910945422584403 0.1001876046066468
1.4196357147314647 0.5470817574079447 4841.557517601772 0.00022260431691008446 0.10816554690229904
1.4412358928510502 0.5446667301111268 4607.589696810681 -0.00035262669128925195 0.10457905544957852
1.3736494147983764 0.5609649451247753 4836.34968460599 0.00011124900919221981 0.11226541576830121
1.2220643478773838 0.5652523621650671 4676.894356087012 0.000578694321727813 0.06669922618877941
1.359272995729246 0.5646652174067661 4618.786908638624 -0.00039848201292679643 0.10316321088689892
1.2842375570515425 0.5316384312016302 4817.969312304949 -0.0005114417049604966 0.10285671002882074
1.4890038032822033 0.5826419417859242 4405.096979491018 3.165610596006746e-05 0.11342110236983463
1.286046523440817 0.5449333528874201 4954.387148594945 -0.0007122285029484601 0.09804175182133416
1.2384494999808833 0.5656016770157064 4848.447723858712 -0.0006447223907920219 0.07881759605556736
1.1663107794970222 0.5578215538865868 4905.752433795818 0.0004903758669529037 0.04980214863650509
1.3265795460980376 0.6002706185315139 4849.128865402886 0.00034316565734339617 0.08687654010776848
1.2608876733320056 0.5143414274854764 4868.46305083271 -0.00014925378032262272 0.10023286312116368
1.3504510444370748 0.5544444652326996 4815.7086190516675 -0.00036979006667114045 0.09864761649036596
1.3747990748078638 0.5217620986072755 4914.040442286888 -8.768138599721953e-05 0.10178190161532055
1.2887368656500962 0.5652366373406581 4903.349634933701 0.0007341152136987078 0.10630996077207962
1.2967400792421655 0.585010119981372 4899.381178084786 -6.019460599726223e-05 0.08381087997091421
1.3423006920266976 0.5850547666594555 4659.059327135976 1.6155007784190935e-05 0.0803707614565417
1.19860252180689 0.5620099522287929 4453.315396580092 -0.0002764339265159662 0.06766714482598846
1.3028737260292444 0.5607589625586182 4984.169576407194 0.0005244760615863081 0.10177461284223968
1.2567734408569555 0.5028721312980509 4456.8113764117015 -0.00020860047280835185 0.0968052539610782
1.4044209168186743 0.5584004709627817 4826.549626201616 -0.00026630103714526086 0.10576072349344892
1.123140612779314 0.555975265827152 4948.877664845682 0.00013211976079406697 0.048635916146503436
1.1955424407789599 0.5515943868890943 4463.295944430725 0.0005388001632095215 0.07883609009987305
1.1902659725908133 0.5373032690312597 4519.334447162478 -0.0006400923141533601 0.07160211267246977
1.1884292306722897 0.5504651514097388 4923.115476177265 7.645609149462748e-05 0.06538842641478403
1.2997046424147172 0.5755001468622745 4980.669083104135 0.0003904933306567575 0.10666245722695844
1.341438759807637 0.5614826754376965 4671.698703421606 0.00014216727331240394 0.09967763255376669
1.2338524475328156 0.5440307237290974 4837.520039753945 -0.0003806182685333355 0.08050879490528738
1.2201870308104592 0.5797889177806668 4815.668845461717 -7.629802277020793e-05 0.053661537259161146
1.2875639467941946 0.5941828864437526 4719.097379387265 -5.6598481662823114e-05 0.0611682829385376
1.0641107870237476 0.5515849069546332 4832.981177464752 -0.00045512700319893124 0.04123373931922669
1.3093071255289066 0.5691381026134297 4773.688418321005 -4.889709403019644e-07 0.07137175481988578
1.2640075444822516 0.5596512922290113 4782.264395266766 -9.230120466990751e-05 0.09196387461877004
1.3149877340459213 0.5442507208636842 4691.334018835041 -0.000274541575648648 0.10215751052989347
1.1913467918397753 0.558807484297787 4896.686338763044 -0.00024978721894938153 0.06459298183312263
1.3539947865093862 0.5642000630211055 4930.860172755805 -0.0009986923956186603 0.09596545102041404
1.2757354059420227 0.5458818790044719 4672.914343109759 0.00042285514364259655 0.09709450487882335
1.3301798307409807 0.5826355750217421 4840.565014325586 -0.0005244585308359341 0.09297821688769693
1.3511605227512395 0.544599245202378 4683.65977651096 0.00014352323856302884 0.10499520189773359
1.4141576101965105 0.5834156408461258 4300.74822212573 0.00014827960564034286 0.10517001760352382
1.2748460135780033 0.5479976203179252 4801.693822742835 0.0004773462013572752 0.10358001116015886
1.217911359192998 0.5818179411776391 4955.525933802736 0.0005080644733683306 0.0514252734564394
1.3333221805354252 0.536230138475114 4927.131163672082 0.0006294242155087884 0.10062847499838254
1.3721167409879576 0.5369380781938872 4663.800145438358 0.00020012160385283966 0.1050954459157071
1.3721167409879576 0.5369380781938872 4663.800145438358 0.00020012160385283966 0.1050954459157071
1.3346705216708323 0.5164680867536195 4730.102591200907 0.0002981912349283007 0.10063264834405267
1.330373951612888 0.5215570988989859 4782.144607415859 0.00024171836860745956 0.10023577430320525
1.3623459609215918 0.5396324165489904 4728.602931685377 0.000528493809733972 0.10714970049708643
1.3829719848830258 0.5597893135604808 4773.78897194179 0.0006928112257500571 0.09912340047240491
1.455836517501088 0.5904207447965328 4300.809260664387 0.0008887706700068913 0.11080562443196118
1.4587302500379187 0.5773256620831553 4468.9199403569855 -0.00023469251321103153 0.10420305793029958
1.4519075874909684 0.5794006311289308 4468.749139251465 -0.00025651821555482747 0.10341399666933304
1.4267869751084428 0.5618215018256678 4511.850813084748 -6.69316788190466e-05 0.10853538751758388
1.4288629620091453 0.5831081162911093 4249.374983112299 0.0003126654526292316 0.11049989899930578
1.3610387248295628 0.5464585156628599 4832.544686323977 0.00020594705598235815 0.10124679203809081
1.242447059541984 0.5430221517085025 4886.012193232627 8.603062276221597e-05 0.09458899762978412
1.2949537812242085 0.5476213852102649 4886.0656652364705 0.00017243179987543264 0.1084082083305736
1.2699244646194274 0.5260140086123986 4809.11212567483 0.0003137529497405907 0.10339891551103132
1.3446705226153708 0.5220556052120439 4941.524058601887 0.0003417903959962846 0.09879002088211233
1.3729302086950212 0.5182440729893777 4887.583650102968 0.00013501547318732878 0.1009370404998464
1.2944492063807502 0.5343386429231686 4934.111826879042 0.0003771639179877175 0.10034087480826193
1.2513945970795595 0.5582283759804445 4889.497107047606 1.9832201176609018e-05 0.08894407759704873
1.2813554517314318 0.5692875000558938 4922.687749228184 0.0004090407272916093 0.08841449212771252
1.242107997330609 0.5512190392267075 4966.612482903039 0.00040532398892869124 0.0835441230542947
1.2819542789011988 0.5583311010739492 4922.746499705083 0.0002677654155381553 0.08599263699454923
1.2275502301128078 0.5522968148756575 4918.371071321256 0.0004031652332801602 0.09717689656774356
1.227319967372932 0.562404315422949 4903.052076042304 0.0006166908706169775 0.08612503660122332
1.2578939627458008 0.5606690560563288 4951.690283643909 0.000298006567619971 0.07985197993851184
1.3317105597266468 0.5535686683275829 4841.092161268992 0.00012193939606670637 0.10065969760684072
1.317672529251656 0.5639833640651504 4937.44414088015 0.00015093250300319782 0.109808747244186
1.3353999927266287 0.5587968973569641 4811.431383997732 0.0002874922037555851 0.1076356369357232
1.3353999927266287 0.5587968973569641 4811.431383997732 0.0002874922037555851 0.1076356369357232
1.3277732704671243 0.5466443797393791 4911.239707002226 0.0002538831214600081 0.10116726860191547
1.3321889407274763 0.5512906059783891 4841.633651601808 0.0004478456568048642 0.09775421377641635
1.2496205256906925 0.5482553287793821 4817.756077589027 0.0009432431589520455 0.09128669059589958
1.2858192584972643 0.5532769074465482 4903.508815390998 0.0002943957351312124 0.1019090877261518
1.3625828691113442 0.5574038303107836 4984.452554962577 0.00049190790985081 0.10650321995259338
1.3311895565263498 0.5586107161339511 4784.066396241461 0.00029695907815346033 0.09889731964273765
1.3718855273234651 0.582723627986586 4849.665447311586 0.00030148643491199445 0.09708212381211835
1.3718855273234651 0.582723627986586 4849.665447311586 0.00030148643491199445 0.09708212381211835
1.3610531776333874 0.5606289984493003 4814.011047258097 0.0002184743312691909 0.09958010508979107
1.2427907737056112 0.5378513410652221 4816.555464274296 0.00021729029307959502 0.09758529826578582
1.25444892480955 0.5459425939289281 4936.954394784231 0.0004664545493940724 0.09230547727196503
1.3495979261912119 0.5255545709621405 4910.660333574892 -0.00012281540927917828 0.10249492298779113
1.3253701619532405 0.5463065248515685 4927.5438873639905 -0.00011499026193429627 0.10385987877475364
1.3253701619532405 0.5463065248515685 4927.5438873639905 -0.00011499026193429627 0.10385987877475364
1.3175598938773931 0.5473796469925611 4901.153992817046 -0.00010635878287348251 0.09508837445179097
1.3138982115489806 0.5370535222001742 4974.80912671493 -8.087260792522108e-05 0.10312053286516996
1.268847190527093 0.5496643553280263 4918.443494290056 6.311343040357028e-05 0.10946854100557846
1.2728813551497684 0.5134606562994352 4918.270001094809 -0.0001018148547738839 0.09762530463148439
1.2862037123698835 0.5565953062157171 4980.644205078032 -0.00013446570142286744 0.10228634310253036
1.2929157649009908 0.5624750327156013 4998.4317780540905 1.8035107165292727e-06 0.0962329632757451
1.2779873313656576 0.5562340698745797 4743.327469879072 5.605236552366209e-05 0.09380783977363243
1.3984801348503608 0.5648948984032973 4960.554658802119 -8.585887205783847e-06 0.10375872699430617
1.3328894827388518 0.5378019111168817 4910.174841278747 -0.0002794703096320778 0.10234345491285302
1.2737660156072708 0.5691094348771194 4811.183983029005 -9.53700855722935e-05 0.09683974142007541
1.2737660156072708 0.5691094348771194 4811.183983029005 -9.53700855722935e-05 0.09683974142007541
1.2866736970629016 0.5551777657016462 4743.436715504262 -0.0003582086168931651 0.09839207637882857
1.2937350823921983 0.5622518760925541 4951.241092760987 -0.0002815801186249661 0.09613401377881767
1.290323167913069 0.5841809834048514 4827.278432767591 -0.0001410523116667563 0.10119832140075855
1.426668137941893 0.5842010633471214 4960.115587284341 -0.00014045451311335105 0.11304600498810397
1.3552733232058132 0.5947020990333002 4849.517019746412 -0.00032507969781025417 0.1005600349128664
1.3661097402535058 0.6002409894324567 4849.372643580363 6.115451647070076e-05 0.10089928614940001
1.3661097402535058 0.6002409894324567 4849.372643580363 6.115451647070076e-05 0.10089928614940001
1.3447390420109568 0.5783499078760042 4985.6498747973355 -0.00042782381060403564 0.10274160047458565
1.3447390420109568 0.5783499078760042 4985.6498747973355 -0.00042782381060403564 0.10274160047458565
1.3365177335657525 0.5672432026131229 4784.970779564753 -0.0008273634319819376 0.10140595399291022
1.3423068145281627 0.5652897033247946 4869.310017361342 -0.00019679225144215727 0.09626531835277477
1.2467663643205753 0.5564747479680264 4937.497618021236 -0.0004179889162998251 0.09370908347899198
1.0881777504746821 0.5651355034940801 4955.811477333025 0.0003392691046623679 0.04130938155787321
1.1705429896153388 0.5648000672052614 4817.213934822539 0.00023160889363123057 0.05860320489707416
1.1705429896153388 0.5648000672052614 4817.213934822539 0.00023160889363123057 0.05860320489707416
1.1726820479933369 0.5712962753359758 4853.855397647291 0.00014968256876334205 0.04271155712752497
1.149452382621272 0.5763624986999512 4978.948123579756 3.914577549609261e-05 0.04248677494587439
1.1904819082654523 0.5655969499125457 4997.022183038613 0.0001459270912917374 0.05277873147913975
1.210607005123229 0.5678573328829801 4869.3311830764 0.0002207918292944469 0.04757570345641723
1.2344586689496522 0.5895676064034596 4803.703792327469 -3.8054446007423294e-05 0.04964911820020148
1.1626227627383363 0.5481518674043984 4925.798972469109 3.193460293006707e-05 0.05876226340884361
1.173029282634364 0.5698367398809274 4958.604668733219 0.0006677091699299603 0.04243329393291864
1.2353302298785696 0.5765895410810558 4958.047076606423 0.00027473159105765384 0.05045850073882134
1.2466679326935026 0.5759694825816883 4988.168387464508 0.0005782907344250752 0.07692103747264761
1.2721785053426222 0.5740362511886596 4836.616599734752 0.00047148307007060527 0.07871305985456176
1.2211230341825368 0.5777206331625978 4811.491878623671 0.000511399266219713 0.0704249825761734
1.236162153340822 0.5885327345430533 4869.166931958667 0.0004338294795139401 0.054081945744366776
1.190720774277954 0.5625785459779183 4549.541796528848 1.0514231381335424e-05 0.051741995737219715
1.2948866674626713 0.5440820937445174 4403.02103792564 -0.0004477855573882645 0.09403556383954678
1.331712764067528 0.5440943284838391 4546.003474538269 -0.0001814532145705111 0.10448532088537676
1.2859646821619584 0.5762482441289144 4573.834899368673 -8.051610097646962e-05 0.10782500888922472
1.3038663073956203 0.539779582158171 4570.524540385946 -0.0002493000352309518 0.10104257998493046
1.2631730713469487 0.5616706899762458 4428.825381305312 -2.909243632353768e-05 0.07032522451289258
1.3933064027667468 0.5439759740438832 4741.930735959737 5.945016190164412e-05 0.1034963300649108
1.314158218609238 0.5530734708384513 4728.421578459413 6.257526879412809e-05 0.1041480637119741
1.3675700230054915 0.523460827303083 4817.085660471493 -2.9531789311594616e-05 0.10814765414448489
1.4743782455464287 0.5367253001423644 4674.5895465711 -0.00027053976489527123 0.10493996077301174
1.4143240626063949 0.5698832482776812 4849.193048935798 -0.00017486476514699665 0.10813040356880328
1.4165185013807653 0.570395593425665 4803.775966453082 -0.0005973128235544418 0.11323384520870572
1.4395812747603514 0.5537625963591599 4803.3129550267195 -3.041716770139322e-05 0.10694125149573401
1.4255935712566297 0.5392762893074312 4836.113364222957 -0.0003158338726931457 0.1052224757087092
1.4255935712566297 0.5392762893074312 4836.113364222957 -0.0003158338726931457 0.1052224757087092
1.3176392903545686 0.5542582985406176 4728.215530542349 -4.259581950385887e-05 0.10631719133319076
1.4320106865517617 0.5394972383349459 4836.929368337007 -3.5961997998837148e-06 0.10816967674943039
1.152376900434688 0.5500235730726921 4989.211170266326 -0.0006790711000983754 0.050609334028185786
1.1952571419147187 0.5625288357579263 4936.927689635726 -0.0002453919175880499 0.06760839325174367
1.2509812145515162 0.5754304709509206 4891.774804623478 -0.000724949964100373 0.06460271478908067
1.2968964381573722 0.5843790659947428 4836.309928593868 -0.0004669453302589872 0.09307700945639241
1.305143318754286 0.5560713616521622 4804.522622171939 -0.0006853263638559399 0.09543901495349907
1.3280598212239227 0.5619455034479398 4803.700750243032 -0.00037933480454934386 0.08252830603001801
1.2199440230349206 0.542746895477068 4687.807502586577 -0.00016464556328570703 0.08592409108563791
1.2361798655759646 0.5494441702932389 4887.1085820244825 -0.0006091990080810036 0.07430228204581693
1.2185854125473898 0.5481087940010945 4974.312809341646 -0.0004509801261464088 0.0761071301688592
1.173922827886283 0.5439595001697484 4883.183571233382 -0.0004942599176562541 0.07238378317003441
1.2416211514971691 0.5481785137358963 4934.036784890735 -0.0003072020003133214 0.08928420655855479
1.2232510218193309 0.570109084727882 4811.003582781608 -0.00016908648140896427 0.074483472923715
1.2638895550290832 0.5850377579130002 4988.260147127461 -0.00021120906331454302 0.08766326459598046
1.2815465819570178 0.5548591707543237 4739.588900663884 -0.0008523852460280787 0.08396420339801962
1.2668990104991296 0.5731376406374993 4836.776114385088 -0.00037682731776006765 0.07836415188058984
1.2259617412019204 0.5627266566658017 4889.462690132645 -0.0009213645700259107 0.0788695626828124
1.3030472830398256 0.5597150839221863 4958.479481312182 -0.00027911778415812586 0.07573371282358732
1.2577099063221175 0.5776021354393718 4984.24504879156 -0.0006512019579930299 0.0835931736271815
1.1567321514342643 0.5400493167080493 4929.32319772619 -0.00014453850634039484 0.07796954695487535
