    0.128317961068914577E+01    0.918869784610464091E+00    0.471175688125894158E+04   -0.810489252200889389E-04    0.328792507575432325E+00    0.176346735725696924E+00
    0.129487246298648451E+01    0.935640153811167385E+00    0.450309517476991186E+04   -0.311528478216327800E-03    0.528449392541075591E+00    0.384468239060376860E+00
    0.128950952702044574E+01    0.982013671218287310E+00    0.459126801426243856E+04   -0.174845693881680138E-04    0.972969648593866254E+00    0.263054027691912484E+01
    0.146003525982606241E+01    0.907161013625509827E+00    0.437994931549868579E+04   -0.782645551798782121E-03    0.938031362720125994E+00    0.323796229900019839E+01
    0.148049541097624715E+01    0.895658902325951356E+00    0.414081686722464747E+04    0.258599707855236972E-03    0.586700554190269008E+00    0.406089278629908446E+01
    0.123709809892038880E+01    0.931005300600549424E+00    0.451355824109622154E+04   -0.794760167557191904E-03    0.229750836276816195E+00    0.426307177888551525E+01
    0.135610216904247616E+01    0.881092478267436752E+00    0.424405410796138585E+04    0.131128079795454013E-03    0.350633545514163314E+00    0.430332420540497118E+01
    0.141456135710849629E+01    0.933206851401808923E+00    0.481555619157255205E+04    0.716311242620968529E-03    0.942466730117770712E+00    0.465100752974701859E+01
    0.126570838149577902E+01    0.958837822155653385E+00    0.426301567191668983E+04   -0.347918157713764478E-03    0.955319557229881822E+00    0.473123236676326275E+01
    0.132356751588049937E+01    0.979204956437848661E+00    0.491130181355673085E+04   -0.810127909863315879E-03    0.560356923750092273E+00    0.501444604402893646E+01
    0.133023780538994485E+01    0.987381960676051440E+00    0.403507592747167655E+04   -0.702995912576583081E-03    0.957834648647718168E+00    0.520297951425709826E+01
    0.139904521522529501E+01    0.843533529749990629E+00    0.494481918118113754E+04    0.351190177903809228E-03    0.127345887692903920E+00    0.526493720722188918E+01
    0.125110654222159834E+01    0.975752237096933595E+00    0.417822039277793283E+04   -0.635944766765741336E-03    0.265530465624825962E+00    0.534436706566336550E+01
    0.143005007282458130E+01    0.857362740449166827E+00    0.494729967234838932E+04   -0.502049835537487035E-03    0.286716343865018986E+00    0.546066317254383193E+01
    0.136597894909124618E+01    0.864695177536478510E+00    0.462274679111429577E+04   -0.221247776285577857E-03    0.178671853276155812E+00    0.554372863639366109E+01
    0.142747940853299227E+01    0.898840871701231281E+00    0.447603406829536470E+04    0.108963647676739470E-04    0.732457747309702256E+00    0.554760017776728809E+01
    0.139997153705874355E+01    0.935112765863369555E+00    0.457214451913547782E+04    0.136142513318482747E-04    0.997042311055025721E+00    0.562502393377833876E+01
    0.140051418887717816E+01    0.848392698754841357E+00    0.481037362532149291E+04   -0.298904771394510290E-03    0.137489886785083670E+00    0.573706316875837974E+01
    0.128477534648344216E+01    0.943810262339788930E+00    0.453094585198829463E+04    0.613322999043823709E-03    0.676202672493410262E+00    0.574542343450044868E+01
    0.132920479501365318E+01    0.968558845920471145E+00    0.491062179198744070E+04    0.253451352101188940E-03    0.953965179220460202E+00    0.575243137000931437E+01
    0.137713626495111363E+01    0.931317570917380433E+00    0.454670871290835748E+04    0.533442363868156817E-03    0.963765540185316905E+00    0.582344496085459884E+01
    0.132979271933761467E+01    0.953347113270659574E+00    0.442015488309785633E+04    0.506225662424893055E-03    0.983572983658854039E+00    0.589191405232766829E+01
    0.133659664410740264E+01    0.891097332912799356E+00    0.498953270547987449E+04    0.228836236908519470E-03    0.455446340015446927E+00    0.589813747434501057E+01
    0.136806177580255417E+01    0.933788575945493249E+00    0.411484503953520561E+04    0.237567628163540875E-03    0.854404572168710130E+00    0.590305886969806259E+01
    0.134129552296579568E+01    0.966907467830874889E+00    0.416295251265692787E+04    0.746091591571236383E-03    0.963262192643379533E+00    0.594015512753083108E+01
    0.136878664207247835E+01    0.841682654771288674E+00    0.486733739930719639E+04    0.183224591503981408E-03    0.132523365565241052E+00    0.596367250646528735E+01
    0.130948752677773905E+01    0.911235836748909400E+00    0.481663107068872614E+04    0.156618890834994364E-03    0.839092395253772549E+00    0.597116690079862344E+01
    0.131546069550772793E+01    0.934457449080535962E+00    0.469188789631887721E+04    0.498423107447662213E-03    0.642911568517739229E+00    0.597218401634163065E+01
    0.133649537123827367E+01    0.911058187786468854E+00    0.478230704874815910E+04   -0.322074389674109000E-03    0.625412724705472378E+00    0.598388423294185046E+01
    0.148590705623042107E+01    0.874291957843181700E+00    0.426416710642472208E+04   -0.457895875141009240E-03    0.293892981246192786E+00    0.598730855645328219E+01
    0.138176677648899204E+01    0.910929989310211741E+00    0.468216233880498839E+04    0.157623391705850066E-03    0.553401955533091905E+00    0.610707528001758781E+01
    0.141304528541143304E+01    0.964844334250520186E+00    0.430658261514777041E+04    0.501368527443674539E-03    0.989698502877294217E+00    0.616251919761308820E+01
    0.139393998069700276E+01    0.917439518971027157E+00    0.441637010471182657E+04    0.220296571587145405E-03    0.616889084043199309E+00    0.616295947167800584E+01
    0.147050598017433831E+01    0.887476332146854285E+00    0.402445780430677769E+04    0.452259553382491355E-03    0.419149699208946958E+00    0.620774496367234008E+01
    0.145030062405582028E+01    0.912401437103896096E+00    0.473393915030329390E+04   -0.311793493918174902E-03    0.907112083409846504E+00    0.632083600915990651E+01
    0.148352530349821765E+01    0.991014221767799297E+00    0.435275034798060187E+04   -0.960143120795212753E-04    0.985338815793814771E+00    0.633369428718496863E+01
    0.131188452677520528E+01    0.888854930692425604E+00    0.468164685859320070E+04   -0.565063660010617971E-03    0.430197884286787735E+00    0.635444093279354316E+01
    0.150329596674131771E+01    0.855270411229247296E+00    0.453623562740248872E+04    0.260745256154617426E-03    0.273040680538793379E+00    0.636037977843446889E+01
    0.141101550305434165E+01    0.954547810357756377E+00    0.493380092909570521E+04    0.159448639235533290E-03    0.980061518710359070E+00    0.636875981789467804E+01
    0.133371958103082555E+01    0.979729463602805994E+00    0.411484921464991112E+04    0.622457226891164609E-04    0.907051056843530157E+00    0.637928572850850628E+01
    0.157833073178315231E+01    0.850762422658395856E+00    0.469056839537384258E+04   -0.250300230310813293E-03    0.233228068955198431E+00    0.639692742143208104E+01
    0.132117663191188806E+01    0.869448962071911247E+00    0.453321112648416874E+04    0.173987246137098699E-03    0.173208870071135834E+00    0.643028326742713041E+01
    0.137215019757014511E+01    0.908579075196833563E+00    0.413420603924616626E+04    0.617417099204415178E-03    0.521942214013617956E+00    0.645415023397837917E+01
    0.135214115686013026E+01    0.894945405669742344E+00    0.430841496274801921E+04    0.210002688799872573E-04    0.566761831282913020E+00    0.650801739435640503E+01
    0.129121451989428371E+01    0.958632768475245811E+00    0.489394110440338227E+04   -0.234057024348986259E-03    0.981993852076192608E+00    0.652955195144345257E+01
    0.130364073716237305E+01    0.964425450414216900E+00    0.432728691860037088E+04    0.175295983598189830E-03    0.826931512660583401E+00    0.653121762620241064E+01
    0.140771088088670560E+01    0.894541887410983838E+00    0.473634030971652919E+04   -0.549543477384430374E-03    0.868690978000693059E+00    0.654250032380937174E+01
    0.134214321158660299E+01    0.875421958720440818E+00    0.489894321785586544E+04    0.439487036166447619E-03    0.295311922718598463E+00    0.654785831826243303E+01
    0.127842379650908899E+01    0.961275324302073630E+00    0.429480289532245843E+04   -0.159336033516072181E-03    0.919424000631536842E+00    0.656563967627013412E+01
    0.136509779205321591E+01    0.924708593227015374E+00    0.402069677723016366E+04   -0.668100171288400053E-04    0.717115806893615981E+00    0.656815604243573326E+01
    0.143807146238404338E+01    0.879132621925799995E+00    0.469472117678803079E+04    0.133131491720900281E-03    0.507635017711455583E+00    0.659724605551872223E+01
    0.136253095006320191E+01    0.871569274906731417E+00    0.473833898953275457E+04   -0.398775925018046077E-03    0.308624640791035854E+00    0.661146153142293702E+01
    0.144579880924481152E+01    0.861985593588444399E+00    0.450958451485057594E+04   -0.278088188157999772E-03    0.280353491879161476E+00    0.663079288468975037E+01
    0.153772455940976327E+01    0.882351886356974924E+00    0.452737201906428527E+04   -0.276807465693218479E-03    0.537244684066433331E+00    0.663093375373026195E+01
    0.138160457237816825E+01    0.884093992731058709E+00    0.414990295779210919E+04    0.629774645048586097E-03    0.400522681623028176E+00    0.664109244030682078E+01
    0.138846238081881879E+01    0.921417902185645787E+00    0.419236771405901800E+04    0.926062835947872838E-03    0.654969340571543879E+00    0.664508340764421757E+01
    0.146898041426848325E+01    0.921978165639755431E+00    0.475067219434534218E+04   -0.163903696834056595E-03    0.766363144171349875E+00    0.665403163979802059E+01
    0.140201367787707132E+01    0.843723213938797567E+00    0.411449799518769123E+04   -0.423647452525259917E-03    0.159765052555728426E+00    0.666090695190917614E+01
    0.155938728342694066E+01    0.888877797647212864E+00    0.449246991013652132E+04    0.715650865974038321E-03    0.631887018068269635E+00    0.666172704209261823E+01
    0.131960573844495088E+01    0.866825723084491684E+00    0.454116927863185538E+04    0.377584998541422923E-03    0.263222269349154825E+00    0.669220675940162479E+01
    0.144815964846731093E+01    0.915221307020124164E+00    0.395656657411155220E+04   -0.177998453037447386E-03    0.598292732766454893E+00    0.669776882759115821E+01
    0.150673213009849549E+01    0.884550973822774700E+00    0.441521689465454801E+04   -0.672918966919502009E-04    0.434037247754721300E+00    0.669935245006898050E+01
    0.151388731913874208E+01    0.834317174700112685E+00    0.463952548212423426E+04   -0.255509416637146430E-05    0.136763893660831137E+00    0.671035527025550049E+01
    0.128532402039176907E+01    0.932555986839090911E+00    0.453814311664358593E+04   -0.288375903966458331E-03    0.997434051404211597E+00    0.672082475175271021E+01
    0.148478807408792823E+01    0.911239959319369519E+00    0.438425198300228658E+04    0.331894853681214861E-03    0.837109477919198541E+00    0.672776506544481556E+01
    0.135528818686057240E+01    0.859275966865582275E+00    0.497283728630948099E+04   -0.353122346396894334E-03    0.259938692940007099E+00    0.674170269394752175E+01
    0.139999016143796950E+01    0.921065260696142807E+00    0.447081891805921077E+04   -0.543278609274445049E-04    0.701978035476386375E+00    0.677624694175512055E+01
    0.135183632035818047E+01    0.908187021439173070E+00    0.459120282446359124E+04   -0.315465078225726043E-03    0.846277351620268625E+00    0.679299019064304854E+01
    0.134870615341028977E+01    0.857723832683407683E+00    0.419796876047271689E+04   -0.105790025047760770E-02    0.234995686328895753E+00    0.681254024505652112E+01
    0.130601520534884386E+01    0.882266021777608156E+00    0.445855392969033801E+04    0.172984949257650128E-03    0.298546111594343522E+00    0.682224315070397758E+01
    0.133324536928208603E+01    0.880673039091580567E+00    0.439141721505198439E+04    0.349864620525809308E-03    0.359488698580917809E+00    0.686340681689011856E+01
    0.137559435960365040E+01    0.952305072352814141E+00    0.451201609350269246E+04    0.431474950236824498E-03    0.850044798979984972E+00    0.686548325023831119E+01
    0.137018744891840072E+01    0.947815256619717772E+00    0.439520041275652602E+04   -0.128385659050295957E-03    0.648957846951490724E+00    0.687900359314589949E+01
    0.133062141275234480E+01    0.945082274915035825E+00    0.462207643976935833E+04   -0.268825935573800874E-03    0.913306889636433028E+00    0.690431384790910840E+01
    0.127770158579297233E+01    0.913328464714732946E+00    0.468636849096127662E+04   -0.354281321244584609E-03    0.525272064921882498E+00    0.691985939316972587E+01
    0.126939144140923998E+01    0.973394571381197560E+00    0.481998794640339747E+04   -0.129471889382659568E-03    0.579662528473456229E+00    0.692262544592454798E+01
    0.141839095773338841E+01    0.864789379489513399E+00    0.436821999479060469E+04    0.158025285767556569E-03    0.287682950947855787E+00    0.694458946654675557E+01
    0.124461044370438034E+01    0.894170711142780572E+00    0.423589215408452401E+04   -0.545445162570153716E-03    0.358742318688603345E+00    0.694786391246471169E+01
    0.137276577000622524E+01    0.892526771975736155E+00    0.478382275680862858E+04   -0.446579955936261170E-05    0.551180914904519481E+00    0.695590259767750929E+01
    0.142454016660322713E+01    0.916813603321886772E+00    0.414254935503252000E+04   -0.265920678729370777E-03    0.719091386359989038E+00    0.696086690438060174E+01
    0.147786008666775270E+01    0.884579621140237249E+00    0.440208163564365714E+04    0.649653306514748731E-03    0.549072644809816213E+00    0.699416510094322064E+01
    0.137008354976392122E+01    0.958323870892172192E+00    0.425561030624037994E+04   -0.483449287505555102E-04    0.907206362202132355E+00    0.700223562274674372E+01
    0.132546392069705687E+01    0.942031467616076923E+00    0.487508833209117711E+04    0.697097078727197867E-03    0.836825469791427579E+00    0.700241895935597825E+01
    0.146993715529139979E+01    0.895360639719144702E+00    0.393646600631679848E+04   -0.677847672985183426E-04    0.427532391691928915E+00    0.700277316699479879E+01
    0.132571152474219467E+01    0.858122481307158846E+00    0.492414529615927404E+04   -0.265710758053069212E-03    0.165793679311110415E+00    0.700384141834537566E+01
    0.133944976474288935E+01    0.895496367100529822E+00    0.493510778203120481E+04    0.190223220670902556E-03    0.659031186999291307E+00    0.702084763397412459E+01
    0.132303331112518574E+01    0.881738146404124512E+00    0.456797964295643033E+04    0.289465191282425210E-03    0.347628716888655154E+00    0.703066039564668266E+01
    0.133582444111652965E+01    0.930856247414939886E+00    0.468593159087119875E+04    0.944249791083689554E-04    0.607387388582521170E+00    0.707929365058138060E+01
    0.132456899267436801E+01    0.917161836861737134E+00    0.483383802885231216E+04   -0.615870811471375687E-03    0.615407115983580111E+00    0.708582103733659530E+01
    0.132235600170914491E+01    0.927803901835455691E+00    0.419720938620222933E+04   -0.110929823846191619E-03    0.902850489242430498E+00    0.708900073918780649E+01
    0.135984095115700265E+01    0.908736358052970483E+00    0.459629519058400092E+04    0.672776706530072658E-03    0.767607679310083446E+00    0.714119249483308405E+01
    0.143715798656096094E+01    0.839347640681909368E+00    0.452861968746413368E+04    0.419075246608387243E-04    0.164476707169089104E+00    0.714755496417940694E+01
    0.143715798656096094E+01    0.839347640681909368E+00    0.452861968746413368E+04    0.419075246608387243E-04    0.164476707169089104E+00    0.714755496417940694E+01
    0.139285478307494692E+01    0.860765033823639558E+00    0.477939380458360210E+04   -0.278035385249055412E-04    0.222537197630887418E+00    0.718650011930997934E+01
    0.155479212859968996E+01    0.871353110433709444E+00    0.449213994424537123E+04   -0.305199475586433018E-04    0.358890907032957340E+00    0.718989937452540051E+01
    0.133182965464885372E+01    0.885343780210724685E+00    0.446388178906568191E+04    0.801429741193046894E-04    0.500789334497771854E+00    0.719731660206459090E+01
    0.145749401110217702E+01    0.909939912348476154E+00    0.430510908750255749E+04    0.355736784215336655E-03    0.651067477920807436E+00    0.720386147415582734E+01
    0.137737037212801949E+01    0.933545238787148346E+00    0.468230084201879436E+04    0.259951986565372980E-03    0.709448304842392741E+00    0.721304945113694629E+01
    0.136621463546505639E+01    0.932239369951975982E+00    0.495309552204075135E+04    0.867303515143786447E-04    0.890859418340800735E+00    0.722118437124841694E+01
    0.137253545236359886E+01    0.942318411990850757E+00    0.495177554798895926E+04    0.571469846694905705E-05    0.979201800951799206E+00    0.723559679408361411E+01
    0.140564143182046308E+01    0.864565961726384558E+00    0.444943094810847015E+04    0.857526974895672710E-03    0.223335561502317093E+00    0.724899195092233928E+01
    0.129321150756740266E+01    0.962998751340000014E+00    0.490386178060913062E+04    0.632253265352506724E-03    0.835616638305896053E+00    0.726179262124373359E+01
    0.144084594559824763E+01    0.883489741005508700E+00    0.412213100075742932E+04   -0.267845301981486971E-03    0.373004885653292928E+00    0.726272289614036559E+01
    0.132925757778993203E+01    0.837665280545947577E+00    0.418682658692096902E+04   -0.168066407763769446E-03    0.113469646465231638E+00    0.727598341892666767E+01
    0.137347675639467859E+01    0.878936947079335784E+00    0.469350038833427243E+04    0.793527140632331227E-03    0.451197916580674707E+00    0.727982121261184023E+01
    0.137918768803399017E+01    0.904788107093797422E+00    0.466168616620953162E+04   -0.106598084442815588E-02    0.476109362821302728E+00    0.728107001535349330E+01
    0.137918768803399017E+01    0.904788107093797422E+00    0.466168616620953162E+04   -0.106598084442815588E-02    0.476109362821302728E+00    0.728107001535349330E+01
    0.132327488506055935E+01    0.874924531086998192E+00    0.458887625807334189E+04    0.142834709637375658E-03    0.218658893181370384E+00    0.731943551298569517E+01
    0.134280362980245283E+01    0.964329821295600076E+00    0.490721572998586726E+04   -0.799673671360351303E-04    0.987822939583954729E+00    0.734086695940482237E+01
    0.141280184743515713E+01    0.906465972489701177E+00    0.487778904809793312E+04   -0.514151720449808336E-03    0.558763751115196827E+00    0.734380368116330651E+01
    0.141011782781145945E+01    0.882421121374005746E+00    0.484179314081325992E+04    0.597613324354863266E-03    0.417035475287649615E+00    0.735840304493175879E+01
    0.141011782781145945E+01    0.882421121374005746E+00    0.484179314081325992E+04    0.597613324354863266E-03    0.417035475287649615E+00    0.735840304493175879E+01
    0.147690756150292257E+01    0.837149461727945798E+00    0.423854502213501837E+04   -0.154590965709953514E-03    0.112734945097711231E+00    0.738034378441447281E+01
    0.136948386388095389E+01    0.918795589638766508E+00    0.480717462541735495E+04    0.499951869472480557E-03    0.658995002014736597E+00    0.738267964487436501E+01
    0.126113470466727340E+01    0.939051357293443467E+00    0.431895034309098264E+04   -0.224288701825895310E-03    0.916830840759432220E+00    0.739429579162881812E+01
    0.127337236408744459E+01    0.900900062971140447E+00    0.432966593683211158E+04   -0.519034075602993665E-04    0.294451733171573027E+00    0.739439445918824845E+01
    0.143202919898197933E+01    0.915968962734446390E+00    0.432899196966399722E+04   -0.119038515502074737E-03    0.621844809363540474E+00    0.743780831318912394E+01
    0.128049955005477289E+01    0.901556914981792468E+00    0.449881928047511428E+04   -0.473071690134570515E-03    0.533780285457550852E+00    0.744849660396387669E+01
    0.137895071644460643E+01    0.867616027644945276E+00    0.436884889589087834E+04   -0.202761349086005008E-03    0.189159817326534307E+00    0.747342424047983656E+01
    0.128186426671567744E+01    0.906174533543294136E+00    0.472224584233023779E+04    0.203121158747058788E-04    0.738129990209897224E+00    0.749259305270863774E+01
    0.142672417203714286E+01    0.921538287972056169E+00    0.452690803686556683E+04   -0.929937647143039064E-03    0.422261076210527941E+00    0.750574506189247259E+01
    0.142672417203714286E+01    0.921538287972056169E+00    0.452690803686556683E+04   -0.929937647143039064E-03    0.422261076210527941E+00    0.750574506189247259E+01
    0.127779984796728341E+01    0.956105480286262854E+00    0.448337279272848900E+04   -0.209307293899324277E-03    0.550412920397305272E+00    0.751032928608555217E+01
    0.127779984796728341E+01    0.956105480286262854E+00    0.448337279272848900E+04   -0.209307293899324277E-03    0.550412920397305272E+00    0.751032928608555217E+01
    0.140318795177835742E+01    0.887186372374481502E+00    0.396599717436701621E+04   -0.120053364392972946E-03    0.368006865444427456E+00    0.752638340550619223E+01
    0.140318795177835742E+01    0.887186372374481502E+00    0.396599717436701621E+04   -0.120053364392972946E-03    0.368006865444427456E+00    0.752638340550619223E+01
    0.139170641280463392E+01    0.875935864426554689E+00    0.445407109879446580E+04   -0.701732626250278898E-03    0.338813217299873626E+00    0.753880703585343515E+01
    0.129549853050281150E+01    0.885722466057561109E+00    0.470521053520582973E+04   -0.247802068397846899E-04    0.357379988078966926E+00    0.754373095848446518E+01
    0.152975372861385850E+01    0.891427249631732588E+00    0.458195542421309528E+04    0.397268099692279001E-03    0.592410795693108949E+00    0.754780906946290564E+01
    0.137863107590885381E+01    0.855146939969146591E+00    0.459113240585619678E+04   -0.371152362422539923E-03    0.236061312557911185E+00    0.755090035055257758E+01
    0.137863107590885381E+01    0.855146939969146591E+00    0.459113240585619678E+04   -0.371152362422539923E-03    0.236061312557911185E+00    0.755090035055257758E+01
    0.153655254547275133E+01    0.882152683286804296E+00    0.449648976488674361E+04    0.462355332715636631E-03    0.474985162905894931E+00    0.758871710399175825E+01
    0.142680421790001222E+01    0.920564581448301111E+00    0.487282611191832439E+04   -0.274628675828544834E-03    0.983596543110062060E+00    0.760009876101779014E+01
    0.160608980015769842E+01    0.863851241123127944E+00    0.453710336705276950E+04   -0.576036943597999065E-04    0.264709199964989261E+00    0.760465175378472225E+01
    0.137134682426961851E+01    0.934382962489068492E+00    0.419279312736894917E+04    0.116091091787695646E-04    0.669792884664452415E+00    0.761036469943840821E+01
    0.131199173661698554E+01    0.904133280250263627E+00    0.467876955852638002E+04    0.201867071335813067E-03    0.788686926061669791E+00    0.761355948889824496E+01
    0.130661364120905921E+01    0.941812746407123424E+00    0.420008004047700160E+04   -0.311065124356424319E-03    0.632970518843904095E+00    0.762521258416042613E+01
    0.134764022937470962E+01    0.849951664291959785E+00    0.481213990897567328E+04    0.242760982593724878E-03    0.180104996401197953E+00    0.764185397505950803E+01
    0.134764022937470962E+01    0.849951664291959785E+00    0.481213990897567328E+04    0.242760982593724878E-03    0.180104996401197953E+00    0.764185397505950803E+01
    0.144411635656514226E+01    0.841469015140246412E+00    0.473263992100223822E+04    0.586462004714232961E-03    0.171074490540389312E+00    0.764455521992071052E+01
    0.140444459957803502E+01    0.887643727096478208E+00    0.484382660556073370E+04    0.320302588032218307E-03    0.448257498188546766E+00    0.764659918928126103E+01
    0.133992841986127464E+01    0.887099206900937576E+00    0.430821976530721622E+04   -0.592624488804575520E-03    0.345863067381053657E+00    0.764675213178702684E+01
    0.133992841986127464E+01    0.887099206900937576E+00    0.430821976530721622E+04   -0.592624488804575520E-03    0.345863067381053657E+00    0.764675213178702684E+01
    0.136079576488776688E+01    0.906510856351847139E+00    0.497742485699972531E+04   -0.216875086909132532E-03    0.681432943272154534E+00    0.764819089471839497E+01
    0.133988215489903029E+01    0.907151828892307943E+00    0.432258898562976538E+04    0.416797243864887648E-03    0.605990677874706618E+00    0.765001778543489053E+01
    0.133988215489903029E+01    0.907151828892307943E+00    0.432258898562976538E+04    0.416797243864887648E-03    0.605990677874706618E+00    0.765001778543489053E+01
    0.144261269776221046E+01    0.875340671151130234E+00    0.437177757238154754E+04    0.112846612036616236E-03    0.344929485422394544E+00    0.765542871430200655E+01
    0.140612416478642532E+01    0.918954422907964585E+00    0.442866187020361940E+04   -0.806087013979442802E-04    0.882898411783727410E+00    0.766659147847879119E+01
    0.140612416478642532E+01    0.918954422907964585E+00    0.442866187020361940E+04   -0.806087013979442802E-04    0.882898411783727410E+00    0.766659147847879119E+01
    0.138716834895591967E+01    0.851426322530901114E+00    0.459134633097756978E+04    0.235586995331580885E-03    0.199994579578216647E+00    0.766900852285345991E+01
    0.135723996468605357E+01    0.886582488902002752E+00    0.497259116987860216E+04    0.431841267917074079E-03    0.472658155559400384E+00    0.766996198938310147E+01
    0.135723996468605357E+01    0.886582488902002752E+00    0.497259116987860216E+04    0.431841267917074079E-03    0.472658155559400384E+00    0.766996198938310147E+01
    0.135105337021128413E+01    0.888653968609949940E+00    0.438265655454727130E+04    0.292081481658389250E-03    0.461347298237057224E+00    0.767188202121012708E+01
    0.148004462519126734E+01    0.904889243527838727E+00    0.404336180284054308E+04   -0.103131807340761707E-03    0.586416637120963147E+00    0.768825570655679869E+01
    0.137345786013656102E+01    0.822091784931772485E+00    0.478644155443138425E+04   -0.488380682544077528E-03    0.930472865942385402E-01    0.769085031708727929E+01
    0.128663748828457214E+01    0.936341758949040148E+00    0.495245518991390963E+04    0.882297726219237943E-04    0.956662803236228210E+00    0.769974616517003785E+01
    0.128663748828457214E+01    0.936341758949040148E+00    0.495245518991390963E+04    0.882297726219237943E-04    0.956662803236228210E+00    0.769974616517003785E+01
    0.133601294123610925E+01    0.973504231129123432E+00    0.481806095528740207E+04    0.285948964828718066E-03    0.865774174294542842E+00    0.771574958813196865E+01
    0.134168631889544665E+01    0.889036526948923100E+00    0.425857616871061418E+04   -0.481181093283364282E-03    0.371908778199691481E+00    0.771933523791654785E+01
    0.132071240628341258E+01    0.917767416407418990E+00    0.439947057649647923E+04   -0.101752991049317126E-03    0.604165609372517287E+00    0.772317347546600352E+01
    0.132071240628341258E+01    0.917767416407418990E+00    0.439947057649647923E+04   -0.101752991049317126E-03    0.604165609372517287E+00    0.772317347546600352E+01
    0.130090270833401167E+01    0.909597930348516437E+00    0.468126662691708952E+04   -0.112826014572107647E-03    0.510536631480984715E+00    0.772536349531856903E+01
    0.130090270833401167E+01    0.909597930348516437E+00    0.468126662691708952E+04   -0.112826014572107647E-03    0.510536631480984715E+00    0.772536349531856903E+01
    0.140343373550464245E+01    0.885098696785072137E+00    0.486252681238424066E+04   -0.135551121138461404E-04    0.351571222534488081E+00    0.775285063154850107E+01
    0.140343373550464245E+01    0.885098696785072137E+00    0.486252681238424066E+04   -0.135551121138461404E-04    0.351571222534488081E+00    0.775285063154850107E+01
    0.141018000581659386E+01    0.891444142945147289E+00    0.441620003527556855E+04   -0.373916919625534811E-03    0.417641387489740779E+00    0.775819613475751879E+01
    0.141018000581659386E+01    0.891444142945147289E+00    0.441620003527556855E+04   -0.373916919625534811E-03    0.417641387489740779E+00    0.775819613475751879E+01
    0.130279513646808098E+01    0.922651439771347670E+00    0.477004720895258561E+04   -0.256022786265895500E-04    0.890993066352022023E+00    0.776087340959707106E+01
    0.127163757967555568E+01    0.970682564569802397E+00    0.471123025988761765E+04   -0.121935158483259072E-03    0.819879504275410120E+00    0.776536071140148643E+01
    0.127163757967555568E+01    0.970682564569802397E+00    0.471123025988761765E+04   -0.121935158483259072E-03    0.819879504275410120E+00    0.776536071140148643E+01
    0.146893473621066573E+01    0.828737371775258413E+00    0.455215007655994305E+04   -0.449885910281572524E-03    0.110366235605746044E+00    0.776913047783826283E+01
    0.146893473621066573E+01    0.828737371775258413E+00    0.455215007655994305E+04   -0.449885910281572524E-03    0.110366235605746044E+00    0.776913047783826283E+01
    0.130704876099880662E+01    0.977133555884642901E+00    0.471358493428426664E+04   -0.179397973542624287E-03    0.586311628589301082E+00    0.778357276363573902E+01
    0.141711732883836605E+01    0.862855647801099690E+00    0.485202312049534612E+04    0.117551263748292615E-03    0.283264963982148676E+00    0.780763958888618070E+01
    0.139105983746043038E+01    0.863152962207903607E+00    0.438792514404392114E+04   -0.364616544493334921E-03    0.215102287902500133E+00    0.780863204116160592E+01
    0.133333851851610286E+01    0.888303640450889387E+00    0.481616945804350962E+04   -0.146355130897278914E-03    0.556799159812609190E+00    0.782003722039465465E+01
    0.130551360964499796E+01    0.904440781060406818E+00    0.453914586846792099E+04   -0.998999938082358952E-03    0.469705238636627609E+00    0.782447235003059571E+01
    0.142086466964232905E+01    0.848903179956618903E+00    0.481131565948202388E+04    0.354203690653370103E-04    0.181027608686651631E+00    0.782877277248220160E+01
    0.136354518924978629E+01    0.886235795333831011E+00    0.413328575203185483E+04   -0.384235778530797253E-04    0.398339581314024915E+00    0.782909812812373396E+01
    0.140076565280599041E+01    0.862051635731196253E+00    0.454629181298235198E+04   -0.292687154288823984E-03    0.248092940390301747E+00    0.784554679845984992E+01
    0.140076565280599041E+01    0.862051635731196253E+00    0.454629181298235198E+04   -0.292687154288823984E-03    0.248092940390301747E+00    0.784554679845984992E+01
    0.132933079284963007E+01    0.886586990292408617E+00    0.413992644738173294E+04    0.328684042691825701E-03    0.387713758312090873E+00    0.784747357260523337E+01
    0.132933079284963007E+01    0.886586990292408617E+00    0.413992644738173294E+04    0.328684042691825701E-03    0.387713758312090873E+00    0.784747357260523337E+01
    0.135949602025634642E+01    0.902881291037058609E+00    0.474324193469386228E+04    0.104819868877952294E-03    0.497453539920809373E+00    0.785295889615927045E+01
    0.130016420360494966E+01    0.909508931964872036E+00    0.483414420976236124E+04   -0.193283224317946480E-04    0.872214349619101048E+00    0.785544753454620093E+01
    0.130431523058326149E+01    0.923765484575534424E+00    0.460178160445183039E+04    0.200600815556122849E-03    0.773724381712718290E+00    0.786696360988971044E+01
    0.127766307250432032E+01    0.956032042155305573E+00    0.428644292221822798E+04   -0.103398381202885313E-03    0.795005335514771816E+00    0.787405320000433662E+01
    0.154273884818961804E+01    0.883881257158085409E+00    0.449225157845850481E+04   -0.216666015457564145E-03    0.481970708291065419E+00    0.787444070269310537E+01
    0.154273884818961804E+01    0.883881257158085409E+00    0.449225157845850481E+04   -0.216666015457564145E-03    0.481970708291065419E+00    0.787444070269310537E+01
    0.134359236200827015E+01    0.912139322187016655E+00    0.477774446108575285E+04    0.159472146192900769E-03    0.520264762163006322E+00    0.787650947600683882E+01
    0.134359236200827015E+01    0.912139322187016655E+00    0.477774446108575285E+04    0.159472146192900769E-03    0.520264762163006322E+00    0.787650947600683882E+01
    0.142102605240788504E+01    0.905677854582940478E+00    0.414495387004575605E+04    0.291322716124780353E-03    0.639314585315034267E+00    0.787738547553094204E+01
    0.142102605240788504E+01    0.905677854582940478E+00    0.414495387004575605E+04    0.291322716124780353E-03    0.639314585315034267E+00    0.787738547553094204E+01
    0.135668932176264967E+01    0.897907035931990838E+00    0.441948960868025642E+04    0.141704901139490187E-03    0.610881847839283010E+00    0.787778228963916227E+01
    0.155353492130696935E+01    0.874395709288786405E+00    0.432135753463311357E+04    0.741667482501910224E-04    0.377109040272396057E+00    0.787838580871651040E+01
    0.130111640922760996E+01    0.928072184591742899E+00    0.468187923540779320E+04   -0.152718092749854208E-04    0.713787109218501303E+00    0.788808583006345820E+01
    0.130435565627791705E+01    0.884136146369408626E+00    0.434019331243240777E+04    0.499258156634543046E-03    0.540207759920707464E+00    0.789370099806008430E+01
    0.130435565627791705E+01    0.884136146369408626E+00    0.434019331243240777E+04    0.499258156634543046E-03    0.540207759920707464E+00    0.789370099806008430E+01
    0.125499399578038084E+01    0.896075023398228865E+00    0.473505654348205735E+04   -0.117426978826296651E-03    0.404876458951585694E+00    0.791534209897830277E+01
    0.149816509542068621E+01    0.910106517333578502E+00    0.440576194786305587E+04   -0.178187794815466217E-03    0.597973545957091956E+00    0.791738874179983476E+01
    0.132785112394912064E+01    0.881098018375870207E+00    0.484534634724381340E+04   -0.254844760615047564E-03    0.469433148341141304E+00    0.791804847090388186E+01
    0.137317461935178509E+01    0.896096192183244433E+00    0.474271948142754718E+04   -0.497136857765240474E-03    0.638396633104856170E+00    0.792708180895562720E+01
    0.129775848907628744E+01    0.921137701843791290E+00    0.476674044300370406E+04   -0.386519135366112352E-03    0.262121830242362575E+00    0.793201125716652555E+01
    0.135600353253759676E+01    0.900901364868197163E+00    0.496878110879290489E+04    0.189336408020145304E-03    0.651796669669633677E+00    0.793456912194093178E+01
    0.130834016658671870E+01    0.932450447652726333E+00    0.461092769563561978E+04    0.178643998351466876E-03    0.906667449151584481E+00    0.794039746455170281E+01
    0.133175149353102373E+01    0.946174994654734203E+00    0.481089740217158669E+04   -0.585437452206341016E-03    0.724585801903802507E+00    0.795026570156917156E+01
    0.133175149353102373E+01    0.946174994654734203E+00    0.481089740217158669E+04   -0.585437452206341016E-03    0.724585801903802507E+00    0.795026570156917156E+01
    0.128899968498392359E+01    0.905889226024926275E+00    0.474057270328394861E+04    0.137984508641462726E-05    0.412311406275911341E+00    0.795911187725852365E+01
    0.147193615046245352E+01    0.886349400003619281E+00    0.409587324782925998E+04   -0.251500568002735816E-03    0.506581117019056393E+00    0.795915908447723375E+01
    0.131093863149063816E+01    0.882103539020098859E+00    0.467223503349013026E+04   -0.402749857133770931E-04    0.203843756356434674E+00    0.796434938883937704E+01
    0.135421394486714330E+01    0.887013626660132948E+00    0.424257574747896069E+04    0.163807922028653242E-03    0.345680483147124740E+00    0.799668749174280080E+01
    0.143349821034202396E+01    0.887515879180389544E+00    0.437170842205405552E+04    0.408180326856100574E-03    0.389349282759451076E+00    0.799822530349959582E+01
    0.128153153404358888E+01    0.920204798463826190E+00    0.478799720250939026E+04    0.231268803073031193E-03    0.685793911187879246E+00    0.800832042312621972E+01
    0.128153153404358888E+01    0.920204798463826190E+00    0.478799720250939026E+04    0.231268803073031193E-03    0.685793911187879246E+00    0.800832042312621972E+01
    0.141731022472180568E+01    0.871119335976148768E+00    0.446209760447154804E+04    0.137139163804582409E-03    0.312875044478264641E+00    0.800902442363122447E+01
    0.138200498865991728E+01    0.862093975006970159E+00    0.485999216062640062E+04   -0.836124626567035553E-04    0.205620778462962173E+00    0.801357784005155516E+01
    0.138133215078906302E+01    0.911695991830810959E+00    0.483809049878607857E+04   -0.117468095333857854E-03    0.606161543707443684E+00    0.801980769528722881E+01
    0.135717896072939093E+01    0.914136500918768635E+00    0.467638095183570840E+04    0.632476114437803289E-03    0.850699031908203507E+00    0.802155053070990220E+01
    0.135717896072939093E+01    0.914136500918768635E+00    0.467638095183570840E+04    0.632476114437803289E-03    0.850699031908203507E+00    0.802155053070990220E+01
    0.132796839699386471E+01    0.910801486811548489E+00    0.475700045186667285E+04   -0.236806606656555200E-03    0.939560191011644785E+00    0.802637429677100833E+01
    0.127613864342282435E+01    0.911032482675217747E+00    0.451303687265765438E+04    0.588227521942283791E-04    0.501791235337194719E+00    0.802693313996258340E+01
    0.124971308715025353E+01    0.937162817063351472E+00    0.462543171408276612E+04   -0.618362767174314432E-03    0.511520783531770551E+00    0.807968913446871362E+01
    0.124971308715025353E+01    0.937162817063351472E+00    0.462543171408276612E+04   -0.618362767174314432E-03    0.511520783531770551E+00    0.807968913446871362E+01
    0.135948825005876150E+01    0.870115923483924414E+00    0.486329274734211776E+04    0.742459868033795343E-04    0.235535519005349969E+00    0.808900056956216140E+01
    0.132869372162368093E+01    0.891224808541588920E+00    0.429254068713445031E+04    0.101331547151135696E-02    0.527322842037869055E+00    0.809909495516205347E+01
    0.132869372162368093E+01    0.891224808541588920E+00    0.429254068713445031E+04    0.101331547151135696E-02    0.527322842037869055E+00    0.809909495516205347E+01
    0.127510299894732126E+01    0.900999409829867703E+00    0.462567566053664086E+04   -0.449213834278971275E-03    0.486365447611210810E+00    0.809978598644081771E+01
    0.130643720927904905E+01    0.917901728883911527E+00    0.464431492762294783E+04   -0.973298398666237600E-04    0.494307571518076139E+00    0.810655528091007582E+01
    0.137693751784617269E+01    0.961196302409660697E+00    0.499209382468623153E+04    0.705823006578069857E-03    0.989935023644518575E+00    0.811530068412189820E+01
    0.140377138985109218E+01    0.877816907245278055E+00    0.468291128678653149E+04   -0.225815901342175625E-03    0.291672610942441735E+00    0.811666377180329945E+01
    0.138835709424258447E+01    0.884168140830100313E+00    0.434804247748791386E+04   -0.613198022407723375E-03    0.423083030586459796E+00    0.814313255680721859E+01
    0.139239226714956210E+01    0.896304081331020241E+00    0.495919242272088741E+04   -0.162837153360011525E-03    0.601651799905549400E+00    0.814598724626161896E+01
    0.130442447085409663E+01    0.957267526901249721E+00    0.456117074799064630E+04   -0.216002005816837812E-03    0.927686283310074522E+00    0.814981215097234468E+01
    0.148562314597920619E+01    0.874792994232554744E+00    0.422118748464059081E+04   -0.358785229424116831E-03    0.365482979932599261E+00    0.816005844812358916E+01
    0.143393593638713446E+01    0.917285249817375581E+00    0.493329596755333841E+04   -0.649044825734395995E-03    0.985184923745663799E+00    0.818230230911531642E+01
    0.148529306444959031E+01    0.883387149823346096E+00    0.432432362430040939E+04    0.249615480830408815E-03    0.455718388990695056E+00    0.818507836223377794E+01
    0.140601057186541745E+01    0.876136006205531004E+00    0.457289671485864255E+04   -0.910566203964296810E-04    0.311384580121206456E+00    0.819221819753593650E+01
    0.128672447103943988E+01    0.941932449238667591E+00    0.479243409958721350E+04   -0.546919591658615208E-03    0.689021482067341373E+00    0.819637521289036108E+01
    0.141687058929635668E+01    0.884591610435079390E+00    0.491162826208748174E+04   -0.583965801797484089E-04    0.473807818438689354E+00    0.819790226542823142E+01
    0.141386112447021439E+01    0.907330158484450977E+00    0.495966899026233750E+04    0.205235530994056216E-03    0.941350941688198661E+00    0.820251540065407880E+01
    0.149346221981172622E+01    0.869356612182425992E+00    0.459882539929054474E+04    0.113302617429991486E-03    0.337523829837230893E+00    0.822226142797170922E+01
    0.138784757848332774E+01    0.899644749456667725E+00    0.491425362076186320E+04    0.115859909370082887E-03    0.538607967015650502E+00    0.823100423579281149E+01
    0.138784757848332774E+01    0.899644749456667725E+00    0.491425362076186320E+04    0.115859909370082887E-03    0.538607967015650502E+00    0.823100423579281149E+01
    0.131970769524503506E+01    0.896618334745786449E+00    0.426227065742626837E+04    0.653805122105034450E-03    0.528671022085959175E+00    0.823213212101627789E+01
    0.156745438771266787E+01    0.873260165948928302E+00    0.465479033095416798E+04   -0.951240277029070792E-05    0.399138580707888657E+00    0.823588597571330006E+01
    0.132157014087139624E+01    0.933024591507090273E+00    0.489614791441983380E+04   -0.328390306436232419E-03    0.982780037974756659E+00    0.825006410260261092E+01
    0.135634285746498096E+01    0.925788150015748768E+00    0.499819451294943065E+04   -0.355397331011618369E-03    0.789434525291157652E+00    0.825271857391522268E+01
    0.138532369085654805E+01    0.937348969690629419E+00    0.430649723884964806E+04    0.146657408731634437E-03    0.599150764854847750E+00    0.825385171798962425E+01
    0.138532369085654805E+01    0.937348969690629419E+00    0.430649723884964806E+04    0.146657408731634437E-03    0.599150764854847750E+00    0.825385171798962425E+01
    0.156806474933214046E+01    0.867582157107660512E+00    0.444541954900875589E+04    0.332576150078105063E-03    0.345294716610299923E+00    0.826710916941460106E+01
    0.133404093956278968E+01    0.895635779807708143E+00    0.493634315703324228E+04    0.138029912294468067E-03    0.436049033444021350E+00    0.827270836207448035E+01
    0.133870185579791112E+01    0.929577793925861151E+00    0.485809278118375096E+04    0.304621831017504088E-03    0.924827913795515100E+00    0.827280806040813843E+01
    0.136696373085627521E+01    0.923465694410570359E+00    0.493935212278448489E+04    0.531027260261385139E-03    0.968628275308130671E+00    0.827543926497181204E+01
    0.139348257252107555E+01    0.904370434545042401E+00    0.473954827791040952E+04   -0.317491293946080679E-03    0.666905719607134184E+00    0.828189475312343504E+01
    0.139348257252107555E+01    0.904370434545042401E+00    0.473954827791040952E+04   -0.317491293946080679E-03    0.666905719607134184E+00    0.828189475312343504E+01
    0.124216460238865900E+01    0.935741886489681596E+00    0.473510871492014030E+04    0.751691764847872316E-04    0.750150858860185066E+00    0.828273703288693319E+01
    0.135918526781117999E+01    0.919271674204562017E+00    0.480484996721933385E+04    0.511285536219198704E-03    0.714425551207554577E+00    0.828386022941826639E+01
    0.142953334207709437E+01    0.870354032960407697E+00    0.495947484539862035E+04    0.424453350826722392E-04    0.371744178589070495E+00    0.828797365835180244E+01
    0.141807901674672721E+01    0.890641764967828320E+00    0.495742195272109893E+04   -0.104618172579311685E-04    0.545356061327397779E+00    0.829078653651575692E+01
    0.136731970562117278E+01    0.892128763475779296E+00    0.499060683538992362E+04   -0.835701902222315223E-04    0.457798282336929985E+00    0.829913818055855579E+01
    0.139021646079849370E+01    0.903115345608426212E+00    0.494173662550556492E+04    0.215425770582006426E-03    0.866868985159134908E+00    0.830011407341881480E+01
    0.132735122211440082E+01    0.910469471925467899E+00    0.437739045638145126E+04    0.686114167646850162E-04    0.719467284446104305E+00    0.830758437091234292E+01
    0.128976317084374248E+01    0.951139505202751812E+00    0.417658242073847123E+04   -0.310982210896550832E-03    0.858034470241943570E+00    0.833358923827370290E+01
    0.136955669108138967E+01    0.878433447618671925E+00    0.450316464747001737E+04    0.893006120166857592E-03    0.338380359598290159E+00    0.833475243914139163E+01
    0.140602594619358534E+01    0.902448674960394159E+00    0.495917169658229705E+04    0.815438471842209301E-04    0.732978097486304492E+00    0.833478880020045310E+01
    0.133206204435049713E+01    0.910458396591100505E+00    0.493675227045366228E+04    0.290404055417915123E-03    0.663870033984139241E+00    0.835216676944126846E+01
    0.137473853004788937E+01    0.901398029300699122E+00    0.474389342822823073E+04    0.332149796573790552E-03    0.548572236164606819E+00    0.835663577143986736E+01
    0.142195308023001110E+01    0.882260153921680113E+00    0.484317018852369438E+04    0.153385001303198105E-03    0.474291135165115230E+00    0.835873042893467399E+01
    0.147467623318625818E+01    0.896671329815860285E+00    0.489155350469065161E+04   -0.833690738518194565E-04    0.736592485080811765E+00    0.836172306199554605E+01
    0.147467623318625818E+01    0.896671329815860285E+00    0.489155350469065161E+04   -0.833690738518194565E-04    0.736592485080811765E+00    0.836172306199554605E+01
    0.149183379406176897E+01    0.856476274100489876E+00    0.480305428679093893E+04    0.581846840081524756E-03    0.260310587736707344E+00    0.836873483799849183E+01
    0.149183379406176897E+01    0.856476274100489876E+00    0.480305428679093893E+04    0.581846840081524756E-03    0.260310587736707344E+00    0.836873483799849183E+01
    0.128690281647943694E+01    0.901940215750716368E+00    0.448923562003358711E+04    0.140574914869509874E-03    0.513474387129610577E+00    0.837194854064438942E+01
    0.134657049440520216E+01    0.911292442043614370E+00    0.468571681396153508E+04   -0.179328216277181631E-03    0.492989715535373685E+00    0.837434527401901718E+01
    0.134657049440520216E+01    0.911292442043614370E+00    0.468571681396153508E+04   -0.179328216277181631E-03    0.492989715535373685E+00    0.837434527401901718E+01
    0.132514058554083025E+01    0.972527771268589580E+00    0.479652821550044791E+04   -0.316816680673929964E-03    0.712628935902425820E+00    0.838444034025038754E+01
    0.132514058554083025E+01    0.972527771268589580E+00    0.479652821550044791E+04   -0.316816680673929964E-03    0.712628935902425820E+00    0.838444034025038754E+01
    0.131996601594949303E+01    0.929341200328899553E+00    0.469159941269307092E+04   -0.298569759971325773E-03    0.710664504461203439E+00    0.838446956895639239E+01
    0.137166291843725840E+01    0.927049485637885695E+00    0.462194449301611075E+04   -0.315085363856130660E-03    0.566818937609178564E+00    0.840142267807426535E+01
    0.141813564149442151E+01    0.875830022777987049E+00    0.460592843205824192E+04    0.206189193544087780E-03    0.323113812307628478E+00    0.840773949629962658E+01
    0.132005345347468328E+01    0.900481230845264990E+00    0.479013516876310314E+04   -0.271226911014972453E-03    0.378731485436698545E+00    0.840912969609453675E+01
    0.143737796064302348E+01    0.903710445246813432E+00    0.479950408131403674E+04    0.330778654096687834E-03    0.786258027587446007E+00    0.841078309244206501E+01
    0.132263668411690216E+01    0.904888960303690704E+00    0.452105769160661202E+04   -0.529721499263883741E-03    0.391799065486954756E+00    0.841317478333956359E+01
    0.125635678266477679E+01    0.960856524312654670E+00    0.448961546600016391E+04   -0.155988675917051819E-03    0.746298968939804408E+00    0.841726393036099729E+01
    0.132817085192331130E+01    0.968095418468748248E+00    0.483271915794811503E+04   -0.979530657924331357E-04    0.665126064127226968E+00    0.842166443780073770E+01
    0.136440302577890771E+01    0.872931427438447205E+00    0.462904772061274525E+04   -0.340950815023158873E-04    0.300673340861792648E+00    0.842684386916031514E+01
    0.133527099169256669E+01    0.874981947430002793E+00    0.476073061323447655E+04   -0.253854624974408840E-03    0.256304052212409150E+00    0.843112806619772570E+01
    0.133684567606931393E+01    0.946837652605982738E+00    0.479641998426193823E+04   -0.797694502950820473E-03    0.875103161755539594E+00    0.844590081846859775E+01
    0.150868824114305689E+01    0.880226568587074598E+00    0.455137043838327645E+04   -0.213114543242854597E-03    0.453937983177635507E+00    0.844638211011393025E+01
    0.130902032174554050E+01    0.995177558875218193E+00    0.425211631387602756E+04   -0.185254672074282388E-03    0.812976217508081689E+00    0.844977679433647211E+01
    0.129854835016892611E+01    0.925694265502730373E+00    0.477225290163944919E+04   -0.103172128673955179E-03    0.906074645887685270E+00    0.846048070878466518E+01
    0.132015157886077983E+01    0.902707701551928920E+00    0.471138450413432747E+04    0.144930643633708352E-03    0.560822542160311244E+00    0.846085142043843064E+01
    0.135368417603333291E+01    0.868849083594140814E+00    0.442098538932739484E+04    0.443147269605128659E-03    0.307075362317207223E+00    0.846522117732081725E+01
    0.135813641209390235E+01    0.868350457122080255E+00    0.470885191179464618E+04   -0.498482627274897025E-03    0.262919572279459168E+00    0.847048892135394382E+01
    0.132855133345606768E+01    0.896802125070801481E+00    0.457693933268761702E+04   -0.449274248525712808E-03    0.478110505421017962E+00    0.848258009343614816E+01
    0.133997399229026026E+01    0.921086207280389813E+00    0.473145018008734496E+04   -0.170187776621410873E-03    0.797519294682199842E+00    0.848770895449383644E+01
    0.143911599447035710E+01    0.914393758580032245E+00    0.451073658742898897E+04    0.285264478351805620E-03    0.789201774044935744E+00    0.851437961218876183E+01
    0.143911599447035710E+01    0.914393758580032245E+00    0.451073658742898897E+04    0.285264478351805620E-03    0.789201774044935744E+00    0.851437961218876183E+01
    0.134431150383836817E+01    0.888164860382641308E+00    0.471239658780126956E+04   -0.273997610295056353E-03    0.512548366907351616E+00    0.852340695663646031E+01
    0.134431150383836817E+01    0.888164860382641308E+00    0.471239658780126956E+04   -0.273997610295056353E-03    0.512548366907351616E+00    0.852340695663646031E+01
    0.131104657989568318E+01    0.904435240855662737E+00    0.455967570817078285E+04    0.118151834771345352E-03    0.650351580127862539E+00    0.852810627894829665E+01
    0.136213035800019733E+01    0.946947299591430092E+00    0.486298486454016893E+04   -0.515141800308470637E-03    0.921066759472730867E+00    0.853154954874368698E+01
    0.137584522351973737E+01    0.927359135485598229E+00    0.425360350221772023E+04    0.248746509968650689E-03    0.672853584531021731E+00    0.855645402298243241E+01
    0.138928552219031487E+01    0.850022504422790148E+00    0.498940405356972860E+04    0.501096402124825003E-03    0.199735592961927166E+00    0.855864546288174921E+01
    0.139696635647795397E+01    0.892462605491628924E+00    0.473289833357153930E+04    0.220184262873844225E-03    0.560795080971495774E+00    0.857751866317413025E+01
    0.126136720673020353E+01    0.948695060180653527E+00    0.478897810543203832E+04   -0.170913900904575599E-03    0.805503598310398194E+00    0.860761131783447908E+01
    0.127325760016102230E+01    0.957785412191153429E+00    0.448454991993246949E+04   -0.195111072185778116E-03    0.877603463439016407E+00    0.861056911159941052E+01
    0.136978292510672794E+01    0.856748469854534678E+00    0.452290578725227533E+04    0.379497989514669058E-03    0.195295040399294267E+00    0.861402542076438316E+01
    0.136978292510672794E+01    0.856748469854534678E+00    0.452290578725227533E+04    0.379497989514669058E-03    0.195295040399294267E+00    0.861402542076438316E+01
    0.128933921124574113E+01    0.921741026637752370E+00    0.478825588255154162E+04   -0.210104576517737758E-03    0.833639493451402647E+00    0.861950764427515281E+01
    0.139922291023470446E+01    0.895522414646169107E+00    0.434884678964844807E+04    0.611276941544040874E-03    0.525484855839541520E+00    0.863339100091921807E+01
    0.126914819724522410E+01    0.963254763425180904E+00    0.486186646500184906E+04   -0.302749568407267486E-03    0.894515695298502722E+00    0.863552858859097938E+01
    0.126914819724522410E+01    0.963254763425180904E+00    0.486186646500184906E+04   -0.302749568407267486E-03    0.894515695298502722E+00    0.863552858859097938E+01
    0.132497030436031693E+01    0.898201428570775562E+00    0.476075444724586487E+04   -0.394739449112792003E-03    0.517347038730989195E+00    0.863599900998932668E+01
    0.132497030436031693E+01    0.898201428570775562E+00    0.476075444724586487E+04   -0.394739449112792003E-03    0.517347038730989195E+00    0.863599900998932668E+01
    0.146682718976805804E+01    0.881233717778815984E+00    0.442478035836430627E+04    0.369792344864704257E-03    0.357116389253485489E+00    0.863714013293689575E+01
    0.129645259872843610E+01    0.897044749570607869E+00    0.447166882184774204E+04   -0.368872498225871219E-03    0.447002540343413302E+00    0.864127815854397063E+01
    0.146745462715378139E+01    0.906906963845242053E+00    0.495597147354331992E+04    0.293899928642720419E-03    0.803478921196968732E+00    0.865807089704851762E+01
    0.132217975435066948E+01    0.909035827773367555E+00    0.454752704159585119E+04    0.121201456422542441E-03    0.778153021222826258E+00    0.866340284222154544E+01
    0.126292891564935905E+01    0.915284434158472493E+00    0.448995305170085521E+04   -0.427819753030158484E-03    0.432764260180506843E+00    0.866555835753493575E+01
    0.138848083354558982E+01    0.926352517358309924E+00    0.451259185406213237E+04   -0.476438868467316827E-04    0.672171728527309109E+00    0.867325410810515685E+01
    0.134531478860804476E+01    0.897487191286126085E+00    0.449788486796483903E+04    0.132763505276398239E-03    0.437717766562804367E+00    0.868296007462491026E+01
    0.147152660770189714E+01    0.872823254106453339E+00    0.480269280579480346E+04   -0.670307738951273846E-04    0.305837841153159595E+00    0.869356459884460619E+01
    0.137244340833312073E+01    0.946979283952970485E+00    0.408740156229053946E+04   -0.371803679445748990E-03    0.726058131734608092E+00    0.869979091148703176E+01
    0.134681553051958547E+01    0.928567298046912515E+00    0.435105414177310740E+04   -0.347932318622450813E-03    0.549457408552998405E+00    0.871235638871103824E+01
    0.131761917391839445E+01    0.926472843394827494E+00    0.411071694675951585E+04   -0.339120120609167231E-03    0.849724029016018623E+00    0.871816967689932554E+01
    0.128959472995618651E+01    0.898571035624407211E+00    0.452042439486244257E+04   -0.133947490272927084E-03    0.418346442091533266E+00    0.872221492254669073E+01
    0.130277776258588496E+01    0.885560736016724137E+00    0.481914609656765788E+04   -0.461197920156760190E-03    0.302538127612470009E+00    0.872749087219331265E+01
    0.131116804205244364E+01    0.933499135337586106E+00    0.493485678845476923E+04   -0.389914519608310691E-03    0.920191566639938729E+00    0.872992515550922477E+01
    0.135376174260519022E+01    0.903172425093590858E+00    0.474855770954953459E+04   -0.383166849425754287E-03    0.691997298595617760E+00    0.873618952145836403E+01
    0.133762034118430817E+01    0.883575553847314010E+00    0.498191603127585768E+04    0.323159902703344258E-03    0.415636035820516447E+00    0.873886100479459671E+01
    0.133452796773090832E+01    0.890693591812043328E+00    0.496574171314483374E+04   -0.576375167635721978E-04    0.516257426086244142E+00    0.874319557917686119E+01
    0.144213753831047664E+01    0.881462646513541115E+00    0.497070620029962811E+04    0.382074306873750249E-03    0.484396896081824568E+00    0.874716071569170595E+01
    0.138157624171999882E+01    0.863996637745883422E+00    0.489648363426460583E+04   -0.491895468513954716E-04    0.238824959775178480E+00    0.874946121225579176E+01
    0.134263567520642146E+01    0.916612690049469325E+00    0.483704680425116203E+04   -0.354717261637036254E-03    0.783999420392856194E+00    0.876332179901834252E+01
    0.130496361494909996E+01    0.927691446595261149E+00    0.490298703910643690E+04   -0.348182391211223729E-03    0.890791382273588672E+00    0.877259901386791618E+01
    0.139477096019430391E+01    0.898708686238094523E+00    0.484169704080893825E+04   -0.974004112456518402E-04    0.473970493220771616E+00    0.878394390631528488E+01
    0.127549330213330347E+01    0.933364782851593411E+00    0.470590540784049517E+04   -0.299770417913402328E-03    0.741428470301315312E+00    0.878452180845624753E+01
    0.127549330213330347E+01    0.933364782851593411E+00    0.470590540784049517E+04   -0.299770417913402328E-03    0.741428470301315312E+00    0.878452180845624753E+01
    0.135050657945899699E+01    0.907603837047399331E+00    0.445915270823566789E+04    0.136317805253159538E-03    0.544540373191348070E+00    0.880073109415959820E+01
    0.128401715974522923E+01    0.898611083621895013E+00    0.489417810550213107E+04    0.155321260594501855E-03    0.517406699248022628E+00    0.881444207076101804E+01
    0.130953204713835403E+01    0.951153901756328191E+00    0.490572724553753324E+04   -0.234637291512984023E-03    0.710979699534937115E+00    0.881701906901563781E+01
    0.131463962530399336E+01    0.948357610814668295E+00    0.486398352557370526E+04   -0.582367198323503185E-04    0.793953903005397255E+00    0.881827802441226183E+01
    0.131463962530399336E+01    0.948357610814668295E+00    0.486398352557370526E+04   -0.582367198323503185E-04    0.793953903005397255E+00    0.881827802441226183E+01
    0.136324126529449430E+01    0.920676072396131251E+00    0.499882994945530936E+04   -0.215733257144396233E-03    0.841963742192563203E+00    0.883965987804441689E+01
    0.141801961756258565E+01    0.874010717821579020E+00    0.468312201941849071E+04    0.202870055034748284E-03    0.343273187258985035E+00    0.884288001917775190E+01
    0.140490733310707450E+01    0.867914954125471150E+00    0.499419095242888670E+04   -0.114654114882174524E-03    0.297358478961127104E+00    0.885269378294766085E+01
    0.138242438217312147E+01    0.898465639086514667E+00    0.450276826299019285E+04   -0.107362979433792008E-02    0.433661182922799149E+00    0.886057472545781089E+01
    0.136676958419371908E+01    0.908323826771633924E+00    0.489250781368382013E+04    0.705837873089642777E-04    0.753915075144898861E+00    0.886760766062683103E+01
    0.142936351055221267E+01    0.868021434757436205E+00    0.481165998867637882E+04   -0.875040283340192479E-04    0.353335930849341173E+00    0.886819371666015144E+01
    0.142936351055221267E+01    0.868021434757436205E+00    0.481165998867637882E+04   -0.875040283340192479E-04    0.353335930849341173E+00    0.886819371666015144E+01
    0.142240023358495660E+01    0.914853706071011463E+00    0.451174100626578911E+04   -0.507534051398810416E-04    0.801310846089091311E+00    0.887032319610654341E+01
    0.129614167487445542E+01    0.905427415732001251E+00    0.445634984725366212E+04    0.199796721143517212E-03    0.583229610975078971E+00    0.887818032945853375E+01
    0.133271161653730363E+01    0.875395829028188133E+00    0.497382701737452226E+04   -0.583505980786103704E-03    0.256122089525010421E+00    0.888451532157418100E+01
    0.129663668344028826E+01    0.905298452977897350E+00    0.478722590355529064E+04    0.148872338674579789E-03    0.641531935580667900E+00    0.889291206495992270E+01
    0.131621033474017501E+01    0.926449542300456397E+00    0.469345878415817515E+04   -0.107678497528706271E-03    0.722608865241235465E+00    0.889356285046863171E+01
    0.133701127135007214E+01    0.951240649038517794E+00    0.485281734499166123E+04   -0.322142703502384311E-03    0.781173474413334956E+00    0.889703933329041163E+01
    0.133701127135007214E+01    0.951240649038517794E+00    0.485281734499166123E+04   -0.322142703502384311E-03    0.781173474413334956E+00    0.889703933329041163E+01
    0.136751966163293837E+01    0.921392364815018627E+00    0.499239079503216817E+04    0.883636720422528688E-05    0.947233031716630536E+00    0.889973853746005972E+01
    0.136751966163293837E+01    0.921392364815018627E+00    0.499239079503216817E+04    0.883636720422528688E-05    0.947233031716630536E+00    0.889973853746005972E+01
    0.132923229138136412E+01    0.897254024136373896E+00    0.497294000286956907E+04    0.488686624899804635E-04    0.441176326284847875E+00    0.890350910251721039E+01
    0.134091008379476029E+01    0.895012337876390118E+00    0.484805442824162037E+04   -0.845432619083110099E-03    0.395991830285918944E+00    0.890511365414375966E+01
    0.134091008379476029E+01    0.895012337876390118E+00    0.484805442824162037E+04   -0.845432619083110099E-03    0.395991830285918944E+00    0.890511365414375966E+01
    0.144168415305245845E+01    0.838132591794153448E+00    0.495323129094212982E+04    0.176747669751329856E-03    0.146460152195693916E+00    0.891062813148401034E+01
    0.130508065254846084E+01    0.981257791303555837E+00    0.484810117344184255E+04   -0.426645381540602300E-03    0.794914533161920511E+00    0.892077648161685843E+01
    0.134703718164513608E+01    0.923733465322693625E+00    0.462251139406921720E+04   -0.157387876600277571E-03    0.710161534201444566E+00    0.892090995383637519E+01
    0.133918526238779068E+01    0.904626701238868680E+00    0.496532750685604788E+04    0.543232291698189738E-03    0.785972327176286845E+00    0.892600415564312044E+01
    0.132539877316585319E+01    0.871227158297915305E+00    0.476665309676871857E+04   -0.598525920808699505E-03    0.176323701914212622E+00    0.892604761723793239E+01
    0.132539877316585319E+01    0.871227158297915305E+00    0.476665309676871857E+04   -0.598525920808699505E-03    0.176323701914212622E+00    0.892604761723793239E+01
    0.130825900292858766E+01    0.923840340493450873E+00    0.468757916350954565E+04   -0.307271630021895188E-03    0.731820472185646942E+00    0.893217620489490827E+01
    0.133530296101618484E+01    0.896414593884015010E+00    0.472854129505158562E+04   -0.600712168377388629E-03    0.400691013043697863E+00    0.893398580186645042E+01
    0.121465541613848904E+01    0.935395286448195917E+00    0.451562803838410309E+04   -0.333274756385962430E-03    0.465884804586329304E+00    0.893743994237597050E+01
    0.126452611049279140E+01    0.929403400947236946E+00    0.470503445367944005E+04   -0.265295440425042872E-03    0.442353795202854339E+00    0.893989046011715516E+01
    0.133846306007454219E+01    0.881529152409887606E+00    0.497496144882569206E+04    0.305564964162761705E-03    0.291782196355898416E+00    0.894144226052783253E+01
    0.147207083497145375E+01    0.859457331803056945E+00    0.496471665526631841E+04   -0.979155061244563240E-04    0.260292488086395712E+00    0.894410326018251212E+01
    0.131384523073119386E+01    0.916729364981612393E+00    0.476037193101457979E+04   -0.156559616830349185E-03    0.581557765645268732E+00    0.894476102159555708E+01
    0.128457649042969813E+01    0.924248513073066547E+00    0.484589768460728283E+04   -0.497365205851113654E-03    0.732656381404292123E+00    0.895008523403128819E+01
    0.139308698155106514E+01    0.885868797038721345E+00    0.477739733022471864E+04    0.201712892545869024E-03    0.476621239987815193E+00    0.895149164078781823E+01
    0.129306218315591459E+01    0.944746037322451548E+00    0.492746784122766894E+04   -0.573846054056360334E-03    0.884831919848376725E+00    0.895627631063229757E+01
    0.136596545665716418E+01    0.917717697471089444E+00    0.494407728576793579E+04   -0.497768082845304288E-03    0.805909975382613331E+00    0.895758593435741091E+01
    0.130216814206756437E+01    0.935383598887073342E+00    0.482587128354811921E+04   -0.420389596019896756E-03    0.904469359914681137E+00    0.895885612226146932E+01
    0.126420656160904610E+01    0.909359187017819037E+00    0.486694906823605379E+04    0.599343420003996247E-04    0.596366668700352265E+00    0.895985452972816176E+01
    0.132813523753345630E+01    0.919439736395068263E+00    0.497934478599344857E+04    0.318990192012103327E-03    0.758448251943463658E+00    0.896094691766681350E+01
    0.129147538277002560E+01    0.942931090549143147E+00    0.431020649212386070E+04   -0.167936046173931716E-03    0.839576195849389362E+00    0.897541147053670230E+01
    0.128950083193344556E+01    0.928413442142197343E+00    0.455429780206166379E+04   -0.195201389074687470E-03    0.487712484299017313E+00    0.897615231262160940E+01
    0.135634696825161294E+01    0.876991103029327368E+00    0.469188628366743433E+04    0.930378904266608684E-05    0.302372076654222166E+00    0.897874633958339174E+01
    0.131311229215091574E+01    0.930908208284338512E+00    0.450147433598363477E+04   -0.845335804454434175E-04    0.795220953326179147E+00    0.898690325712687432E+01
    0.131341067742458883E+01    0.887711700280610860E+00    0.481659748232271249E+04   -0.360516414440643278E-03    0.355767947732562151E+00    0.898694221164831575E+01
    0.134264341831474221E+01    0.890560187268407133E+00    0.484801863046698236E+04   -0.288578217651739677E-03    0.294863171161670601E+00    0.899150950588799525E+01
    0.141451684388676613E+01    0.893114318209102365E+00    0.442810594434274117E+04    0.461344544101516263E-04    0.523878887719409159E+00    0.899343639362157354E+01
    0.132581274490729673E+01    0.875553144480787804E+00    0.487400596725010109E+04   -0.330384201870724536E-03    0.281243848562878540E+00    0.900078548027524761E+01
    0.144310582891479244E+01    0.858559103202686247E+00    0.492166464508680292E+04    0.328145894788207568E-03    0.228031605938587401E+00    0.900161640196433410E+01
    0.138788375117546048E+01    0.877696976070542645E+00    0.477933785591036485E+04   -0.129683706270685881E-03    0.300591387413479127E+00    0.901826755154916171E+01
    0.140455074792371026E+01    0.889853330080655258E+00    0.442826187060268603E+04   -0.416138410563506890E-03    0.398850263564072494E+00    0.902252248990041750E+01
    0.133978313834876706E+01    0.941112158205332672E+00    0.498441856812278183E+04   -0.716336240946213536E-03    0.770224850879802525E+00    0.903069290032258642E+01
    0.132904202992009024E+01    0.924426432018533917E+00    0.450349087607288675E+04   -0.103530803041390029E-05    0.805785313810151393E+00    0.903160909906809195E+01
    0.136821099857345585E+01    0.921770185129166086E+00    0.497588292563583491E+04   -0.209283225644390212E-03    0.952626125574576377E+00    0.904024965130241220E+01
    0.139551328377095674E+01    0.882379158864324498E+00    0.494124637230735607E+04    0.154088981876927182E-03    0.378251024082867926E+00    0.904067448353813496E+01
    0.139145366636171319E+01    0.857550165806959752E+00    0.493794219096147663E+04    0.444230979914781202E-03    0.257807771495400850E+00    0.904645872094516612E+01
    0.136394706851076686E+01    0.894224923869088695E+00    0.496855827979293827E+04   -0.314864639744988795E-04    0.539314421480073469E+00    0.905996935837745809E+01
    0.133579990731768516E+01    0.913736728125740916E+00    0.493700317929113953E+04   -0.586753595961227062E-03    0.909766526193202751E+00    0.906174743257626858E+01
    0.139257162717592298E+01    0.903784366964264119E+00    0.493167260142591385E+04    0.147423240869378115E-03    0.800922650778042255E+00    0.906275190348901560E+01
    0.126836446430451888E+01    0.920158777962401198E+00    0.487987047252519733E+04   -0.904014099540273398E-04    0.904482761225942289E+00    0.906362530225449703E+01
    0.132665656603498183E+01    0.900159537955765532E+00    0.450608200637230402E+04   -0.461209453695644986E-03    0.417863399562229287E+00    0.906467906944732249E+01
    0.148901237529350428E+01    0.843336883164423012E+00    0.489966269688886223E+04    0.868054712436396383E-03    0.182639673620849485E+00    0.908365548249496513E+01
    0.143993262511756503E+01    0.870378268728745130E+00    0.498868263298190686E+04   -0.577476596735905073E-04    0.321055142403605775E+00    0.909306014811198082E+01
    0.143084617343110176E+01    0.868765616702197763E+00    0.491103545509872492E+04    0.148597807933803454E-04    0.308557617743069779E+00    0.910218640380193023E+01
    0.139394284571107496E+01    0.887608489951453583E+00    0.491485559781954726E+04   -0.142213337095441813E-03    0.407379741894513869E+00    0.911096209388891332E+01
    0.131154979578967268E+01    0.931192557661421061E+00    0.476662768991413759E+04   -0.217027469152733109E-03    0.606649114235842113E+00    0.911271432889320465E+01
    0.135353118768732950E+01    0.927805340503586651E+00    0.483645670632002748E+04   -0.416207783636783754E-03    0.627044573789565907E+00    0.911905076548784344E+01
    0.138604148494786017E+01    0.890019552829807714E+00    0.482400652536463531E+04    0.983491327766398651E-04    0.545765306060853828E+00    0.912407164542066340E+01
    0.140579914801431416E+01    0.891551059146583946E+00    0.442821302933595871E+04    0.103069290400920334E-04    0.419385479796470562E+00    0.912648636615568343E+01
    0.136456281189465356E+01    0.885406236770269972E+00    0.494848339973017755E+04    0.412384034797555856E-03    0.491797543082714617E+00    0.913400943591286030E+01
    0.129294014929892187E+01    0.892518059543265574E+00    0.444398772888560870E+04   -0.380201078119409041E-03    0.307170661484321927E+00    0.913410410454615551E+01
    0.135125456616753459E+01    0.877353800847431975E+00    0.462961534105373994E+04   -0.636693205679100620E-03    0.335805409098440699E+00    0.914095279369893454E+01
    0.132053149932778857E+01    0.952026441008783419E+00    0.485968413564782350E+04   -0.314988704023849784E-03    0.850613868904122494E+00    0.914155116265062162E+01
    0.134644222924815882E+01    0.928842788115358031E+00    0.493920111304129296E+04   -0.670008202465448201E-03    0.661558750197232648E+00    0.914251082588073771E+01
    0.142537872381513142E+01    0.908514976403736352E+00    0.474122586428211525E+04    0.101032605486574390E-03    0.805247408614014004E+00    0.914966016799181148E+01
    0.143424264367464849E+01    0.886949563603984359E+00    0.459046683299073538E+04   -0.720994020970616359E-04    0.441057951250357683E+00    0.915114870648671541E+01
    0.137823967296748795E+01    0.881527833413526252E+00    0.491380502659550166E+04   -0.207016436758897940E-04    0.422580729996397897E+00    0.915196822943732968E+01
    0.139020171123644398E+01    0.926857096907539257E+00    0.430684502552554568E+04   -0.168637102797571364E-03    0.563704755141918312E+00    0.916163475736861166E+01
    0.139653924613544422E+01    0.887772287793763382E+00    0.454616470954476063E+04   -0.398331319060777342E-03    0.492492985993824850E+00    0.917121591962497185E+01
    0.126846355203197536E+01    0.934211084212147713E+00    0.465218487193887177E+04   -0.893126585619475168E-04    0.585294220968793910E+00    0.917300495894700241E+01
    0.130056734985340716E+01    0.903438289840695519E+00    0.481975399726135856E+04   -0.413271931846512708E-03    0.420642456420612154E+00    0.917685915898709936E+01
    0.133651036763322129E+01    0.895838764034961210E+00    0.479083748964611550E+04   -0.276952319211070405E-03    0.421912320040086386E+00    0.917790238717155127E+01
    0.130093803533478569E+01    0.918759277856206258E+00    0.482943629678683919E+04   -0.127559945764400270E-03    0.588039443878162205E+00    0.917872043519910008E+01
    0.133485477886135762E+01    0.893411554636823979E+00    0.477898710237168416E+04   -0.110084539077235662E-03    0.525652075644314376E+00    0.918028718950183276E+01
    0.136185926655141865E+01    0.888070605074618880E+00    0.489856093661369232E+04    0.778219799518804268E-03    0.519738065985017039E+00    0.918685236075319267E+01
    0.130779108194996274E+01    0.919647966768111780E+00    0.468703346303998478E+04   -0.412687336488668622E-04    0.725387933045293698E+00    0.918809033493926997E+01
    0.138523099100280067E+01    0.890444249585323200E+00    0.483696675659653829E+04   -0.559856884185057162E-03    0.389699525425294846E+00    0.918846270494901596E+01
    0.134020080415265297E+01    0.884334180397764125E+00    0.494246786558527583E+04   -0.422633840201333045E-03    0.402077617119922071E+00    0.918927153821330478E+01
    0.132276943968743743E+01    0.915166094981932021E+00    0.490269460387386607E+04    0.185426854381739114E-03    0.706247472035921975E+00    0.918957024564421054E+01
    0.131509643388923059E+01    0.882795551445087479E+00    0.492774569740309380E+04   -0.843426992800424673E-04    0.293794112704725163E+00    0.919033718873811978E+01
    0.136662269984644702E+01    0.879519216885826460E+00    0.496688105899344464E+04    0.506950968319500256E-04    0.339089394283260626E+00    0.919744887702780645E+01
    0.135942374307368663E+01    0.897140623108866553E+00    0.473086189033570008E+04    0.278757354483276955E-04    0.497144684025677741E+00    0.920347922710593203E+01
    0.133461237095731100E+01    0.900913309910687632E+00    0.498116764182335464E+04    0.758498500227102390E-03    0.642054870217511842E+00    0.920575535049486149E+01
    0.143620258259456834E+01    0.918153493390324260E+00    0.481482401310174737E+04    0.540609554906585255E-03    0.932738325327610696E+00    0.920871310665140541E+01
    0.139283498196949962E+01    0.904182844487671500E+00    0.491403316821138287E+04   -0.727418131745232284E-04    0.662177287673986092E+00    0.922471114472959997E+01
    0.134119510840085199E+01    0.947551527682126804E+00    0.472703985981868209E+04   -0.142899294155910799E-03    0.785326291679199873E+00    0.922613587500085686E+01
    0.141698859816565403E+01    0.861421987988227889E+00    0.498042344910145493E+04    0.429420098572939164E-03    0.270560463628554349E+00    0.922867780766996759E+01
    0.138417528230394060E+01    0.961692609239000795E+00    0.480359972103580458E+04   -0.445442830848820674E-03    0.700692487619207549E+00    0.922891499847982644E+01
    0.133403000847629905E+01    0.882905373947817318E+00    0.481784564369914733E+04   -0.225546017386526489E-03    0.393206128919481701E+00    0.922900889703721461E+01
    0.133928222130145347E+01    0.878099676154763475E+00    0.488606228972706958E+04    0.196893439176801087E-03    0.416840919610563299E+00    0.923393625025545006E+01
    0.132331020685848566E+01    0.955691507636889370E+00    0.473112081136132565E+04   -0.174361380101472100E-03    0.933691813786988067E+00    0.924179917444145893E+01
    0.149527761352365984E+01    0.878173290000207718E+00    0.489177814714643046E+04   -0.610170566052447517E-04    0.454054819831824275E+00    0.924403444816385012E+01
    0.131588898012499755E+01    0.885430829308418765E+00    0.481967165302906142E+04    0.137324491532934121E-03    0.313295209363560423E+00    0.924637139329237812E+01
    0.131524470099258428E+01    0.925272014271604548E+00    0.468770989192677735E+04   -0.139755986439815227E-03    0.877901926818127842E+00    0.925973563668409838E+01
    0.134214351763832473E+01    0.884702847463285980E+00    0.497901015371095036E+04    0.338640411015227180E-04    0.358103745545083507E+00    0.926425649119035022E+01
    0.138256525157962784E+01    0.887480452746989834E+00    0.498078946988022471E+04   -0.238525301338151220E-03    0.482955527661832473E+00    0.926431924472879587E+01
    0.143588273111049047E+01    0.858034038055468962E+00    0.488472872058524263E+04    0.125022968161418735E-03    0.245833119403071093E+00    0.926513346016302464E+01
    0.137019471475561572E+01    0.896134827535928991E+00    0.479651714848986740E+04   -0.178889313460051428E-03    0.475261567413369113E+00    0.926527287579092018E+01
    0.140203808524741724E+01    0.869987119435828404E+00    0.474364044006029235E+04    0.210680013462204857E-03    0.308886530205930709E+00    0.926706885929064583E+01
    0.127210668397282012E+01    0.910405396438542458E+00    0.448959944743631422E+04   -0.575975233613657242E-04    0.441995902293113141E+00    0.926755080861101277E+01
    0.135810737784910529E+01    0.893954102531235417E+00    0.484864482942756877E+04    0.265375370212985308E-03    0.406212626957380973E+00    0.927029670084342960E+01
    0.132497617014946578E+01    0.905748398881940475E+00    0.460291909236456650E+04   -0.692332835114050867E-03    0.516636248761892736E+00    0.927879144564514569E+01
    0.137065501331020023E+01    0.879449146640304713E+00    0.489200614108852005E+04   -0.173779631716664836E-03    0.382193338435037500E+00    0.928072328661947843E+01
    0.133413421749196237E+01    0.925587713689353553E+00    0.467660679521546263E+04   -0.263443950581825959E-04    0.681269421797958019E+00    0.928514231728003026E+01
    0.141355304419298733E+01    0.880813711365644347E+00    0.436232891616355028E+04    0.246083233537180664E-03    0.431803291014832613E+00    0.928623117862560932E+01
    0.132023410022186760E+01    0.913999688522365239E+00    0.493635967786691981E+04    0.692736604576219446E-05    0.742058878294284074E+00    0.928873545326892369E+01
    0.133034954974507391E+01    0.908606304010336818E+00    0.496186164495693811E+04    0.166438385108155090E-03    0.660104554881853156E+00    0.928896452061354694E+01
    0.133289869050233434E+01    0.919680449376027331E+00    0.489675697384724572E+04   -0.404354984744973334E-03    0.788060606549473630E+00    0.929226004936895578E+01
    0.130950225206516313E+01    0.897501917640005198E+00    0.488698107613551019E+04   -0.140883623142558156E-03    0.475786729157919974E+00    0.964791876183523911E+01
    0.126616097035872999E+01    0.898222284527630199E+00    0.491210213102990565E+04   -0.518251047112405593E-04    0.408654049866469860E+00    0.952909538094780473E+01
    0.133995987038161157E+01    0.908216617216779931E+00    0.484889783311896463E+04   -0.251206898100290392E-03    0.442111800384007048E+00    0.929556751092140487E+01
    0.130539423563825019E+01    0.904286659247734548E+00    0.487468199978225402E+04   -0.243517523289041554E-03    0.369483518314381920E+00    0.966507828496524724E+01
    0.133574171520731433E+01    0.892451927394869671E+00    0.490275453491946246E+04   -0.169427982214049748E-03    0.540349331771774799E+00    0.956280694682557808E+01
    0.132256688448107007E+01    0.900015124909351649E+00    0.479082394797275629E+04   -0.304746476503461091E-03    0.373763707632062125E+00    0.955213303956379356E+01
    0.132704747181080407E+01    0.895751308374390764E+00    0.477813322569716183E+04   -0.382561176525188034E-03    0.496928107495456073E+00    0.930608844893437670E+01
    0.131663887539730284E+01    0.914329499819348746E+00    0.472893888787776086E+04   -0.619918285201495460E-03    0.479712815777664225E+00    0.948549073288080891E+01
    0.139621322722133967E+01    0.909863292950740754E+00    0.459065167874186045E+04   -0.888343066572790021E-03    0.482245487268512796E+00    0.930689316761514007E+01
    0.139805275296084996E+01    0.912575935513171288E+00    0.459069591926419162E+04   -0.713735003637644937E-03    0.513228003776446728E+00    0.960955752323041423E+01
    0.130603868116582089E+01    0.913832244298520502E+00    0.468724763803507176E+04   -0.541829255280088049E-03    0.561849301998218031E+00    0.946813636646484902E+01
    0.134872502488065460E+01    0.922516301817432494E+00    0.474337339110970697E+04   -0.515682414026773532E-03    0.729878777488403796E+00    0.944156977522462881E+01
    0.135591629728225360E+01    0.922823831711021225E+00    0.483241290974133517E+04   -0.401034634068050109E-03    0.634835531398244779E+00    0.980408473303747385E+01
    0.134574764978201067E+01    0.913586890552193553E+00    0.485944801387614916E+04   -0.402002864048776800E-03    0.628973348870632498E+00    0.947675429777184952E+01
    0.130417346521189348E+01    0.907013493585680286E+00    0.488645550413908768E+04   -0.251371907698390046E-03    0.564915331530375986E+00    0.949917323437050598E+01
    0.133165315393570638E+01    0.891282003811328605E+00    0.466376889457524794E+04   -0.287302831631049691E-03    0.345535478790650163E+00    0.934426181409260082E+01
    0.133661056408931045E+01    0.890628231514279944E+00    0.450197273002761358E+04   -0.281537090745685812E-03    0.425418316468359425E+00    0.933348246807597448E+01
    0.132700400259607720E+01    0.892274343213088628E+00    0.431051429584700873E+04    0.757575788272229686E-04    0.457406853679194147E+00    0.942708849573142338E+01
    0.131609609792346594E+01    0.884048444076247275E+00    0.445656112375783778E+04    0.726870803546722120E-03    0.415934759289698253E+00    0.967789224843197360E+01
    0.133333224484792012E+01    0.908704621456338790E+00    0.488886887440665851E+04    0.132644940442498655E-03    0.686075082261448532E+00    0.955821375025311326E+01
    0.132641085146476145E+01    0.899967278813235017E+00    0.486848130748922631E+04   -0.133857973704126086E-04    0.639412295970872457E+00    0.943548931261884505E+01
    0.132637702022976844E+01    0.909139595208382501E+00    0.496198299839934407E+04   -0.192031722038974676E-03    0.657659989801931633E+00    0.952121863435526095E+01
    0.137999111136768216E+01    0.916987277813726354E+00    0.483295079663524120E+04    0.142938504989046950E-03    0.927899950727480993E+00    0.939839115019920968E+01
    0.136443021094580264E+01    0.921415190408194307E+00    0.480405464826251500E+04    0.297878267593334328E-03    0.826204369056579013E+00    0.944882620938916773E+01
    0.135011603389656720E+01    0.911412850880304659E+00    0.494853657322801519E+04   -0.485477318262644118E-04    0.830064641794121538E+00    0.937197488075261553E+01
    0.136280399418128373E+01    0.902068915297098095E+00    0.491315641729190702E+04   -0.101136214470354483E-03    0.638204371561045036E+00    0.930108861028246636E+01
    0.145870625587222280E+01    0.893757916052880907E+00    0.485348241711261107E+04    0.176349477480998603E-03    0.587296928231087367E+00    0.963551819559108580E+01
    0.138049945459576717E+01    0.901068645364216936E+00    0.497532042734188599E+04    0.989737310145185061E-04    0.652813025790842216E+00    0.939433935398341724E+01
    0.142473170630330781E+01    0.900322760648214371E+00    0.489988895146614414E+04   -0.585891356173622475E-04    0.666361546902910939E+00    0.929483033673850478E+01
    0.140653712319033897E+01    0.904408472821350284E+00    0.498466747478986599E+04    0.132449479931471333E-03    0.810238186088314993E+00    0.973455833236414847E+01
    0.138455764024504813E+01    0.908842495196814260E+00    0.494102855645770251E+04    0.306347396536627589E-03    0.826941127218931982E+00    0.997718783764379680E+01
    0.138455764024504813E+01    0.908842495196814260E+00    0.494102855645770251E+04    0.306347396536627589E-03    0.826941127218931982E+00    0.997718783764379680E+01
    0.141925972505013509E+01    0.901356536159103383E+00    0.478413711307475296E+04    0.666345009045506251E-04    0.760544826721783807E+00    0.948285098096072510E+01
    0.138870486320501341E+01    0.908372274206277530E+00    0.494987952861037593E+04    0.283830019627384080E-03    0.749295406615505644E+00    0.950864534847395149E+01
    0.137936489747666613E+01    0.903404205689973594E+00    0.489295807653068005E+04    0.327906672333869284E-03    0.811551862091902110E+00    0.944825731080845443E+01
    0.144810462514262506E+01    0.905205777248580645E+00    0.485341860717818599E+04    0.286487488391321508E-03    0.766035426673742137E+00    0.946038397684669263E+01
    0.134841193929205794E+01    0.909798553896552176E+00    0.485884444105705461E+04    0.273811391510758327E-03    0.710177538160273736E+00    0.948892952252339228E+01
    0.146814952754785200E+01    0.903371015386178366E+00    0.487296678978952968E+04    0.213590835151666484E-03    0.895806183472035888E+00    0.947604220880709747E+01
    0.140723288305184902E+01    0.896122152981343012E+00    0.481169763493815572E+04    0.961716829242688641E-04    0.712865624168292134E+00    0.982490319207219720E+01
    0.127576640355900128E+01    0.912465349495001798E+00    0.476448146538124638E+04    0.144587672555543975E-03    0.706909096203753307E+00    0.988643713151274284E+01
    0.127576640355900128E+01    0.912465349495001798E+00    0.476448146538124638E+04    0.144587672555543975E-03    0.706909096203753307E+00    0.988643713151274284E+01
    0.130107586708343237E+01    0.932388788847024919E+00    0.481762724897581211E+04   -0.164804307097821724E-04    0.699679256709865083E+00    0.997140704509279452E+01
    0.130107586708343237E+01    0.932388788847024919E+00    0.481762724897581211E+04   -0.164804307097821724E-04    0.699679256709865083E+00    0.997140704509279452E+01
    0.131157872150797750E+01    0.905415907872771153E+00    0.482924092931090308E+04   -0.974057943124715709E-04    0.593400554351602438E+00    0.938090921251595944E+01
    0.129996749383889876E+01    0.927343458964992595E+00    0.482933386252948458E+04   -0.320584721318723385E-04    0.763111585362992284E+00    0.970764049976724053E+01
    0.126709572897769163E+01    0.914407516611906224E+00    0.475263026543934575E+04    0.128552656537871386E-04    0.656042093417038785E+00    0.969766803752508366E+01
    0.127005505722954171E+01    0.920483075980626730E+00    0.480913520227416757E+04   -0.203641732615387176E-03    0.813589859407097382E+00    0.977138695382311262E+01
    0.128719518960152857E+01    0.937430867684887925E+00    0.485743399392193805E+04   -0.254948478787634552E-03    0.895460330667106064E+00    0.949948004776630839E+01
    0.133212180431064753E+01    0.917041886485518654E+00    0.498904515951225494E+04   -0.907152139716726027E-04    0.837811798999801627E+00    0.965727528258232226E+01
    0.134119028683531250E+01    0.909815771498151404E+00    0.494891662808572073E+04   -0.632396648668301494E-03    0.847056001769908695E+00    0.996846244021698169E+01
    0.134119028683531250E+01    0.909815771498151404E+00    0.494891662808572073E+04   -0.632396648668301494E-03    0.847056001769908695E+00    0.996846244021698169E+01
    0.134616547439222645E+01    0.938071268841932926E+00    0.473740546193827595E+04   -0.258270776233361177E-03    0.973095699661236768E+00    0.971067827008635831E+01
    0.132414121399502904E+01    0.944330194817002533E+00    0.466376074846960455E+04   -0.906650794044107404E-04    0.985086283398178386E+00    0.999720529249450252E+01
    0.128422595568393261E+01    0.937736110752850571E+00    0.488603751507019115E+04   -0.501777820739201120E-03    0.940436631314292892E+00    0.993874557175244711E+01
    0.130671516108003116E+01    0.944523403498651160E+00    0.498943717354089313E+04   -0.413070047235457002E-03    0.765730404904943374E+00    0.946536840143177649E+01
    0.132157832318985324E+01    0.939726777621742171E+00    0.488906786023645509E+04   -0.808802914850223530E-03    0.899525040887495742E+00    0.102142969325590727E+02
    0.131865240046187226E+01    0.948437609391691305E+00    0.496620838275913411E+04   -0.765049432176897527E-03    0.855887435592074253E+00    0.960173674742438621E+01
    0.133110434238741160E+01    0.941621681183922088E+00    0.491018903626410520E+04   -0.533568319197469994E-03    0.929301934913395078E+00    0.940410240622876259E+01
    0.129165607688282846E+01    0.966286098327882037E+00    0.496161595822065556E+04   -0.403089647848764465E-03    0.949078150321098324E+00    0.949038497106164236E+01
    0.133054751334571986E+01    0.966461846240569411E+00    0.480402506280778925E+04   -0.230825809946608087E-03    0.800052057572854691E+00    0.974430538161717408E+01
    0.128985023558642742E+01    0.963846962113563910E+00    0.487493072195589048E+04   -0.110042794652571774E-03    0.858914199985712612E+00    0.938637322683068476E+01
    0.131719427564902380E+01    0.891441357863836048E+00    0.481768884118802453E+04   -0.510604874156442997E-04    0.357667654082610698E+00    0.964215091383845468E+01
    0.135407276069720695E+01    0.895452272320277243E+00    0.488707455653041416E+04    0.100562993113113383E-04    0.453988523480498007E+00    0.942545245594242331E+01
    0.135653758572033056E+01    0.883059892509152511E+00    0.499946470878250148E+04   -0.292385210307326343E-04    0.419809218912802873E+00    0.932510110265421055E+01
    0.132232086910620961E+01    0.891146082815004514E+00    0.491516998312847863E+04   -0.106221040971535516E-03    0.372215081307550766E+00    0.945867153835981078E+01
    0.130908026485234519E+01    0.864674384767599502E+00    0.491851185934107798E+04   -0.246741940488829476E-03    0.236418615188229042E+00    0.100352361768385272E+02
    0.130908026485234519E+01    0.864674384767599502E+00    0.491851185934107798E+04   -0.246741940488829476E-03    0.236418615188229042E+00    0.100352361768385272E+02
    0.134338369822331227E+01    0.862275289896616171E+00    0.481713845777045572E+04   -0.189003984387273741E-03    0.209002918287607198E+00    0.980793844903452339E+01
    0.134290535869260719E+01    0.881958262542359539E+00    0.493728099483082224E+04   -0.195996178240722378E-03    0.356917536883926079E+00    0.976419926698998353E+01
    0.134290535869260719E+01    0.881958262542359539E+00    0.493728099483082224E+04   -0.195996178240722378E-03    0.356917536883926079E+00    0.976419926698998353E+01
    0.133272437098306806E+01    0.873242648695697343E+00    0.481754282280205643E+04   -0.536675358580644433E-04    0.273532011806307485E+00    0.101436441751258855E+02
    0.133272437098306806E+01    0.873242648695697343E+00    0.481754282280205643E+04   -0.536675358580644433E-04    0.273532011806307485E+00    0.101436441751258855E+02
    0.132601572881215812E+01    0.887849996944139130E+00    0.498940016657482465E+04   -0.542399588496483148E-03    0.317151441403451861E+00    0.969291744268716116E+01
    0.133256112849632569E+01    0.884151027450459814E+00    0.479002224933408797E+04   -0.259677440160435539E-03    0.278266245810079638E+00    0.964163279145552821E+01
    0.132832084340409828E+01    0.881450177028000770E+00    0.476048298982772576E+04   -0.222222452299572823E-03    0.333956766405976324E+00    0.980537238433000979E+01
    0.136057720626459888E+01    0.887069265330955758E+00    0.479615516655257034E+04   -0.582129182261254723E-03    0.297580896211502632E+00    0.929643546049985758E+01
    0.133340777550815215E+01    0.886608594400032812E+00    0.488276145337389789E+04    0.539807237452565982E-04    0.364817806853383719E+00    0.980099794206356556E+01
    0.135588157044135693E+01    0.887923056461943583E+00    0.473072333209078624E+04   -0.218495237606193402E-03    0.377595889048488287E+00    0.939697159185875286E+01
    0.136550263358851764E+01    0.874937367401466659E+00    0.488988982157418013E+04   -0.458214840546492409E-03    0.298568808387834950E+00    0.952925645904659824E+01
    0.142492393732518075E+01    0.880685029702539035E+00    0.491188405173600950E+04   -0.200364871641563988E-03    0.417903879666943312E+00    0.956994634766181385E+01
    0.139356090304808644E+01    0.865388332504317681E+00    0.494193702387469330E+04   -0.127131165183335353E-03    0.249333473062339939E+00    0.956959273773286512E+01
    0.147060163614142958E+01    0.885317932007369524E+00    0.479419504683207469E+04   -0.156325517123979426E-03    0.511999282454608795E+00    0.957869030159525536E+01
    0.142386866750803764E+01    0.878337175434755091E+00    0.478455136211516492E+04   -0.308963328537012580E-03    0.374314690137536044E+00    0.946188896681423586E+01
    0.147910306501434885E+01    0.879384164930437140E+00    0.495550276924587342E+04   -0.264763402953253934E-03    0.409171630741610781E+00    0.964793093869045038E+01
    0.141584498447790619E+01    0.895581051666656691E+00    0.495757347279977057E+04   -0.172325256453532890E-03    0.553941833462849420E+00    0.982803161199338504E+01
    0.139353716400222272E+01    0.878014636212414157E+00    0.499406439514681369E+04   -0.533637865941565537E-04    0.413732113223473252E+00    0.963237459360343706E+01
    0.142522357605927241E+01    0.887708157260837960E+00    0.491106414819327256E+04   -0.983301818163840229E-05    0.535259701492873163E+00    0.954290655222909123E+01
    0.138707579533717307E+01    0.870013462253635517E+00    0.498645297762769587E+04    0.127003809724813913E-04    0.341304383000637923E+00    0.930990649013774529E+01
    0.147522997746988760E+01    0.850445716022700360E+00    0.480368508879786623E+04    0.859482126641967429E-04    0.188865449072508046E+00    0.934642022287851582E+01
    0.139946846848922135E+01    0.881066030914558262E+00    0.494922582418301226E+04    0.570875579700202688E-04    0.374727438194486173E+00    0.974331526210395360E+01
    0.148094718966350003E+01    0.854844906179705100E+00    0.485355707971305401E+04    0.193030004354023869E-04    0.226342657276909748E+00    0.943232816654115425E+01
    0.136278989232280612E+01    0.863086157241127583E+00    0.499574565009270827E+04    0.281502115141231391E-03    0.279674688229814117E+00    0.932458066452443646E+01
    0.136823170910380076E+01    0.876781252550998369E+00    0.494841705116237881E+04    0.102725313954371889E-03    0.373937361674341551E+00    0.998760834742087766E+01
    0.139499934836315065E+01    0.864719126949417549E+00    0.497538744344635325E+04    0.355774141190776355E-03    0.244744298682261552E+00    0.931248090908119508E+01
    0.143213680513526942E+01    0.876816284756713249E+00    0.495789653879193429E+04   -0.276947824691137689E-03    0.387743006546503066E+00    0.937927533306690719E+01
    0.143389196278375008E+01    0.868462630043434713E+00    0.489926134349392214E+04   -0.121247940833243005E-03    0.251040613177476779E+00    0.940879559775969909E+01
    0.134686837150340866E+01    0.898148228993006281E+00    0.477152125274367336E+04   -0.489963686244516468E-05    0.540853585580668095E+00    0.931614682638917913E+01
    0.135797387814006454E+01    0.895560611186185795E+00    0.492008551490893296E+04    0.230415136969558995E-03    0.562903249530599115E+00    0.932572489476609157E+01
    0.131675188216625960E+01    0.899995178510721194E+00    0.492581521074116517E+04    0.391922181691843597E-03    0.464263833970586626E+00    0.946261569164495953E+01
    0.134535383518758644E+01    0.894656633648767463E+00    0.496148518935982702E+04    0.388207814604441470E-03    0.499870516599262071E+00    0.955928873239548693E+01
    0.127974215080695508E+01    0.891018708939636972E+00    0.490423685291397578E+04    0.197379972346548325E-03    0.425497739263380748E+00    0.955909464553809762E+01
    0.135160343400228999E+01    0.891650653715170938E+00    0.473191779463843613E+04    0.196508273847485673E-03    0.378829088579359596E+00    0.961994090357892873E+01
    0.136948155645742964E+01    0.873694010134583587E+00    0.492065426729004321E+04    0.425715256942948755E-03    0.325361604240059776E+00    0.962598200964708361E+01
    0.139938539360025183E+01    0.879740937414845714E+00    0.499420530741229413E+04    0.304619301032015238E-03    0.412250354188048229E+00    0.998546973015657890E+01
    0.134171206622030148E+01    0.886792163659522181E+00    0.493648992411581003E+04    0.605763253476029277E-03    0.394304505818511064E+00    0.100685983338934566E+02
    0.134171206622030148E+01    0.886792163659522181E+00    0.493648992411581003E+04    0.605763253476029277E-03    0.394304505818511064E+00    0.100685983338934566E+02
    0.134702845732956522E+01    0.874445523427559657E+00    0.488298579190707096E+04    0.444778141156493235E-03    0.298850099109202905E+00    0.993096104573037763E+01
    0.128294083705058148E+01    0.892033003743658570E+00    0.492909501052935866E+04    0.982910326466241878E-03    0.466157005828922055E+00    0.933979768047003134E+01
    0.140605003553998986E+01    0.885755456793891449E+00    0.499105852768107434E+04    0.446184277483444665E-03    0.514321464179906207E+00    0.939630358161106827E+01
    0.135368491841659022E+01    0.893679489356403067E+00    0.493741302531380279E+04    0.278913878363687656E-03    0.575702262119107133E+00    0.101259858788052188E+02
    0.135368491841659022E+01    0.893679489356403067E+00    0.493741302531380279E+04    0.278913878363687656E-03    0.575702262119107133E+00    0.101259858788052188E+02
    0.138323117436415877E+01    0.891629105695708413E+00    0.497588227641747835E+04    0.280722136621330419E-03    0.466328520673629066E+00    0.994536670693176816E+01
    0.142591199191290929E+01    0.874953106624815513E+00    0.494713900702247156E+04    0.488703945988566832E-03    0.375307882173691154E+00    0.942028962654288549E+01
    0.127639920257158712E+01    0.890784619827902913E+00    0.492917606749376682E+04    0.571644161310604581E-03    0.421804768026530996E+00    0.949025793780409899E+01
    0.134303971358671892E+01    0.888277055636818802E+00    0.496160741760141173E+04    0.327409248911189154E-03    0.410498299285345369E+00    0.933236535098117592E+01
    0.133789967490731843E+01    0.899373388216247904E+00    0.486818090733800545E+04    0.371312423470360881E-03    0.648038219903081192E+00    0.949072891517261397E+01
