chirp_mass mass_ratio EOS alpha zeta
0.9840038956125752 0.7573579809178433 4619.238377031579 6.510337739391617e-05 0.0037668388079014925
1.0406186994821784 0.8389150940055222 4381.755022321026 -7.17072846854253e-05 0.009263317043222068
0.9447085085864128 0.7246700425037165 4798.162694530888 0.0002400460089672599 0.005208024692308532
1.4642634657507314 0.8659381522715491 4365.168648300098 -0.00012184657184337005 0.36671965285748875
1.2870737651640338 0.7952361722078444 4529.2126675817335 0.0004691122264731631 0.01685659562864796
1.240073888392831 0.884126655995467 4930.168445800529 -7.590392188637741e-05 0.008610688860117045
1.2126279159356028 0.8706735094081728 4447.707819679254 0.0002063971608216867 0.03549998194588861
1.4567325088258491 0.8325269578983775 4304.091116236966 0.0001626763531496785 0.08279764820106779
1.3287004917951197 0.7867109331805169 4208.001203534957 0.00024725295098055255 0.007322650914306348
1.3256146412922898 0.7419437703250145 4799.29997926738 0.00031987050545590823 0.014988931074068821
0.8928913394773589 0.6627296368053763 4802.3777541765585 1.4058820489613773e-05 0.0038498931497197896
1.2790452417108888 0.9762928111417537 4982.808974718008 0.0007564683519488554 0.05256613761762227
1.1455622416431532 0.7937230234099875 4490.568974481743 0.0005212590733778465 0.006560780232675985
0.9834175723076066 0.7639236487906145 4700.854165625818 -0.00023318761033904313 0.005840091138713128
0.8932285477119987 0.6676376858688069 4936.809505151719 4.5049731794418034e-05 0.0031013398423895963
1.3565548848077142 0.8762068549370798 4751.487291487583 -0.0006120512001100077 0.09920816243796472
1.330385275025436 0.8512742576161414 4107.897773706847 0.0003773427918274392 0.032132011924472986
1.3009594096463406 0.7310752821888766 4439.176006975664 -0.0002177041837917082 0.017733455110199078
1.3048515716111742 0.8543880021179712 4621.599825702533 0.00011627326637942948 0.029968966822460592
1.3461457196441247 0.7952543914844528 4622.812032832003 0.00033899065835828245 0.040948893261003545
1.3448967678486334 0.8085460131823891 4227.596155060074 -0.00019991626586926165 0.0691053672816125
1.2364926814809465 0.7996704636851117 4918.892888556866 0.00018532362734003497 0.02706828041498734
1.1157406407105068 0.7950157645305782 4168.466503399806 -1.4995572093309098e-05 0.006489508431216022
1.375058750278968 0.7442022712719398 4474.499099604321 0.00015986157754275632 0.018338090628852388
1.4266702639181794 0.6936531373635142 4886.750680394126 -0.0005893224233966849 0.018947371885938875
1.151323204381282 0.8624261964867893 4337.663289789711 0.0005346257071747822 0.02017653199372861
1.4950662585541958 0.7833456868179851 4199.097924053718 -0.00011124105921565624 0.050676951886021816
1.2652303372873461 0.8016180287090655 4414.2852122957465 -0.0007016275329932676 0.03915374658021028
1.4282701570465584 0.8849656214362468 4895.250527198331 0.00013549018540537738 0.30747802243141004
1.3845981558315876 0.8247913232759865 4511.764256901454 -0.00030506491462845 0.06722977272157821
1.179324363200819 0.9070927633068631 4793.685617078602 0.000569223542079103 0.011718608876580196
1.3886070246801117 0.7228324527868168 4749.770133768454 -0.0001727416764728568 0.015820101338522203
1.0626352054381805 0.8199013620534698 4437.549593500972 0.00024275138506640157 0.007673647827703851
0.944015239007987 0.68666221118274 4802.996485512325 -0.0002998059533779271 0.0032743996270390746
1.2619936530306328 0.8050392721608792 4943.962741383723 0.00011321025950820766 0.011264240711107678
1.2055791019189115 0.8227708344634799 4423.914205878969 -3.8989297425551414e-05 0.03245546893547611
1.2840480345232228 0.7695006746576607 4846.591406662241 -0.00037067099145395737 0.01575415931777869
1.0191201191872594 0.7834228555535316 4911.657065737377 -7.539634745223771e-05 0.005432029223737181
1.3058536369466647 0.8596813818484805 4630.24128329986 -0.000288801203151488 0.07299226429811474
1.1803936132305957 0.7572541850283923 4579.701228673668 0.00021559627451811424 0.011662217075039928
1.134649445046198 0.875941704972463 4827.331464017175 -1.8808246302213617e-05 0.009476034627448934
1.1965064582614418 0.8027660342528662 4711.522257488209 0.00046200539467373817 0.00935574521942841
1.3422589894845909 0.9329696238526822 4234.6127626210255 0.0005765302225963335 0.01999611569853866
1.4922793857922665 0.7902470822548966 4719.908667392691 -0.0001550119604233667 0.06114123280813263
1.0498185304967187 0.7843814973495811 4380.106707050722 -0.00022814702610458255 0.0055669763642625485
1.3138772524385556 0.7679257339991105 4376.278497877509 -0.0001355044367822398 0.03760202606459988
1.3555780506185893 0.7419629284635095 4922.34197812731 0.0004454816503124976 0.020202247537375945
1.3172193140326596 0.8794923750533145 4690.954934793347 -1.7861727060013215e-05 0.014778884907950023
1.4059721088196073 0.8182329322560415 4926.193629108804 -0.00010331518296667981 0.07497024276245633
1.4837464438370587 0.8046837743983282 4304.359089642318 -8.253036331988794e-05 0.06157855701740767
1.3051831001263994 0.7367751225687046 4744.780649884913 0.0003671128677808282 0.019721217577687446
1.2605628575616485 0.8501948150891863 4973.808051668339 0.0006897378125992133 0.05645076218625588
1.3259070176448355 0.7929362731417743 4197.558659998982 0.000208474228452342 0.05171437807297366
1.428419799131423 0.821869762736485 4234.867952074985 0.0003161960699892431 0.044286724211437874
1.554163905327314 0.7921544937585079 4153.275091454664 0.0002771946338560209 0.04697226298489889
1.533538031593827 0.7095540823007066 4831.357133454399 -0.00023837146947706055 0.015726713270378972
1.3111519560936187 0.838448636934104 4647.29705839047 -2.9837900772869274e-06 0.05660644690442816
1.1396117540035502 0.7516582148246262 4708.9858540824025 -0.0008377330161214184 0.004551860482752223
1.4635971621851547 0.8401346452596405 4468.749832695614 -0.00010288360006002593 0.08365781450626518
1.3363405801757642 0.761106901981767 4430.249184062057 0.00034783566117555756 0.03310859463603253
1.3793331936177835 0.7625944561620803 4909.750616180543 -5.581210031905767e-05 0.03568959929674418
1.3304995580978929 0.9090253260717343 4751.585936720595 0.0006941231333555384 0.06694886921617926
1.4411771679816643 0.8091294494227473 4303.600987950115 -0.0003149949530843959 0.0862170646335052
1.346394450926054 0.8022489852662387 4402.83691312194 -0.0008099825922736646 0.04481856145764766
1.4745254900522307 0.8447336489745985 4632.975415350439 -0.0003078226478595072 0.10125200026927167
1.0987989805298173 0.8841396490418498 4832.969241610377 0.0006947641886892842 0.008707751233283394
1.2374405944592093 0.8990236239945484 4509.518738837413 0.00012446742359609552 0.018414038190055406
1.3173049037305842 0.7339735384983513 4946.443486787482 -0.00018693886120999272 0.02438752299829976
1.0172240610882775 0.7745430103779101 4939.802988416538 0.00025848930898699293 0.005886851478435522
1.220100334399588 0.8323846890238751 4203.883826708018 6.623106695255613e-05 0.010718841301806628
1.3852401557053664 0.861601191754874 4891.679355502562 4.7264551203714894e-05 0.18504938721745723
1.4866176982071282 0.7374492478448645 4328.769234392033 -0.00033453249607142874 0.02545531006511821
1.3433364583713578 0.774390357213373 4402.245067530162 -0.0006680166734321672 0.030206988935201455
1.563856141986217 0.7836192322746904 4023.7759679446144 -6.485320631470823e-05 0.05206496965671002
1.229101926153831 0.7863160003223656 4379.148118120063 5.611066885922051e-05 0.005679166287942071
1.452210200732794 0.7823582940489491 3936.6036158427155 -0.0005920689232516182 0.038263581063410664
1.2619472658597515 0.7830721008560978 4504.261215544976 5.0099155857987767e-05 0.03154157596058972
1.380479196061787 0.855000624040154 4853.991041687638 0.0007562030016437719 0.110945266342958
1.3200321729855962 0.731650595486128 4938.361779488587 -0.00032271586498363783 0.015185493313610014
1.2235079905636428 0.7954409274254917 4594.561098786337 0.00022723870476499235 0.018742167352545566
1.1731890243190954 0.7984444419638533 4979.675571229912 -0.00011275798662407366 0.00847305896606807
1.3082858099367212 0.804942378415767 4748.527538697464 -0.0001467284917292134 0.06227017106937878
1.1790488636734877 0.8043292412023922 4540.66027719521 0.00012329794405414177 0.005218192474920649
1.4797227237683384 0.7570415072868418 4597.747497489357 -0.0004072021189430215 0.02473381385905393
1.4145251860413028 0.7293445891395485 4521.44343686216 -9.56385883518113e-05 0.021229213057975087
1.0164970692313564 0.7905942162926031 4577.541733264312 -6.358726729770922e-05 0.006212963180746083
1.3672656011134934 0.8440164450106445 4775.025160207964 0.0003122517469640617 0.09655956472696943
1.3848444898456946 0.7554706137916274 4846.703352044332 0.00042583320602633166 0.02941833016427043
0.9938343800229789 0.7671863538146401 4746.035121052975 -5.323004352968954e-05 0.005507954275802073
1.3656476983249952 0.854091157279537 4607.527265420082 -8.055393782962916e-06 0.07955189393223806
1.393296429974437 0.6894172963164514 4623.826119940634 -0.00018821948454872885 0.013935925590591838
1.393296429974437 0.6894172963164514 4623.826119940634 -0.00018821948454872885 0.013935925590591838
1.2355439276731595 0.8860265507398708 4741.010090425381 -2.824979271678766e-05 0.014617902215939123
1.2355439276731595 0.8860265507398708 4741.010090425381 -2.824979271678766e-05 0.014617902215939123
1.341553188145352 0.7959546583573898 4136.347604016513 -0.0003118530374389355 0.05032656982320315
1.1895463316000288 0.8350243527114876 4918.0676041384095 0.00017043561216003 0.026097362408057656
1.1895463316000288 0.8350243527114876 4918.0676041384095 0.00017043561216003 0.026097362408057656
1.3472508534786107 0.8070932683552243 4945.375628313368 -0.00019919121785581096 0.05902123153870094
1.2296492095367284 0.785482382378221 4757.081743027994 0.0003024921372619662 0.01659949269195075
1.262479723865647 0.8228080613686564 4441.683957874062 0.0006202322487661041 0.0410508917932974
1.4025412695506043 0.7996762216179392 4593.488415389864 0.0006494270723841982 0.05427377220581661
1.3930648615589247 0.8492292196725383 4059.663813673056 -0.0002958609974472605 0.12022003620256534
1.3538825130042031 0.7744397827750658 4379.547851080115 0.00018258711402659362 0.013437262886390708
1.418058187815915 0.8472639949228906 4140.3043017299005 -0.00010254072779763136 0.11145071308139433
1.0752763559320542 0.8076757482694925 4610.587933123866 -0.00035199720133016505 0.006377834017457222
1.3435738019779695 0.8317215224929073 4659.0611324417 -0.0001840585195468602 0.02059332552414349
1.343062213693262 0.8305455706450124 4211.706847003819 -0.0002671795763021543 0.06397632726429126
1.4843908597627957 0.7556212819216143 4271.998231128912 -0.00029635817153841524 0.02832317701262834
1.1699014238087861 0.851637920862818 4488.041889624285 -8.070332735330164e-05 0.008299027680689864
1.1699014238087861 0.851637920862818 4488.041889624285 -8.070332735330164e-05 0.008299027680689864
1.3242534123180645 0.8815780026269437 4126.3189256620635 0.0007944986415705104 0.033177137985609055
1.3162926495906873 0.7976095953705521 4884.115584146858 -7.461839124501846e-06 0.049594685728940616
1.0190315755519337 0.8142350784924531 4974.873934161458 5.720056356272377e-05 0.006811355352814156
1.2212803646594441 0.8332442275334052 4904.2326813044 0.0005708523430024695 0.06515590354319917
1.074298565106564 0.7799004606652276 4531.577332772745 0.00011478154976925694 0.004797874635346129
1.1428670725866936 0.8746555442919922 4539.85216123679 0.00017725603804540915 0.008842286634010068
1.1428670725866936 0.8746555442919922 4539.85216123679 0.00017725603804540915 0.008842286634010068
1.3563739242232808 0.7996141352692092 4030.7754242469323 -0.00021526138194102545 0.030504710457062066
1.2611623492726487 0.7954643937439047 4448.462224084692 -0.0002380189515574137 0.027329623839121187
1.25923205443572 0.837608325614453 4502.307246985536 0.00037942752584410936 0.011613102360286308
1.25574457772012 0.8162739007990887 4192.326965530896 -0.0005656210217131365 0.00924101458046113
1.0964919506398878 0.8217322183423237 4452.865052200272 -8.257510774173726e-05 0.007261686530001457
1.3206905412903054 0.7606875559797545 4980.293035763376 -0.0002159302784443036 0.02175719689557446
1.209534670427463 0.8217779906421849 4215.752056441138 -0.00040446158219349383 0.007580117820932144
1.0840001820132503 0.8452888853944998 4406.395579955872 -8.203145467312481e-05 0.007914110373447605
1.2388904333206487 0.7293612860283424 4752.110196248068 -0.00030803677494153274 0.014596744939952642
1.2984484476854532 0.7421943432328157 4927.991207975783 -0.0005077982290526636 0.016839122015500724
1.332200854180948 0.8056163929934002 4086.9853235339524 0.0008930607994478551 0.03828080014663983
1.332200854180948 0.8056163929934002 4086.9853235339524 0.0008930607994478551 0.03828080014663983
1.2237207296215902 0.8505757235222079 4548.050725478923 -0.00013363204843535087 0.012731774308168915
1.2167678976833058 0.8202146377220196 4414.161936825759 -0.00017287527228540225 0.02154775976930611
1.3446494500189075 0.7895518448592271 4118.76514161902 0.00020054289897535136 0.042145380997025264
1.235388416513456 0.7939204773229576 4441.723398487961 -0.00037401246763837763 0.013825260020096706
1.1896249560360306 0.7438074903472898 4519.347123577731 -0.00039891580261460104 0.006335281140780781
1.1686916584112261 0.8744906134177508 4258.606195376861 0.00012213812000821172 0.010002494791394576
1.1686916584112261 0.8744906134177508 4258.606195376861 0.00012213812000821172 0.010002494791394576
1.3087892026441184 0.893611713302497 4960.411451742985 0.00013025394381227227 0.028921407368611603
1.3087892026441184 0.893611713302497 4960.411451742985 0.00013025394381227227 0.028921407368611603
1.1002573695944853 0.8182988867091444 4528.406434019509 -0.000201594490021765 0.006545738444121501
1.1002573695944853 0.8182988867091444 4528.406434019509 -0.000201594490021765 0.006545738444121501
1.3958371264037117 0.7922277442722795 3926.543799269125 0.00031457168937784315 0.042748225015413144
1.3169879016391617 0.7945045533659822 4902.470656968281 -0.00010773499000621008 0.057456072481086445
1.5204008118513115 0.7428484252439855 4536.461318250221 -0.00036226936308013906 0.02475071342216304
1.5204008118513115 0.7428484252439855 4536.461318250221 -0.00036226936308013906 0.02475071342216304
1.176310229441279 0.7916128834863116 4861.72848240577 -0.00027097361501272384 0.010165300398112642
1.299832254453251 0.7719730840153582 4673.552679988785 -0.0001244916585716415 0.03536336023932244
1.4544572659099273 0.8126076353389485 4751.893324758819 0.0003135180968727633 0.08621954587050969
1.4544572659099273 0.8126076353389485 4751.893324758819 0.0003135180968727633 0.08621954587050969
1.1377259437354048 0.779067468843565 4384.065745457586 0.00015538385176357684 0.00507126058753045
1.4323147484094148 0.7190198221790466 4621.245873891939 5.444521371373097e-06 0.01731213167609462
1.2079155644285509 0.8284469180265068 4610.427512446905 -5.7744659204817944e-05 0.015289908067926806
1.3738750623371274 0.8144684753270484 4605.100052385727 0.00032600821525590124 0.06454124450874182
1.3738750623371274 0.8144684753270484 4605.100052385727 0.00032600821525590124 0.06454124450874182
1.3084629648501653 0.7735838956734968 4084.074117556363 -0.0004656355000525836 0.029120259529192113
1.5833926955059485 0.7792005715220046 4153.369156913397 -0.00018278060141389276 0.04325455351055613
1.3063753928870723 0.7559785615412364 4792.510031379369 0.00025433526591752163 0.0216265584756008
1.423117200348344 0.7458921889389337 4572.415096745413 -2.765205068942818e-05 0.028817250027041184
1.2460389909532648 0.8979375054146119 4784.596958786368 0.00033655144347846205 0.018670384749655617
1.2460389909532648 0.8979375054146119 4784.596958786368 0.00033655144347846205 0.018670384749655617
1.2835187416447449 0.7522641329552626 4584.105816052894 0.0004173366225328094 0.026373204696577147
1.2835187416447449 0.7522641329552626 4584.105816052894 0.0004173366225328094 0.026373204696577147
1.2612674284501013 0.7428476026955625 4457.050077779647 -0.000826141126336116 0.02002182167259032
1.4631430371799587 0.7563565626077717 4560.240714740357 -0.00045591140371676925 0.033625145142734604
1.1255944769211956 0.7896340375323995 4291.1000560624025 -0.00040554736431543467 0.006163768244003165
1.263825136711395 0.7965584180446642 4563.931353494753 -0.00020573105155209222 0.04409290904395616
1.309823875478786 0.8052406305049468 4979.221272974598 0.00025370515020599197 0.051774279919670055
1.1101956843185337 0.8263234768152735 4976.602872670872 -0.00018920503409831444 0.007349556680567523
1.1101956843185337 0.8263234768152735 4976.602872670872 -0.00018920503409831444 0.007349556680567523
1.389858144127344 0.8162351490920493 4279.447810724645 0.0005061829467143554 0.04882942684557269
1.3651863853563904 0.8246047086156483 4039.63548710079 -0.0007443730496122142 0.022989549749114838
1.1813552975521144 0.7785299011292365 4666.700626118395 7.380288332735885e-05 0.011551129640682258
1.0331023205040644 0.7831546542503223 4793.544543072209 0.00011871309673175977 0.005594311702429058
1.3882660754537455 0.7738271272439488 4949.869501583546 -0.0003611014485993525 0.038294326616387944
1.3882660754537455 0.7738271272439488 4949.869501583546 -0.0003611014485993525 0.038294326616387944
1.3501869208919262 0.838983972314169 4211.7655133141325 -0.0001381148900696042 0.09552525441549642
1.3501869208919262 0.838983972314169 4211.7655133141325 -0.0001381148900696042 0.09552525441549642
1.3961646593053858 0.6934660922839667 4905.523277669023 -0.00034638452950295156 0.013368953589554469
1.2980783092225083 0.8506928282215873 4780.893376233443 0.0005110106189890771 0.0473774256376299
1.2980783092225083 0.8506928282215873 4780.893376233443 0.0005110106189890771 0.0473774256376299
1.3987735200944686 0.7471889009144377 4647.98015623907 0.0005499452751388654 0.02553585976849853
1.3987735200944686 0.7471889009144377 4647.98015623907 0.0005499452751388654 0.02553585976849853
1.337586125386836 0.7755037378277814 4539.135876410894 6.726727801320797e-05 0.043412201433705784
1.2061451055972143 0.8533002490019547 4302.1003860400815 -3.1854692891479324e-05 0.01130348681722661
1.2234849042557798 0.8308608713014437 4316.175857334748 -0.0001253480022853128 0.008801675769666917
1.2234849042557798 0.8308608713014437 4316.175857334748 -0.0001253480022853128 0.008801675769666917
1.3372129195404578 0.7912694803025189 4598.643143246026 0.00020706491384470926 0.01358566990076747
1.4799000648971952 0.7797887698272876 4659.381304873188 9.662498833493489e-05 0.03940072183453271
1.168641444247224 0.7757568036425553 4120.265987549923 -0.00044521764976692443 0.005043356599195517
1.376169698970833 0.803577131795157 4552.121096723431 0.0008113068906336464 0.050486225371205826
1.4207902375055372 0.7703268040419454 4221.945517974212 -2.492753014698768e-05 0.027754645062109517
1.3273632113905822 0.8153767153135689 4470.184376867302 0.00012153642381415402 0.02092758852487938
1.3273632113905822 0.8153767153135689 4470.184376867302 0.00012153642381415402 0.02092758852487938
1.3397225782463318 0.821104780127781 4940.828018725637 0.0003014990256040496 0.04074441302234047
1.3397225782463318 0.821104780127781 4940.828018725637 0.0003014990256040496 0.04074441302234047
1.412062081763478 0.7710527439341793 4512.556458335157 -0.00032562792630975654 0.033776337154589955
1.3472262256711394 0.8053756971370589 4161.107664087406 -9.590346389793862e-05 0.03231009642852097
1.3607853111282502 0.8237886880255619 4219.902757093672 0.0001216058456142237 0.04366796320361433
1.3607853111282502 0.8237886880255619 4219.902757093672 0.0001216058456142237 0.04366796320361433
1.323738826025231 0.7904083369986811 4204.002409233432 -0.00021359997718568475 0.019218343541344263
1.323738826025231 0.7904083369986811 4204.002409233432 -0.00021359997718568475 0.019218343541344263
1.0671126099137827 0.7819037536403501 4685.005889693839 -0.00038588962147187927 0.004973064995126754
1.4417422957840804 0.7689182646707602 4221.809540313956 0.0002921949911182237 0.03047022745170537
1.361451367163224 0.8160997132059391 4371.574841564496 0.0002514247916965537 0.03601470147132132
1.1990188012916914 0.8235631309082997 4949.7339758766975 0.0007253640983015293 0.00673791172754848
1.1990188012916914 0.8235631309082997 4949.7339758766975 0.0007253640983015293 0.00673791172754848
1.3128663665658917 0.855960013852541 4126.098673752719 0.00020772856191139555 0.017375517382618562
1.3981348817613535 0.7230065306838276 4699.992845516901 -0.00033650169112892873 0.019894473549529904
1.3711782236116687 0.8358408758253814 4053.4733674804256 0.00011850423999095131 0.05038162876545111
1.3711782236116687 0.8358408758253814 4053.4733674804256 0.00011850423999095131 0.05038162876545111
1.3243573817585323 0.8294371135420233 4384.195523167903 0.0005802092011525838 0.012193175512931127
1.4123429673722496 0.8382923759264616 4469.48437587505 0.0007069742622600153 0.08540166091064869
1.4123429673722496 0.8382923759264616 4469.48437587505 0.0007069742622600153 0.08540166091064869
1.2625265923808482 0.8478540775199624 4261.702135463321 0.0005887172397212057 0.015561704544536724
1.2625265923808482 0.8478540775199624 4261.702135463321 0.0005887172397212057 0.015561704544536724
1.2110508478346125 0.8377422835344611 4973.049832931173 0.0003083816172932564 0.013394473835083869
1.366957412872317 0.7815051841289888 4168.6696741201085 0.00022035628049253206 0.03352488640538387
1.366957412872317 0.7815051841289888 4168.6696741201085 0.00022035628049253206 0.03352488640538387
1.2850410563472807 0.8265328580563965 4639.420677130114 -0.0005665825860768753 0.017496698158443222
1.3109030143925178 0.7333427891880491 4329.422957928029 0.00016699649540532645 0.02134604540177108
1.351837943229007 0.8210981423241291 4994.35310620597 0.0007812649637906016 0.0901707035750124
1.2014325342350605 0.8127314937031405 4825.11965966508 0.000326781015818162 0.011435603737161284
1.4982044121063276 0.7997229360357982 4366.422059662271 -0.00024088842342188618 0.06479495482264114
1.4982044121063276 0.7997229360357982 4366.422059662271 -0.00024088842342188618 0.06479495482264114
1.3543251980054856 0.7398920034169303 4362.362993111496 1.0109621266533135e-05 0.020869435570510502
1.258061119335205 0.8740486916505213 4224.829317434944 0.00034382616476221525 0.016093860464433892
1.258061119335205 0.8740486916505213 4224.829317434944 0.00034382616476221525 0.016093860464433892
1.1848682219672044 0.8132721095169546 4433.187110293826 0.00016223916896282347 0.00675015697921068
1.1607185975737326 0.8258020907657664 3994.943065424517 0.00021395147405423476 0.008507955678982363
1.0690215076981142 0.7933954816169393 4645.082045355841 8.599170114892459e-05 0.005086898932335701
1.0690215076981142 0.7933954816169393 4645.082045355841 8.599170114892459e-05 0.005086898932335701
1.3816023533786215 0.7973398672943621 4872.331823056402 0.0007250379273095326 0.043737355343496806
1.2291160534200736 0.7850161469785704 4876.403336782537 0.00024194566574750219 0.01389907444243494
1.4148182805134262 0.8017601228270215 4899.112711702147 0.0002035934809507219 0.058830471017194415
1.260731330045327 0.8075135826747665 4497.709267092101 -0.00012491280724054508 0.016483283808654353
1.260731330045327 0.8075135826747665 4497.709267092101 -0.00012491280724054508 0.016483283808654353
1.1510983779853536 0.8150260949807363 4964.544747141301 -0.00013031385711821403 0.006918224015368041
1.1510983779853536 0.8150260949807363 4964.544747141301 -0.00013031385711821403 0.006918224015368041
1.272934991009309 0.7921396976682775 4771.012852316708 0.001016372426893736 0.024115682277784226
1.3874219059735897 0.7454095537127305 4828.152897130131 0.00037850477524492955 0.025071954493989027
1.2573739988056876 0.7852101217082927 4310.924796027316 -0.00036424237015238425 0.027928043527435897
1.439695848343135 0.832592288679447 4774.61271438856 -0.00047070367642864107 0.08298306106362256
1.439695848343135 0.832592288679447 4774.61271438856 -0.00047070367642864107 0.08298306106362256
1.3910182665903514 0.8168217801087183 4741.581098099967 -1.9981440457259906e-05 0.07120363220637983
1.3910182665903514 0.8168217801087183 4741.581098099967 -1.9981440457259906e-05 0.07120363220637983
1.4677027947332668 0.7465972866214882 4560.512195016402 5.407043621493926e-05 0.027858188551514427
1.4677027947332668 0.7465972866214882 4560.512195016402 5.407043621493926e-05 0.027858188551514427
1.2424913889078983 0.8141926224395851 4419.5121794775105 -9.255210976517948e-05 0.025544176959286784
1.3556818012482905 0.7543804751147746 4992.490955806781 -4.561526573100033e-05 0.0284317843301551
1.399439667014748 0.7620003641418712 4452.671730074131 -6.479884647943463e-05 0.0345084525339597
1.4223287497020207 0.7853943775527397 4988.566984824963 0.000232865107559229 0.05477402007963553
1.4223287497020207 0.7853943775527397 4988.566984824963 0.000232865107559229 0.05477402007963553
1.0294056619183467 0.7836571994072818 4772.583841185627 0.0004420917246067468 0.00517409473172039
1.3247921557168763 0.7597572469563887 4857.170732866903 0.00015624033685886546 0.029800405281878085
1.2753178726351608 0.7583492301316713 4489.515822510548 0.0003417268764383834 0.022854216613589717
1.2753178726351608 0.7583492301316713 4489.515822510548 0.0003417268764383834 0.022854216613589717
1.2363429513885307 0.8091532273006127 4761.009506310737 -0.00019335433284814322 0.0315767191334939
1.2363429513885307 0.8091532273006127 4761.009506310737 -0.00019335433284814322 0.0315767191334939
1.4847814084183666 0.8102418104722375 4822.0867555382565 0.0003137799861677332 0.08394969676039092
1.4086255511605335 0.7335816787678582 4976.989563295274 -0.00034080307778722765 0.02097688393665561
1.3631218846353845 0.8350809442671362 4581.034626175623 0.0003684784328658241 0.037776424212117965
1.3263522015993836 0.772926850297966 4622.712398176699 -0.0001729453633049216 0.030191465745372254
1.3263522015993836 0.772926850297966 4622.712398176699 -0.0001729453633049216 0.030191465745372254
1.306065710816645 0.7685771266543736 4448.920048754655 0.00027161753765355084 0.027632657767520562
1.3508388351502645 0.8112299924860342 4835.033957155935 -0.0002600732092296476 0.04092457098765683
1.2717346519112622 0.7987405998941224 4896.897229971424 0.0006974667307510967 0.03070049052731648
1.49348923945875 0.7832661040952174 4895.436361103314 1.4056965966168858e-05 0.04144122010711469
1.3007151983748324 0.8012050877336693 4708.514363318087 -1.107929356464751e-05 0.04494934953466115
1.3007151983748324 0.8012050877336693 4708.514363318087 -1.107929356464751e-05 0.04494934953466115
1.496941529879527 0.8392819112548153 4566.228613161287 0.0003116099299508433 0.12085278291125653
1.2467666102161408 0.7806187942487612 4520.686229368336 -0.00019213286926877022 0.02367671532381772
1.243255142463872 0.8514703658713677 4846.066177264713 -0.00014569943508491382 0.017207322135054604
1.243255142463872 0.8514703658713677 4846.066177264713 -0.00014569943508491382 0.017207322135054604
1.3713372279619653 0.7956994001731305 4211.066213861585 0.00019998585405478205 0.04523234694094437
1.3840475489198463 0.8235334650651337 4978.857509067137 -0.0001448273698337917 0.08933607761277623
1.345526529925181 0.8336265752584905 4540.46868170657 0.0004835795444492365 0.030498300176107437
1.3433496799664086 0.8005442104096625 4569.745273089959 4.654691260149038e-05 0.032473450613766566
1.3433496799664086 0.8005442104096625 4569.745273089959 4.654691260149038e-05 0.032473450613766566
1.3600040694373425 0.7873711827044102 4836.5770890260355 0.00022846674443197324 0.042874710247743426
1.3028185216062464 0.871305434438429 4955.105561778526 0.0002717145711097327 0.031220730147959834
1.2162550306805664 0.840051174327954 4817.970457638942 0.0009724519161011142 0.01528290992030934
1.4202534120953265 0.8454694591200737 4709.132717359168 0.0002304730890655928 0.12089197161820685
1.4202534120953265 0.8454694591200737 4709.132717359168 0.0002304730890655928 0.12089197161820685
1.4950889227625461 0.7997552855161199 4747.347817657889 0.0003725686513528035 0.05580497609395973
1.4950889227625461 0.7997552855161199 4747.347817657889 0.0003725686513528035 0.05580497609395973
1.4713908450349542 0.8322274424804759 4806.020404262307 0.000663712992797287 0.129881646417227
1.370932640886338 0.7629476823057526 4710.2352897866995 0.0004132162288764 0.03320420731524063
1.370932640886338 0.7629476823057526 4710.2352897866995 0.0004132162288764 0.03320420731524063
1.4636701497790838 0.790478312034711 4850.782356871992 -0.00010675352968490608 0.039659897279991765
1.4636701497790838 0.790478312034711 4850.782356871992 -0.00010675352968490608 0.039659897279991765
1.3447895024330643 0.7853807923954479 4195.271678190135 -0.000195002307737131 0.027837809115750546
1.3297101493783483 0.8384261948450557 4805.078675981672 0.00012268653322261924 0.08810760629044528
1.3297101493783483 0.8384261948450557 4805.078675981672 0.00012268653322261924 0.08810760629044528
1.1531166461088826 0.8576420960978525 4511.537753104168 0.0008186921180378358 0.006684435821761444
1.458340109692922 0.8014159544043884 4300.28404098732 0.00021888469421210856 0.051794797123970976
1.458340109692922 0.8014159544043884 4300.28404098732 0.00021888469421210856 0.051794797123970976
1.1867663189173323 0.8017366290975614 4931.3955528384 0.0002621414597238361 0.007733050100352154
1.2564046856037683 0.7612752643139011 4920.01918509959 0.0001895168981787372 0.014372060579224022
1.323585389730569 0.823113508221027 4572.3349459809915 0.0003141418739045048 0.04348506282716926
1.1225316417200486 0.7895930613019583 4757.45032628907 -1.6690853815502407e-06 0.0058130033245105284
1.1225316417200486 0.7895930613019583 4757.45032628907 -1.6690853815502407e-06 0.0058130033245105284
1.2553755784841854 0.8185241789303537 4550.971955373784 -0.00015013428550470797 0.015399671977382179
1.272154680702469 0.8089000125246475 4561.3655324827705 0.0002676750088689405 0.030945141121814804
1.3433683280579996 0.7756781244771461 4651.916845574692 0.0001512398396587992 0.03437610914489869
1.3713496750611402 0.8126739780914993 4142.986014249065 0.0001216520177920614 0.031469144039261335
1.359880988309341 0.8001475625862605 4958.433019043568 -0.0006372155502686574 0.02419801806097938
1.359880988309341 0.8001475625862605 4958.433019043568 -0.0006372155502686574 0.02419801806097938
1.4002404677053764 0.7407365401314521 4977.965023958304 0.00021836369404495178 0.024559553595073398
1.4002404677053764 0.7407365401314521 4977.965023958304 0.00021836369404495178 0.024559553595073398
1.2735669751760532 0.7564323946853834 4484.738145402107 0.0006725389211971967 0.021890307681808385
1.37585716662662 0.7809652222975443 4671.742454889178 -0.0006888506921609877 0.03555878574033771
1.37585716662662 0.7809652222975443 4671.742454889178 -0.0006888506921609877 0.03555878574033771
1.3065967475638205 0.8613096809211211 4814.594123250756 0.00022606899169938226 0.02253933890950187
1.3610483171154477 0.8366319793532857 4822.990249265394 0.00030865641434005 0.09397160150248758
1.3610483171154477 0.8366319793532857 4822.990249265394 0.00030865641434005 0.09397160150248758
1.2617853860936636 0.7799909619281049 4941.805178048898 -0.0003717809849098913 0.014280794430780723
1.2617853860936636 0.7799909619281049 4941.805178048898 -0.0003717809849098913 0.014280794430780723
1.22846135977271 0.8114243763613703 4766.894122840503 0.00030197811184317253 0.01216870964649727
1.2271321158815618 0.8334596940623927 4942.15610919008 0.00011690438571363785 0.020106509988161075
1.1435881832496662 0.7990626530223055 4445.772202157354 5.526790845680152e-05 0.005862150636233855
1.387571924847522 0.8155580265986735 4864.568071573915 0.00024114228814725724 0.044976147919864776
1.39500834644347 0.8351805977558746 4668.651681013848 0.000635690552760366 0.09855810569830085
1.3883121892673904 0.7888340364056785 4822.588906989093 -0.0004620256537473174 0.04324872623723296
1.4440509394521683 0.8201466896611195 4654.947018472752 0.00040588401606327573 0.07210774669313544
1.3831463319729076 0.8310997483630616 4853.300778779572 0.00017157872482323383 0.07526637507197637
1.3797701254604755 0.7915973027744505 4224.771795288173 9.273629666972962e-05 0.04408548045958841
1.266998494364473 0.7939172861259184 4483.975049946218 0.000258018451594524 0.029296502393955544
1.3225419425810832 0.7748193787125972 4642.434548865025 0.0005573298793301388 0.02729987777645415
1.4066861045271928 0.8410540441177 4405.6997283468945 0.00046426456285381123 0.03322734604790768
1.417255167802049 0.7387688649492324 4710.073083590207 0.00030625872721820564 0.02482202953668497
1.1839357832818629 0.8096463005167042 4993.520940071946 -0.0002370427904170344 0.008601312693045756
1.1894902404700063 0.8422097662732377 4787.906761527652 0.0006823231102444588 0.024867303230748213
1.2565561750872716 0.850751144679603 4889.459834805674 6.468446241911513e-05 0.03398034018590028
1.384586531943548 0.7769004858389237 4269.478657459035 -0.00015569871085804562 0.04063331990349766
1.3124006921008746 0.7485901032277764 4559.182915110973 3.283183187003554e-05 0.025657836367774852
1.249053427171838 0.825566571979535 4965.934050915324 0.0005821207825128813 0.043657434734760865
1.3536401929621693 0.7513872371720589 4968.479802404495 0.00041076612964092773 0.028303472854947952
1.3536401929621693 0.7513872371720589 4968.479802404495 0.00041076612964092773 0.028303472854947952
1.4489463691411477 0.7905162448398593 4630.778228767238 0.0009495767841303306 0.05596391188483903
1.3437363817227168 0.8064492645546747 4737.939749392998 0.0005548466698638055 0.05779874801240266
1.2542585033646012 0.7808622952657805 4663.372869562799 0.0004405223998943581 0.015281741933402506
1.2542585033646012 0.7808622952657805 4663.372869562799 0.0004405223998943581 0.015281741933402506
1.4018200690634872 0.7760329007348913 4871.046160046332 -8.404424632120426e-05 0.03965414942779903
1.2175832457439595 0.8195667075427485 4790.876232938352 -0.0002525537873831002 0.013344655711305177
1.2353736173876584 0.7803689958100116 4859.697523711654 0.00038294512849860275 0.009717724307763475
1.1700543043177392 0.8716608422316122 4995.257768060959 0.000751563195377023 0.014372783531351303
1.3239948325587176 0.8429839731354294 4615.131500424298 0.0007755069594593213 0.014645190511313778
1.2933044068517496 0.7919642021806736 4999.664264452099 0.00033417282006714715 0.036727229056733646
1.2933044068517496 0.7919642021806736 4999.664264452099 0.00033417282006714715 0.036727229056733646
1.191517103466175 0.8632247932520634 4740.397679323156 0.000792456877192217 0.020588899132570594
1.191517103466175 0.8632247932520634 4740.397679323156 0.000792456877192217 0.020588899132570594
1.2035193165434133 0.815083912093565 4410.271135153858 0.0002935499504162477 0.018118582210229203
1.3767622649584013 0.8253194729047857 4664.1695818339085 -0.00027497924397474255 0.07541877396619069
1.3767622649584013 0.8253194729047857 4664.1695818339085 -0.00027497924397474255 0.07541877396619069
1.3396260041062737 0.7815090193075958 4959.519575951977 -0.0005408867465888235 0.03567443587045954
1.3775572972010042 0.7788703055101038 4799.786012539835 9.625207522826494e-06 0.03906396095418064
1.3775572972010042 0.7788703055101038 4799.786012539835 9.625207522826494e-06 0.03906396095418064
1.4307503051063708 0.7905517614815774 4775.810368979167 0.00020109751803549944 0.05087634599116217
1.4307503051063708 0.7905517614815774 4775.810368979167 0.00020109751803549944 0.05087634599116217
1.5488977187617563 0.8269350045578168 4643.712326688291 0.00043297510330597233 0.10920139727977371
1.3495501923773765 0.7995485217772801 4964.97892241638 0.000757623463879479 0.03461402560472019
1.26223161736052 0.7994492384022899 4843.326975172135 -1.6695996904102686e-05 0.011768386434536218
1.3640767376285152 0.8259408525467832 4806.55927903991 -0.0005741856006994936 0.029245620649726564
1.3640767376285152 0.8259408525467832 4806.55927903991 -0.0005741856006994936 0.029245620649726564
1.3320048022393236 0.8005233749593335 4990.07233728368 0.0005685231722403968 0.051107857410321846
1.3742092758400326 0.8201143562084191 4630.304051088194 -0.00024404554285971416 0.08153328560853842
1.3742092758400326 0.8201143562084191 4630.304051088194 -0.00024404554285971416 0.08153328560853842
1.2983335909622467 0.7547237656902581 4778.923440666547 -0.0005538886875369174 0.0253608628440698
1.304958119973774 0.7733779061587419 4868.018925990266 -0.0006163900226943643 0.03597396368540027
1.1540539221269719 0.8050389362358366 4622.042954465123 -0.00019618771560734601 0.006090399015590408
1.3330963296729723 0.7406956676393438 4845.053033464012 0.0006979905855205885 0.025024006864162146
1.2205693592087266 0.8319863283172096 4580.941003171987 0.00031526110052329596 0.006168099256323703
1.5165820661612432 0.8056001239755809 4668.88645513028 -0.00013438219198899214 0.07620690189031598
1.1659092675075626 0.8100716250523923 4700.790477769849 -0.0007185882352153733 0.0062549782532557345
1.3158902396392889 0.8265035148315557 4872.453569076297 -7.018298695606382e-05 0.03230106581291196
1.2149033580516164 0.8283663166990569 4856.252206371788 -0.00047452829393620973 0.010148886527413697
1.3600337951565007 0.7779027609016509 4573.577688974647 9.939371421874459e-05 0.039685234472787406
1.3248546475479155 0.8537234009913311 4794.857856210653 -0.0003954477682120283 0.059086048288779794
1.2968804235913873 0.8158589164178527 4168.460669460782 0.0003523386890969954 0.01776440308736197
1.3484924872043123 0.8007459775546791 4827.96727560846 -6.720133575257926e-05 0.057046455991206856
1.2761779309454817 0.8291889445042263 4947.013816449145 -0.00011893784794114214 0.03414028980133127
1.4071054112328005 0.7929075885196228 4955.139757781013 7.473268994520744e-05 0.04125150808065993
1.2594100742401095 0.8137191628739615 4779.695443155227 0.000413122326072543 0.013530994242276443
1.1722799662173524 0.8059408372021231 4809.611511984732 0.00044963665326030875 0.015619936859740917
1.2948789931565847 0.7407783948049842 4788.490177432307 8.645742243217618e-05 0.021486530900115205
1.409833839470315 0.8459121271503414 4709.104824671398 0.0002462070275799903 0.08997854024767167
1.2291946315856899 0.8119758790274006 4650.059871240746 0.00029060948213109036 0.00786844128601167
1.2466760614008643 0.7943747849017668 4636.507123883721 -0.00028873141813840576 0.005780382609474854
1.3052608932910739 0.8090480138578549 4622.2377901208965 0.000275085775094745 0.03850807525875103
1.1228365399431703 0.8423060288163843 4549.5990194685655 0.0001575208347553581 0.007058491917369983
1.046341088350622 0.7819962258924078 4804.815039492858 0.0004512348292790346 0.004910327408462365
1.126264953203519 0.8317623167931993 4574.163167767886 -0.0004291051539377061 0.0071667567163011744
1.3296314644338718 0.7887417501263236 4168.309778941877 -0.000271716415479278 0.022198454518347042
1.3991642005660063 0.7761764261545153 4827.6678286108545 0.0004629395118846553 0.04216982439073069
1.1650515116055535 0.8321883941678279 4821.10303609553 0.0005817238884418308 0.007214063468618563
1.3710720497823412 0.8299630740002533 4774.970449436265 3.375225245485228e-05 0.022491452796358627
1.4050304837493823 0.8265964803604553 4751.934204468255 0.0005430222862375106 0.07792773715812935
1.3729908982002355 0.78681163151053 4736.572457969896 -0.00032420564075124746 0.051364564137262834
1.2685360975707825 0.7878501837264595 4965.007127766672 -5.1714609937717696e-05 0.03385152457694514
1.3259166606599915 0.7900095360107723 4869.935678767143 -0.0006449150268105494 0.018277148694738194
1.210646461968873 0.854258911663238 4905.711254901663 0.0003831921443345017 0.013650295958952513
1.2997857706409601 0.7907981792141108 4685.221527025095 -0.00017357744668229842 0.025605070411534946
1.2437586859698486 0.8376089317450303 4491.610796054119 0.0005001494168126348 0.012004352235000109
1.3221030746603355 0.8264439876228064 4323.868112453241 0.0002406082141836643 0.016385974007020222
1.350837401695929 0.7530361095377947 4642.9708615139325 -0.00013177065684114855 0.023763761300307017
1.3215011227077902 0.8076769829362995 4700.9544293597055 -0.0006117573209297776 0.031147912788132635
1.4708159179762008 0.8070747686616999 4985.133221576531 0.00041194633376992213 0.08378490952186134
1.4034061073030202 0.73325625872618 4994.213396145843 -0.0005346107506292665 0.022939619132682894
1.2134939583922943 0.7983577885540791 4923.774020773138 0.0002401760219811215 0.012570608518806693
1.1411234965731147 0.8183302254698044 4654.054805502581 0.00013403446567176536 0.006252102460534623
1.2751906966563245 0.8264677591572981 4831.596976561711 0.0004751935175591704 0.00942860758710816
1.354802134899807 0.7833166439806721 4976.063875198311 0.00040876600337734134 0.0418059487687358
1.2190278784537507 0.8416414834491441 4551.326335799725 -6.480924891138221e-05 0.008155717175843256
1.2220984079059254 0.8116105347202526 4497.595484816157 -0.0008280832366186925 0.01061338401123966
1.35776862684857 0.8042434574670023 4204.323740474241 -0.0006890932804659416 0.040511969638690186
1.1847407260032308 0.8068063327389624 4572.435100076903 -0.00047472368904403974 0.006191927276630084
1.4776233544470165 0.7924328690715582 4805.910763372874 0.0006661269091330031 0.057045108927342866
1.3107939709614236 0.8700840900619149 4716.695770019949 4.502063287592438e-05 0.014527547280698435
1.3169107742454653 0.7867101695185499 4832.756157875893 0.0008208099680682869 0.023318756602988558
1.2506333306026987 0.7686370855891106 4758.603290362649 0.0006681201484631888 0.025339923997498168
1.346150422181124 0.798333919662115 4810.555020188286 0.0003785402765771149 0.04596415960775674
1.1797965544936095 0.8154467056809225 4695.346161096715 -0.0004602341567016069 0.008036341709020189
1.324394860160448 0.7996385853509845 4873.871209994128 3.941175114221266e-05 0.044302895035074855
1.2012918955104357 0.8155682318639458 4768.453698562617 0.0001396509586524393 0.014064183183576773
1.3348581379784155 0.8065171216148461 4976.209259012412 0.0003793090480941246 0.06333385710394691
1.3763284266619582 0.796033619717993 4871.28874168296 0.0003103185704458786 0.046979481760153916
1.2988388132335738 0.8482122842563766 4871.812334644035 0.0001678143221550176 0.033078188284487976
1.2508274941936632 0.7881095699987758 4883.156352508105 0.0005908267572030256 0.03036282741448633
1.3438086212279963 0.7671894530836533 4449.976446761685 0.00019453774019471197 0.026335222209288536
1.1852889357103746 0.8506634979039428 4892.398277334261 0.0005799903401217254 0.011670672680541588
1.3170155690385352 0.8012743352421603 4674.003817891806 -0.00032453908424984407 0.010180412631505445
1.2982597381066885 0.8122343454499045 4889.6444782209555 0.0003573457686012935 0.040786787545606634
1.3187499006280525 0.7885289193180943 4948.232799656447 0.0003166474876711071 0.04103906942427489
1.1992767229476737 0.8605864284418141 4539.0363894262755 0.0007139739080371902 0.01563409659228341
1.3556560400696025 0.7452634180690988 4941.025501595179 0.00024800258416237373 0.021496234611824552
1.4083823963162478 0.7790516601771392 4509.014759862394 8.855292773298721e-05 0.039377927401510755
1.1706579858302528 0.8540845330248512 4939.354947175577 3.0290622394713587e-05 0.008585206983738162
1.3311635994008046 0.7925472843025679 4810.306774158455 0.0002454978943475101 0.033994055270090244
1.3439214753671975 0.7999300430008172 4605.013748909146 -0.0003548125743429157 0.03729099714068793
1.447168846945643 0.7902498891710663 4674.262994007752 0.0002983416375600363 0.046077980352409065
1.2406363361001664 0.8456401134600899 4524.41776392339 0.0007644720827480806 0.012576145932055142
1.217143166605857 0.8160002209345414 4748.4618300131615 -0.0011840145068577645 0.01594495242084447
1.4354781561515457 0.7718558552353212 4814.374849141604 0.0003505631056188241 0.035873618866214416
1.2617763010908856 0.8156723457140981 4888.833307710693 0.00021901681602967986 0.0394587782130817
1.3978376079215158 0.797113972581281 4853.150173230974 0.0003422740832213893 0.0435891740691675
1.3081179326369266 0.8216408827377799 4966.9614042183675 0.0006895278891198738 0.055657930541769325
1.3913186018145955 0.8119871798683315 4872.943536394659 -0.0002650744960961564 0.06806822563742845
1.2499401878113447 0.8491370315316873 4985.5837024226075 1.1279262739211196e-05 0.012603917874578492
1.371694408186981 0.78859630275631 4976.207533920854 0.0005092776338802379 0.05016195877242417
1.128393887986147 0.8339370722154755 4881.768946200439 0.0001496433654828525 0.007286231243920083
1.3845017747562258 0.8280382791960887 4840.022338018142 0.00026431342073437607 0.07140021702790478
1.1463686381719407 0.8432421637287252 4905.320197917633 7.705624769344704e-05 0.007273813741666088
1.2154166174793664 0.846758502634036 4698.385444199234 3.690095154841754e-05 0.008962042571462749
1.3579149599413773 0.831984289204829 4668.578016276802 0.00044602482853169865 0.07316667501235957
1.2021486550722327 0.8216758693860798 4862.898550234652 0.00041866853368685287 0.007453764939487122
1.1870763241759215 0.8310998540950171 4821.079486814122 -0.0005663743517613724 0.006596639418700382
1.209464408343826 0.8117262356771103 4880.387929300849 8.143461675215696e-06 0.020463014219994337
1.4617474233028847 0.7859282380182354 4802.183996736011 0.0005142256259753822 0.046327717569905794
1.3708368321775417 0.7554978465139532 4975.001401938767 0.0002768817876217967 0.02865576965600631
1.1988916087561925 0.830648295482665 4817.202091459168 -2.6202352200485896e-05 0.013633321255652755
1.2724646675278812 0.7867729105941949 4876.765761716642 0.00016987516735655545 0.025904855340271662
1.2076029912585504 0.8439491818362896 4892.462794927692 0.0002720240884731118 0.012817223648486963
1.1195421793951963 0.79796895833527 4849.647847002844 -0.00018821967657984572 0.005116880937498399
1.1916954304913374 0.8622870856436641 4936.623780568974 0.0005641817099530901 0.013778039980283565
1.362211389190498 0.7825173247091699 4784.470776273681 0.00034096180269679047 0.0359541119865401
1.2872601229845209 0.8331485011966074 4836.71541106948 0.0008407611299196184 0.022359300398845955
1.3634585499460938 0.7970978946324417 4739.30503262686 -7.070796763046172e-05 0.04636990322670117
1.3205769592758756 0.8028138257804148 4968.3242866370465 -0.00016321765159643027 0.05679334941501452
1.2139488616475393 0.8167320312418105 4561.416720081844 -3.673174039325868e-05 0.011975934119125987
1.2773791664571688 0.8147004674100068 4849.749608088023 6.682950397892691e-06 0.009127989003599919
1.191930199309574 0.8066041075101537 4830.669553404623 -2.1428249263688316e-05 0.024713214837014906
1.2768124717288856 0.7810919067844804 4629.19822519795 5.427119308101308e-05 0.027565658232951908
1.2915678312977825 0.7920524980110788 4828.420239287086 0.0002612328652150241 0.0384350967065088
1.226253332299772 0.7731684027094696 4823.304334063619 0.00011296914198055384 0.026034138751893462
1.3231421264532222 0.7580817390891396 4936.164700006146 0.0003375637101659423 0.025354929837596872
1.3439287897402172 0.8156366371843857 4997.465006313479 -9.552911064379973e-05 0.06262043913664352
1.373391249376107 0.8199217819674797 4822.210780971965 0.00018086569763292774 0.06944805046252213
1.3304779896147365 0.8183197901036104 4899.818720579148 0.0006404118136849533 0.03071259336599101
1.256337517977869 0.8195780293590906 4931.9081026910435 0.0004974240521915267 0.02196426000189152
1.2524355674349155 0.8446917846607243 4865.825258353223 0.0004551700363148972 0.011470037246115426
1.1401146972904235 0.7892898414451748 4957.442274063964 -0.0002178884666016301 0.005115412350644012
1.4562053233207055 0.7801237074685571 4636.381651396589 -0.00021270121728725387 0.03775700741686231
1.3335717664088889 0.8301123260712643 4803.278336824771 -0.0004366917780589522 0.025841782153219625
1.155201446226767 0.8136948261435469 4805.881483135823 -0.00019660477448681544 0.006261928790148778
1.1927443516305876 0.8379530991286261 4805.8485325860975 -0.00036919565380363526 0.008128617879804598
1.180670028764021 0.7876255058349357 4817.544975919381 -0.0003831358451571101 0.007569367704672528
1.1130297487632634 0.8066335469227291 4805.094639874681 -0.00011540696131940418 0.005992512960122306
1.1113633064563986 0.7886593703171512 4966.873939867182 -0.00025525559038672 0.005563171733295195
1.0836198069823186 0.781906408150276 4937.576474305647 -0.00021066689668847754 0.0050313063189683874
1.1756699139493332 0.8241419396953802 4923.048475100804 -0.00031301459972364864 0.009477444852952193
1.1128426036225545 0.8171998545444493 4925.647415624641 -0.0004723223217853339 0.0064887669862726555
1.2441384361747525 0.8159318470702972 4832.352904843996 -0.000653043637810397 0.010828381264901685
1.1743991624467331 0.8268789419299847 4925.6849497771955 -0.00014413530702083377 0.010190334666918712
1.2664809703193947 0.811645007908331 4899.321421787686 -0.0004571270137878755 0.009224827087662073
1.1778093911765617 0.8323272109679365 4821.000449838476 -0.00036934324080584635 0.006945257016667765
1.154884154906364 0.7982498797177073 4957.952406247972 -0.000497951533355945 0.005564436196304199
1.1831520671777769 0.8332548608418625 4911.7293598804745 -0.00029755068180473425 0.007787427748997071
1.2442160036235925 0.8124165503985978 4920.044249991419 8.013482954875989e-05 0.020928865716149263
1.2442160036235925 0.8124165503985978 4920.044249991419 8.013482954875989e-05 0.020928865716149263
1.2355081386319238 0.8257079003553516 4954.2547441703 8.788154026186107e-06 0.022003602538590704
1.177912739961752 0.8289361125148212 4905.857678503118 8.230153532630714e-05 0.007845266649268684
1.2387227627376203 0.8235136993822143 4933.62510638712 9.244719203654119e-06 0.00724945008388071
1.205981175739538 0.8066432039212506 4987.981396743061 0.00017084302557264971 0.005734022718119718
1.2397350538578547 0.8402805827086077 4884.453648473309 1.4910052067311181e-05 0.023043341361412152
1.2016740563435264 0.8107449834670829 4902.843139473818 -2.1574151758782692e-05 0.013003820071403674
1.2016740563435264 0.8107449834670829 4902.843139473818 -2.1574151758782692e-05 0.013003820071403674
1.1546581394451552 0.8403199007667851 4804.36564540302 8.354792141178039e-05 0.007011632857637716
1.2275479476813769 0.8422001128869839 4546.225416420244 -3.150349570727588e-05 0.012824156194792895
1.242774094020749 0.8064393473818705 4687.896113587858 4.14396312000652e-06 0.026040192262567038
1.2154185318210917 0.80627244270645 4663.360768686545 0.00011068034928857833 0.010042125262161316
1.2149753805308403 0.801135694527441 4794.116675650956 -4.858647011444171e-05 0.006762924441646667
1.2619570984303452 0.8130094795804571 4804.517872654571 -7.429253038782593e-05 0.01371454829011568
1.2581873800459693 0.795149755251883 4790.721031731824 -1.1296004238065838e-05 0.018517050154141762
1.283578603818959 0.8474068517923973 4794.671643700799 -0.00027207592748909327 0.02366962183676999
1.270343355857648 0.8268805131549124 4811.027625799299 -0.0002266736236631203 0.031626159224760364
1.325640318914703 0.7981877166502536 4803.865771280843 4.166260776629352e-05 0.015367995516381126
1.2589500710063333 0.7692760953382652 4758.811026580976 9.027311187571068e-05 0.029553999754152772
1.318739891264649 0.7360336500022574 4918.648847684764 0.0001514597539932162 0.023425878763204296
1.311940656092696 0.771986033207793 4902.90691131694 8.95947140634788e-05 0.03265358400217161
1.311940656092696 0.771986033207793 4902.90691131694 8.95947140634788e-05 0.03265358400217161
1.279155945314928 0.7864283584038375 4801.698008465215 3.764873750082619e-05 0.03506419592681562
1.2754030394047264 0.7933338668676209 4858.985984435668 9.410002309272769e-05 0.024312860780034216
1.3121843414387344 0.7953797113299892 4859.528693911778 -1.617928817292649e-05 0.03829625313905137
1.288772813229761 0.7771399034931418 4941.880796698881 -1.3801227163892e-06 0.01840856995975628
1.2858341547772731 0.7711511252351668 4902.428444868182 -8.208206466404891e-05 0.026496835502445144
1.2858341547772731 0.7711511252351668 4902.428444868182 -8.208206466404891e-05 0.026496835502445144
1.2875076239003387 0.7613359102400106 4915.667445985416 -7.361018897075646e-05 0.023811978919082925
1.360814935845698 0.8026670995206735 4869.036867314292 3.800499767915292e-05 0.034796867863682655
1.3131396712017884 0.7669457666318203 4927.155324241099 -0.00015591094550206463 0.031110236893572278
1.3131396712017884 0.7669457666318203 4927.155324241099 -0.00015591094550206463 0.031110236893572278
1.2975137731436224 0.7770121221200722 4954.282394053013 -0.0001359861670335689 0.029237602095329364
1.3247876597177708 0.8086417221077103 4741.010413283622 -0.0006273318759181945 0.02802807207337674
1.3247876597177708 0.8086417221077103 4741.010413283622 -0.0006273318759181945 0.02802807207337674
1.371741085538499 0.7758475561524696 4784.2121263229665 -0.0007638173080110601 0.03414416466963304
1.3601776149595035 0.7827998852511235 4899.293017631635 -0.00037496544935492144 0.026378853979078652
1.2894412726860902 0.7858913912766329 4731.675770014835 -0.0004005189384979539 0.022553911975136932
1.2896335080767756 0.8062070949185705 4938.522853539435 -0.000535416772526296 0.02713549134733248
1.345879783309819 0.7937124312048598 4957.757874721621 -0.0006345178505428129 0.03333041637595832
1.2767363438832204 0.8085891712730736 4777.334256078983 -0.000399007466685752 0.027005759484350488
1.3800647723213681 0.8098094114341108 4960.909039574848 -0.0005920298856455332 0.04402724215585623
1.293355990623676 0.7944778421193595 4937.9545630544735 -0.000275875902541428 0.03943080058921781
1.3433919940144066 0.8135327684546988 4982.435785460755 -0.0003436509738261078 0.04161517453337563
1.3229309209343416 0.7888112080632584 4984.4070692880305 -0.0005550622117532255 0.03297777872380695
1.3040482112067835 0.8275103163634795 4872.110835065894 -0.0005163562174074529 0.030562096697369305
1.3040482112067835 0.8275103163634795 4872.110835065894 -0.0005163562174074529 0.030562096697369305
1.338001879690701 0.7967100217487592 4698.136865357082 -0.0004174186550102974 0.025468593525957012
1.2662817303537919 0.8046606166139274 4795.210988104611 -0.00020225774619502383 0.045905899928063376
1.2828787584037327 0.7820486618822213 4994.518972987952 -0.0005768365121134861 0.020461747854171253
1.4120415942823574 0.812293645187893 4806.315555284175 -9.032402684228572e-05 0.047186304037246614
1.3855778500329319 0.8121828271786341 4719.204017075234 -0.000290120931580495 0.03496241200379192
1.3358827466060315 0.8106530948902859 4784.754235426752 -0.0002002611537307082 0.043319566114220366
1.3577062702467533 0.8054428252505685 4827.693605693132 -0.0002773940157052393 0.06108374166963628
1.375005449301903 0.80918560233962 4872.557576093986 -9.350571045994931e-05 0.06129070110776805
1.3595636753511453 0.8123906516729883 4306.798815187262 0.0002458173653437082 0.03707258849146957
1.2824034692229835 0.8275487097818516 4730.482215550924 0.0006959219951065724 0.04297362933173236
1.2718888361692233 0.8297703353881578 4663.2349440701655 0.0009162661206984953 0.03651754440143657
1.2385571575729761 0.8242523682081098 4687.770188069392 0.0004319570571576911 0.030191975407884875
1.1856353866405043 0.8600704059240395 4574.603186425325 0.00043730534583570234 0.011817415610515658
1.1624704516831548 0.8341365559130854 4777.00884991693 0.00034760894888394766 0.008207563303802047
1.3237074608460155 0.8492107084906759 4849.5089013022625 0.0006246809241811984 0.019126888568139995
1.1431608198222156 0.8437019660364219 4802.865338761347 0.0006188469905405833 0.007072485039160951
1.2642957306450053 0.8494284394714795 4794.395569449082 0.0003811666100273245 0.014456254816753748
1.2452826631308687 0.8019516235922217 4920.912578861579 0.00019826168816014167 0.01873366471909907
1.2177503544926216 0.8143320287451273 4797.370444765021 0.0002159776205363318 0.011530531926779136
1.2558431393704426 0.7830991876491976 4903.858564138239 0.00026178781914485555 0.019132550123836523
1.303867028869735 0.7980014084860817 4803.434114671598 0.00022220834524717384 0.011203761582595959
1.2705830227215753 0.7985303440707333 4837.8471263968095 0.0008720575883470153 0.025446285324298983
1.2539232700103615 0.7908199491720194 4902.539983113227 0.0002090793590886648 0.024681510984877968
1.2539232700103615 0.7908199491720194 4902.539983113227 0.0002090793590886648 0.024681510984877968
1.1476793786163622 0.8393920922720411 4905.124297099404 0.00025417970429903554 0.007255304093074148
1.2807245793030426 0.8613393773478626 4982.599969067006 0.00028605690646161765 0.022269740560098984
1.2285660151552498 0.8324605499963846 4968.455999180507 0.000445398087220275 0.020879230434927995
1.197746842779152 0.8524609514555836 4964.800796946836 0.0006949049365270431 0.008451867815292871
1.244010606292354 0.8344038386542956 4997.826585400512 0.0006406584253293802 0.014149806847507697
1.282395524338818 0.8098076549706129 4938.620005775865 0.00012256435145929884 0.025018403829667774
1.2202600736361155 0.8173785574952293 4867.143584632571 0.0002953403182260152 0.022339573601609854
1.3056086134402864 0.800837869833459 4941.697641701783 0.00015581437848647458 0.031092720203462473
1.4356013729461006 0.8433487920770371 4806.688234207275 0.0007057793773753382 0.11953997013244691
1.4215427556391318 0.8473906438028329 4895.123349780698 0.00029152305532179556 0.1186810199548495
1.429779748370898 0.8318278390635635 4891.058269330409 0.0008027636579274191 0.12471998785027254
1.4086977298691319 0.8542499551242109 4806.688266830083 0.0005208053345127205 0.09508980462385537
1.4264582567886244 0.8127483785343711 4891.997863381892 0.0004949922569663278 0.08544034675625493
1.4264582567886244 0.8127483785343711 4891.997863381892 0.0004949922569663278 0.08544034675625493
1.4236571075704467 0.8116830361632397 4869.780060605335 0.0002583352133982411 0.07278440206792443
1.3864549698620723 0.8304088429213188 4955.263575425483 0.00024673569518312655 0.07616766196705642
1.386035173025023 0.8344865854684388 4849.3114380263305 0.0005744660830080474 0.06286349024982492
1.3606166601822953 0.8524482384579122 4958.188438861052 0.00041632084860457943 0.06124597900413818
1.3666723565924963 0.8299463125518961 4978.292236066643 0.0004078666330831336 0.07275932117051813
1.3339396240005938 0.8596886904134909 4891.458431247169 0.00039859957135358334 0.08291764578110129
1.3339396240005938 0.8596886904134909 4891.458431247169 0.00039859957135358334 0.08291764578110129
1.362505342820417 0.8546414541113242 4958.814223042235 0.0006925716716617404 0.06722098592176379
1.2901232645962624 0.8296375192888007 4977.40101377477 0.0008070559082546615 0.04847021486613445
1.3236172731908917 0.8421747455563815 4964.431281767733 0.000893165860516543 0.042547048681975216
1.3379223116617207 0.8200737046817395 4872.403256667902 0.00043177745553922374 0.049838770968286816
1.3355070735505148 0.8281506885664023 4891.296335574493 0.000829895612388084 0.04739240217353714
1.3355070735505148 0.8281506885664023 4891.296335574493 0.000829895612388084 0.04739240217353714
1.3170778217497652 0.8225993539945663 4732.2936672832775 0.0005863042944413238 0.05556189549181008
1.2977258453322507 0.8397546151218552 4947.40890249017 0.0005679203176035008 0.055754568146827096
1.341444960910462 0.7741918432284964 4948.6777122626 0.0007163406134776005 0.040391003820954154
1.3889960869985165 0.8002062263313275 4891.303631347222 0.0003033069483505864 0.04922225464512596
1.318746628724166 0.789958878743137 4994.484541601946 0.00018466044882769464 0.035280775600446915
1.342365708515877 0.7911032130411487 4797.598509623843 0.00047172932596290136 0.04429560248225141
1.3366740768478231 0.8032148807231678 4992.016278020865 0.0006967136846941604 0.05333833773106243
1.3366740768478231 0.8032148807231678 4992.016278020865 0.0006967136846941604 0.05333833773106243
1.3014769148981804 0.8190923680346999 4777.76487956519 0.0002788370581077954 0.04859511794604922
1.3336458548784336 0.7866075740867833 4737.5772588195605 0.0007399213585806134 0.03634538484685992
1.372535568638774 0.7593511244565806 4992.08644453495 0.00028896538984868884 0.03111934463890314
1.3121939663916304 0.7777213036874567 4792.479049380126 0.0006716141810251014 0.03704579462899775
1.3256410554103892 0.7719591325061425 4731.160549712179 0.0005507865817055527 0.027914621108477866
1.4712316403746146 0.7748074799864656 4794.856975004169 0.0002881837434268278 0.04290177028864847
1.3072582833334718 0.7777067295110592 4792.772757005209 0.0005568986452280853 0.035233657848459256
1.373660835696165 0.7759472735876634 4992.288419113151 0.0001396703261091863 0.03911326188046905
