 F
       19023      280535           3        2048
   -0.376774573349397734E+00    0.391966222374683237E+01
 T
   2
    0.200000000000000000E+01    0.300000000000000000E+01    0.753417968750000000E+00    0.246582031250000000E+00
   0
   0
 T T     0           0
    0.000000000000000000E+00   -0.100000000000000002+101    0.000000000000000000E+00
 T F     1        1543
    0.184078020619432765E-03   -0.805312936154159775E+00    0.359993177064588421E+01
 T F     1         505
    0.678797441531474603E-04   -0.143077856745746224E+01    0.451727555291889793E+01
