 F
       17664      276412           3        2048
    0.174193205949461727E+01    0.616075217391493180E+01
 T
   2
    0.200000000000000000E+01    0.300000000000000000E+01    0.237304687500000000E+00    0.762695312500000000E+00
   0
   0
 T T     0           0
    0.000000000000000000E+00   -0.100000000000000002+101    0.000000000000000000E+00
 T F     1         486
    0.120207041133781585E-03    0.298827002561353139E+00    0.615510894614373072E+01
 T F     1        1562
    0.368465189421386674E-03    0.147249162476414974E+01    0.616249723852267195E+01
