 F
       17247      159777           3        2048
    0.266534870397602663E+01    0.657511388336983416E+01
 T
   2
    0.200000000000000000E+01    0.300000000000000000E+01    0.975097656250000000E+00    0.249023437500000000E-01
   0
   0
 T T     0           0
    0.000000000000000000E+00   -0.100000000000000002+101    0.000000000000000000E+00
 T F     1        1997
    0.568408710718607945E-03    0.264577282685006532E+01    0.658276386390901980E+01
 T F     1          51
    0.429994799977258444E-04   -0.127788049697912554E+01    0.618814030112660074E+01
