 F
       15627      127719           3        2048
    0.181222413881283528E+01    0.514895011460550389E+01
 T
   2
    0.200000000000000000E+01    0.300000000000000000E+01    0.890136718750000000E+00    0.109863281250000000E+00
   0
   0
 T T     0           0
    0.000000000000000000E+00   -0.100000000000000002+101    0.000000000000000000E+00
 T F     1        1823
    0.114060059665850523E-02    0.170078384056020937E+01    0.515576059736761749E+01
 T F     1         225
    0.185696236149003081E-03   -0.437244881181133860E+00    0.509117883673213356E+01
