 F
       24871       59144           3        2048
   -0.314326282469861198E+02   -0.246972098133523552E+02
 T
   2
    0.200000000000000000E+01    0.300000000000000000E+01    0.860839843750000000E+00    0.139160156250000000E+00
   0
   0
 T T     0           0
    0.000000000000000000E+00   -0.100000000000000002+101    0.000000000000000000E+00
 T F     1        1763
    0.106520891519601391E-04   -0.315635278927171044E+02   -0.246620468464239018E+02
 T F     1         285
    0.531497968494160961E-05   -0.335306885376941750E+02   -0.249486371675638239E+02
