chirp_mass mass_ratio EOS alpha zeta
0.9583113113133827 0.7135976386917519 4966.026574995735 -0.00032944879256376286 0.4221541135201482
0.9972995845897155 0.764398014947171 4897.773578040328 8.14189685796903e-05 0.5137621154774789
1.1520550789317514 0.8040068300042068 4673.330198582652 -1.8879461079371916e-06 0.7453457557016104
1.1901563060748162 0.8551387747742233 4130.643858746517 0.00026029238361923183 0.6402790880424365
1.1453714427043162 0.8137724311116393 4971.874160200797 0.0005269777143369084 0.6871321938495535
1.1153987075847038 0.8386129067346131 4038.212418633281 -0.0001161890645091252 0.6881441107603601
1.208108480155335 0.8136824879098429 4512.220351832329 -0.0007241333144804908 0.7337124612280985
1.0166675758614827 0.7715592072159023 4294.755606509191 -0.0002709731289212748 0.5271901951614972
1.1569353995437217 0.8162613108324301 4068.574630351199 0.0004541394260643627 0.6783836815529418
1.0434609652759086 0.7931366287413629 4143.423508011285 -7.966223086004496e-05 0.5028647837392236
1.0558434310117675 0.8173936134541988 4832.195384209183 -7.102131894095368e-06 0.5820627397861111
0.9235769817417648 0.748359387462632 4471.446772607722 -1.816407374605725e-05 0.4430208296309872
1.0120721494410283 0.7482185098805889 4215.380909438598 -0.0001708568766153238 0.4408968888940459
1.1118119699183535 0.802600080970084 4096.195097936461 0.00044423394283626716 0.5344638623676328
1.094208236782796 0.8162911105160093 4798.092666335589 0.000597611879318413 0.5536692046461942
1.0597196684705443 0.7957694744652857 4381.2474081339105 -1.644762950212075e-05 0.5707384982005106
0.8674401666176946 0.663073254718976 4089.6069700756925 0.0003013909110848216 0.36614001127343665
1.0399929333331586 0.7851239494749755 4919.571018486922 0.0003586867685614467 0.5568407215162723
0.8832114961386546 0.6454768269354512 4120.676964298805 -0.00022874848908481616 0.3567533552009547
1.1305440473320343 0.8155460225737982 4898.91553907048 -0.00019811977329808008 0.6258811804776105
0.8981359807115028 0.7088857223200633 4292.674228634325 2.0440306813416928e-05 0.3943456773307644
0.9330260078224298 0.7343834112660026 4547.075794676229 0.00014717099839780097 0.4289473405720373
1.1943182848394769 0.8175472429938322 4957.612599585632 0.00019374422125964107 0.6623192905724433
1.2127175612583896 0.8025477984913095 4741.084473933216 -0.0007799514070956289 0.665719997220046
1.0384350438172372 0.764605040143179 4926.073047192544 -0.0007570720409724245 0.47026205579841046
1.1364514143495348 0.8407171676568512 3993.384641245936 0.0007175676386182006 0.6309492011387009
1.1961947509008533 0.8263862866125312 4780.912954165156 -0.0009190329627744727 0.7445341818621896
1.0816719674868724 0.7955758474154309 4083.8593848794635 -0.00022370903177948835 0.516907143503529
1.1880855529983068 0.8104615287028943 4679.2075741285125 -0.0005410335390034278 0.6800314515281273
1.1843328381710485 0.8250356871917434 4611.1384396361 -0.0003848917270541396 0.6133600915765542
1.206192760382366 0.8081329368032975 4832.808950008021 -0.00048590870311217564 0.8044241911693754
1.1757142917827614 0.8123902857492333 4928.992595435801 4.477489173311814e-05 0.7099053204123169
0.9571825656787804 0.7624497486651752 4809.605330105739 -6.432016702346709e-05 0.5079369493915898
1.1736945098094156 0.8149921297476609 4114.96515179412 -0.0001802619615363172 0.6983705583013027
0.9916367595605728 0.7900712814178279 4588.01232513701 0.00029860959687758514 0.5519284370680666
1.2371707834622732 0.8350649092784143 4552.841936019844 0.00012758684396509877 0.9479514879577775
1.1248618820249467 0.8044693590385633 4544.541457463257 -0.00015183812782278505 0.6830509094876027
1.2028616208451588 0.8198209494370485 3990.809392521717 -4.0201794094769857e-05 0.6228672011767233
1.1540876761821364 0.8186067872798712 4572.324479733277 -0.0006610102499721959 0.6594472311772897
1.1209263041389332 0.8059073357612366 4755.298908144727 4.0365141480248555e-05 0.5666905156360433
1.0326210099262298 0.7979722722204162 4644.815778207858 -0.0005068696000976756 0.52521896694066
1.0189349674356925 0.7835441648134308 4666.674147135178 -0.00018282326246975454 0.5344490658457823
1.126894029409396 0.8175429988739731 4924.911779237195 0.0002894914121996164 0.7201318082377245
1.1082001299432394 0.8147774993048121 3981.807754715304 0.0003190301647473766 0.630471746279103
1.2038103043569024 0.8214198197949147 4476.576646140744 -0.0003744160799414859 0.6615027671348954
0.9699615060703755 0.7510520485833131 4746.718406307867 -0.00015376189185645388 0.4452339150873489
1.06532198854521 0.8220849037841331 4852.236648844766 -6.97456203099334e-05 0.5806737295838408
1.0984420432552904 0.8169661166024305 4567.302153893224 0.0004212292633265916 0.6948158439625468
0.9051616035172392 0.6901039528939542 4512.640431288497 -2.1652653079734727e-05 0.3757759238607595
1.1817461251954704 0.8215067488790235 4032.045123857619 0.00010217461342859233 0.6937346368087016
1.143870280205375 0.8777209838996529 4660.842994919709 0.0010709351730595644 0.776027864469786
1.1089850528418996 0.8404098127224123 4949.457802481625 0.00020262088959190603 0.6530467140074585
1.0520979414704983 0.8178858744808575 4893.641338528425 0.00016662111861077652 0.5846864144320234
0.9962315337430244 0.8038073881534419 4466.1582788357555 0.0003140503404106118 0.5406114338130338
1.2590975010552325 0.8450373877305479 4344.663392577514 0.0002977237812222864 0.8598504219427543
1.1122586189618904 0.8146725826112403 4908.511511596541 0.00042072826421526814 0.6756488861277719
0.9799255620624854 0.7548071866712747 4788.973305407283 -0.0007959899919929756 0.46273611932354647
1.1902866937342487 0.8239800864869006 4113.661775489797 -0.0004904130667602986 0.6433694154340236
1.071354446803632 0.7740715255269809 4537.981766104162 0.00015085314587367675 0.49058796463630006
1.1240869574065033 0.83141851522641 4917.647088401433 0.00039076868955082095 0.7651128577120763
0.9836383380713175 0.780458088997703 4514.255896168829 -0.00032382292876790636 0.5028989912498443
0.9612117206234164 0.7760288827249856 4620.107279058118 0.0006049305141355272 0.497279278157378
1.0116703724350147 0.7742803227013962 4242.428922420355 -6.773208952208432e-05 0.5150246871959435
1.0788355007249781 0.8202137313986797 4797.583175107338 0.0007553786591711096 0.5823840764893939
1.0906451327347082 0.8237101654945295 4525.335154325733 0.0004955791442536293 0.5972746090260481
1.0058012743620268 0.783380681922764 4186.175046358806 -2.6763718287217283e-05 0.5042494180061557
1.0118143773623687 0.8007221134216308 4768.095815959732 0.00010697151072573013 0.5318604040639245
1.2411285539135917 0.8254288814160875 4569.883895468654 -0.0006236901582032377 0.8172106740130183
0.9504695452735867 0.7234652252337743 4462.6051676784555 0.00046665634355924504 0.4240573089129118
1.007864052446945 0.7828417313018698 4669.380065185833 0.0005131378106612645 0.5107219639690113
0.9671051368662982 0.770096585533971 4890.844730991683 0.000472703240674442 0.4872157850981712
1.0399634366715007 0.814375211585241 4704.450089685244 0.00018737707152382434 0.5634969386959849
1.1043557453671176 0.8262284087522799 4942.80628793896 -5.041833616965383e-05 0.621121434991853
1.1369368647112785 0.8099950434579046 3981.639608993683 -0.00042771782668790605 0.6000889413329022
1.0168913743119787 0.7824775628313126 4786.600427140441 5.918281217247221e-05 0.5310654279204553
1.0705651053284735 0.8245332735203131 4608.675797527071 -0.0002889708644413987 0.6318955603847024
1.1528364632798112 0.8416633970454599 4136.247583813905 0.00012032469280835887 0.6978766930624765
1.066163128193531 0.7763807750385632 4043.7155230336903 0.0005220135218508908 0.5098446249342261
1.1403039203148713 0.8115572842207783 4915.704107082087 0.0003689230437520331 0.6822477228865833
1.0557732826183928 0.8200770009690455 4599.800740134392 0.00022088926430650628 0.6163557625052835
1.107898725889093 0.8299208783547708 4726.641979646138 0.000715424435746744 0.6127697787179616
0.8701156682302351 0.6719369399969314 4941.380106248871 0.0002444995114761189 0.36650114920568067
1.2095951454428686 0.8328677459310669 4865.989289026105 -0.000396733109445976 0.7782792955203002
1.0928008820293984 0.8096489978044541 4970.261160319148 0.0003650555071260075 0.6088744670798079
1.135263987335125 0.8248446200518144 4295.141691146247 -0.00019749940097218605 0.6310846402932513
1.135263987335125 0.8248446200518144 4295.141691146247 -0.00019749940097218605 0.6310846402932513
1.1007173809678363 0.8337274563055228 4767.131000300337 0.00011789907348805774 0.6304111559278831
1.087159120497147 0.8167271120221572 4779.7632792536015 -0.000127417817158872 0.5761536633731585
0.9950768871972855 0.7115306374698469 4557.960988016942 -0.0001289782638426964 0.3988655660321828
1.0912693014520691 0.8486842670313123 4691.792340468606 0.0006067646340207527 0.6540964581058522
1.1701535325180314 0.8460772027211585 4481.9967596972165 0.0005946723837030146 0.7872094245531274
1.1913392292452785 0.8458094369417727 4707.520814668253 -5.550155112732171e-05 0.8284894446327212
1.1913392292452785 0.8458094369417727 4707.520814668253 -5.550155112732171e-05 0.8284894446327212
1.0318902344375056 0.7880006718590478 4451.894163506316 4.8553250508555984e-05 0.5223535333322683
1.137826494421154 0.8224236578263068 4142.51004605361 -2.3709742573327623e-05 0.59023550722755
0.933072215063246 0.7187927682362836 4687.0870220846755 -0.00010266534940588577 0.4242067338293136
1.1094509708145617 0.8146656459334791 4818.713845568096 0.0003358740055789012 0.6033888524921824
0.945785787948379 0.7535705902595748 4544.528980780734 9.149030937808492e-05 0.4799568151498015
0.945785787948379 0.7535705902595748 4544.528980780734 9.149030937808492e-05 0.4799568151498015
0.9003312138429792 0.7133037310618965 4449.822335556476 5.823385604024111e-05 0.4084064062181979
1.0966578457856055 0.8119447243681571 4979.8019317222615 -0.00015346413686305124 0.6304853049926907
0.9907766270043005 0.7663647310633134 4738.9707297973055 -0.0005573147965086593 0.4902733278808248
0.9907766270043005 0.7663647310633134 4738.9707297973055 -0.0005573147965086593 0.4902733278808248
1.1422800663578825 0.8169890963389549 3941.758702271049 -0.0005254463775899083 0.5970713101498504
1.0720467468772636 0.8299502828355629 4318.361135140989 0.0002544648084141929 0.6410613234673829
0.9704661448449774 0.713510790622023 4267.106786118086 1.2524761680866282e-05 0.4038990364255107
1.1994567985345266 0.8652409681786088 4955.803873732423 0.00028642239677513666 0.7489963462469398
1.1678363111436074 0.8101930004984509 4257.15526281693 -0.00019652175712069796 0.6028045232718546
1.1678363111436074 0.8101930004984509 4257.15526281693 -0.00019652175712069796 0.6028045232718546
1.1312006135049593 0.8487618360532498 4671.065061764595 0.0006736404630108554 0.6520618786154311
1.1002515185137005 0.7832040343644765 4428.280112465141 -0.00020250985855182482 0.5248365874620261
1.1520877002539804 0.8419697779826351 4176.423582532752 0.0001904495864347378 0.8252420756027776
1.1248436572937852 0.8310267671783912 4318.688556289868 -3.599168567090527e-05 0.8066094842668432
0.9837286699094857 0.7653856051492643 4645.10854358506 5.615655161616358e-05 0.48075846896016905
1.1403245183144426 0.8069261665031744 4512.004820203836 -0.00031892474852983273 0.6080773228229294
1.1403245183144426 0.8069261665031744 4512.004820203836 -0.00031892474852983273 0.6080773228229294
1.153972995146277 0.8471970377482924 4938.163999351644 0.00046509965280109667 0.7046021229913899
1.1616327833631797 0.826333468174802 4149.141411596748 0.00014453751054882972 0.6998102809656898
1.0763586266475087 0.7990511002069813 4700.433645034186 -0.00039191078650670344 0.5662422177507868
0.9766618492375826 0.7823966568232914 4768.961362943944 0.0005748786992034623 0.5414521247778671
1.1470714242449391 0.8132440464294683 4705.091217418481 -6.953205028463743e-05 0.7660942606625484
1.165600154500524 0.8566947846142567 4821.961068736574 0.00028469972615421897 0.6948235606854828
1.0250052115438089 0.7905056030769265 4456.154912743633 0.00042023027055012517 0.5366214256283697
1.1866781492836282 0.8524897899086494 4073.0476714087567 0.0006262950020944737 0.8585976881472621
1.1906356729054537 0.8111259027251903 4941.27251565655 -0.00038382211347396555 0.792271510183872
0.973289360893125 0.7732911745742366 4936.9448825240825 0.0004683552955952451 0.47964332274050103
0.973289360893125 0.7732911745742366 4936.9448825240825 0.0004683552955952451 0.47964332274050103
0.9742503387390598 0.75313445006462 4206.135338374137 -0.00013752570514790328 0.46296734613076734
1.0210287977864352 0.7881070915454829 4701.596119105207 -0.0004579125200099414 0.5313270021249599
1.143489549850415 0.8420527115520106 4465.5960433852915 0.00046937342798801166 0.7335828800942532
1.2039082411072881 0.8489838043873218 4141.875993905541 0.00010499295209313692 0.8019009999303895
1.1470295816206248 0.819007723634616 4240.221295773721 -4.223409542601166e-05 0.6927317808064075
1.0372489348712044 0.7472815237509145 4930.138902509488 -9.142077247502568e-05 0.4439602475682999
1.0903324782316874 0.8335036160327908 4711.803868979332 0.0002684608757654862 0.6409256686555862
1.0903324782316874 0.8335036160327908 4711.803868979332 0.0002684608757654862 0.6409256686555862
1.049544964307699 0.7953775431485821 4150.740589444994 0.0001878111942343799 0.5621266349739558
1.123726505382706 0.802652078830068 4321.549557830998 2.740368039919334e-05 0.5786736896828208
1.123726505382706 0.802652078830068 4321.549557830998 2.740368039919334e-05 0.5786736896828208
1.2376537181654303 0.8360449085378099 4840.988711668631 0.0003162673481989782 0.8650409421391646
1.2376537181654303 0.8360449085378099 4840.988711668631 0.0003162673481989782 0.8650409421391646
1.0151179617161865 0.792464936861543 4118.3482361406905 0.00033653264647070093 0.5389144584060981
1.2249887870856306 0.8226556280191545 4725.632807908686 0.00015458948470571318 0.8517066660635242
1.0021345175948466 0.751935784551737 4404.510319808248 0.0008382014945084818 0.47254390344628233
1.2033570710953023 0.8159077085110363 4998.444824736908 -0.00019267487875268072 0.8515393587449166
1.1787759561743747 0.82765740858044 4136.575938289407 -0.0003142478944147859 0.7424508350832774
1.0594997304336142 0.8019950354464618 4915.8506274389265 -0.00018661331646274546 0.545864678901075
1.1147680008016796 0.8216360819475513 4778.542723868558 0.0005768035203041103 0.6916934658172404
1.137866426592526 0.8093983430262304 4255.603983136344 -0.00020644008810503364 0.5931446208095391
0.9943147376567544 0.8025667958771621 4579.814902906682 0.00032604084502580035 0.5737885094052049
1.0852873183754572 0.8092251995523485 4631.448745950958 -0.00026427696237209594 0.5937223872556705
1.0852873183754572 0.8092251995523485 4631.448745950958 -0.00026427696237209594 0.5937223872556705
1.01318950861167 0.766642037268417 4322.254678530773 -0.0005246282902819085 0.49931225025780596
1.0411889216630412 0.819272173144687 4673.181204998426 0.00025467331748632544 0.6006796281530801
1.0411889216630412 0.819272173144687 4673.181204998426 0.00025467331748632544 0.6006796281530801
1.1244368828229077 0.826128045418038 4934.327609053692 0.0005029800878805705 0.7140655940577013
1.1147553207696619 0.8380631415744043 4736.104344379836 0.0002949039372302821 0.6670940896253075
1.1110893907125199 0.8060169261963993 4630.6364164550905 -9.130987948399227e-06 0.5608220034734324
1.228522256559937 0.8408342358489554 4532.360320581127 -0.0003545468860033028 0.731271014138909
1.228522256559937 0.8408342358489554 4532.360320581127 -0.0003545468860033028 0.731271014138909
1.144189265130556 0.8154639808662903 4244.232008456405 -0.0005194159332171765 0.6600151731700423
1.1941606124454243 0.8370363271966744 4703.226648919597 -0.0005208161749495795 0.8186159884491199
1.0729532104331532 0.8099171059238216 4947.963945657656 -1.4074292401982248e-05 0.598938991617219
1.2778963644490942 0.8454954851681878 4717.739667650296 -0.00033106705856712803 0.8958250345655767
1.2778963644490942 0.8454954851681878 4717.739667650296 -0.00033106705856712803 0.8958250345655767
1.2064558683592888 0.8343908144117417 4253.761993685218 0.000649946277254255 0.789294897656178
1.1653136908762374 0.8503998612805401 4425.194476378203 0.0007886469667439975 0.8325350337347635
1.055801394713379 0.8072059291560643 4291.55656251781 3.561597464541836e-05 0.5929844618963234
1.0840748051209304 0.8329249354372604 4466.752414611788 0.00026267402340029414 0.7133651110508551
1.0840748051209304 0.8329249354372604 4466.752414611788 0.00026267402340029414 0.7133651110508551
1.2120681835617764 0.8296143319005521 4634.723909541209 -0.0007883486731033826 0.7179683166150965
1.0916253127774056 0.81031286617685 4760.2574651617415 -0.0005107241691839856 0.6305294739305327
0.9872837269668615 0.7499672475147775 4856.780129726241 -6.259886916936982e-05 0.46240449126957944
0.9872837269668615 0.7499672475147775 4856.780129726241 -6.259886916936982e-05 0.46240449126957944
1.0415098518729762 0.7988002764181632 4984.972244903716 0.0006179089000083417 0.5278938507864016
1.095089143856466 0.7962786163426615 4428.008352944459 -0.00018295369645173325 0.5726609452364096
1.1391863896162033 0.8217283848582971 4748.170223310888 0.0006432442222208027 0.7038300338098569
1.126884176679357 0.8063172436802739 4910.538059565916 -0.00023046077769162983 0.6203301888072716
1.1480407797979215 0.7987397976379884 4139.218896839673 -0.0006315174973382817 0.7417942009779662
1.2895874548458912 0.8444910143018607 4229.187884162371 -0.0007830436784440778 0.8829738797271997
1.0973452017750132 0.8055146561125653 4946.15233165617 -0.000267397974829057 0.6388130471678911
1.1034117039237907 0.8247728994491582 4561.335137918398 0.0002736546612651063 0.6645150916751261
1.1127864374920344 0.8109306970042323 4449.911687994986 -2.2124026214600787e-07 0.592997579240728
1.1425809429839096 0.8170558043214096 4355.262131647468 -9.928003646805668e-05 0.713953244167289
1.1769937142985007 0.8223790214077994 4284.673402930564 -0.00045414427877855864 0.7869529505163599
1.207961419503158 0.836693905183179 4255.727426614038 0.0002177967038449982 0.7900329881756261
1.2614303266704325 0.8372622070732867 4510.585343839185 -1.5638548814342108e-05 0.9479956103826468
0.9859570271867546 0.7693441556911282 4797.563903320108 -2.460123156261306e-05 0.491815232529684
0.9859570271867546 0.7693441556911282 4797.563903320108 -2.460123156261306e-05 0.491815232529684
1.2002895608099682 0.8060836133121608 3992.4782820759365 -0.0012881502734117302 0.6466235462202299
1.16791667555121 0.8271495050224389 4266.438932165903 -0.000349563304070155 0.625108255752554
1.16791667555121 0.8271495050224389 4266.438932165903 -0.000349563304070155 0.625108255752554
1.0663200270908835 0.7941308513946287 4817.241045443301 -0.001003756697708315 0.5777085083811446
1.0151860908466843 0.7670810727128358 4946.153846305234 -0.00029816656965304597 0.47603366086552873
1.1441423153365 0.8000913306100237 4365.744560892008 3.6870339989702954e-05 0.5932953494674216
1.1429100482933128 0.8462474318846142 4925.656276640556 0.0002566198302940957 0.8203988336156465
1.1637564754074905 0.8170411463414954 4595.310622697497 -0.00025685344931595746 0.7381229290719258
1.1803096336438468 0.8162133312879714 4635.39555694571 -0.0003650100851997202 0.6095524666810903
1.180480970180124 0.8465265005696598 4804.034831832453 5.9522897000000235e-05 0.7912805026766846
1.1940583541969447 0.7990254403671904 4848.719419553061 -0.0006797667771515194 0.7591051083744531
1.1940583541969447 0.7990254403671904 4848.719419553061 -0.0006797667771515194 0.7591051083744531
1.1392391797130859 0.8460857966277262 4665.171767656706 0.00028659753669605086 0.7029133556078558
1.1751035147999334 0.835780319086292 4818.991717736576 0.000694343625224061 0.7432254501949702
1.151999233071035 0.8419962755901971 4419.505637884338 0.00033161616505712245 0.8336751556249211
1.2300086152361918 0.8233960370149076 4806.5406719827015 -0.00027417493416600667 0.6927294869929547
1.1450612599384413 0.8409511195603426 4453.465514652151 0.00020400128930972712 0.7595078304205298
1.1450612599384413 0.8409511195603426 4453.465514652151 0.00020400128930972712 0.7595078304205298
0.9699214630720617 0.7398549129476794 4799.065721954601 0.000584138844862152 0.4470131374191588
1.0140881600789227 0.7961997997445964 4391.220023985079 0.000666959237715781 0.5509619102235478
1.1443801879811657 0.8295782737513947 4162.197275483889 -0.0002454875206181951 0.6534816718203014
1.1051308773713693 0.8497464464020147 4817.121314919327 0.00042051155900631995 0.6914527788073439
1.035932735705535 0.7955340271587938 4502.578916532695 0.0005046595491163007 0.5414412503624907
1.035932735705535 0.7955340271587938 4502.578916532695 0.0005046595491163007 0.5414412503624907
1.1520536062972693 0.8242056740617945 4639.7034632461255 -0.0003554319470151612 0.6506406840750191
1.1520536062972693 0.8242056740617945 4639.7034632461255 -0.0003554319470151612 0.6506406840750191
1.034760259948151 0.7847950775174356 4975.879427024373 0.0009001444415150596 0.516715276566286
1.0173456062156634 0.7936039534684414 4686.380261360733 0.00017881216536523494 0.5394749176172267
1.0765552600483836 0.8197675478497111 4295.512371096027 -7.160707123070499e-05 0.6080058760681335
1.0765552600483836 0.8197675478497111 4295.512371096027 -7.160707123070499e-05 0.6080058760681335
1.0940319904044065 0.8095444591450711 4611.531697331159 0.0005336493264106598 0.5824891284407283
1.2185294542784835 0.8242668823021434 4202.956668206642 -0.00010615611322028962 0.727508922884669
1.0697260186315527 0.8223334862929748 4888.988597699403 0.0003448017561928787 0.5997897069336154
1.0697260186315527 0.8223334862929748 4888.988597699403 0.0003448017561928787 0.5997897069336154
1.2167212384855763 0.8531009443911055 4112.5637633307215 0.0003144994895755105 0.7411514106062094
1.0630272182115545 0.7567457144840836 4969.660275945032 -0.0004228464658192065 0.4778886761424474
1.1323429761647694 0.8306967945808369 4872.394133880235 0.0003405042877138231 0.6167161026038409
1.0262008078686486 0.7992326830639914 4727.713658142479 0.00012123166980502598 0.5393454682105802
1.1873808081854187 0.8323037918525813 4730.197466203717 -1.5962071139724215e-05 0.9298682632915566
1.1873808081854187 0.8323037918525813 4730.197466203717 -1.5962071139724215e-05 0.9298682632915566
1.1991364205791952 0.8572704351711602 4784.697639829705 0.00010637898863799114 0.8411098451936168
1.1452413205271317 0.8173013612123523 4662.9473600984875 -0.00028608929115389803 0.7002912378510757
1.2025659488014342 0.8285424197089031 4624.660106629615 -0.00045832778256563823 0.6777328079646849
1.0990379707742781 0.8124896864101566 4821.956036091307 0.0009520781067811457 0.5793425453930633
1.1340180088539364 0.8326930189546268 4674.961290253709 8.45265334683495e-05 0.6270750843680679
1.1340180088539364 0.8326930189546268 4674.961290253709 8.45265334683495e-05 0.6270750843680679
1.092297702321456 0.7956926313673517 4635.212918052049 0.00016985840692472024 0.5548874096639822
1.2514651058339823 0.8635591810139454 4229.074475832129 0.00010484831678776863 0.7752186133777114
1.1017895713970671 0.8153051865200678 4484.996534832902 0.0002688636780822036 0.6560444003234039
1.1665311985206137 0.8478942576451309 4195.3782216570635 0.0005394249044726745 0.7318295077983975
1.1541403503539385 0.8422119910751493 4291.806186304718 0.0008089898449608154 0.9285148419418084
1.1541403503539385 0.8422119910751493 4291.806186304718 0.0008089898449608154 0.9285148419418084
1.0025371690650524 0.7806382998241446 4559.976905060601 8.854123543107399e-05 0.5243782842035273
1.0025371690650524 0.7806382998241446 4559.976905060601 8.854123543107399e-05 0.5243782842035273
1.1648751488615883 0.812009234974649 4153.521699187496 -0.0005050069915022567 0.565803307550837
1.1518893696394752 0.8235724045047286 4850.803880396728 0.00041886941865225733 0.6280350175046269
1.1518893696394752 0.8235724045047286 4850.803880396728 0.00041886941865225733 0.6280350175046269
1.09899422596123 0.8069816310358142 4425.507089134996 9.172503586166769e-05 0.6032559818675964
1.09899422596123 0.8069816310358142 4425.507089134996 9.172503586166769e-05 0.6032559818675964
1.021728415511296 0.7554738705715478 4664.246148562548 0.00023454059396300846 0.46939897970140954
1.0959537198492357 0.8185710057129275 4275.913476104848 0.0008336790472940475 0.6052021005439341
1.0846943065751415 0.8081031095201258 4286.031028560643 -0.00038986387674735294 0.5852186801052536
1.241397415274245 0.8583371375055944 4107.813528433816 0.00023556513609559088 0.854762714438749
1.241397415274245 0.8583371375055944 4107.813528433816 0.00023556513609559088 0.854762714438749
1.000591784397744 0.774253679141546 4867.2643304196745 0.000288548700453601 0.4971800831392523
1.1594414453842223 0.8190549082748684 4164.907817835281 -8.14342683244704e-05 0.610466501628854
1.1594414453842223 0.8190549082748684 4164.907817835281 -8.14342683244704e-05 0.610466501628854
0.9554379570029475 0.7583102755242421 4927.838943991212 -0.0002493882936253512 0.48104735068426807
1.2420210887048586 0.8532916034912195 4398.17481404268 0.0001791877542143228 0.9005510828927181
1.2420210887048586 0.8532916034912195 4398.17481404268 0.0001791877542143228 0.9005510828927181
1.0121325910692591 0.7918024472689338 4936.512935159302 -0.0001936784658086891 0.5206014673424172
1.0428889253826625 0.7967094498630646 4845.230570488975 -0.00014255464813818793 0.5709969759180739
1.0428889253826625 0.7967094498630646 4845.230570488975 -0.00014255464813818793 0.5709969759180739
1.1191360854230128 0.8188934268616888 4143.921344595439 -0.00015395882198113555 0.5986551715825573
1.199802387137695 0.8596441265616425 4794.415599004367 0.0001535944319061988 0.8175087472011446
1.114996843481563 0.8151501549429865 4191.0404854288 -0.00025631842467533343 0.6000399035234589
1.1442349195480348 0.799541212618351 4777.302549004555 -0.0007312218314807814 0.6021942496299744
1.1897456263970145 0.8053508113600042 4561.959113407377 -0.0005766055245218744 0.8484054822274301
1.2210516504449846 0.8474193220795699 4352.046728723989 -3.739162341084534e-05 0.6825265025939126
1.0832879157085635 0.8070659541505316 4909.155145739414 -0.00018996931350084893 0.5892020668250713
1.0832879157085635 0.8070659541505316 4909.155145739414 -0.00018996931350084893 0.5892020668250713
1.0305173057101458 0.797230980877933 4953.80794440817 0.0005405718771136545 0.5605498375673704
1.166070156726633 0.8214279694536676 4677.812617971484 7.557242454227095e-05 0.6343955796118205
1.166070156726633 0.8214279694536676 4677.812617971484 7.557242454227095e-05 0.6343955796118205
0.9549527397485914 0.7578233221176502 4887.180056764127 0.000876612565010999 0.47730089441387563
0.9549527397485914 0.7578233221176502 4887.180056764127 0.000876612565010999 0.47730089441387563
1.1798916524547822 0.8177065295147559 4603.780158518275 -0.0006894119764980797 0.6007082917813223
1.1798916524547822 0.8177065295147559 4603.780158518275 -0.0006894119764980797 0.6007082917813223
1.171507722997835 0.8558038952541357 4252.476632192688 0.0007653255719642744 0.7987714354979181
1.1630920973513004 0.8164732367151781 4832.37926725798 -8.42157052020241e-05 0.6476296035537741
1.209741456136897 0.8184971292154278 4488.4653837998485 -0.00059806373198091 0.7456033532415918
1.0180901343195559 0.7590479636092452 4843.395203607121 0.00021280860154107508 0.4759817286542168
1.029581593273878 0.7873453269865587 4920.4344489566865 0.00012546186577842657 0.5141775226049327
1.0115315083080605 0.7703602360691609 4671.590378247673 -0.0004172830952162622 0.49570414778770133
1.1969631752786531 0.8182536807009264 4674.463576240567 -0.0004116488007027447 0.6147852301694645
1.1737779621685691 0.8332075731367382 4729.366001877427 -3.1079129090088274e-05 0.9401856326097148
1.145359501477346 0.8052985611896486 4413.010733592022 -0.00039443211256208976 0.562169787687286
1.028238886410309 0.7764567170956689 4454.551086905624 0.00025382756227538433 0.510838931154209
1.1503194208697454 0.8280971678962951 4825.0745700271345 0.000550454331553303 0.8012375856171301
1.113509640038521 0.8068634098894948 4303.9902923954005 -0.000366283341517887 0.5810684559852153
1.1399930166019647 0.8205158975131098 4955.31238143382 6.746983431908489e-05 0.5884212387207644
1.2402331557658033 0.8388642232660098 4773.887659573152 8.902094772171228e-05 0.7937719306792284
1.113958386339445 0.8244110812303466 4672.168852925987 -0.0001475741430779858 0.6343032167952676
1.113958386339445 0.8244110812303466 4672.168852925987 -0.0001475741430779858 0.6343032167952676
1.0772404538063105 0.8041871639790782 4181.586013814998 -0.0005427881820245523 0.5578484942233659
1.0772404538063105 0.8041871639790782 4181.586013814998 -0.0005427881820245523 0.5578484942233659
1.1333667335785793 0.8193052151442383 4236.568360693694 0.0004050103068162627 0.6141310274057574
1.220351393107916 0.8402088327482402 4864.76351694978 -0.00012150611649350261 0.7404978973778062
1.2419309694265412 0.83949737450295 4840.946510075208 -0.00015839500469520915 0.8546066376042916
1.0879281718046738 0.7799802615368459 4428.867166956135 -0.0006516248173577576 0.5318521465420132
1.0879281718046738 0.7799802615368459 4428.867166956135 -0.0006516248173577576 0.5318521465420132
1.1666785669771633 0.8333312875037541 4189.614163563441 0.00014491283288890305 0.6469848907089717
1.1680784122989107 0.832244253553751 4711.256030752465 0.0001336536734371697 0.942285494086489
1.1475724830698848 0.8115386542577263 4275.831316879276 -0.0002982971713223981 0.589149349369346
1.100615665963341 0.8359721852291025 4804.607799603492 0.00017419237242561646 0.6542296224622759
1.1352583746890432 0.825612750227947 4673.635014122616 -0.00015744712492350078 0.772019729252507
1.0457718243138927 0.7805319650154762 4821.239431232953 0.00031694370384830123 0.4999958166966575
1.0280044690017376 0.8211009215639423 4764.059256981941 0.0006380691697597045 0.597805070724857
1.0837786436808925 0.8048030194527925 4944.475112752227 0.0003185557625757681 0.5790167206509975
1.1736593385480962 0.8353768618772213 4738.614192627808 0.00043445477442802477 0.8108879728189307
1.0755608564002415 0.7892232984120138 4539.032380892672 -0.00044857941530088575 0.5671532579392202
1.0755608564002415 0.7892232984120138 4539.032380892672 -0.00044857941530088575 0.5671532579392202
1.0235205706398878 0.8093727365876526 4816.835166211108 0.0008754666862500248 0.5923641289349426
0.9730415870530741 0.7693850555133049 4463.981626435459 -6.0138155064747446e-05 0.4891682752093016
1.0957374897823027 0.8068576765513428 4257.083505811947 0.000477211037858206 0.5721021797789618
1.0530799474010557 0.8074115887278613 4693.888180567284 0.00029550954188886544 0.5737990639566981
1.0530799474010557 0.8074115887278613 4693.888180567284 0.00029550954188886544 0.5737990639566981
1.1901503696397226 0.8467668879816302 4492.8590941783505 0.00035337763976801996 0.680401608122987
1.1901503696397226 0.8467668879816302 4492.8590941783505 0.00035337763976801996 0.680401608122987
1.126688923985893 0.8306335229013793 4210.501743543335 0.0002495925973482276 0.6282879567301183
0.9539215170151957 0.7551061931359911 4937.379357330408 0.0001363907481908574 0.47319849418490645
1.0464370767381352 0.791753453606978 4949.44554958121 0.0006799236443500219 0.5310358394003176
1.0464370767381352 0.791753453606978 4949.44554958121 0.0006799236443500219 0.5310358394003176
1.0861876077165458 0.8117420864399104 4888.140075961788 0.00036093044094240545 0.5988826665934146
1.1581717843701553 0.8033841338944376 4751.530432292564 -0.0007114009199085355 0.5617508968263325
1.089990804253544 0.8249110733919318 4898.814483291729 0.00021410929963153565 0.6182461037925531
1.1436024734687056 0.8153716908269438 4362.14995539123 -0.0006925935352787557 0.6426061747152542
1.2184944253155499 0.8440784843600716 4536.7356877248 0.00029016966341471954 0.7558485099388345
1.1597386559008565 0.822577545378523 4998.896234665934 -5.7220842300390044e-05 0.6829706427987308
1.1393638618470943 0.8430635978841017 4905.139048655791 0.00019592482789983087 0.731704187180549
1.0150225265663382 0.8058827961367744 4520.1101181238555 0.0005169990306451017 0.5762549343750634
1.1913370102567715 0.8152917515972136 4891.286440562614 -0.00044674818204095535 0.7078826927848343
1.1872984742335841 0.8357540741832905 4211.243725245729 0.0005233226418589619 0.7723272246331573
1.1199059703239214 0.8197313635885174 4949.339713305802 -0.0005287194237839422 0.6104837543732782
1.0900708281235252 0.8008293408820919 4664.071780325349 0.0005296082896246719 0.5651633202286211
1.1233497946340094 0.835999691244069 4443.090734667615 0.00021163529720199446 0.7288208633391551
1.208764469573327 0.8279574587570167 4978.826436741994 -0.0004238230660252713 0.7919936820076321
1.208764469573327 0.8279574587570167 4978.826436741994 -0.0004238230660252713 0.7919936820076321
1.018216489739148 0.7491791952241376 4642.7073806921035 -0.0005410469067811552 0.46229304715345965
1.0441227057010267 0.7887421725069845 4898.345692475867 7.882690192511034e-05 0.5498771820000832
1.0543208915653146 0.7993609688173983 4810.505058887782 8.321209660745339e-06 0.5447515980836737
1.1653832503169512 0.8144166634801241 4445.371888640541 -0.00023047186583110825 0.5933759635947874
1.1341698985729312 0.8327525367370632 4087.6575316079316 0.00017191948769328778 0.6379849110655538
1.057514015059351 0.7893322384829401 4937.922118177699 -0.0003897159114563424 0.5439292753420976
1.170198680571938 0.8435785855921243 4238.198477805107 0.0005565978925033351 0.6753733228288079
1.170198680571938 0.8435785855921243 4238.198477805107 0.0005565978925033351 0.6753733228288079
1.1323687270569749 0.8127729937605905 4379.577663366954 -0.0008940088698208387 0.5856770280271888
1.0509267674139418 0.7735784600633021 4677.466674655371 -8.690336639528215e-05 0.5154895586817019
1.1741622635832492 0.8449034055821827 4191.225084221403 0.00023059721497580972 0.7082525251328958
1.155802761712209 0.8383644536424713 4260.654975401375 0.0005092138889543672 0.7457048434263598
1.1504532733559465 0.8319714950764229 4459.350614052061 0.0002638887586534011 0.7303744764486306
1.1565965649059975 0.8352916179819654 4257.316125670548 0.00033671153247890153 0.6353520861720512
1.187560904126717 0.8233470518436729 4195.491318744156 -0.000586511267829542 0.689692960830824
1.0726061703387326 0.8152546112061042 4563.311781332319 -0.0002682865520800658 0.6199360558041161
1.2191389656790141 0.8295469471437272 4593.221456198267 -0.0004218305215686353 0.7421042322193963
1.1156415905342878 0.8375354726722871 4269.935277271785 0.00016414201218483128 0.6571949915833191
1.1120683965501543 0.8286767163367597 4133.2188812216355 0.000376039349924092 0.6484819995911969
1.1079461621162907 0.8206712371516078 4552.119721744634 0.0003625160088109085 0.6095592294145902
1.1062473437187914 0.797219598890785 4510.723882105378 -0.0005485448742378877 0.5587362575315418
1.0438596790609396 0.7869093055762721 4867.835425327122 5.062025808731113e-05 0.5462676474494801
1.0438596790609396 0.7869093055762721 4867.835425327122 5.062025808731113e-05 0.5462676474494801
1.13727577539606 0.8268257707393105 4503.721685614812 -0.00032632203738081045 0.6976900997623852
1.211399902122031 0.8377472477654471 4901.888021528521 0.0003445115606896706 0.8445442051528089
1.117507900298026 0.8052590839516461 4598.718717582324 -0.0001421888163821171 0.5760117481041453
0.9888299469524517 0.7529142905179129 4975.6678463424405 0.00019305263580188025 0.4525809588138814
1.142133870201575 0.8297490485762343 4999.076842389739 -0.000142536815909565 0.7522894524682017
1.0682246477261694 0.7946566894539104 4872.790041438764 9.755596553445378e-05 0.5290427491093708
1.0682246477261694 0.7946566894539104 4872.790041438764 9.755596553445378e-05 0.5290427491093708
1.1404356685611523 0.8143641833747779 4971.058002461229 -0.00013220181191574625 0.652691875017347
1.1362471294788488 0.843200491342536 4447.108129110133 0.0005952670442524704 0.8332364927015941
1.1699929275639391 0.8272025316260632 4777.359649439499 -0.00015420158634184432 0.7234215230784664
1.0674395215663053 0.8179926349555282 4519.09822474549 2.4762384244954225e-07 0.5916372982030247
1.129282406677079 0.846055190110953 4949.000471620053 0.0006673256289714094 0.7083714536222614
1.1501415014878469 0.8219526942978566 4984.582975146342 8.470129121581699e-05 0.647396805599774
1.1578861277097325 0.8245513736005766 4838.659108836624 -0.0003272699263446496 0.6720422170481923
1.2223609728820315 0.8425551453745773 4560.934306730373 -0.0002504037150294683 0.890418316091617
1.2223609728820315 0.8425551453745773 4560.934306730373 -0.0002504037150294683 0.890418316091617
1.1850621440004447 0.8362403470912492 4566.015552348691 0.00026584155493503754 0.6604789856396968
1.1641469679519716 0.8139455712285331 4771.46558400755 -0.00045389306530293176 0.7851624490111062
0.9922722807685727 0.7617258065546788 4832.83926957303 0.00015424995210448948 0.4865058765643722
1.2211867163405608 0.8267717150144496 4831.454118250478 -0.0006466060486827409 0.6988065053838777
1.0644105630742813 0.801707871578069 4992.575729248349 0.000385590653900284 0.5552830629413461
1.1748763919946343 0.8557976554668857 4832.847343844587 0.0004825907938608696 0.7683744911722246
1.1600782791064743 0.8315283055736686 4403.173964249762 0.0003650106394506605 0.7160597046999397
1.0145227755662682 0.7929590306138263 4556.493830327459 -0.0003661634512731654 0.5578992781703016
1.177200144965847 0.8275629548939392 4270.47405985999 0.0003460161399143282 0.6716138845855917
1.2117696606946258 0.8547339045492538 4838.602415088552 0.0006831217010207274 0.9667871611032188
1.1188426292252123 0.836856804118856 4420.774523399286 0.0006131071160457342 0.7406091356378254
1.16823017571111 0.8147289748586375 4825.719281556553 -0.0003526412056502641 0.844822414715825
1.1397797009929658 0.8240517869513423 4946.972163049579 -0.00019973597218063028 0.7820578965830796
1.0963698224527358 0.7883979196052026 4566.536470123982 -1.8591900321631682e-05 0.5355031163034187
1.153958144748157 0.8360421942940869 4490.73860776222 0.0003350095320797675 0.6674836641596411
1.0983624479342904 0.8053017763613567 4760.572360028805 -0.0003792544614420403 0.5920930346462007
1.0128544714984544 0.7473333832259514 4362.17647944404 -0.0001345094469094229 0.4522903736944174
0.9721221562531568 0.769408076230908 4790.794386532834 0.00016691624953799752 0.49528680225156013
1.1928558094314514 0.8242810196390165 4859.587028413856 -1.0280873491232985e-05 0.8988440439615141
1.2017195529629352 0.8275603259438735 4557.800701540693 1.2499021589505085e-06 0.6643092355820093
1.1137653380990522 0.8209272768727094 4548.886208572728 -0.00023446148210443473 0.6257808923787392
1.2935309011789904 0.8468681966579928 4201.971463124406 -0.000392426951276094 0.8816995998839248
1.0713687695141176 0.801773541186573 4698.926302807378 -3.002353031562184e-05 0.5519148932266487
0.9804321262791893 0.7443966596585005 4803.1752658528685 -8.513271645126077e-07 0.444787748517097
1.1862391288522138 0.8181754899481817 4784.6713029114835 -0.00035672576138989515 0.6962184567526131
1.0312317653009535 0.7940216033531127 4766.7872551780365 -0.0002300702927299446 0.5443374006840707
1.0379592311252857 0.7993533072654172 4354.639218394587 -3.8691521440280426e-05 0.5734401402535184
1.1955788725493162 0.828141476008399 4971.857781624003 -0.00036376242624944774 0.8959286777012931
1.1992692390417903 0.8345731359061747 4983.999049726005 3.9300798839011155e-05 0.8261337772280857
1.0622083900003303 0.7901167867829038 4757.376236405864 -0.000563841920189841 0.548553183766459
1.0683790297693896 0.8042679866676903 4484.899016933612 -0.0005726141449418846 0.5864983858851004
1.207181847589376 0.843945474908725 4802.360461405456 -0.0001429945487882914 0.7247924016495235
1.233416365418477 0.8361289481661572 4814.524377018473 0.00019812271958400887 0.7883821801433104
1.1266097853302963 0.8535689351610505 4923.217356372122 0.0011797618498848015 0.7882603015111114
1.2057557959213017 0.8489963454373398 4835.5878042279355 0.00023881366373269423 0.821404783984036
1.2359085829508236 0.8341325724874349 4395.278634668645 -0.0001895507591857898 0.870959604887584
1.1573388288810431 0.8214300149556105 4947.876068524042 -0.00014442024788516262 0.6773213547938868
1.0810932493665082 0.8035555320605248 4947.262280748119 -0.00027562114437483526 0.5802018782808748
1.1090489089035787 0.8148504724624919 4828.560335294952 -0.0005647624976884196 0.6286721412747703
1.094489140955189 0.8094569315717788 4777.952322921226 0.00018701516341831096 0.5958450322425258
1.1590898578306226 0.819950541412697 4687.008051698315 -0.0004493959613584795 0.8033937626047117
1.2041401853613118 0.8469961306596955 4605.843738861545 -3.04380644190083e-06 0.8375589801942105
1.2053903203668574 0.8311672544789895 4580.889979335174 0.00010136315662714688 0.6687162930390655
1.0280778138217543 0.781880469551856 4797.32834748644 -3.692326537882602e-05 0.5308261955368735
1.0579060132989864 0.8006843643578697 4368.273894540055 0.0008006008631617212 0.5598454792055063
1.1921745265304646 0.8347843409689353 4536.226560484919 -0.00033596834403343284 0.6402855413432813
1.2128683721851445 0.8430895595829528 4930.260044732373 0.0003825121916246108 0.7263574492795095
1.222263164139137 0.8431657654475156 4671.665239078255 0.000190986618498042 0.9083149940701337
1.160868275693098 0.8408884359239851 4782.071501579073 0.00012738881600436917 0.7656970731099157
1.1110602280205115 0.8140265044365811 4857.183795490828 -2.9700985637284623e-05 0.6660839698218672
1.1039458154714483 0.8200981230084775 4572.862243121925 0.0005635160801617577 0.5994872311731831
1.0917318975579733 0.805960580834313 4572.327936071244 0.0006041950710788727 0.5770962357900886
1.1826601328677913 0.8353308330571534 4832.229573110744 6.256331372389328e-05 0.78031862261677
1.1343518080977164 0.8190863335785228 4821.176164951347 1.8320785708035486e-05 0.6262782470343304
1.177475276106346 0.8310121154217942 4782.686932730186 -0.0002783235728194834 0.795039979026278
1.2227152530943362 0.8506713870074162 4775.691337071527 0.00019217677298836482 0.8659763156474589
1.251828020761115 0.8498502001389749 4773.972019760596 0.0002062734401697113 0.860070519862612
1.095806965692041 0.7965455164628396 4598.953813085104 -0.00027305679481780574 0.5531566738707981
1.1196119623936256 0.8144758684776064 4859.731671789216 -0.00013211653294982353 0.6118666220652327
1.1933061772656903 0.8309028463948219 4460.593538938516 -0.00018943456529818938 0.8219807145818037
1.17009477060575 0.8227158414368817 4896.2209179945985 7.211613115412395e-05 0.8330090104990215
1.2451139957637043 0.8419352381868946 4636.151471816989 -6.440147739205186e-05 0.8146734256278092
1.099617237963125 0.8194842692713755 4858.041935771136 -0.00016728997016327387 0.6111327339681651
1.134819920943238 0.8083931207291674 4948.726615047998 -0.00012715250198847128 0.6723162073457696
1.0927248594356138 0.8189956508820275 4995.269125400979 -0.0002778342624691481 0.6239346834197217
1.1910383441666768 0.81356830524695 4741.9779803535175 -0.0007441170935728207 0.6491670244472538
1.150848972444109 0.8401332700060965 4940.469122577152 0.0005076168967724011 0.6785439749913936
1.1872574445037924 0.8414591528826382 4978.625724234658 0.0005219690214048153 0.7462736727089414
1.0921736684527261 0.7899624898290118 4985.984630961806 9.958821185338867e-05 0.5369085402650369
1.165001745378761 0.8354194112035999 4896.706830997788 0.0002962361869372066 0.8718564111445792
1.0747679367401124 0.8044130410892537 4768.636612439871 -0.00034486030780986104 0.5864595039327265
1.0701318530340627 0.8099296024328879 4573.03113048987 -0.0003114538048539478 0.5944698710788249
1.0233674243837123 0.8064512226939559 4912.33980372709 0.00034293861265103644 0.5846513835465842
1.1627008305818456 0.8095712065548613 4961.312247162521 -0.00040682717244625943 0.7577922524879588
1.1135489280820918 0.8299950659079751 4788.114426148733 0.0003219278502064973 0.7479221657314601
1.0935497879551255 0.7968627682520188 4536.211943758167 0.0001415497077450671 0.5574684678570161
1.1613757310777861 0.8318395042546547 4984.617388762972 -0.00042306606473036966 0.6862191379563962
1.1209074684143956 0.8127007843982877 4977.638582025991 -0.00022483150493927015 0.6180407009627971
1.1432387744479802 0.829323350678609 4767.973888394984 -0.000187783797843322 0.6550136300366756
1.1371414721954298 0.8092889277254225 4352.535935421739 3.5246744663160746e-05 0.5891298978187949
1.0765665380569638 0.8030467243762281 4896.134540287947 -0.00033615485419943674 0.566669199211627
1.166204412654186 0.848161153843197 4698.45640069753 0.00025286798746615864 0.695353298570697
1.2371071697141922 0.8272035349546097 4569.041583429088 -0.00016400281490748256 0.8395081272902614
1.1257038620035411 0.8249233444556026 4915.139995170427 0.0004208132828539214 0.706956973313157
1.1802698323979437 0.8511142414996902 4914.4323920367015 0.0005749090517115248 0.7614145439180473
1.1282404128233412 0.82720625036191 4766.158143789077 -0.00017115561572451934 0.66700795145533
1.1297528057244848 0.813787411168056 4982.709550470016 -0.00017740149650562306 0.6093966000717919
1.1434379754032835 0.8237217895042933 4881.612153941499 -0.00017502636373206747 0.7406198519515487
1.1391968081317498 0.8255430644817271 4794.812646754476 0.00042573820130522666 0.6472496126420613
1.1601029587635505 0.8087205168809896 4911.550115595529 -0.0009365239500372075 0.6326145351795804
1.1150029565343162 0.8226069657965374 4853.102893433051 0.000353499003777033 0.598478322017445
1.0185577812239288 0.7842453469456027 4898.556206569456 0.000333300960457185 0.5208135260510012
1.2183628636309503 0.8250468315237391 4524.080963773599 -8.441039927850678e-05 0.8270760531289233
1.235656561344323 0.83295664834544 4512.13524920893 -0.00034702274584805557 0.8552603066638405
1.075596154576914 0.804595892316035 4811.126630637573 -1.1459623226196307e-05 0.5910139310765334
1.113083780943716 0.8207934089903487 4741.9875711114155 0.00041097815258758823 0.6210433136208978
1.1079284620597507 0.828731347051205 4902.776169130291 0.00036210956082874504 0.696146979811235
1.092406298722184 0.8006211050068736 4941.7155026805085 4.7425717475833046e-05 0.572009942327605
1.1749795284737778 0.8449898496428808 4259.140236557571 0.0003382137972811382 0.7401818289699951
1.2430145012881104 0.8468190210330688 4635.474971963796 -9.511686928372707e-05 0.7480063066626808
1.1439403226184568 0.8211923346548765 4962.227368725605 0.00026337911522788734 0.6755908048948549
1.1322810461012653 0.8215200749806874 4964.650258695693 0.00046434740915205554 0.6262717564287599
1.1466154117293899 0.8034088968983013 4850.4765803192795 -0.00013514532385150427 0.5675675779894498
1.1386965154181425 0.8007668681101348 4985.903249628835 -2.517978570470332e-05 0.5828661212227843
1.0908840760850858 0.8350746843128399 4764.662261334279 0.0003958361690227633 0.7305610735873695
1.1610887774588754 0.817998794731966 4997.1592435084585 -0.0001437073449207993 0.6538663156913078
1.1807566937396992 0.8534768406585871 4777.730653674441 0.0005306652879642969 0.8748542328894072
1.1591275833886252 0.8251041174429589 4974.02022079357 0.00010964317271818423 0.7570316045571477
1.1574711158893998 0.8375534082513482 4997.006790587415 0.0007481012346905776 0.7254157749709707
1.1647787889326238 0.8292440291447933 4884.060371783856 0.0002988135500674483 0.7817968006064755
1.2083427789486318 0.8440057172419458 4803.618652727333 6.069893475108864e-05 0.7192920776041476
1.2083427789486318 0.8440057172419458 4803.618652727333 6.069893475108864e-05 0.7192920776041476
1.206419192564664 0.8523464891230205 4802.635628847495 0.00012228890888648148 0.723963766768501
1.1816654722263968 0.8349838196164838 4849.078309561858 0.00029296486925475563 0.6648112234696684
1.1336476074227917 0.8356360606657631 4937.711659402848 0.0007259708274770849 0.740574919314829
1.1290842170211852 0.8324331074913414 4795.125542416329 0.00032814438147767166 0.7890999543692445
1.1659142049223825 0.8351134718099508 4698.2178379958805 0.0003914702364421672 0.6732599677532195
1.177269637809736 0.8416561817489909 4773.375275073324 0.00024701389623685754 0.670639976645398
1.1644483393181737 0.84420917953711 4859.318232813438 0.0003409592578626206 0.785186216153616
1.1722135072693205 0.8539362204306998 4777.798331293447 0.0007472347016791443 0.8280357227491366
1.191850171737919 0.8574864108685301 4957.703144390724 0.000506273434653671 0.8130633504189309
1.2364807859338593 0.8545632866513189 4969.392504038818 0.0004078184140495033 0.7547255772896972
1.2223196709376996 0.8720065591850176 4926.988282830968 0.0006856842905368743 0.8171768106616526
1.226174173977356 0.8546787948646183 4826.739358881105 0.00039120586868309995 0.9005776583962944
1.2165895902922628 0.8407660764857702 4985.153971525742 0.0002493668991556752 0.8156754698168851
1.2165895902922628 0.8407660764857702 4985.153971525742 0.0002493668991556752 0.8156754698168851
1.2359999236705415 0.8461707047927371 4958.674851550737 0.00034472346656336955 0.8158501316212665
1.1469752424975752 0.8392047007857981 4902.719394346256 0.0003089102452925856 0.8344056607833965
1.1469752424975752 0.8392047007857981 4902.719394346256 0.0003089102452925856 0.8344056607833965
1.1866619751947478 0.8355302647612137 4731.981062630757 0.0003710465547787549 0.8362207808623672
1.1930560435786242 0.8319671668463037 4848.080172802797 0.0002335404166595346 0.8599744993794973
1.2132429943108007 0.8482564666195777 4794.408991889812 0.0003604573458677065 0.8549895089596069
1.2077840478307487 0.8496918324104086 4983.911908014328 0.000398095523673918 0.926737353755196
1.1672337808873021 0.8395960210119673 4794.067587358843 0.00013626719028361298 0.7046754710355603
1.1672337808873021 0.8395960210119673 4794.067587358843 0.00013626719028361298 0.7046754710355603
1.2093461782222545 0.8568009307425583 4964.4941142070675 0.0008192027473619989 0.8633713782558976
1.2428657457759056 0.8720076052652752 4895.625527099286 0.0005411867580612632 0.8704983547424447
1.101381798460913 0.8272684784913261 4752.310289965359 0.0005131219037786795 0.7576408028667363
1.1870249177015209 0.8431406056715391 4698.520868098443 0.0005184418254403158 0.7342755974750439
1.1867229691879002 0.8421288802011009 4905.761596154361 0.0007680412880358385 0.9346594284968883
1.1781348112954881 0.8391948438801443 4849.323437021229 0.00022960355354137148 0.6616929683640358
1.1892301655340438 0.8378728989479687 4804.356048513466 -1.5596003852612536e-05 0.786417684434386
1.2262721473831544 0.8240055012179047 4901.651111244885 -6.544420329021015e-05 0.8401842163890038
1.2471626256704142 0.849379416476995 4869.799155604057 -2.759712577765787e-05 0.9712508483554313
1.2112822386382818 0.8493831181825479 4872.26624101103 0.000148427965834608 0.8974962209464825
1.2355986198462148 0.8408897782096498 4677.1520245051515 9.908148021603528e-05 0.9667758892756902
1.1983010272366807 0.8234637171145731 4782.109299265376 8.687140133360197e-05 0.886944231227541
1.1957372384169278 0.8415737233391409 4941.778248532228 6.753010446682777e-05 0.9192015789565001
1.1957372384169278 0.8415737233391409 4941.778248532228 6.753010446682777e-05 0.9192015789565001
1.222926706918436 0.8458015419702538 4921.631437429694 4.667959393270842e-05 0.8874888880165018
1.18905509304735 0.8436681744149203 4827.732144965042 4.220852722932493e-06 0.9042072996570107
1.2223424580941098 0.8361672230673011 4957.046223895987 -2.5493902695343054e-05 0.8753965202221858
1.2223424580941098 0.8361672230673011 4957.046223895987 -2.5493902695343054e-05 0.8753965202221858
1.219089593575563 0.8393809866999213 4922.375046018649 1.3443524045988908e-05 0.9439888991631528
1.1793816995357584 0.8385374913027241 4668.950839822335 0.00012405187945881553 0.6964906323299267
1.1898237852641067 0.8503518167563033 4615.273804290435 0.00030521756935451616 0.6992457592970426
1.251083277572014 0.8325750909725311 4719.870657138013 -0.00046849551041456677 0.7558940538349617
1.216056265858353 0.8332584211436271 4677.681778606653 -2.776027897281191e-05 0.8063742284792046
1.1924074802750493 0.8310745846969099 4779.141101094255 -0.0001008713650690617 0.7464426632854579
1.2024125876050227 0.8250128361887249 4704.320965661357 -4.592718342395669e-05 0.842636285160367
1.1942517129877512 0.8245694675263981 4887.849783400572 -0.0003975231427459197 0.8376602454935935
1.1800002454976193 0.8309373083157775 4731.277785604562 5.2025817523590224e-05 0.7948650275308663
1.1324714383135959 0.8436074863322582 4663.055103273518 0.00041159009835219166 0.7118356065382492
1.1324714383135959 0.8436074863322582 4663.055103273518 0.00041159009835219166 0.7118356065382492
1.228229613655774 0.8403358585267032 4709.034665327655 -0.00024602111905487194 0.7306114192940195
1.186916394853931 0.8378210638606508 4509.094004338602 0.00012108961384895998 0.7538258189781201
1.216666222275853 0.8402825240586915 4442.657225405293 0.00019876355363169853 0.6837386510425731
1.1956877055883455 0.8341761217032284 4344.384719052316 0.00010073622090906627 0.6771682441644895
1.1704752623877162 0.8386112194807815 4306.34062703595 -7.577776559299491e-05 0.6800364767723628
1.2396214125592566 0.8443346064527345 4249.432499846728 -0.00015653633853643807 0.7297888257147812
1.2412638552901445 0.843485195821719 4344.073123894529 -0.0004048250813615561 0.7537555452945364
1.21796962549543 0.8410985549520821 4536.082255105368 -0.00014250114489763077 0.709021972959806
1.21796962549543 0.8410985549520821 4536.082255105368 -0.00014250114489763077 0.709021972959806
1.2337811522596693 0.8435128544560005 4526.661582967827 -0.00036514993171926505 0.7031871403010619
1.2565811067535322 0.8518084906243163 4526.413636555057 0.00011603300529465147 0.7860044718792923
1.2565811067535322 0.8518084906243163 4526.413636555057 0.00011603300529465147 0.7860044718792923
1.1300535544399803 0.8008663850400236 4300.85842937374 0.0005801372755935255 0.5632997175463437
1.092557532870858 0.7873011657988316 4300.211902741823 0.0007239525488340384 0.5168907080192675
1.174493497359003 0.8153488682901525 4300.904844519968 0.00010446956027585859 0.5944645911259735
1.0207189620682349 0.7872335440029791 4989.427888286529 0.0003773581348154095 0.5339412573282317
1.036655503771771 0.7958854387425041 4948.720292982503 0.0006989586897099026 0.5477321324978557
1.012088584013521 0.796334541350439 4918.837947029245 1.425443114066096e-05 0.5549432234266161
1.0454322002567475 0.7794620652119292 4957.304580929111 0.00030660839175877406 0.5061653166715795
1.0755420396192756 0.8025279738790274 4849.827644367922 0.00024668220869746905 0.551606163659453
1.1199512206312336 0.808302839526073 4509.377383377065 -0.00011415088560957157 0.5852257656093142
1.0719850204396166 0.8101713877665347 4953.203572247556 0.0002614858850480096 0.5782974651756874
1.1613576758123272 0.8283746900078873 4997.306992662213 0.0001566216690562732 0.6837494558701449
1.1613576758123272 0.8283746900078873 4997.306992662213 0.0001566216690562732 0.6837494558701449
1.1282755880471913 0.8248150521635446 4978.7644099217805 0.00011664831763694883 0.6353819907653736
1.1298695019932556 0.8200821681759523 4898.137672938411 8.464930628432587e-05 0.6905415216397442
1.1149036941289154 0.828738688264456 4941.98836267954 0.0003786867866881059 0.6514452996908069
1.1478465955290598 0.8101092947417157 4895.849541737378 0.000358679705973227 0.5926142377109282
1.1085957164287004 0.8155914499083192 4948.230784444044 0.00017237440000145398 0.6400500190670989
1.1085957164287004 0.8155914499083192 4948.230784444044 0.00017237440000145398 0.6400500190670989
1.0858389670245947 0.8383371851454834 4936.331353669137 0.0007151673003974019 0.6575473174324026
1.129890555983719 0.8342474790710777 4663.883332860366 0.00012032138861835099 0.6840540231762957
1.129890555983719 0.8342474790710777 4663.883332860366 0.00012032138861835099 0.6840540231762957
1.139568667666021 0.8210399478233532 4719.526238147762 7.39143642928475e-05 0.6013940763080552
1.1502253061129804 0.8254880723679814 4731.132217115487 0.0002730406575727834 0.688744393757212
1.1306762097184633 0.8350087537485504 4947.0379098372805 0.0003189436729806722 0.6835376661088011
1.0714578944729045 0.8138822098402049 4899.059827294384 0.000496135418118586 0.5805379290879569
1.0967946905760788 0.8410938869700523 4918.5185491306665 0.0005390527047220935 0.7308752424047282
1.1402450614498398 0.8103708587100474 4536.018904584226 -0.00048640615476536095 0.5735373425930382
1.1492499439955248 0.813908740353273 4510.579189754511 -0.00019859065830482657 0.5970884642899391
1.1462871331115514 0.8053843123128958 4405.623241848832 -0.00034310032324151016 0.5649398019466656
1.1796747428362022 0.8350738780471714 4536.581527995957 -0.00022178438585710675 0.653620420917919
1.151739721761245 0.8182190486136742 4592.980790816124 -7.082935559946813e-05 0.616943656042582
1.1841867967444941 0.8089920075477469 4797.284345765808 -0.0009373759186081432 0.8181275711371214
1.1329594809687664 0.8190402215402688 4728.879907281654 -0.000536225112330692 0.6640244667632784
1.1871644300879889 0.8126136407909622 4806.75410283954 -0.0008629002094659413 0.6018118512869686
1.1871644300879889 0.8126136407909622 4806.75410283954 -0.0008629002094659413 0.6018118512869686
1.206368421667055 0.8236253509062448 4719.508652357114 -0.0005031106859282919 0.6469949476466327
1.129472047617172 0.8230446316109892 4992.755400334722 -3.3719726139806403e-06 0.6420474254675512
1.175385407671746 0.8339286571874833 4853.265851390078 9.301938108371988e-05 0.6635566357957444
1.175385407671746 0.8339286571874833 4853.265851390078 9.301938108371988e-05 0.6635566357957444
1.1498851306600242 0.8307119395115914 4949.246800227621 -0.00023345244546882468 0.6633058142946779
1.1677391810281217 0.8153707857343144 4974.9458512105175 -0.0001201144660938821 0.775608811765661
1.1565313706487146 0.8165553370403991 4920.0383452566075 -0.00014884996143266132 0.725489007869077
1.185406569005184 0.8187351945316563 4938.575455109379 -0.00024493236201938567 0.7639620603286875
1.15186503786703 0.8276910150980756 4953.817081146557 -6.680409238442131e-05 0.6797049358794762
1.1463966611740892 0.8204034777182831 4937.320367815581 -0.0005817942488165328 0.7462789688805118
1.1812105217579192 0.8196933580846375 4926.864736757162 -0.0002788622190337974 0.6284713187249292
1.113391731770482 0.8199452531944107 4790.401838189672 -0.0002830575741285632 0.6238581237719739
1.1491687825309658 0.8122436026821024 4829.920397628148 -0.0003610130214836129 0.7334628618270804
1.1353679242793762 0.8060308789701364 4806.446303380766 -0.00011129365671442512 0.5776996252340493
1.147750117617706 0.810132833213937 4926.650984189226 -0.0003419788569215453 0.587016624965374
1.147750117617706 0.810132833213937 4926.650984189226 -0.0003419788569215453 0.587016624965374
1.1381020681969747 0.8207594191867169 4901.189235549767 -3.1660984449249873e-05 0.6149612540428581
1.1049313544322297 0.8064589777044551 4802.570406060356 -0.00015712379686417803 0.5787856484431392
1.1709691822080657 0.8236209957494138 4895.7877104524905 -0.00010811311762900193 0.6116182837489657
1.1602046840967914 0.8151078929957518 4936.238714707609 -2.7156676530457793e-05 0.7745665536949279
1.108537358310908 0.8169613999275176 4932.763677817202 -0.0002255450612200272 0.6457638580608589
1.1352480568884904 0.8242662529409863 4797.317237913588 -0.00027715920646083245 0.6640035834080944
1.155395816367848 0.8234059271020816 4817.673865508896 -0.0001258439043977957 0.7833149629111893
1.1679106291420158 0.820443691826962 4938.452695942446 -0.000431464009699301 0.6985728407513908
1.123294635271634 0.8314649763719663 4902.210070734839 -6.287622549377701e-05 0.7051156883261157
