 F
       18963      190887           3        2048
    0.838204773552941318E+00    0.549604695925036868E+01
 T
   2
    0.200000000000000000E+01    0.300000000000000000E+01    0.469726562500000000E+00    0.530273437500000000E+00
   0
   0
 T T     0           0
    0.000000000000000000E+00   -0.100000000000000002+101    0.000000000000000000E+00
 T F     1         962
    0.117713045566319153E-03    0.686142115233957656E-01    0.545924683311311565E+01
 T F     1        1086
    0.141513363123783523E-03    0.216070083462544388E+00    0.552780180706868940E+01
