chirp_mass mass_ratio EOS alpha zeta
1.124016950246054 0.6243296732936117 4999.593514128295 0.00031699751959802245 0.005042807392834388
1.2198342467721208 0.6331626770791816 4251.985283959543 -0.0006725373303817086 0.00850901212120531
1.059588570711548 0.6482986139618936 4501.081895342976 0.0004206744135497652 0.0062372798233040865
1.0579609998901311 0.729962578531823 4073.701097475681 0.0005017868827507067 0.008493334622481563
1.213231569124338 0.6713133257854361 4581.614612087428 -0.00014529140101773413 0.004551813316669751
0.9817315044129726 0.6558980361228456 4999.627886572216 2.6034535852283544e-05 0.00412515863760163
0.9974795596335541 0.6509535680636789 4965.46108827905 -0.00027896033413831616 0.0059669853766509875
1.5559726380934729 0.6796723507034372 4511.0664644691005 0.00023782959342882843 0.025606474307111302
1.2181051090555197 0.7755656861302491 4749.161680507332 -0.00037940616905482173 0.01068746119257961
1.5931256673733842 0.6226049954238688 3956.9100041381644 -1.2658597558181816e-06 0.015842225719756048
1.4878525826946953 0.7710947129442112 4090.1029870449856 -6.667393445229562e-05 0.04411381010320472
1.395211566288346 0.5886268900797812 4454.9794526319265 -0.00013434074627138745 0.011007588093302776
0.9564110432799114 0.6329698084417926 4218.670178519241 -0.00027250140622413584 0.005812463618007548
1.141354638310012 0.7090286887858415 4611.274772052834 -5.466875818147272e-05 0.004944023664489292
1.1501764715411662 0.7053309345871281 4498.748968669191 -0.0002087094494957583 0.011029998060715304
1.3785500213551323 0.6070392079860836 4820.936060458258 0.0004362857618713832 0.01450933504440537
1.365022190497521 0.6940378083926868 4206.023869259126 4.6386042469798856e-05 0.023424358087623554
1.3063043678275437 0.6637586537544112 4497.626507966134 1.652708433423112e-05 0.011882600380891912
1.453045452549615 0.6368742777047878 4779.032865925666 -0.00023765749749744862 0.013397857805575383
1.2182793801792735 0.7881761100914163 4976.425760367462 0.0004756134483124248 0.018825607982370946
1.0925401214911168 0.6760393757200734 4756.616769029376 -1.824349914894876e-05 0.006082404689056687
1.0942180184849537 0.7600231097061912 4414.16348945371 -5.418368210452664e-05 0.008871450767318158
1.3540751111282536 0.6955752861144154 4366.268151378643 0.0003535470243967111 0.01001358671926079
0.9130720681551268 0.6611621260252969 4758.796005200832 -0.00012544449312484025 0.0065112361294345205
1.251901812632823 0.7095665831313878 4474.020317462572 -1.5020629706178079e-05 0.006433042748562613
1.2007597108373054 0.648672967047369 4503.981793961076 0.00026401534733627756 0.007515322988165292
1.1538355888487284 0.7515514566927027 4917.7091387026985 0.00027375779803309974 0.012026598618483316
1.5172232782959456 0.6736375543630552 4153.518079412168 0.00011053074076761789 0.019264696349027957
1.5146143532515364 0.7866215243398587 4385.124392219924 0.0003969563731865143 0.0801836078050771
1.5266671352306482 0.711474032116362 4320.488524436939 -0.00045574726953202447 0.03091885944189772
1.5543455522768497 0.6426147038274731 4624.590826045273 -0.0003892141511700432 0.019249262742465384
0.996704777018969 0.7018033657252437 4913.787423699859 0.00012599265537568293 0.005861917694524593
1.2421449373771538 0.7854380917885009 4580.873534738463 -0.0008155205286596356 0.00926317541161542
1.5212307069619477 0.7430853672864491 4537.0190559082475 0.00039426008193207664 0.031733515299086336
1.3566488923321152 0.7596088927005702 4342.939210554807 -0.0004807474937916129 0.029852584888232794
1.3515856682811487 0.6817871816102332 4224.469090714961 0.00013361243786213573 0.019555399693473162
1.4555357942135725 0.6715348876683279 4064.1611708160985 -0.0001305040899595324 0.020743008155458192
1.361428202456375 0.7206354414553419 4064.5839129183855 -0.0003196241411771508 0.026540697300668485
1.2850115745258008 0.6800567762030191 4419.254912361791 1.0124965476493919e-05 0.019408110381297538
0.9628691306619742 0.6558480402343898 4844.606266229578 -0.0001768402622444155 0.004646805413810627
1.0520532276417032 0.6390150014141214 4705.883645882359 -0.0005695807370577975 0.005025668060635133
1.0713753656769236 0.6467264228206054 4801.192305770773 0.0004426955305124801 0.005322164183167991
1.283517819367924 0.6274330211692168 4782.613586805963 -0.0004526155123807648 0.012040004025351169
1.4183375617259846 0.6688121904850577 4862.739583229699 4.405838307487267e-05 0.015806984862191134
1.1042927176194848 0.7225761352619321 4238.8283270104375 -0.00038139324478072997 0.007651102838836969
1.250696973305633 0.6899963984173461 4089.9745845523935 -4.664722439844573e-05 0.006528273355097711
1.1332655419845028 0.7666280513739445 4351.3790597793295 -0.00042092109953742067 0.008527726474681049
1.4527178033498975 0.7446720804853617 3990.5730619255496 0.00018693528600775315 0.03484886499964288
1.0796871144425406 0.6578561473744552 4683.2810219781995 0.00025166166112064567 0.005467188990681611
1.2342094939802333 0.6675656040609705 4150.574910330599 -9.391891671563979e-05 0.006907876475907857
1.4131600316792494 0.7017536641825524 4334.391024128793 4.4074386103579676e-05 0.02680148131223489
1.3822377644713604 0.6990340465961266 4104.7161127046575 -0.00016286005552555003 0.01824569582896441
1.3837936113795006 0.6462052134509008 4073.239366860631 -0.00011678234887441641 0.014627969081362036
1.0158364164265516 0.6473968475468622 4912.231194513416 -0.0001385783829471607 0.004491645623993493
1.1507528433339616 0.7292216640045702 4486.144684659592 0.0005048178756914493 0.006348771923987766
1.4361641075266594 0.7239170315195113 4624.782808237169 0.00012063392008878047 0.029263640689499222
1.5460064580748405 0.6698018839728314 4607.654446471486 0.00012046074249506105 0.02243557704832598
0.977581925218221 0.642332822299086 4395.653500266566 0.0005529681888115844 0.0053455192544435235
1.4902915701361206 0.6803412549378125 4659.481211878586 7.544234105752085e-05 0.016703844103259584
1.298773060675018 0.6590144100601162 4549.059120917523 2.9775061048241947e-05 0.013819935573026892
1.2348857887693705 0.7101726675220116 4265.210345458525 -0.00017119643370711404 0.018018815961608085
1.1876914976426676 0.6676071390822782 4944.5682922248325 0.00023118151412646483 0.0066383178369544835
1.1831152464423922 0.706336758842392 4363.318407260254 0.000194435107946794 0.005993118190962958
1.2105093417836712 0.6950341791523454 4912.982118317832 0.0001564696716281627 0.012990320265863078
1.2558683025415076 0.7133490194180697 4423.900930186552 0.000239916069078302 0.026678118927265865
1.4279344233537448 0.6651793895409424 4135.68855205708 0.00042018959872667714 0.019905202459709018
1.3270505278811466 0.7291164372967105 4956.260087904004 0.00015918054853763941 0.02973635971044002
1.4135814480579347 0.6564538282582978 4607.872211846437 -0.0009593599997122143 0.014458482848290115
1.305129852287679 0.6811475601047428 4024.3485033546444 -0.0007250932550790087 0.007582984038352395
1.305129852287679 0.6811475601047428 4024.3485033546444 -0.0007250932550790087 0.007582984038352395
1.320784147078481 0.7432622346422058 4219.977792286253 0.0002774820972122948 0.018263290867260022
1.2392147073591477 0.7326861849610606 4390.247370107794 -0.00016731095014833623 0.00821449707746415
0.8772780282727718 0.6377536697088045 4828.14577899131 0.00018631139377516223 0.005186668514068505
1.2926050141054901 0.6613343649017683 4629.533320459644 2.2878819881036587e-05 0.012948081288788665
1.2394640528000636 0.7164078349186827 4419.942420782072 0.00026477440287889394 0.013396215224008457
1.3488336220345518 0.7022140046872725 4573.5921161888555 0.00014506504314611824 0.02898932483545948
1.3931625675929271 0.6472028819975544 4533.599785340538 -0.0005250515472958967 0.019951389994636907
1.4995344125814358 0.7085319743820686 4469.636916305785 0.00014516570068518942 0.030049061831827397
1.284131629067164 0.6497224812158444 4989.638001356911 -0.00024854710656005896 0.011323136911250201
1.035731260925795 0.6819721829658821 4244.6949306015595 -0.00014762095549814358 0.006174343581471935
1.0711440527308271 0.6751792722497734 4076.9949498617466 0.0005702124803548704 0.005343171440183026
1.2803350907500293 0.7444042267599167 4551.231504635088 -2.5249224425447178e-05 0.010446564899275488
1.2323064689796994 0.7217578127080483 4332.961530927678 -3.0434753524720895e-05 0.01100535189638057
1.428757657723237 0.6523205306202925 4843.417154964345 0.00011804051194624377 0.014513787777105994
1.4775617685470475 0.7296218367153722 4405.013636563139 -0.00023155366441333043 0.03446020189324526
1.526981770793038 0.6250457196027093 4384.523874043392 0.0001602034685986221 0.013859182715037123
1.4002576559827802 0.6592323158663356 4873.096043412839 0.00028875805794220465 0.015073946526475368
1.4002576559827802 0.6592323158663356 4873.096043412839 0.00028875805794220465 0.015073946526475368
1.3008100642024365 0.6917733624805564 4962.097275814592 0.00028723338983401746 0.014321913628069106
1.2545283737092576 0.7715687103133865 4951.314420677294 0.00013841937594011314 0.017326247579158745
1.3162698879807093 0.706466117833023 4461.482470473876 -0.00029220962816514325 0.0235152200311816
1.0958332441165817 0.6622672436368158 4428.815568474155 -0.0009768443739611246 0.005895630176414186
1.5651654239160715 0.5799136210636081 4164.177294839776 -0.0006845585428738735 0.012842036152838864
1.0547575581662123 0.710465605320169 4065.6883078831415 0.00018234667534156065 0.006960847581502352
1.217608995664198 0.7194227426892288 4863.445055750349 -0.00016377030800079865 0.008511331388933202
1.265893160378246 0.714356991808402 4909.517788071185 -4.562946384096089e-05 0.015444051001586833
1.2399317610518736 0.6977083252537526 4851.1543192297095 0.00012796183950116195 0.005944487731854207
1.2399317610518736 0.6977083252537526 4851.1543192297095 0.00012796183950116195 0.005944487731854207
1.3900836053647208 0.7219683680305392 4953.863738742653 0.00016640947392774523 0.031420365801864504
1.1845516050004343 0.7199998290443621 4606.086559196178 0.000944001000552791 0.006417973844773837
1.373150263367441 0.6676891805692545 4876.19077444453 -4.845267464262563e-05 0.01594770378909748
1.2173208890633207 0.7312412248989341 4986.796970528385 -6.536795643849064e-05 0.015452143267902944
1.2173208890633207 0.7312412248989341 4986.796970528385 -6.536795643849064e-05 0.015452143267902944
1.113579481290754 0.7282614411685842 3994.607778290342 -0.00041289372684262196 0.007741718677728443
1.470609334357818 0.7370591086032515 4468.44882083232 0.00014423179059806982 0.022288062650909247
1.0260352654242477 0.675036287005175 4943.464516751604 -0.00016627298463011412 0.0063988535901993064
0.9686263702568054 0.6732995731244178 4206.3924852100445 -0.0004567436248653639 0.005536620286749316
1.2653997504621524 0.7316726453562921 4599.116530021303 1.9938547449194563e-05 0.018282368033137472
1.4088629862609001 0.7030947144350577 4320.206676284379 0.0004348182830396632 0.016206991101481348
1.295686711353813 0.7187394535558104 4731.47429586293 0.000604236058797205 0.01660827937292669
1.295686711353813 0.7187394535558104 4731.47429586293 0.000604236058797205 0.01660827937292669
1.2755519236619735 0.7191811118515397 4402.106203955437 -0.0002798044774811914 0.01565816299415802
1.2755519236619735 0.7191811118515397 4402.106203955437 -0.0002798044774811914 0.01565816299415802
1.2994515787399656 0.6668600404408236 4622.068530706732 5.2116768969683204e-05 0.015657969849407184
1.3265431310997906 0.6599698310728106 4452.100083377542 -0.0006428306810646225 0.01586072805482594
1.45945795175142 0.6899748362072186 4219.861350209114 -0.0003431268575968589 0.02428576568837696
1.3929430327308345 0.7594912980330901 4585.715035492694 0.0003890312755709301 0.029232745728634504
1.3929430327308345 0.7594912980330901 4585.715035492694 0.0003890312755709301 0.029232745728634504
1.4904379658084093 0.6213419274707287 4502.543000202817 0.00021610835086650543 0.014462268272944138
1.4131807459382757 0.6698909908199161 4983.238936961647 0.0008271220158074499 0.01720836766246713
1.4131807459382757 0.6698909908199161 4983.238936961647 0.0008271220158074499 0.01720836766246713
1.325248088245162 0.6381664987397189 4642.204454962527 -0.00047661675144138944 0.014042653404776452
0.8979609041451737 0.6198308141379635 4805.130186388856 -0.00033011169429740436 0.0044891214517909315
1.3494911027527163 0.7055808128154306 4782.216777804124 0.0005465784185694537 0.027673283065794238
1.0380980109474083 0.67927199590659 4915.765915338402 0.0006382545118524541 0.006205628775840618
1.3184288275034364 0.708969293997934 4599.523993388013 0.00013945861643895714 0.025905782489359614
1.013135397913668 0.713783396782411 4559.9575696353395 -4.375198758634274e-05 0.006543284866152974
1.2827318966737455 0.7040211372478816 4778.8983202762 -0.00041218246326559644 0.018209150537680113
1.2917973972661192 0.7543719434469088 4271.574323442748 0.0005908373734155595 0.00991773146850889
1.396750433286537 0.7165344345425321 4479.463220512881 0.00022123077583819503 0.029744748427437386
1.4739150302810904 0.661831722674852 4270.725917986758 0.0002909014610693207 0.01792795673081307
1.385765429475696 0.6522994297349538 4957.933179813117 0.0004598510348312349 0.017388700800401544
1.4461883046230017 0.7292461211772372 4568.725311481789 0.0002973772292674858 0.03231981010534185
1.157261178116384 0.6792225127036655 4450.054524377869 -0.00044818122140154523 0.006246825275360487
1.285027825596492 0.6956614846954421 4382.178592170688 -0.0005289819954561947 0.016817625372892917
1.285027825596492 0.6956614846954421 4382.178592170688 -0.0005289819954561947 0.016817625372892917
1.3213603169162653 0.6708814899599029 4763.485624432739 0.0007627876000190073 0.02051163534922005
1.210256653916229 0.670020554651363 4265.6469367451045 -0.0002803825558175546 0.01217095194969726
1.3408607957593757 0.6662005359702458 4881.458654088737 0.0005956055206536646 0.021531769631754842
1.3408607957593757 0.6662005359702458 4881.458654088737 0.0005956055206536646 0.021531769631754842
1.348399255738074 0.6305666577178936 4795.838447992961 -7.789240975361617e-05 0.013243257534964251
1.3054927937322807 0.6890384465198931 4503.669221426374 -0.0002879855622532002 0.02171486485598938
1.3054927937322807 0.6890384465198931 4503.669221426374 -0.0002879855622532002 0.02171486485598938
1.2058238237306051 0.7236888457136901 4203.4017767606865 0.0006936333451110786 0.008514310030557689
1.3485642102989193 0.6653323548394583 4642.137964499803 0.0003279712764892733 0.01910152312989031
1.3995386385886857 0.6470615317020474 4332.904815896841 -0.0008871697049594227 0.016916152610124264
1.2270280269962657 0.6687193647242741 4686.4900060502205 -0.0006352175798496104 0.014298357309919827
1.2270280269962657 0.6687193647242741 4686.4900060502205 -0.0006352175798496104 0.014298357309919827
1.5171800254486905 0.6323655849862784 4476.938632413344 0.0002414455789424271 0.013846395114440952
1.2658982534521124 0.653103899658735 4645.440753728829 -7.076631044153041e-05 0.012119529636684723
1.1527138381263675 0.7474036105194928 4921.422323633491 -0.000586172746910894 0.007063076389923288
1.275382039794159 0.6598717911575747 4471.910416996212 -0.0007114982384390883 0.013843380816733204
1.277328908804075 0.75598097849035 4196.318133500514 0.00031727498400986766 0.009523009955146537
1.5627722683701846 0.6986157117568002 4101.163152316274 0.0003417789701208948 0.023478165189741607
1.3743079926334556 0.6880587879191341 4467.722785365759 8.211870870723109e-05 0.023724488132764867
1.356412529181204 0.6176158933605651 4861.7076011328345 0.00030925874725155233 0.016884861252207214
1.356412529181204 0.6176158933605651 4861.7076011328345 0.00030925874725155233 0.016884861252207214
1.1203538039890615 0.716994395446282 4670.638536811886 -0.0005338530466220484 0.006981156281298431
1.3774303182511134 0.6747372826817783 4923.540880528681 -9.114215663957188e-05 0.022253984289455315
1.3899272356431736 0.6272123527711877 4441.21487353805 -0.0005173819916503966 0.017534260678422967
1.3899272356431736 0.6272123527711877 4441.21487353805 -0.0005173819916503966 0.017534260678422967
1.412452034833159 0.6443256094498407 4951.594850672166 0.0002518833419191217 0.013843927468965143
1.1353227200854943 0.7664363615816474 4817.067267465839 0.0008218630334535224 0.00779730031138028
1.2277632048525597 0.6718930383171401 4874.917012094005 -0.0002585122214881803 0.011386465063817575
1.2277632048525597 0.6718930383171401 4874.917012094005 -0.0002585122214881803 0.011386465063817575
1.554304960683563 0.6421023150740287 4056.59806164199 0.00030738859756471095 0.015873322511059322
1.3803101983850437 0.7090779554727857 4605.255880524106 8.838555649517313e-05 0.022213323594608314
1.39032642105474 0.6654471145034173 4965.169221923023 0.00020417782150512786 0.018752677379587496
1.040531809685392 0.6787901643321147 4113.337843027084 0.00021058238817125532 0.005821560624477446
1.3341356646300162 0.6918502402295716 4836.960883731553 0.0002725823582985293 0.014442334711008989
1.3485809281570322 0.7382283221725838 4953.485330634187 0.00023318941664473308 0.03071064669837866
1.2158984695228132 0.7158752139277391 4601.320538074256 -0.0007079580323601641 0.015004979379645114
1.3532428492405382 0.629300394720569 4263.448423502805 -0.00021581588742196543 0.01752933641926684
1.4760126708103356 0.7216215080517745 4090.568737245673 2.8343595901775315e-05 0.02178550334641667
1.1735316127515123 0.728220010270299 4397.87577209796 9.327236847342236e-05 0.011523965650494263
1.3182377812268697 0.6710882345224574 4355.754861423397 0.00013809308539143074 0.019071916621331876
1.3182377812268697 0.6710882345224574 4355.754861423397 0.00013809308539143074 0.019071916621331876
1.5783410482778215 0.6136755846826272 4306.776676259978 0.0004923317952063694 0.016982895899065667
1.5783410482778215 0.6136755846826272 4306.776676259978 0.0004923317952063694 0.016982895899065667
1.5223921003958216 0.6573967251974575 4266.01009093574 0.0003591233993738862 0.017536221118592564
1.5223921003958216 0.6573967251974575 4266.01009093574 0.0003591233993738862 0.017536221118592564
1.298340284322486 0.6808470922834379 4181.706498068233 -0.0002078027609692582 0.009810578300985126
0.9566969074585053 0.6608503830653405 4482.012678143124 -0.00033761530725289385 0.005408468017996611
0.9566969074585053 0.6608503830653405 4482.012678143124 -0.00033761530725289385 0.005408468017996611
1.1770054057104493 0.7212891818219453 4332.771725023791 -0.0009867462859362258 0.007402673651300809
1.3907070245145694 0.6315204512839124 4533.226185477226 0.00015607945934075187 0.013896545867513231
1.3907070245145694 0.6315204512839124 4533.226185477226 0.00015607945934075187 0.013896545867513231
1.351881786306092 0.7401426593789201 4113.976413939431 0.0003740429547485368 0.012272643909312046
1.1506517992437235 0.6604936084642072 4498.641860187144 2.4321079927311416e-05 0.00684999371378222
1.1506517992437235 0.6604936084642072 4498.641860187144 2.4321079927311416e-05 0.00684999371378222
1.2760605880498557 0.711710358293916 4554.262793777634 0.00024560157719812054 0.023145020282731084
1.4491769261298906 0.6167422367971775 4021.6089847658095 0.00035974140143059657 0.015137264658756889
1.4491769261298906 0.6167422367971775 4021.6089847658095 0.00035974140143059657 0.015137264658756889
1.2048219159779434 0.7483226556977363 4875.138935497002 -0.00016616508974838913 0.010292532367316858
1.4159575163885627 0.7401991857106308 4850.276305188248 -0.0006230014138788978 0.01937319700152102
1.1149889746706088 0.7180993032442439 4732.347867376805 -0.0001282686145009355 0.005689014185857226
1.1149889746706088 0.7180993032442439 4732.347867376805 -0.0001282686145009355 0.005689014185857226
1.3631190691647488 0.7074094509180703 4562.624275743751 -0.0005917118690769638 0.025106201653432338
1.3631190691647488 0.7074094509180703 4562.624275743751 -0.0005917118690769638 0.025106201653432338
1.3422444665490896 0.7356435118889972 4699.586463026908 0.000518810875279855 0.032418322319504256
1.3422444665490896 0.7356435118889972 4699.586463026908 0.000518810875279855 0.032418322319504256
1.4369802431523255 0.6764180582522693 3965.071424076335 -1.131957948892379e-05 0.019295904648726606
1.4369802431523255 0.6764180582522693 3965.071424076335 -1.131957948892379e-05 0.019295904648726606
1.426148376072828 0.7290005317356295 4603.054438653072 -0.0008927823515354565 0.028719513915728308
1.3060126787166486 0.700317533789592 4742.102116179395 0.0002279675942269313 0.019535579103279875
1.3060126787166486 0.700317533789592 4742.102116179395 0.0002279675942269313 0.019535579103279875
1.3410588348564207 0.6299781850032579 4915.638416913872 -0.0002930391257188922 0.015461772623774886
1.3878661900122653 0.6819917967797001 3986.0087024197474 -6.394648356680615e-05 0.020388493998616163
1.1809201503083582 0.7401326671589497 4648.680487152005 0.0001820116178159993 0.010792445280233043
1.1809201503083582 0.7401326671589497 4648.680487152005 0.0001820116178159993 0.010792445280233043
1.2163325382931762 0.6959364223705318 4450.8108832607995 -0.0003242483020733105 0.008932456787092232
1.2262453350799734 0.7206376855936883 4414.104857468819 -0.00010437129615238275 0.014624569938434185
1.1363636817386038 0.6909633558131857 4440.261632998525 -0.0009587944011781481 0.005803094745346397
1.1363636817386038 0.6909633558131857 4440.261632998525 -0.0009587944011781481 0.005803094745346397
1.0817601467079823 0.7620748941418645 4937.376760932274 0.00038598232108001023 0.008028093263473604
1.0817601467079823 0.7620748941418645 4937.376760932274 0.00038598232108001023 0.008028093263473604
1.0024375077508083 0.6997628352401911 4521.690112192559 -0.0002825351341072581 0.006293727243015426
1.4461893668555972 0.6469856162259624 4093.8251677162507 -0.00015325761904151752 0.015214219047448647
1.4461893668555972 0.6469856162259624 4093.8251677162507 -0.00015325761904151752 0.015214219047448647
1.1561127022409994 0.7097548144191985 4827.352386966642 -0.0008035529602289495 0.007590074418816048
1.4422980549740458 0.6833062822762923 4930.258943145547 -0.0001064376255280473 0.01949421453470805
1.2732131929868675 0.7577081996919094 4794.368282865811 -0.0006336911128770283 0.01648572629442268
1.1446963636294412 0.6822030497462731 4822.312324620028 6.904057810832785e-05 0.0058976072164203365
1.4204165857831763 0.7057357522767376 4193.130188890424 0.00044534995389302186 0.024287793034382627
1.2200580177580274 0.6728697234511465 4977.66787731922 0.0006896917059075509 0.008067927865291234
1.1496965559960217 0.7468364270480012 4847.74989978151 -0.0001658425046873461 0.011020763486206156
1.4073924892125853 0.6808227846148123 4259.247775064598 -0.0007478515640779052 0.021631558201176047
1.3151179294391238 0.6791876814741744 4242.211552533621 -5.0484419165406784e-05 0.015568754753883772
1.1413540381870058 0.7733466272342983 4573.482459793408 0.0007212186270048894 0.009424322451988088
1.40521564881649 0.6397338437492395 4539.6433508755035 -0.0006560705306239632 0.017261841809444324
1.40521564881649 0.6397338437492395 4539.6433508755035 -0.0006560705306239632 0.017261841809444324
1.0755195143819782 0.7072023913346952 4535.5958344247965 0.00041964960637731833 0.006203562320160066
1.0419862521382566 0.6626491147398779 4730.074024282145 -0.0006675449322567149 0.004931360007531398
1.3875579765812716 0.6128084909631599 4186.937536870774 -0.0007638033338846179 0.015096058009357009
1.1322928650773694 0.6885285876526686 4752.67956240276 2.441068669086191e-05 0.006562696967670767
1.1747366550561522 0.6840165364875099 4942.78626889046 0.0008674535814866595 0.006568157722414582
1.1747366550561522 0.6840165364875099 4942.78626889046 0.0008674535814866595 0.006568157722414582
1.3358755191134792 0.7083378170476107 4537.503637139427 -0.0003882713254635679 0.009637426667099328
1.1660254334096702 0.6626358278815635 4489.090030936238 -5.681105144199803e-06 0.007318180899511289
1.2510958850979819 0.6916491647193064 4714.720234411798 -0.00026947079722411437 0.014433833631553294
1.2510958850979819 0.6916491647193064 4714.720234411798 -0.00026947079722411437 0.014433833631553294
1.285394423533031 0.6872399899391791 4601.428952332871 -0.0006410562311877267 0.02136333772385832
1.285394423533031 0.6872399899391791 4601.428952332871 -0.0006410562311877267 0.02136333772385832
1.2354818832717849 0.7111373676102777 4535.299243389212 0.0001847917326134386 0.01739486369674318
1.1182034271839323 0.7232831460480297 4767.158333033119 0.0006312476940956346 0.007269007125455914
1.1055536574765994 0.7323491467626981 4979.739815205871 5.531766873962512e-05 0.00768525163685836
1.5524747964174237 0.6630553732001453 4597.166649800472 -0.00012129348725818257 0.019373711800321422
1.2186694977489516 0.7224644182139414 4999.574906736738 0.0007687893154345209 0.015669486587106426
1.2186694977489516 0.7224644182139414 4999.574906736738 0.0007687893154345209 0.015669486587106426
1.2563575519072925 0.7203565587217253 4472.427586539731 -3.936503915204695e-05 0.00756896085590129
1.3597460815457407 0.6412253100537706 4927.424125206436 -0.00021496153429204648 0.017271367360568494
1.3597460815457407 0.6412253100537706 4927.424125206436 -0.00021496153429204648 0.017271367360568494
1.0940044207835682 0.722686129120756 4642.844640433403 3.4282061848213543e-05 0.007275187582381111
1.0940044207835682 0.722686129120756 4642.844640433403 3.4282061848213543e-05 0.007275187582381111
1.4921945862494481 0.660727886555171 4943.951660439582 -5.831304123061201e-05 0.017640123240814952
1.1504408687336756 0.7527917551189605 4847.69952211878 0.00030769425092010567 0.010742281406992736
1.3637432339436 0.7426943593952045 4383.466781465484 -0.000578759807790291 0.02449672062953541
1.416114420123521 0.6474810660484521 4909.29098245229 -0.0003484538325388013 0.017489041814149318
1.4262720345093667 0.68084988334046 4843.72914633835 0.0004498377192519236 0.022000593799231773
1.336313966777945 0.7373496936642423 4985.73691289712 -4.234823301905716e-05 0.025369828650361657
1.4110964940379098 0.6849791975961327 4630.004607679979 0.00033966428383636857 0.02097909227011325
1.3996360431826793 0.7171939157974581 4827.737534648683 0.00016929051114268154 0.03260072251753692
1.1963355665216946 0.7096329518117462 4651.439211587138 -0.0002783092289758462 0.008424108966688841
1.236657333825176 0.7158810248577507 4859.4132418438685 9.607746795324982e-05 0.012972274834067685
1.1674229465069992 0.7231759191022822 4197.932170910861 -0.0006081263272955125 0.008623016362625382
1.2771241337261716 0.7640005010568275 4827.115772259137 5.294649593480335e-05 0.024730645525971692
1.48838920308545 0.6901488658856362 4982.151698412217 0.00011237648348679828 0.025302587087277412
1.2883368020522985 0.6928343572871596 4768.76695163882 0.00021947794206643564 0.02251625371971768
1.2883368020522985 0.6928343572871596 4768.76695163882 0.00021947794206643564 0.02251625371971768
1.2125391708850881 0.7170293179002712 4619.360641621677 -9.82832576282817e-06 0.019090253931911202
1.4455246364125638 0.6913623103042572 4126.829277750427 0.0005168682283098171 0.021822588314034615
1.2238918446623945 0.6905870398583287 4976.0962856770875 0.00018200551236725732 0.008904019159922593
1.2238918446623945 0.6905870398583287 4976.0962856770875 0.00018200551236725732 0.008904019159922593
1.30615587268643 0.7446562279768448 4211.770108428924 -0.00016393102151589947 0.02289531379556324
1.1625215575602224 0.6735479193069045 4808.612395263663 -0.00013657592574590585 0.0074031314804949375
1.0201366598975126 0.6556014085828357 4751.9969229059 -2.4027594945171357e-05 0.005307172717335486
1.0201366598975126 0.6556014085828357 4751.9969229059 -2.4027594945171357e-05 0.005307172717335486
1.3759895790417922 0.616510088803023 4311.350429411469 0.00031192309892184866 0.013532254001308393
1.4714866199155785 0.5901765124896796 4368.061149160452 6.798812472795877e-05 0.013674776545299555
1.2775497242802365 0.6340230107795145 4619.323456852708 8.575873003492445e-05 0.013981245511279546
1.1963040230257618 0.6941857381298675 4979.343412051224 -0.0004735665092193496 0.009391145872729842
1.1963040230257618 0.6941857381298675 4979.343412051224 -0.0004735665092193496 0.009391145872729842
0.9988399457680006 0.6922234517442712 4802.409104477269 -0.00019836527282463847 0.005917488077590182
1.2942887932192044 0.7207135228982794 4204.988614718009 -0.00017162675235451552 0.014236681653024589
1.2858237689318075 0.6898203921829184 4900.148408133892 0.00032351293131120185 0.017163939709381345
1.2858237689318075 0.6898203921829184 4900.148408133892 0.00032351293131120185 0.017163939709381345
1.294218106539446 0.6737246554701006 4935.759012350728 -1.406667987407494e-05 0.018404436264752598
1.1070380453226087 0.7176907798653099 4952.2944533057225 -0.00014496648529936234 0.007761921680231186
1.1070380453226087 0.7176907798653099 4952.2944533057225 -0.00014496648529936234 0.007761921680231186
1.0561545843897244 0.7173240585724342 4539.3190663591095 0.00012913699100693468 0.00713123550366383
1.1996364734102052 0.722267368433265 4961.281408805295 -0.0002162148797889342 0.008861045673489373
1.4110948296439834 0.723927792944638 4840.4898391118095 0.00021290046380501804 0.031103114531479556
1.2853500123839305 0.6709219533679096 4670.433922387405 0.0002548511611591276 0.019600176446859817
1.2958818357945652 0.734172142657388 4896.690425996665 0.00029062660653306785 0.029556834808751403
1.3674374048409579 0.6748712770766845 4913.449145649892 0.00019277656359335734 0.0196737377366618
1.2955038794875233 0.7341819283915123 4524.3112147728525 -0.0003535482015956641 0.017116340979883134
1.2627131364972048 0.700567217400915 4821.709968197658 -0.0003868470519370309 0.00915652321395531
1.0008840949938649 0.6795973153066346 4772.2705216869645 0.00012200064362319155 0.005477460392487278
1.0008840949938649 0.6795973153066346 4772.2705216869645 0.00012200064362319155 0.005477460392487278
1.23842909440661 0.704150756389486 4819.523815425594 -0.0005422115677859209 0.016721834796924503
1.342817003004666 0.7047755875030407 4416.342407327824 0.00028016996339021985 0.017704605389647535
1.3691232033678755 0.6016718867678855 4443.054611706484 0.0003546350663933999 0.014139245606938185
1.436958969212919 0.7144315027113519 4864.266491290269 -0.00018874755037489883 0.02757520174703959
1.2064328232453017 0.754191248449827 4371.152258819032 0.00037753644844920516 0.007490524063194164
0.989129766771531 0.6911631158580519 4811.55452830496 -0.000298589445662821 0.0065403584419273355
1.4194918869761666 0.7140506649544196 4229.828210774475 0.00015225560500961165 0.01819320424409171
1.0798770453677151 0.7033198906543705 4990.780248965378 0.0006691866283456487 0.00553273643808666
1.0206634256427887 0.7212761292692457 4784.10684795037 0.00046290499933266863 0.006255491309480284
1.0206634256427887 0.7212761292692457 4784.10684795037 0.00046290499933266863 0.006255491309480284
1.1877357282310348 0.7221389331011665 4186.349445032261 -0.0004509276771108696 0.010277202938975293
1.103145755108884 0.6800922098530566 4609.585913916072 8.355899805353712e-05 0.006037206129850572
1.228757673822709 0.7174644494502634 4229.098916143598 -0.00013671355707612905 0.005773710053272454
1.4317843035693016 0.6607945732169529 4704.917791859549 -3.894666510800695e-05 0.018065028353681126
1.1430293672233123 0.7359843114307664 4931.2235076901525 0.0001666853711669969 0.008119547187809543
1.326339074365888 0.6359093037408788 4898.753645761025 0.00011203013248818488 0.015096035465115048
1.1094149570484926 0.707448575517872 4621.310448658433 0.0002626433397667898 0.006153726701626451
1.1094149570484926 0.707448575517872 4621.310448658433 0.0002626433397667898 0.006153726701626451
1.1937220629654461 0.7310919356968238 4877.82167197732 0.00013343855724280986 0.007939286970836247
1.3627815530395453 0.6393103987384308 4892.098727985359 0.0003635540913875426 0.013765778471320513
1.2583205337011922 0.7285413125185402 4647.025412612398 -3.577349298509123e-05 0.01313592851087857
0.9584149083788497 0.6388509349808154 4926.442036671092 1.1599275856594058e-05 0.005031047137623852
1.2762739885533843 0.6702462740987626 4834.058698470967 -0.00010088955145946082 0.01875059380961048
1.1901324660022208 0.6866983634597286 4459.473306120275 6.88472547585383e-05 0.007240532643659779
1.1991380228768787 0.7080762717709814 4978.985606477126 0.0003161068555482014 0.005757569488058853
1.1076737771601106 0.6884443022687673 4827.022043436396 2.3477608269985883e-05 0.0059324603519462175
1.3776170143168076 0.6761199850999271 4253.847052638895 9.976456295326814e-06 0.018467963313307315
1.3589273788443776 0.6665016337769052 4691.858273246168 6.702968782193439e-05 0.019403511597254418
1.3377162790976962 0.7042593085078142 4303.908648437237 0.00020321143959616342 0.021507012375622032
1.0282769048695186 0.6776594485830468 4840.7458149054855 -0.000431127515754653 0.005780749013022108
1.263929559864783 0.7592612799932297 4379.436082774269 -0.0002704460810863049 0.009376816718145895
1.3049813479809629 0.6860956342636609 4260.501493578443 -5.870691519861899e-05 0.01605910943959153
1.2576566206513462 0.7069959817773442 4488.13599466601 -0.0003610151464348133 0.009425033727395157
1.2608107787974618 0.7079645907405059 4700.456578366733 0.00023071979023451178 0.010105119423571573
1.3827965691103126 0.7184861077309641 4384.387168293116 -0.00041107771019884096 0.01758340395380286
1.2250983068907029 0.7263865268064499 4445.223728758798 -0.0007308106485287736 0.007740834635395195
1.174097393066932 0.7110479063919344 4221.0952766710825 4.134759069781932e-05 0.006348168586013861
1.3276153604334522 0.6979108825751619 4836.381081827507 0.0002338159269692448 0.01971772052574118
1.3068730774199167 0.7349142768548987 4573.597661745576 -0.00016057942482136984 0.029320459340715824
1.392231158741921 0.6660979233521822 4853.9972154774105 6.509049420109788e-05 0.015429228825810213
1.252190730329328 0.7160858522463996 4522.8369080735265 -0.00023451551533059046 0.014671112076355332
1.1488821760037422 0.7339501684484016 4211.597687656788 0.00021841301198657776 0.007273191609779376
1.343661628036911 0.7151723770262122 4671.941508752607 -0.0008865894407695489 0.02169824458799528
1.4222917477554549 0.7275544043611673 4527.437693482188 -2.791320704872146e-05 0.028696896207444533
1.1175956795700435 0.7296211680675642 4442.892043904862 0.0004410934468043853 0.0064235395468893244
1.2888442934756066 0.6802508266848205 4994.582443685888 -0.0002433667050823346 0.016837140383361822
1.5223749343804465 0.678542297253005 4709.475921211646 9.079672011338903e-05 0.022340524157398265
1.1743462411980756 0.6847359387576017 4735.954923698123 -4.9746134131929575e-06 0.009971266039107717
1.3787468087330266 0.6997750280396159 4704.6675953666345 0.001015293739466058 0.022572807673384578
1.4377081252688368 0.7022886351947932 4982.61224409255 0.0003212437034062547 0.02603267229341126
1.3408491575044459 0.6695781651614328 4576.06010864133 -5.6091563600450356e-05 0.01745833183083495
1.4775739006887227 0.6646531158775589 4424.73357676517 0.00011894967868794393 0.018973786093840057
1.3137439531975066 0.6723536862411972 4410.931850988299 -0.0002102613868707143 0.016723161276766943
1.2221188794488391 0.673917148107593 4642.394449415979 -0.00029634855784914957 0.007558959762264752
1.125797196491376 0.6922140656883787 4498.713913610563 -0.00035342890222265404 0.007595415369442617
1.0718258743035727 0.7072225891665174 4428.753119513831 -0.00038033734937761165 0.005948939420770695
1.1043295652481309 0.6879689847612543 4668.216731935789 1.4631637413707819e-05 0.004953456011796978
1.2394138252316764 0.7163269245919814 4829.119695454724 5.7986652654887244e-05 0.018356365397040705
1.4481677736655052 0.5691740948641555 4903.922498943065 -0.0002828722650383177 0.01393679831648605
1.2685404305773886 0.6784703035169048 4923.820734625554 -2.6133445436514553e-05 0.013319712253029926
1.5352642313132676 0.7246401256765128 4632.541301698737 -0.00018506067827709803 0.030610052307088357
1.301358682066113 0.7030225525188843 4871.67923624083 -0.0002874417575182848 0.01462842212100161
1.1920982732351666 0.6988488838135763 4912.61915125281 -1.3954986202629926e-05 0.01535885117744686
1.3325110839635226 0.6730897416866699 4832.615388224802 -0.00021426428628515369 0.01708430007042138
1.0773676606278473 0.6977118408868375 4468.692339481891 -0.0001314416235904468 0.006498138963386461
1.5658053822906237 0.6234827770851459 4536.01117285882 0.00010075953187516495 0.014861221136672206
1.3181775043054764 0.6638800215475973 4901.528654264037 -0.0004444761188536011 0.012649022471302535
1.0702833745660494 0.7053025391964073 4975.552752554757 -0.0006645644996747233 0.006879693482345879
1.3420288608027908 0.6625813752269045 4645.514362747261 0.00042432719559012705 0.018375001126965385
1.3915202764400165 0.6890655035842026 4751.475389854999 -0.00037835999351787424 0.016565098602692317
1.1406378813331366 0.7475503670508693 4905.48204602936 0.00015452223978197166 0.008137525764541747
1.3007210135233414 0.7110073304096836 4449.421607797597 -5.09665025026736e-05 0.018720237371037465
1.296282324592592 0.6653953836749218 4848.141839014998 0.0004353867951834141 0.013572157370034813
1.0223936510434486 0.7042360487651737 4629.537255423206 -9.122726211464093e-05 0.005781937949108031
0.9786931365692232 0.686469619406898 4882.9643145294485 -0.0002247652732358138 0.006062951174082563
1.4634535995249243 0.7254337495795878 4643.794461201597 -0.00019684125184678112 0.02734005959837301
1.4798622672965933 0.7112434846207246 4056.5489360631677 -0.00013700082511913247 0.02624959805813621
1.1954532425002202 0.6900010016448295 4482.766504085241 4.0676441169711834e-05 0.012109307356143306
1.1166528598656174 0.7455667275703131 4536.764136440523 0.00023874669918307412 0.00718538687061836
1.3361525808783912 0.6513730755259278 4941.533854766233 -0.00047081286168777157 0.01436582795561014
1.3758778299413326 0.6796206685498694 4704.8938486701945 -0.0002860669577823426 0.021167524258176834
1.4710264420330401 0.6778787496442674 4709.105522109117 0.00040189182347418194 0.018341640258805105
1.2073368771960813 0.7528473931806923 4428.063724695959 0.00012424287632541547 0.007939490795655162
1.2860214047477525 0.7148128083284483 4876.019918330771 -0.0004422314035828329 0.022405706280838635
1.0729347460139178 0.7112160262094827 4521.5849421821995 -7.181230326083041e-05 0.006084738411169395
1.1115862328046744 0.731286337516189 4764.518338077608 0.00045904787972400536 0.008790268937682887
1.4455638274859184 0.6254966752714664 4743.81199822787 -0.00023586974147716877 0.01468444702448371
1.3519857657094478 0.7181434462850291 4490.562907364488 -0.00019171202822122462 0.02286617985955302
1.4808512755067351 0.7341316672055085 4385.3014983514595 -0.00028924325838599273 0.030716133839977677
1.5294142899156729 0.7132036284324655 4654.936475015651 0.0001833665957612581 0.02747050155973669
1.3000456213665683 0.7294579661069618 4737.212998025287 0.00021114039839523137 0.021951512460365415
1.4008114633318138 0.6673974160442389 4901.705844290642 -0.00011146165134969775 0.019617739024796244
1.0870679935546497 0.703617458284511 4942.990405479911 -0.0004239624773405413 0.00582586566522256
1.2576941083506608 0.6955764552515035 4817.1961352409935 -0.00033389456850939174 0.01776812376734949
1.3809973582534856 0.7190811990747329 4799.395078768457 -1.8912163473779982e-05 0.027929609372069474
1.3458445948574678 0.6303321012912387 4989.037106392192 -0.0004354385464487345 0.014855434936399434
1.185320514224123 0.6840376410466505 4920.75112770294 -1.2835072772160864e-05 0.0066771031497033515
1.2329278121627456 0.6992700550579773 4804.000716413689 0.00032567252571186976 0.009107551690558494
1.058259771043439 0.7420337477909057 4927.546870504949 0.00014773254578132316 0.007078280611653879
1.2520588111323947 0.7086228239194532 4901.310200289775 -0.00033496061028280436 0.009733223850588998
1.20473442861789 0.7218094807126163 4527.612436690704 5.223057458973239e-06 0.0069355091675537784
1.2008213100138538 0.6974136963530931 4961.181443526511 0.0004407733908983483 0.009591054889926887
1.2687626781448325 0.7090983501340812 4787.026654275242 0.0006243149936120273 0.02252339208560347
1.1961145613320536 0.730253918453156 4793.581588374414 6.260025568117808e-05 0.008692755464961888
1.3043748698116273 0.6893312579722491 4484.224752094453 -4.1805745703594465e-05 0.020361808242966597
1.1606019623990538 0.7073648261303228 4921.0811936516575 -0.0008190767447406089 0.006831291957871466
1.3280123908790578 0.7094266499644085 4211.204529192952 -0.0005147819700162873 0.019778656693704287
1.3112677240597064 0.6748026923582152 4787.856404610597 -0.00011999329610825207 0.020514426660781238
1.0236054267433456 0.6825088274540605 4438.699023615977 -5.116127194932397e-06 0.005396367354857531
1.281410630716547 0.7068749337329547 4743.845118966679 -0.00046253271646370237 0.014116108972032393
1.380376872647414 0.6820059588815133 4362.60001918728 -7.894599387470092e-06 0.019429741322897924
1.1666874125385516 0.7178510803896341 4940.072526721324 -0.00011142805017772515 0.006200101785691709
1.3945351874313179 0.6529845857171046 4876.217466736059 -0.00011939976179100483 0.01787141711920296
1.129722322957217 0.6934314913726661 4874.108198743945 0.00011601067060856718 0.005584760227402711
1.2394578081609862 0.7070111804313777 4952.501916878581 -0.0003733677467507054 0.018861426737651336
1.414886412495135 0.7421281733784921 4774.189137006645 -0.00023923140690754142 0.025905612677814063
1.094845975167047 0.7003356310675388 4788.704727361681 0.0006934975387910252 0.0062766230546000305
1.1617294294401344 0.7199229870750145 4672.939245756842 -0.0005006510240317528 0.007583648580306763
1.2396476804282348 0.7120267626850871 4963.108702269963 9.826487934427917e-05 0.012946970759573085
1.282416627561253 0.6944689740720631 4685.750813159031 0.0001705277229658915 0.013625741992967344
1.333172120635697 0.7269795147722997 4921.850442083059 0.00018598939316112384 0.021193396191340818
1.239705449637171 0.7005397806359683 4869.025286292167 5.84254965961211e-05 0.006454237894116529
1.1459212172777185 0.7233512267794856 4968.400153371512 -0.0007502395828906194 0.008299589283252664
1.1588237444609926 0.7064416801424432 4850.0809242809655 -0.000205189235942572 0.005625045142875575
1.4849587546582215 0.6475690118152839 4698.906126532424 -0.00019438785683446866 0.016894868960048184
1.250980983684102 0.7300254915265254 4773.233522916782 0.00032532975618443995 0.008031223454984486
1.2565335196868452 0.6902727405798771 4845.10590201024 -0.00045992126760225136 0.018961248352677356
1.395106120613139 0.6712509494701938 4852.153857053661 1.876178435827646e-05 0.016875315728539116
1.404540991209823 0.6768431186695641 4797.001629262339 -0.0004458720642713571 0.017690443241302995
1.358542558657709 0.6902159829227911 4449.965338246275 -0.0005840692126474098 0.020488456722242223
1.0598485155802293 0.6992375727259224 4988.453672451023 -0.0005072092354454172 0.0060468978055506556
1.183805829093037 0.6940614098350254 4947.567338217318 -0.00016368465878033553 0.007006423224752485
1.3152266306159868 0.7029112716755815 4746.099651149864 -0.0003283318490558414 0.023486881746057627
1.122770797032399 0.7352384574000177 4995.929424690737 9.838211826952709e-05 0.007039829632834106
1.1281704930742713 0.7399095725098241 4569.132144490417 0.0005921309670751985 0.006763105643770292
1.0154783968788161 0.7135746634073389 4556.460392366997 0.0001830615304556197 0.006043807301262286
1.3010595500183721 0.6940597441455085 4410.2066455030445 5.905646152657138e-06 0.02164643620070454
1.212780112473147 0.7267003839247403 4727.006733318656 0.00014520761766366558 0.007616453617739716
1.196351087520619 0.6776180418005595 4915.54082683008 0.0004263466999322919 0.008464678280070338
1.3599856951971963 0.7157086306986005 4204.006765979401 -2.7014615033903983e-05 0.02200817295028966
1.1143920054637602 0.7430370757681483 4737.170537212409 0.0004279767101139892 0.00702973191221833
1.454604987010491 0.6951910135432097 4853.867886529611 0.00019256339228628438 0.02335973532647419
1.168872126378048 0.698106559089589 4447.5916718767985 0.0001034549014150481 0.008194951560713485
1.202841029606349 0.6786882536164747 4908.988212256948 -0.00047812397760463776 0.01121088611338755
1.31754988057736 0.7218004495716416 4546.008637927792 -0.000303519901406075 0.022218108525092824
1.2205179405835875 0.7009323377705322 4329.263203500067 -0.0004999389381479597 0.014695897390890928
1.1494715204985737 0.729118654905105 4871.201253574135 -7.239613570759284e-05 0.006626150940046169
1.4060552841202405 0.7002731506915791 4877.813610961461 0.00018641882275566721 0.0219145171223527
1.382295916287013 0.7059411724368562 4598.807073060687 -0.0002300858661017621 0.017642897776878955
1.2369111199190184 0.7226195464131093 4607.198634423673 -7.611698687686976e-05 0.007032152526505343
1.3288083936222215 0.6816918231856379 4732.770545034079 0.00036758205679361406 0.018182857243560197
1.3110220647139457 0.664158857886229 4975.189633726621 0.00020204040891104317 0.013298181920333163
1.37068165852238 0.6710077489884899 4804.073506870341 0.0002022030175905313 0.019198576573332946
1.3224367334507972 0.7023747512075311 4362.235986259064 -0.00037699266283515486 0.021999135882552274
1.3907106932563305 0.6270982452697526 4663.503054951896 -6.189711789377807e-05 0.01465057874349291
1.3161176913775914 0.6789427151595497 4868.865752326162 -7.63074215976153e-05 0.021244228194072713
1.1563836226198894 0.6987293945941849 4899.575839568553 0.0002041134301872885 0.006163520057212905
1.2025939920694242 0.6868344581148513 4966.730051514321 0.0007106538466852342 0.00734453316969991
1.1063216574989974 0.7040651887606216 4883.630635398645 0.0008476650728003855 0.006305627908658226
1.1221550932639648 0.7207181168203015 4984.083443681296 0.00030046057074655023 0.007276992468351845
1.1077165936967366 0.7147620484760296 4920.076737989955 3.894787417133177e-05 0.006844369727197136
1.2803214347598284 0.7055072935457192 4796.225071170721 0.00020642513796141794 0.013406157732066163
1.240328967275866 0.6777073634095429 4918.8577753679065 0.0006502402994224441 0.014418348448601489
1.240328967275866 0.6777073634095429 4918.8577753679065 0.0006502402994224441 0.014418348448601489
1.1981200233383933 0.7070292060804795 4912.005811825097 0.00011176820862125846 0.015839679523193217
1.2117209847233439 0.7393947023907095 4948.915301296689 0.0001684342555183604 0.014067638007626568
1.282053753968071 0.7312876245490447 4985.474467240236 3.3079752930276076e-05 0.011956613188289604
1.28393718057956 0.7290155681748909 4955.102416609835 0.00022860586024164912 0.00942506099839003
1.1980497868209716 0.7391265598639589 4827.683949460668 0.00019475584767825505 0.008569721778823324
1.2114255531404088 0.723272926436245 4884.353656111087 0.00028384647964630844 0.010246458293148852
1.2080302711648823 0.7364298030294226 4994.14640505652 0.00015223852380800068 0.009775332472876732
1.2080302711648823 0.7364298030294226 4994.14640505652 0.00015223852380800068 0.009775332472876732
1.2340366309554422 0.750046056258172 4899.752093672739 0.00022369687580673766 0.008746136885130883
1.2026606848583197 0.7148583358972276 4668.56182807287 0.0008192422837076411 0.006301678458951111
1.1664417104588938 0.7378905466492718 4994.784630687332 2.9406452619899198e-05 0.007656440759377107
1.1664417104588938 0.7378905466492718 4994.784630687332 2.9406452619899198e-05 0.007656440759377107
1.0818772658442102 0.7112907689297189 4889.109764852617 0.00014259049958700843 0.006499780719864534
1.071591500403969 0.7031459332423355 4980.25582600772 0.0004922310486850316 0.0057232015773053336
1.1881183740382473 0.7121502777259301 4805.171712600952 0.00023603375335194064 0.00622012352569698
1.2301605606746868 0.7141051466846597 4782.498708414873 0.00018973807925772848 0.010089180476961633
1.1979252980247583 0.7471623521403342 4817.904120527298 0.0007025047700407478 0.010842202995389504
1.0888184448458333 0.7356653997586419 4927.244186646522 0.001319348555921945 0.006661699263477193
1.0888184448458333 0.7356653997586419 4927.244186646522 0.001319348555921945 0.006661699263477193
1.2602974460929932 0.7456084977965282 4969.786122090579 0.0001163733076323112 0.007315811875385988
1.1948520688703552 0.7142888255281787 4874.726866357598 8.050043084589902e-05 0.008835434424709838
1.1893797070681353 0.7074429186749333 4961.275320309359 0.0002247484706435036 0.008849652732156769
1.1886186448303255 0.6909112831112668 4868.485433258412 0.00038659316780373463 0.009237146023319237
1.186254600802081 0.7484970289369623 4821.173439595959 5.6032964700344146e-05 0.007563088183242481
1.105421309754465 0.7076853035314298 4936.648696813577 0.0005525946718476193 0.0065140507577699696
1.1576306500777562 0.6944207340969952 4821.805780632834 0.00013636030977008155 0.005734260864385767
1.252782503543819 0.7146652825624624 4805.909385569967 -0.00035553185094454873 0.01140760213307684
1.2552916589495018 0.7195839462076502 4938.4002700199035 -8.929948010639591e-05 0.013767883486586866
1.2455382100678147 0.7543656844403633 4805.921941024632 -0.00041908686346227617 0.013448321004283056
1.0489047485339826 0.6934619719513223 4948.561556661235 -0.00010740185031697223 0.005739899647705415
1.1473073998821515 0.7151322445447454 4902.352651232725 -0.00011196458555486146 0.007964451091456852
1.2560863482120797 0.7184015023264232 4992.221105875275 -6.670720416929059e-05 0.012543494059829394
1.121802876455814 0.6991505193355794 4941.737392184525 -0.0002694924683157723 0.0066039785196149664
1.1112863286311796 0.6839588863971656 4949.2740128836585 -0.0007409397437741533 0.005340984131660998
1.2605548161595583 0.7091840011942775 4872.594183177663 -0.0002628983352267405 0.009813808157468483
1.2605548161595583 0.7091840011942775 4872.594183177663 -0.0002628983352267405 0.009813808157468483
1.2051078804867006 0.7163202766376429 4836.650180973496 -0.0004145777543132984 0.006804714996698809
1.145659639432873 0.7018008065740448 4946.908285991511 -0.000245844921958348 0.006971543532935437
1.164341885324308 0.7115053978556106 4748.747754013976 -0.0003370063751799636 0.007724813319331602
1.185508088141826 0.7215529030510259 4719.394386091495 -0.0004977891331742658 0.006431622672632175
1.170496255266889 0.7196448700077538 4984.498595418486 -0.00020523487311319168 0.007359230111521857
1.1341692842890465 0.6988830928456483 4912.006824486048 -0.00022629438411667617 0.00810608469157215
1.2568049853673853 0.735156388102649 4832.876255311331 -0.0002595263216467454 0.013421338406204766
1.174221937920612 0.7129460927219875 4764.751450586984 -0.0004762801844091723 0.011890884313742675
1.161473416778286 0.7100695551741587 4768.240684506281 -0.00022308808058558243 0.007644363226650719
1.1559525010947347 0.7171638128816388 4948.041867670373 -0.0003969851598515008 0.007438105427496371
1.1559525010947347 0.7171638128816388 4948.041867670373 -0.0003969851598515008 0.007438105427496371
1.1884538833941958 0.7050573031483407 4837.13391187287 8.323895453524813e-06 0.007037592989903027
1.1433173236525342 0.7314072113836086 4629.350925586815 -1.0347160933704091e-05 0.0075169895280863585
1.2066621485732647 0.7052287925356293 4663.56120116668 1.3962893872243662e-05 0.007475281001813754
1.128833248190285 0.7206976390217876 4681.040660117822 -1.1262260018871382e-05 0.006878923333182345
1.3722779110179393 0.674918179781329 4957.5946650079 -0.00030084635322303303 0.018664472171710425
1.327906695030335 0.6597134812334651 4886.526210361325 -0.0002859280829337203 0.015945005548684336
1.3088637887660566 0.6815429232461688 4923.2825380572385 -0.0001795666218032102 0.019267408793273502
1.3599717434526741 0.6189966688763956 4918.500718710465 -0.0005019277880212553 0.015187840039481197
1.3689106923387055 0.6622490328095161 4902.687353831968 -0.00073772183181914 0.017976520711187972
1.3689106923387055 0.6622490328095161 4902.687353831968 -0.00073772183181914 0.017976520711187972
1.4165562948250454 0.6924046769256517 4869.237957869059 -0.00028158405356798277 0.021189043490358002
1.4116608822082775 0.6793489889185452 4811.4123975700995 -0.0007979901821611243 0.019747580456771625
1.34003935139391 0.6740174115497539 4886.287279356768 -0.0002812914959190164 0.02010877357651392
1.4352864109488275 0.696204711375807 4806.39833727443 -0.0007937945741093791 0.020380582738306105
1.3155677670380466 0.684354599113643 4995.323433572933 -0.000231508734462783 0.020838825469840574
1.3310504453905123 0.6991119087917218 4910.111420180028 -0.00021587977394239253 0.020820677904384362
1.4192850129951833 0.744094067561515 4895.55190307215 -0.00027342173232693036 0.03028977597678425
1.404554632691535 0.7118946602389781 4803.311864089927 -0.0004494571756846383 0.02515611030330843
1.323817166579744 0.7119462445726069 4821.195901641523 -0.00024053475121347924 0.014367840463602937
1.250821980044534 0.6555608425537246 4764.619841907756 -0.0003762572027260733 0.015324432224867693
1.2156391210003228 0.6870184074212591 4788.071930750657 -0.0003784665167814455 0.013612986971457387
1.3173301397818933 0.7325955624648519 4891.14605259555 -0.0003407463879227993 0.01690921489158788
1.2674620899631375 0.6754845092963041 4777.897665993634 -0.0006665250063028489 0.012241749259463253
1.2429118106793795 0.7089373668901872 4937.238018931389 -0.00038164614956606556 0.016345313197344877
1.2429118106793795 0.7089373668901872 4937.238018931389 -0.00038164614956606556 0.016345313197344877
1.2752978613738222 0.7149891581547626 4815.163758388098 -0.0009382881121321367 0.010210908292631717
1.3211671387982644 0.6980162368750805 4827.271240524223 -0.0006244642836426281 0.017302110606591852
1.2446610912044824 0.7043163216152635 4896.530389233963 -0.0007499170969230291 0.013870404136612436
1.3557971579259924 0.7293716569018462 4933.033834875832 -0.0001508242409344803 0.01860136557312494
1.3338518774189527 0.7088327783372106 4815.71842439788 -0.00046673245954027153 0.01758991850435326
1.3184100289352827 0.7322607167157655 4814.554933304369 -0.00023452100228255055 0.01485152603684314
1.311670175548228 0.7205167728794959 4794.857321015092 -0.0002561751947967213 0.015591351066206394
1.3019673848908315 0.6935828721729554 4777.906177684354 -0.0005159949627222033 0.016779385883053995
1.3019673848908315 0.6935828721729554 4777.906177684354 -0.0005159949627222033 0.016779385883053995
1.3438811321575355 0.6989325897610569 4741.935832856432 -0.0001795157081084571 0.017970424849385797
1.2862889824732318 0.731260369871847 4784.293324522958 -0.00011073236785649433 0.01424938771611261
1.3189437993195843 0.7357533649526601 4805.226448853687 -0.0001617777645323993 0.023399539074446217
1.319269437000928 0.7232751024374886 4784.485392021521 -0.00015776521779701112 0.019735213306139955
1.3915603560511292 0.7284227298878012 4668.349313510978 -0.00024315454161051895 0.025462643651652447
1.4305987969760086 0.7164753406666582 4719.498324605377 -0.0004199205378440053 0.024492693575904723
1.3277331219527015 0.7156968429014556 4452.431197729822 -5.287635008794712e-05 0.023001161530987593
1.2552214559130777 0.6843199254628601 4489.762466622298 -0.0004407153308247199 0.017636412457241686
1.2967114425386717 0.6701961769046632 4420.55554099226 -0.0006002589263568942 0.016465480487925975
1.2448531643073233 0.7112400899978889 4629.990867848016 -0.0005331967724488186 0.017352592347698266
1.3437345746732188 0.6588077193886813 4925.987597809066 -0.00016839570587489207 0.018282805018212753
1.392970968557283 0.6364233251679982 4966.257524763157 -0.00013261954648054688 0.016598393374984168
1.3513494685674403 0.6597050912818412 4898.89605114074 8.594356807172509e-05 0.01865621245615357
1.4354470489233733 0.643531947269954 4980.661799423386 0.0004541627432441548 0.017265716067562914
1.4449821747998826 0.630876063445851 4902.904695846361 0.0002077508502349951 0.01598927878327623
1.3266198722042266 0.660203214939767 4937.303231177998 0.00016787060476983854 0.01627956626750842
1.4189106823777466 0.6448614472685503 4804.104284124792 0.00020277246310150746 0.015706789336804833
1.354771438155664 0.6694680736390137 4804.377772454035 0.00010026099870742613 0.015523339346526721
1.3648871250673678 0.6715576927770135 4731.58690136149 0.00023017108055956622 0.01955302826256701
1.400047956874174 0.6639724362829904 4949.456887449115 0.0006294971224976423 0.01770235111468428
1.2415653457643452 0.6870623052754317 4883.517273102049 6.919518157524447e-05 0.015227896111585742
1.349257923888629 0.67104926725959 4992.681170884287 0.0003079507724428179 0.01613581901922065
1.3583742221236352 0.7195688939007215 4872.289698735361 3.7569934796548924e-05 0.021280463425543742
1.2769297250791996 0.7128617474036654 4876.989812451585 4.6549803485126446e-05 0.019453548784855428
1.2985707228492893 0.6977080526139061 4903.32349329838 6.346588787754197e-05 0.020502797602226223
1.3905502022163039 0.7138126209172085 4933.378992325904 0.00010594390883776995 0.022341611979448343
1.3060004418941529 0.731397160520286 4822.884157682497 0.00011549686949800546 0.01707139030172978
1.3538531441048356 0.6863613710791209 4957.298826209256 0.0002513744986183939 0.01815164332981153
1.3966916492246604 0.6527828629195359 4961.166446832761 0.00023038989165359954 0.017534394669013013
1.272232503898736 0.6972093762315662 4847.451382283098 3.555943802240236e-05 0.019771341187705942
1.3494162711189697 0.714759581944562 4865.961226738968 0.000186075596819998 0.018484168316888504
1.3008762856013454 0.6727118567203536 4867.95127003739 0.00011370058691667105 0.018846415016698745
1.3661872539545943 0.6867508310621997 4954.942378608689 0.00017508928397690706 0.022227591408153356
1.4960308247059397 0.6873604077538241 4709.701443501408 0.00014988519952695818 0.020782071688023745
1.3667679651566131 0.6965422332168689 4677.945226123109 0.00044670819511441977 0.01964282615824893
1.3289588116760038 0.6962827388260031 4743.266629541041 0.0005387236486591955 0.018287758997731492
1.3263676971686587 0.6853112012001349 4874.421167984227 0.0007498766427393497 0.018835496030037882
1.2693480452509411 0.7122338252515588 4728.503992172032 0.0005025267868514475 0.016243284057978626
