

    0.327872213606988580E-01   -0.124151025814667388E+02    0.144931533759459907E+01    0.698831108425190917E+00    0.473709165879856391E+04   -0.192714307896561029E-03    0.813701483101460510E+00
    0.310918535473324945E-01   -0.124200276810552523E+02    0.159838852928083153E+01    0.732010180034154634E+00    0.463358838399555316E+04   -0.643107816603274767E-03    0.927932863691925069E+00
    0.310132716273372293E-01   -0.125260775698140492E+02    0.157807380161248778E+01    0.717894658604686153E+00    0.453695134470550238E+04   -0.682245859968531903E-04    0.982723021770437688E+00
    0.300569951529333357E-01   -0.125745490565304561E+02    0.137971825645264179E+01    0.720456418738905757E+00    0.486691952298053729E+04   -0.519716364792881160E-03    0.723777215728587997E+00
    0.288624181657225268E-01   -0.126045500109994091E+02    0.149811042444589537E+01    0.709770636750677975E+00    0.499723475463035993E+04   -0.887179948230931367E-03    0.880852609733736247E+00
    0.280129740151899009E-01   -0.126559159644742856E+02    0.153103932215234595E+01    0.729922646661105845E+00    0.465010360644274351E+04    0.312640945708135001E-03    0.992388671046990689E+00
    0.293013641447817524E-01   -0.128569597000615694E+02    0.148371423762991772E+01    0.686112185593524049E+00    0.498951233013887031E+04   -0.480703943036352535E-03    0.452672782742916113E+00
    0.283257254731426843E-01   -0.129003435037166430E+02    0.151849398776700806E+01    0.722289022684525883E+00    0.494545693754358308E+04   -0.350828967922316647E-03    0.796828962080716297E+00
    0.267984235449809059E-01   -0.129005999023969515E+02    0.149319184002680094E+01    0.705646019865102336E+00    0.487623130112035597E+04    0.232185177586763614E-03    0.746045654641466993E+00
    0.258651609524944807E-01   -0.129408187402863035E+02    0.143646270941409204E+01    0.700321521613174847E+00    0.491014369341631209E+04   -0.942673864525225678E-04    0.760024916875477463E+00
    0.263425082502696077E-01   -0.130885038343104760E+02    0.143147982284272990E+01    0.723088597664575783E+00    0.492310016524036200E+04   -0.335627009181998319E-04    0.766040455741609061E+00
    0.267516362441111433E-01   -0.132304383890048527E+02    0.149981509106634769E+01    0.743344851380557725E+00    0.460535711114544847E+04    0.216434598038406199E-03    0.866397368402106460E+00
    0.253573768382322484E-01   -0.132344975956466513E+02    0.150320295702513707E+01    0.698589449186060918E+00    0.499239107512693772E+04   -0.605335081103149682E-05    0.635838852945034727E+00
    0.240119923388049314E-01   -0.132365761049413315E+02    0.146632972741280354E+01    0.735976137420166876E+00    0.467581184766501156E+04    0.252539715221433594E-03    0.931903281074706213E+00
    0.227471973021479944E-01   -0.132394643279827982E+02    0.144627006592495855E+01    0.743271057855516948E+00    0.490236911002364923E+04    0.138098479886370298E-03    0.835482873200394716E+00
    0.215406295703697605E-01   -0.132415733530308941E+02    0.148507746586120604E+01    0.735761483604897681E+00    0.465584015978468869E+04   -0.716014293568518513E-03    0.927983616141058953E+00
    0.211062363693750865E-01   -0.133119397842927292E+02    0.138264844275110699E+01    0.737767856866687888E+00    0.491243490075697719E+04    0.330417477957620372E-03    0.799209523874734207E+00
    0.199814127644639267E-01   -0.133135187360261060E+02    0.140800490035606951E+01    0.721690204463916629E+00    0.497933689609349494E+04   -0.117501354423625555E-04    0.891541357752485775E+00
    0.191360951057760881E-01   -0.133381775833283633E+02    0.144697664025027706E+01    0.722992486101328047E+00    0.450647765723106477E+04   -0.106492302396325289E-03    0.733250933989212483E+00
    0.481303373653294703E-01   -0.151838789740941866E+02    0.150314967185663440E+01    0.692035321135168968E+00    0.466352465137137187E+04    0.358419713627702516E-03    0.600632714214363150E+00
    0.289865239090859074E-01   -0.141697156469788208E+02    0.146919314187540007E+01    0.746332734593451841E+00    0.493713117169372254E+04   -0.182063983968409459E-03    0.863380338511596235E+00
    0.238566433145054914E-01   -0.137801790370510169E+02    0.142486151730811272E+01    0.710109778904680855E+00    0.493406005786564856E+04   -0.102213628138734947E-03    0.811599656625623389E+00
    0.203274493024245967E-01   -0.134599978987081883E+02    0.153094040692104993E+01    0.735598401305465388E+00    0.467137546779575405E+04   -0.251457101546866959E-03    0.880910654211791155E+00
    0.298745048742489056E-01   -0.142300644623273413E+02    0.143687529242359613E+01    0.715216665903182891E+00    0.445325518614982502E+04   -0.362121167363479816E-03    0.714529053279941095E+00
    0.309324337982275974E-01   -0.142996641303975505E+02    0.143528576789213003E+01    0.733129389155333100E+00    0.484860970095791345E+04   -0.978493327268216201E-03    0.881734352633457230E+00
    0.211221137855002773E-01   -0.135366946653338047E+02    0.143733143300254240E+01    0.697230169119512744E+00    0.489201174271308173E+04   -0.304532586534930750E-03    0.627129345825614526E+00
    0.255983244300278523E-01   -0.139211073833752792E+02    0.152226520031453871E+01    0.693233484146156931E+00    0.495899501546450665E+04    0.237242768283931729E-03    0.633474208251530446E+00
    0.219008068109194480E-01   -0.136091005422426790E+02    0.142613677984618725E+01    0.715608763393506653E+00    0.492703935263957374E+04    0.151066856528411602E-05    0.783790853418862010E+00
    0.233116268622655838E-01   -0.137339580747390073E+02    0.144388427322702340E+01    0.733137682608907104E+00    0.476049315193807615E+04    0.148693677088470558E-03    0.767877851285218127E+00
    0.218515924392485156E-01   -0.136046011873939641E+02    0.147572659918611238E+01    0.691463230174167998E+00    0.488235314982825003E+04    0.630736692033133286E-03    0.666897025417416134E+00
    0.282760551015502799E-01   -0.141200842626137977E+02    0.154122459981224891E+01    0.720206707307264216E+00    0.469868424974461141E+04    0.356517336758304119E-03    0.777926051687687359E+00
    0.217961120829564328E-01   -0.135995168067348704E+02    0.155825631433557543E+01    0.713519391837666106E+00    0.483519739014457446E+04   -0.309090896744604717E-03    0.792469549156655795E+00
    0.399771512538696638E-01   -0.148126697330987618E+02    0.147712361363014333E+01    0.725544105246124338E+00    0.473728420550403189E+04    0.752386967623336019E-03    0.870659000403920746E+00
    0.345126803168514448E-01   -0.145187071924425197E+02    0.145961027229161422E+01    0.694553579956935896E+00    0.499464041933784483E+04    0.476439250022379966E-03    0.629203361399293448E+00
    0.267146583713113311E-01   -0.140064784234528812E+02    0.151237950554431033E+01    0.720219489624940978E+00    0.494759674118863131E+04    0.561417984434220483E-03    0.838186901364785908E+00
    0.345886923377603100E-01   -0.145231072237963055E+02    0.142760474063227183E+01    0.733657848667057300E+00    0.497408883273804440E+04    0.165594183856167541E-03    0.978127858678140005E+00
    0.191518008757517004E-01   -0.133408470920211659E+02    0.147697032015039520E+01    0.692305712840434628E+00    0.494108333569575097E+04    0.511068167134574782E-03    0.698646288278837013E+00


    0.494587396494330575E-02   -0.123744893932982372E+02    0.106618493225127153E+01    0.866946870328707653E+00    0.453973786378685327E+04    0.245962326272712692E-03    0.351239635565488095E+00
    0.492348692558114941E-02   -0.123835978467477226E+02    0.105633819583647570E+01    0.829859864443843409E+00    0.414096817161571380E+04    0.540632374103425955E-03    0.271893475805153495E+00
    0.488061389003854873E-02   -0.123842876747360027E+02    0.120864981108820180E+01    0.864144206699221207E+00    0.491118583855850648E+04   -0.487894676169008210E-03    0.496983930771652704E+00
    0.490019152312102992E-02   -0.124104760561411247E+02    0.101902119105998756E+01    0.914556943371137243E+00    0.478122524942369455E+04    0.256156294359871552E-03    0.312610901906278271E+00
    0.488959788904820905E-02   -0.124243294305692729E+02    0.121492323815950165E+01    0.918403677713827804E+00    0.466210836309040860E+04   -0.836913851558167515E-03    0.965902030913899701E+00
    0.485608485085255604E-02   -0.124287561651150718E+02    0.119028080519202528E+01    0.888450584098112395E+00    0.474571441004189091E+04    0.444025260173575058E-04    0.789173992009029379E+00
    0.485560364056687298E-02   -0.124467397848944152E+02    0.119559315051844472E+01    0.934658863667308659E+00    0.498561031328779427E+04    0.354097507771742562E-03    0.485149416493842023E+00
    0.481381210895880096E-02   -0.124476333644007919E+02    0.113836238376264731E+01    0.877219148249884895E+00    0.497650491307708853E+04   -0.278282057916986721E-03    0.415391260844933163E+00
    0.477311554055678908E-02   -0.124488350553325695E+02    0.107563495865799008E+01    0.922395118860909191E+00    0.425907767774638614E+04   -0.106028866329826624E-03    0.317497099966440544E+00
    0.478858513810427600E-02   -0.124734883628716293E+02    0.125520467419740722E+01    0.852751518197475744E+00    0.482219772349893628E+04    0.180844771713211609E-03    0.669383009286050989E+00
    0.488039808626534143E-02   -0.125296537851906837E+02    0.108463792315674912E+01    0.875804651689446878E+00    0.447979798046194719E+04   -0.417031850840004950E-03    0.268724775518979442E+00
    0.485290311827884981E-02   -0.125365362341069826E+02    0.112762069587222280E+01    0.987179872147678994E+00    0.498420076563693510E+04   -0.141945153307004878E-03    0.286645270732610646E+00
    0.482147522073884602E-02   -0.125417237256274241E+02    0.114059303226378383E+01    0.954624332808984732E+00    0.462500898535450142E+04    0.398819810593696608E-04    0.655624423518307187E+00
    0.479232961148271398E-02   -0.125477789408435161E+02    0.104554663484374188E+01    0.953053505951947710E+00    0.462372013824738769E+04    0.267048461660860184E-03    0.321922907573189865E+00
    0.475080064831926406E-02   -0.125485537974996646E+02    0.117896198726168344E+01    0.812325207455538378E+00    0.491849687695618923E+04   -0.834034460771159065E-04    0.639195986300507890E+00
    0.474403562625440225E-02   -0.125638856357496564E+02    0.997331166520241119E+00    0.832467792178200661E+00    0.484920764054314623E+04    0.534490584376334514E-04    0.221023888513402517E+00
    0.474865475669716038E-02   -0.125840138487346280E+02    0.112715258593032774E+01    0.945292102925043842E+00    0.413983369700578078E+04   -0.375961618132564571E-03    0.414637254430334445E+00
    0.471179806876273564E-02   -0.125866121107869837E+02    0.101379981377342454E+01    0.832938574765812678E+00    0.469829963159356794E+04   -0.207512089398536725E-03    0.264133980893994813E+00
    0.468576108355071765E-02   -0.125937114547165852E+02    0.114977100208605587E+01    0.914819519437813367E+00    0.460330150649134794E+04   -0.728962899264078747E-04    0.303872405641104515E+00
    0.466224251214507161E-02   -0.126018296819778488E+02    0.115252912604385171E+01    0.857861331046256947E+00    0.473672932354435761E+04   -0.169312796800597394E-03    0.376538323441539202E+00
    0.464663958218042294E-02   -0.126133069595205924E+02    0.128664025080180133E+01    0.855399747936191446E+00    0.419189909456293026E+04   -0.604467830861024321E-03    0.978487946225591876E+00
    0.468742058001882927E-02   -0.126489650984533011E+02    0.105457435741279193E+01    0.845700618513543834E+00    0.449108911965547850E+04    0.604918985850448447E-03    0.277340573677067881E+00
    0.465108169901107434E-02   -0.126515816521675006E+02    0.114353462906838810E+01    0.924486302397886428E+00    0.467580221750134478E+04   -0.283146070155494060E-03    0.431821653981716902E+00
    0.463246164004789320E-02   -0.126617406354244117E+02    0.120218697779296879E+01    0.934557834180474778E+00    0.477679836340973270E+04    0.337331842189876499E-03    0.383319993596397623E+00
    0.459166807774607361E-02   -0.126622324039192655E+02    0.124304044349395904E+01    0.953408786717942824E+00    0.438459571015144138E+04   -0.551830293070271400E-03    0.447535482371778759E+00
    0.459060293561118146E-02   -0.126799502226664842E+02    0.108057399070935745E+01    0.924487292217487711E+00    0.495591068078534681E+04    0.315097319697397917E-03    0.336444790205102595E+00
    0.459004386527662490E-02   -0.126978884543789192E+02    0.110343003724586963E+01    0.931115604774951588E+00    0.473128493809704014E+04   -0.299583469573933307E-03    0.373270838609161104E+00
    0.458859044665775248E-02   -0.127154368804539626E+02    0.122645173072814950E+01    0.992546401917934418E+00    0.452742388701438904E+04    0.319819199866918204E-03    0.422070443630218506E+00
    0.455634313651408478E-02   -0.127195136453796405E+02    0.130106015813175802E+01    0.954585222518337773E+00    0.458584769439485717E+04   -0.162856009719989774E-03    0.626721811811044138E+00
    0.462658849737592869E-02   -0.127682942892364615E+02    0.128782316219470849E+01    0.914431760609315081E+00    0.442426762665838214E+04    0.395707202812528352E-03    0.710861223659670527E+00
    0.458572698891197492E-02   -0.127687338681313900E+02    0.123829567823882414E+01    0.866575613259931377E+00    0.465550802599825784E+04    0.477758430085016512E-04    0.779088143624183216E+00
    0.455120264837125497E-02   -0.127718014165446707E+02    0.111263518489009217E+01    0.863734530379113075E+00    0.494776116431298760E+04    0.829962738219612088E-05    0.355006809300941417E+00
    0.456684433098524054E-02   -0.127968450980149715E+02    0.112605200643719305E+01    0.907814320029941668E+00    0.427290296634232982E+04    0.169429607932457027E-03    0.374630056571169212E+00
    0.455150231395143150E-02   -0.128082967349002370E+02    0.116331192608195377E+01    0.866715262988868917E+00    0.487601798071011308E+04   -0.262112262007402340E-04    0.488459136967506924E+00
    0.452975776791633786E-02   -0.128169007687677201E+02    0.108112738582108392E+01    0.946261599484286897E+00    0.492946678985826566E+04    0.235799057048516813E-03    0.466764767279150783E+00
    0.457910827735098867E-02   -0.128567542163541724E+02    0.121086456960877320E+01    0.964097551752083781E+00    0.420283979864550383E+04    0.664739197643879256E-03    0.464323596248771508E+00
    0.458073475585454512E-02   -0.128756462993362835E+02    0.120710161777562641E+01    0.945077064436594672E+00    0.487574974193464732E+04   -0.598777389908495996E-03    0.787226457026261595E+00
    0.454705818640661549E-02   -0.128790702357542184E+02    0.105997213889757980E+01    0.859043810832549659E+00    0.445996312002016202E+04   -0.609730871956950604E-03    0.278106504187994541E+00
    0.453675420986572164E-02   -0.128927147603369541E+02    0.102309612008494399E+01    0.910087228299724660E+00    0.490228047534909001E+04    0.248445217598279534E-03    0.348266096500196187E+00
    0.450804097719121818E-02   -0.128981983013165191E+02    0.118069105718879830E+01    0.943908748831135291E+00    0.425338286647627956E+04    0.337178321262149685E-03    0.380023939268592792E+00
    0.448643969393240031E-02   -0.129067736394450172E+02    0.124582708345546433E+01    0.916484997609723795E+00    0.498233300043282998E+04   -0.306871914994428759E-03    0.785922107362519773E+00
    0.445574124104919801E-02   -0.129112234279550577E+02    0.122264341758663009E+01    0.863720455144164734E+00    0.483265727322284874E+04    0.234742264813629978E-03    0.613329707692754189E+00
    0.444239342519590300E-02   -0.129234049656889987E+02    0.107472465907392456E+01    0.937011460735110990E+00    0.457485737288583732E+04   -0.882401871519511828E-03    0.311007769982820481E+00
    0.441534188888253066E-02   -0.129293707401724252E+02    0.109361135503315210E+01    0.913588177800355838E+00    0.485355699376297434E+04    0.167095956282203182E-04    0.269470813917492835E+00
    0.441752211388762774E-02   -0.129485398825329945E+02    0.108999223751992647E+01    0.988262061789645707E+00    0.477150382521637948E+04   -0.218499984229333813E-03    0.293568235286682466E+00
    0.442413396667136558E-02   -0.129697129294873363E+02    0.123905770757155587E+01    0.871428471321696874E+00    0.484183305183840457E+04    0.320947213891046451E-03    0.602081026552918286E+00
    0.439342309591049356E-02   -0.129739630000316666E+02    0.102214490236635935E+01    0.894866456848761316E+00    0.482746600981059146E+04    0.425042889655637829E-03    0.290377381194769524E+00
    0.436902741537568886E-02   -0.129810083245869858E+02    0.114562430479165611E+01    0.845740872085636086E+00    0.446882726773582544E+04    0.242018328944240051E-03    0.281794059062975721E+00
    0.435031702904266175E-02   -0.129906067382843489E+02    0.111755965596713835E+01    0.886877164957422748E+00    0.432905089669561403E+04   -0.299611295164495630E-03    0.373371554134329930E+00
    0.438473256967300291E-02   -0.130245483839618998E+02    0.121152058682481578E+01    0.867489173642224110E+00    0.476894076021135606E+04   -0.896306614424280260E-03    0.942177093953638467E+00
    0.435166862968587587E-02   -0.130275916584363429E+02    0.118708498230099968E+01    0.906624085543674796E+00    0.451138692845863716E+04   -0.275421522869204400E-03    0.403399579967524347E+00
    0.432263100279983627E-02   -0.130323832380592108E+02    0.101141632285861172E+01    0.893979148455718575E+00    0.446315438713816002E+04    0.180447691320740320E-03    0.285865623519302559E+00
    0.431473841431723876E-02   -0.130469099662254600E+02    0.116031616700222528E+01    0.954462386665771323E+00    0.470969181062433836E+04    0.625855768897086440E-03    0.388210685016949331E+00
    0.429571268721954704E-02   -0.130562533354865593E+02    0.128206906692579103E+01    0.928478134532349397E+00    0.458018052743758835E+04    0.615947537847161275E-03    0.540430604356194833E+00
    0.429730578736196508E-02   -0.130751767325049038E+02    0.118301553547213500E+01    0.985011204872041746E+00    0.461537794675416717E+04    0.138653834459499846E-03    0.324675302097715224E+00
    0.426355656213172132E-02   -0.130775893916035404E+02    0.117086510141260436E+01    0.934111917982650697E+00    0.457326867415996912E+04   -0.162499393570376027E-04    0.731413582301555287E+00
    0.424378906013940082E-02   -0.130864768712477240E+02    0.112357711750380029E+01    0.870870871857472473E+00    0.495805177216241464E+04    0.807894283876596845E-04    0.278337289095997698E+00
    0.421421170599833774E-02   -0.130906707622468641E+02    0.109116537422511861E+01    0.915254641749266074E+00    0.478285383980422102E+04    0.705605440738614649E-03    0.322388808911618419E+00
    0.422071493327958510E-02   -0.131119365330688993E+02    0.113040568910053985E+01    0.950236616245825783E+00    0.494308165302129419E+04   -0.611457345996910305E-03    0.309758184189363572E+00
    0.419491292290788062E-02   -0.131178544576182858E+02    0.120081571154757882E+01    0.869428157272389424E+00    0.483119671555785044E+04    0.665794569751697822E-04    0.364395191168997878E+00
    0.417924122432548201E-02   -0.131285505206528086E+02    0.120197821907636571E+01    0.888404509814979981E+00    0.456940950970989161E+04   -0.154189655692561387E-03    0.364262789953114730E+00
    0.416793497070881008E-02   -0.131413143338629137E+02    0.126151870778847641E+01    0.974517651664232099E+00    0.438422216646147444E+04   -0.463566416425251540E-03    0.447344871213719464E+00
    0.413195515028490137E-02   -0.131421561413796724E+02    0.119308407396749594E+01    0.894006454605561163E+00    0.442056078858851652E+04   -0.627819868862981875E-05    0.839169577519557675E+00
    0.415380775583730748E-02   -0.131708874558321476E+02    0.126944597516047564E+01    0.854659190693178639E+00    0.487714004343993474E+04   -0.342606373588089737E-03    0.590739900009636276E+00
    0.413961556484509444E-02   -0.131822242334091513E+02    0.106421531583087936E+01    0.954910950621483234E+00    0.460939220142097565E+04    0.272752256549729886E-03    0.353457709623317462E+00
    0.410786814348552791E-02   -0.131850085901158582E+02    0.118988041500815078E+01    0.945845317464507396E+00    0.425384590867222960E+04   -0.607516103328308043E-03    0.401795329927192024E+00
    0.407771348810515022E-02   -0.131884548436682714E+02    0.116200102110223202E+01    0.954348272885601645E+00    0.482552551724700970E+04    0.435937859555300916E-03    0.647975372210251033E+00
    0.404565599238154282E-02   -0.131908512603768777E+02    0.115393239466422726E+01    0.877035959746921501E+00    0.499425759211061359E+04   -0.488714231484143821E-03    0.332044257642088558E+00
    0.409059930635589670E-02   -0.132311286345347128E+02    0.111405838674171687E+01    0.851498794362458677E+00    0.457410779415309662E+04   -0.691761944036480003E-03    0.298287021450076240E+00
    0.413917552011960465E-02   -0.132729207112826568E+02    0.104904392309292449E+01    0.920084927447363254E+00    0.484720931954990920E+04   -0.396424799206856495E-03    0.291782581810740627E+00
    0.410843667416552639E-02   -0.132761944627138071E+02    0.103412698676521142E+01    0.929482527925981961E+00    0.460912530232199242E+04    0.297306819474344450E-03    0.318015763843131960E+00
    0.407477703426387724E-02   -0.132779231704524765E+02    0.119814748694815476E+01    0.968904756597569916E+00    0.481069935845401687E+04    0.334676168229444161E-03    0.545110358551118668E+00
    0.405606638060850531E-02   -0.132869001936440618E+02    0.106312526224918247E+01    0.858415115804536888E+00    0.496944206405693240E+04   -0.886617980786412865E-05    0.271599460746324406E+00
    0.406343743930366076E-02   -0.133087132981131067E+02    0.124447074571718241E+01    0.937592255308006051E+00    0.452636974357407598E+04    0.149479546207569161E-03    0.460763576202387948E+00
    0.405439940493268133E-02   -0.133224416943901556E+02    0.124617479951973209E+01    0.986754384423227160E+00    0.496051189495765902E+04   -0.303332865565102627E-03    0.594675584055330275E+00
    0.401874655319256046E-02   -0.133229584864680302E+02    0.113459095445934643E+01    0.983039213912268228E+00    0.434460802346229138E+04   -0.665294511952015696E-03    0.296392774698914230E+00
    0.400173056667638659E-02   -0.133326540204590813E+02    0.122686254541477657E+01    0.941698150562174319E+00    0.458044503249199806E+04    0.385445712583570540E-04    0.340175865820069590E+00
    0.399194900867571537E-02   -0.133459411901673874E+02    0.114637143029260447E+01    0.934899311528307297E+00    0.466989541623390141E+04    0.161645254219177937E-03    0.325980280002525158E+00
    0.396014576381107167E-02   -0.133481255056339023E+02    0.103703078622945521E+01    0.927862359180571472E+00    0.488601262587899419E+04    0.283965215841003934E-03    0.298373180932398119E+00
    0.392778045748789530E-02   -0.133498946510553758E+02    0.120020323725560729E+01    0.985773504199376593E+00    0.493960654622646052E+04   -0.278862379394561328E-04    0.566614692352092497E+00
    0.390121214520204075E-02   -0.133545020973478916E+02    0.127037008894460923E+01    0.947022263285529853E+00    0.410566676601443214E+04    0.576763947882572123E-03    0.382069526253865754E+00
    0.388316344430973204E-02   -0.133634095771954335E+02    0.119324050804352866E+01    0.896703819913787892E+00    0.497471018822593669E+04   -0.449289185428640393E-03    0.583974035477300979E+00
    0.385400464326201729E-02   -0.133665166606604640E+02    0.122139061178153452E+01    0.838487883650794741E+00    0.489248169786908693E+04   -0.519481114123117446E-03    0.765515460209676424E+00
    0.386350211822233730E-02   -0.133896210425916475E+02    0.127795937027985262E+01    0.971598731360716839E+00    0.441318458656154598E+04   -0.622852569590472247E-03    0.590323991932924175E+00
    0.383476163932762720E-02   -0.133928693051927059E+02    0.111412311244474282E+01    0.879364079002337373E+00    0.474198102826813465E+04    0.144517039212945457E-03    0.354466671655859766E+00
    0.381274584005169507E-02   -0.133995358106245632E+02    0.101223665521170814E+01    0.964635671352680468E+00    0.490533433537442397E+04    0.494208593678590225E-03    0.308181301571364530E+00
    0.378100119415339907E-02   -0.134009960653017082E+02    0.106358514566623463E+01    0.856570742852519773E+00    0.481502249650827525E+04   -0.186918625866569347E-03    0.265830547766702230E+00
    0.375044162512548759E-02   -0.134029474015029457E+02    0.121930817617054821E+01    0.937969433048149281E+00    0.412891767060792972E+04   -0.339304878447024285E-04    0.546554427611007920E+00
    0.374755542975511698E-02   -0.134195895042158000E+02    0.110541917576079030E+01    0.950964599596844207E+00    0.476405364707048648E+04    0.217096922949281952E-03    0.425870591280885002E+00
    0.371975045236099758E-02   -0.134228770050421033E+02    0.108129955173514647E+01    0.960751691918021344E+00    0.486722322461575641E+04   -0.650324503998056156E-03    0.325383992140589329E+00
    0.371287155335498246E-02   -0.134373568182169230E+02    0.115951544874316825E+01    0.911190818022361015E+00    0.481566474153376112E+04   -0.938918619994924146E-04    0.386808687571253584E+00
    0.367937799369616155E-02   -0.134374149036184960E+02    0.118716100533285318E+01    0.907919424177692447E+00    0.483260986842237071E+04   -0.150934307237364648E-03    0.508476293262183021E+00
    0.365994673052670626E-02   -0.134450064785279544E+02    0.109223943244080401E+01    0.942113724748380732E+00    0.479013166622238714E+04    0.295500372032496145E-03    0.336612760930728339E+00
    0.364035202021799212E-02   -0.134524518827443522E+02    0.123575334885609367E+01    0.984646327638722507E+00    0.436603489717149660E+04   -0.564099766815178826E-03    0.359365766931398767E+00
    0.360847890298619280E-02   -0.134530455833500113E+02    0.116240422623286133E+01    0.932070771155550482E+00    0.441358419919929474E+04   -0.495205110299419527E-03    0.297457565360795873E+00
    0.361867404351011186E-02   -0.134768700922910512E+02    0.118143698025868460E+01    0.942161193270780184E+00    0.490717971485537237E+04   -0.261078005952381528E-03    0.493748749512481766E+00
    0.363376071707073979E-02   -0.135033728100440520E+02    0.110317101517656102E+01    0.979486851261448854E+00    0.465239138399659714E+04   -0.140044340020354377E-03    0.364399447473739868E+00
    0.360601965375802278E-02   -0.135062275339434876E+02    0.110403482817912191E+01    0.920726470249974005E+00    0.460162325849209992E+04   -0.276188927023075402E-03    0.357279622806144337E+00
    0.357479674764076298E-02   -0.135070168434518560E+02    0.120110542652295438E+01    0.956059539977186623E+00    0.490764628034215457E+04    0.361979828335520304E-03    0.611219589301345456E+00
    0.359575452236722852E-02   -0.135368897205857017E+02    0.107463279718539617E+01    0.943701044191197824E+00    0.477789051782610295E+04    0.952685110288446036E-04    0.357518805087020664E+00
    0.356678434262407053E-02   -0.135388927293987074E+02    0.117867497307499725E+01    0.904936251168681927E+00    0.491164427171869556E+04    0.134104608399688555E-03    0.436904782703825489E+00
    0.355974590062456192E-02   -0.135531239887263606E+02    0.121137048720024976E+01    0.909572173234097892E+00    0.477448894549550732E+04   -0.458688431712594232E-03    0.309592440611482667E+00
    0.355404306867951759E-02   -0.135680991707870859E+02    0.117399585975463916E+01    0.946098766710234407E+00    0.416206593615507518E+04    0.140276956187116563E-04    0.478137479299288737E+00
    0.352333048521573594E-02   -0.135689226986247924E+02    0.126070008437245007E+01    0.962787285639262524E+00    0.487758121115537597E+04   -0.726347252319720473E-03    0.851827651857125057E+00
    0.352912802034048350E-02   -0.135903927524913239E+02    0.115461666560704446E+01    0.924281267303290410E+00    0.495486086932188118E+04   -0.478781299118574753E-03    0.484060957543516523E+00
    0.352691845538450266E-02   -0.136073219910390524E+02    0.108031286399137549E+01    0.915424948356340917E+00    0.490449301983841906E+04   -0.452963420291511846E-03    0.440776877627833963E+00
    0.349514920840626438E-02   -0.136074068809329596E+02    0.107484115864819785E+01    0.876644861963632782E+00    0.491093625661702663E+04   -0.407856579395612007E-03    0.317792561876981738E+00
    0.347037933707785391E-02   -0.136113643796952744E+02    0.109798170124732519E+01    0.933371296556672725E+00    0.474615901951674277E+04   -0.291908340352947280E-03    0.351866722374468921E+00
    0.345263746491782791E-02   -0.136192952269444820E+02    0.110950680271926583E+01    0.892754980343637428E+00    0.474347234426527393E+04   -0.484703234185907223E-03    0.324785172578269832E+00
    0.344857518306985892E-02   -0.136351225126553572E+02    0.105025108072278539E+01    0.976974892464867017E+00    0.477731742191486410E+04   -0.429662443303122977E-04    0.275861565558585431E+00
    0.342080591770849846E-02   -0.136371343637208930E+02    0.114093530705703228E+01    0.881004332907573739E+00    0.458157844942305201E+04    0.278210432593495260E-04    0.341795854874237415E+00
    0.339351967323373244E-02   -0.136392991073160132E+02    0.103731541082057399E+01    0.896679480521008432E+00    0.476465748184486984E+04   -0.244838101286591571E-03    0.326298444149197231E+00
    0.336863115063592471E-02   -0.136427586067377149E+02    0.118709191884174547E+01    0.968369968173559137E+00    0.474380868697855294E+04    0.149874499986761041E-03    0.544833564037529916E+00
    0.335164467658628134E-02   -0.136508298219252779E+02    0.126103077993614465E+01    0.876614963271756364E+00    0.484910890465956982E+04    0.387527137438412029E-03    0.449847956175909502E+00
    0.332954966321585182E-02   -0.136557834100662170E+02    0.113431160548925036E+01    0.984960301803545324E+00    0.481189004052096516E+04    0.253366645416684710E-03    0.417800651916958754E+00
    0.333505879113888933E-02   -0.136772717265760750E+02    0.101602091227789737E+01    0.939670646108500041E+00    0.493776740603506187E+04   -0.255438613484854256E-03    0.264774841914167836E+00
    0.332002011976746669E-02   -0.136864146154405901E+02    0.110886315426056936E+01    0.877957723706963455E+00    0.488937402398453651E+04   -0.978031134569207097E-04    0.367426777409917193E+00
    0.329254150239071189E-02   -0.136879742668323203E+02    0.118536541431543574E+01    0.910548689318467330E+00    0.492322840703986094E+04   -0.691715608326121681E-04    0.742155473187670833E+00
    0.329116822050146661E-02   -0.137053217335819184E+02    0.118721390666466609E+01    0.953924506113481896E+00    0.482538671138827158E+04   -0.138871281925150589E-03    0.939570933423217625E+00
    0.326216066707898716E-02   -0.137057978981214426E+02    0.111656268195306230E+01    0.911150434674728671E+00    0.446813141114971222E+04   -0.304283356469048913E-03    0.272687300932718479E+00
    0.327520399390017090E-02   -0.137319605127282927E+02    0.108632134701639460E+01    0.936077903124732269E+00    0.434429873777217381E+04    0.553246745751200615E-04    0.263079605987391330E+00
    0.324662247675298410E-02   -0.137326124562624337E+02    0.116955595065017315E+01    0.966633102336029171E+00    0.490545579098267808E+04    0.286446432792444665E-03    0.437551854982713484E+00
    0.321929094577684191E-02   -0.137338861026358749E+02    0.116743917421272680E+01    0.950416881851601780E+00    0.481520552463144395E+04    0.343786115866892528E-03    0.382877448595799807E+00
    0.320023160105505078E-02   -0.137401920215842317E+02    0.111778812490801505E+01    0.964743705755932046E+00    0.448918389879333245E+04   -0.210240736851167586E-03    0.395962560789919094E+00
    0.320159755939638645E-02   -0.137592273198123483E+02    0.108536585343552194E+01    0.899659128898071314E+00    0.454977371499144010E+04   -0.327050936043611729E-04    0.305518679676817340E+00
    0.318200961108233227E-02   -0.137651351936436566E+02    0.108373345233340590E+01    0.964041033615493870E+00    0.479453040675610191E+04   -0.132068055402989539E-03    0.256693681037432675E+00
    0.315872033756567274E-02   -0.137686250893273563E+02    0.113466092988407796E+01    0.931204572954754339E+00    0.487637160419749216E+04   -0.217176556541945744E-03    0.375272418471151559E+00
    0.313930893949375747E-02   -0.137744783147478387E+02    0.113859188161481817E+01    0.923141587116206419E+00    0.477442948858138880E+04    0.861912107328978005E-03    0.319064805341380375E+00
    0.316021853778948548E-02   -0.138059371129322308E+02    0.115577093237015793E+01    0.964213815200122948E+00    0.490230678759538750E+04    0.405868278471402117E-03    0.511313168771124538E+00
    0.313930478338979736E-02   -0.138108393033270129E+02    0.123143336763396150E+01    0.972079212027743500E+00    0.452704010162670784E+04   -0.355332025009352152E-03    0.381261182468219717E+00
    0.312025621688526156E-02   -0.138168486223165630E+02    0.123059335268348069E+01    0.908468257243257304E+00    0.440544950056153721E+04   -0.288848214583681739E-03    0.358786827978242351E+00
    0.309225422993186999E-02   -0.138170009003779111E+02    0.114106092690324168E+01    0.913013180827084492E+00    0.483199699786548535E+04    0.359544644099640863E-04    0.347795249270959561E+00
    0.308223114348908861E-02   -0.138286894841340917E+02    0.125834814309907284E+01    0.989978169164904331E+00    0.480643034690894183E+04   -0.202910975124787470E-03    0.512461369236716258E+00
    0.306874494218887595E-02   -0.138381011671551377E+02    0.111382327719888208E+01    0.956662238747740368E+00    0.482423958081808541E+04   -0.176931253527278941E-03    0.335658910286737111E+00
    0.304170289178008237E-02   -0.138385806972631098E+02    0.113936953076197267E+01    0.944883178477401553E+00    0.478843732841056317E+04    0.271447305521777167E-03    0.570871330539565180E+00
    0.302150917081731116E-02   -0.138434403387368157E+02    0.110298986834096358E+01    0.980822244201583815E+00    0.478411008691669304E+04    0.738811254045261388E-04    0.325340157912211381E+00
    0.300560404149395610E-02   -0.138510664127777314E+02    0.109614726228772263E+01    0.944689428693232358E+00    0.496836422687733830E+04    0.449793013100283033E-04    0.318221297957158478E+00
    0.299445980998272162E-02   -0.138618188138052805E+02    0.119049996329917218E+01    0.912445905210617081E+00    0.481597451231682317E+04   -0.283421746818259587E-03    0.411506406920439605E+00
    0.297213703480756148E-02   -0.138650353980963068E+02    0.108401226708196807E+01    0.941952674498700349E+00    0.488675700935959867E+04   -0.105165326459018645E-03    0.368545284538389029E+00
    0.294870346385665534E-02   -0.138673858873889557E+02    0.120406923462051707E+01    0.907820876079911798E+00    0.482716293708189914E+04    0.259987197903678244E-03    0.614167871359612594E+00
    0.293076824544981785E-02   -0.138733657425879855E+02    0.130702471593767511E+01    0.866714905696975735E+00    0.452633025783832363E+04    0.449113227269646361E-04    0.567194066573179057E+00
    0.290772111419189795E-02   -0.138757576880484130E+02    0.114137899661852860E+01    0.921588582919538934E+00    0.497841314762215461E+04    0.465924950440933414E-03    0.363316417287453119E+00
    0.290383485372676256E-02   -0.138912646555941066E+02    0.119876977033276866E+01    0.931363186488611827E+00    0.499078054911663821E+04   -0.272938854278595314E-03    0.684587553998918796E+00
    0.288495655397278707E-02   -0.138964017013180534E+02    0.125091155880048688E+01    0.891875852325287766E+00    0.481898678582312732E+04   -0.559669323953895662E-03    0.857109426950475317E+00
    0.286195262747344567E-02   -0.138985720958731740E+02    0.115550619936571630E+01    0.885184841300007963E+00    0.478721054478390761E+04   -0.564797166243786986E-03    0.652646855077095411E+00
    0.283759443623897651E-02   -0.138996589840466420E+02    0.113443527230288521E+01    0.903515360453514549E+00    0.493001750318156883E+04   -0.371065514804818145E-03    0.319417561156374152E+00
    0.283861382720214861E-02   -0.139185591627443728E+02    0.119068546482711257E+01    0.941582824288780706E+00    0.492211709259339023E+04    0.148703778878677296E-03    0.496733949592263690E+00
    0.281326732435096616E-02   -0.139188024064271989E+02    0.127463779164800961E+01    0.922724671949068265E+00    0.493018432092815783E+04    0.238279898958726428E-04    0.735867754580141975E+00
    0.279092024060957709E-02   -0.139210338646838512E+02    0.119778325989620194E+01    0.895343898262296767E+00    0.479266396029952284E+04   -0.293427718457589829E-03    0.934536693650331429E+00
    0.308525600824914679E-02   -0.141215879367504407E+02    0.124445471425566434E+01    0.907015690443630174E+00    0.490137547299220932E+04   -0.413611556442203927E-03    0.738358383342061719E+00
    0.311173565402833368E-02   -0.141386799764901241E+02    0.117971176110793974E+01    0.943428444861681426E+00    0.498050099079587108E+04   -0.281390570912608002E-03    0.621656648457309391E+00
    0.719776886915750834E-02   -0.158158608566619847E+02    0.124980397565871004E+01    0.951156898866573952E+00    0.489960840457113136E+04   -0.361925187889817557E-03    0.631832275922763587E+00
    0.513696856825010192E-02   -0.151412449247678342E+02    0.119644091406127639E+01    0.945009343937378232E+00    0.492099811190768742E+04   -0.283406226295698207E-03    0.797617024214263837E+00
    0.527149912743885441E-02   -0.151929482322515206E+02    0.119764033584688656E+01    0.948949981473711679E+00    0.499427170879605001E+04   -0.709365148036251303E-04    0.689231988289839226E+00
    0.809670658809418312E-02   -0.160512334290986729E+02    0.120181868547243909E+01    0.887568534150249833E+00    0.481723127452303834E+04   -0.373592859603750767E-03    0.786207931393360426E+00
    0.411399999326084957E-02   -0.146971102384156644E+02    0.120719444076722948E+01    0.980718681764111366E+00    0.494105740886634976E+04   -0.215222127747065713E-03    0.683168127961996330E+00
    0.387950754462038300E-02   -0.145797351074110892E+02    0.123374668247389763E+01    0.970324898695549720E+00    0.491195795411856034E+04   -0.385297107089519375E-03    0.820457648162172148E+00
    0.292498786002203361E-02   -0.140148993197411151E+02    0.123204272975998785E+01    0.993513669258854204E+00    0.487298073384390500E+04   -0.262973827465258427E-03    0.733030932627274590E+00
    0.310715706201096639E-02   -0.141357350195315767E+02    0.122113607226197174E+01    0.976042225223328619E+00    0.489181828457321353E+04   -0.478749327831286850E-03    0.646928289051134198E+00
    0.325028478744813533E-02   -0.142258038980498398E+02    0.118559315258423426E+01    0.912304615732036916E+00    0.488894810947573569E+04   -0.355817788626649415E-03    0.813316546103638571E+00
    0.474859113992054903E-02   -0.149840146030892392E+02    0.120966389108517114E+01    0.914350019933712788E+00    0.493877059522276159E+04   -0.643627402417539744E-03    0.615300253057685986E+00
    0.431784929241733288E-02   -0.147938335178515388E+02    0.119076755216365049E+01    0.924703576250554438E+00    0.489896694268755709E+04   -0.342090793921621559E-03    0.832429882247206709E+00
    0.404551626443022325E-02   -0.146635370044972504E+02    0.122095919448486545E+01    0.924888788542238105E+00    0.488793115868491259E+04   -0.298247096275180772E-03    0.863574764252466265E+00
    0.411897137302391723E-02   -0.146995255901258126E+02    0.120914949583563969E+01    0.922519561721888981E+00    0.473758826527760993E+04   -0.921560795150757879E-04    0.672935008418920289E+00
    0.292692205044391574E-02   -0.140162214115175843E+02    0.122992914724046809E+01    0.894555168150626079E+00    0.480570691922341484E+04   -0.644322519889356949E-04    0.697152760618258815E+00
    0.503255157511278348E-02   -0.151001729130047373E+02    0.127423517810722386E+01    0.969817319704706526E+00    0.480360310928047511E+04   -0.419175519140210011E-04    0.813196086343430768E+00
    0.370716443890163746E-02   -0.144888532236476841E+02    0.123825977683861588E+01    0.898229348589953069E+00    0.480416557415373336E+04    0.255803801069311691E-04    0.732548920496320255E+00
    0.632456659854682517E-02   -0.155572016798242672E+02    0.124659489886638841E+01    0.953015275034276965E+00    0.479429864176805404E+04    0.107602350954502416E-03    0.815627845725937939E+00
    0.311505999624044636E-02   -0.141408154841988498E+02    0.123788410229213297E+01    0.925139319523201165E+00    0.449169324219986629E+04   -0.220948325379569479E-03    0.911905131289266646E+00
    0.297017777628459266E-02   -0.140455622759465548E+02    0.115054648295270567E+01    0.905041895078821490E+00    0.461964649631031261E+04   -0.462223075004706421E-04    0.752122285945181046E+00
    0.364212034584027872E-02   -0.144534507085253949E+02    0.126236591900715944E+01    0.909267988170375130E+00    0.467722590559534729E+04   -0.261204222752701282E-03    0.887869989752841482E+00
    0.325316206303529094E-02   -0.142275735908549237E+02    0.118503282286535172E+01    0.893821894359335789E+00    0.480112939271416781E+04   -0.923987818615286101E-04    0.885482246260425598E+00
    0.418603021543083060E-02   -0.147318243436476521E+02    0.114119516497596463E+01    0.939251964287646346E+00    0.455632417446818999E+04   -0.207789275266251767E-03    0.737870103602657701E+00
    0.313976125614165349E-02   -0.141566121871375259E+02    0.114300111513699942E+01    0.913213820179047397E+00    0.461981239846946846E+04   -0.383570734855957405E-03    0.654442535485296628E+00
    0.356750319078695836E-02   -0.144120505887756316E+02    0.118742911554137875E+01    0.877583078463983646E+00    0.451976688394503344E+04   -0.536550039867860103E-03    0.746577864407536484E+00
    0.487556073949714074E-02   -0.150367889018737557E+02    0.120390295553064464E+01    0.869147425775772975E+00    0.466331915690867299E+04   -0.798995227639960880E-04    0.564339238027284695E+00
    0.411537886918540881E-02   -0.146977804595638268E+02    0.121205461677439619E+01    0.942474303013876913E+00    0.494742519960717436E+04   -0.140976740750058907E-03    0.783516153593391551E+00
    0.351149391643836972E-02   -0.143804017875250718E+02    0.119589436229873547E+01    0.891241706052322669E+00    0.492682049275876034E+04   -0.247762673998420176E-03    0.344712547861631913E+00
    0.349534841177473986E-02   -0.143711847779320969E+02    0.116356196535776979E+01    0.914415401161086994E+00    0.498921394290143598E+04   -0.195008388603144388E-03    0.535676013383507676E+00
    0.338677760031151935E-02   -0.143080764771168507E+02    0.123378115594827364E+01    0.975902477930012280E+00    0.497899727813744266E+04   -0.777826242480117599E-03    0.583091255156224730E+00
    0.447622982426407016E-02   -0.148658809293003848E+02    0.120904480007789972E+01    0.901067671817452842E+00    0.480548911315276655E+04   -0.520554110281378868E-03    0.526575993529738051E+00
    0.302819475857208330E-02   -0.140842519646667341E+02    0.112611227428997918E+01    0.901560601908443671E+00    0.491285372554250080E+04   -0.724357618080741662E-03    0.513033515320878486E+00
    0.407092087399184115E-02   -0.146760571248860536E+02    0.111705488542595677E+01    0.994990269671562455E+00    0.491854716772335723E+04   -0.527373429135945997E-03    0.474478552124001363E+00
    0.384032020912449673E-02   -0.145594301610621475E+02    0.109456364772661896E+01    0.966944474247351304E+00    0.490494911761935964E+04   -0.505687271995374030E-03    0.434552971802748655E+00
    0.457741735882934674E-02   -0.149105885464806391E+02    0.114435713910263370E+01    0.893816305667399336E+00    0.492722638840053969E+04   -0.364091816548912505E-03    0.433608981523118553E+00
    0.294291308812319767E-02   -0.140271185334039856E+02    0.120774818972826470E+01    0.927453926094186309E+00    0.471931152076360650E+04   -0.463836961909944460E-03    0.378534506786510794E+00
    0.344323536993240437E-02   -0.143411417470181064E+02    0.114985613350671212E+01    0.886212881272061548E+00    0.476089331694424436E+04   -0.212620827506211537E-03    0.403749429932140691E+00
    0.493289652547360558E-02   -0.150601713513266269E+02    0.109454882657023633E+01    0.890444690006443884E+00    0.499449393830952249E+04   -0.530563433715075202E-03    0.300816055672939064E+00
    0.355214550451406165E-02   -0.144034222360295505E+02    0.115839139620153109E+01    0.910176297590692629E+00    0.473987833198631779E+04   -0.746210401571507356E-03    0.333022723047960267E+00
    0.289080586337572441E-02   -0.139913892766561379E+02    0.110149860817309264E+01    0.937166162467312880E+00    0.492298847465470499E+04   -0.590950283283557119E-03    0.330363778745340175E+00
    0.377399547561344927E-02   -0.145245871554604893E+02    0.112623245222318058E+01    0.946003180520444298E+00    0.496600351658303407E+04   -0.999742814531662249E-03    0.343300057676882653E+00
    0.391110205706108899E-02   -0.145959570398486989E+02    0.115493103590095303E+01    0.960076795961420482E+00    0.498084720675963672E+04   -0.369543661759284261E-03    0.410252561576831209E+00
    0.317052142908812824E-02   -0.141761107852978263E+02    0.109768017397273598E+01    0.923323076094469841E+00    0.482961764535749262E+04   -0.437272522072925903E-03    0.343317747334291157E+00
    0.501887517072762031E-02   -0.150947303372705939E+02    0.120213425086910419E+01    0.961773919632039065E+00    0.483214085652443646E+04   -0.170275668407655808E-03    0.549557130075217559E+00
    0.302505765063553140E-02   -0.140821789579554064E+02    0.109318711177571726E+01    0.876342974783639317E+00    0.494850962844948663E+04   -0.519085207547503023E-03    0.326569728530638703E+00
    0.295059247932934199E-02   -0.140323306405035577E+02    0.111860678265969971E+01    0.941714879134450067E+00    0.480949546286333316E+04   -0.593358039861309884E-03    0.482347052221831718E+00
    0.292370928652171567E-02   -0.140140248866913950E+02    0.122004065897291625E+01    0.918358986566543134E+00    0.471984113712130693E+04   -0.280621059810191246E-03    0.351036939023527728E+00
    0.327173963804538873E-02   -0.142389623449301563E+02    0.118517871662611141E+01    0.977989077629321413E+00    0.494965218078808266E+04   -0.478521322113296141E-03    0.425471029317859850E+00
    0.580652214641606389E-02   -0.153862822467695519E+02    0.123039695140862282E+01    0.952113024296671995E+00    0.495527566133470009E+04   -0.574846000931182708E-04    0.516350235620436360E+00
    0.385920507072152856E-02   -0.145692411033114482E+02    0.114197980259386145E+01    0.943223997413912607E+00    0.498497810888204367E+04    0.597937398979761885E-04    0.385204679537608174E+00
    0.310685270269448833E-02   -0.141355391013864526E+02    0.114074716019082523E+01    0.889477520233304286E+00    0.493890813141755370E+04    0.144136375082274542E-03    0.349483229336262413E+00
    0.527344278951998729E-02   -0.151936855192345881E+02    0.114820854814305306E+01    0.918978027713247769E+00    0.490318391102010173E+04   -0.840454539186270908E-04    0.479881522657425119E+00
    0.315983205890932968E-02   -0.141693564197738517E+02    0.113338666986372560E+01    0.925880992523242741E+00    0.495293024905906532E+04   -0.422146515784404533E-04    0.478412288767444682E+00
    0.387278990161859507E-02   -0.145762689634816205E+02    0.118688809012484442E+01    0.935809157984287765E+00    0.492645546701966759E+04   -0.158710827155354522E-03    0.355984584856094521E+00
    0.339298830084376222E-02   -0.143117407347682644E+02    0.109716071123726588E+01    0.895976962498475915E+00    0.494155979536544874E+04   -0.223321626824009837E-03    0.339404215184226254E+00
    0.367898110284599952E-02   -0.144735903384652644E+02    0.106982536771699177E+01    0.923403960558977888E+00    0.475278195548948406E+04   -0.146284548325892365E-03    0.345921636720909809E+00
    0.307440143250037193E-02   -0.141145391116565051E+02    0.118848925194834476E+01    0.944378150706223329E+00    0.485311092014881160E+04   -0.346891877827452651E-04    0.380943747887889428E+00
    0.314803581927051036E-02   -0.141618760770539485E+02    0.111890022809051404E+01    0.952968595128614426E+00    0.486977466409688805E+04   -0.226261430148500133E-03    0.258031343013220060E+00
    0.454007922362969964E-02   -0.148942075833097469E+02    0.106885744383138404E+01    0.904571787486454948E+00    0.483686191728369158E+04   -0.163788028538391971E-03    0.324229363927121539E+00
    0.333324927709629983E-02   -0.142762138335040873E+02    0.113876398111255939E+01    0.972044277796828227E+00    0.497579579694350195E+04   -0.540839288787499695E-04    0.361694569679649414E+00
    0.332996429455269553E-02   -0.142742418223869763E+02    0.113589937756983494E+01    0.923201866682909600E+00    0.483760667421946073E+04   -0.790863126438931231E-04    0.398329540465855725E+00
    0.280692325735812809E-02   -0.139324965737682724E+02    0.116029617785308292E+01    0.949250507715409308E+00    0.469899069550123477E+04   -0.797119512663918935E-04    0.362415403483562493E+00
    0.503288351954388116E-02   -0.151003048275928684E+02    0.112731457109374733E+01    0.962735996535282856E+00    0.483687736498507638E+04    0.551979814763078144E-05    0.339197293255807830E+00
    0.303804054003916496E-02   -0.140907441560361413E+02    0.104902036434577695E+01    0.940863890279505344E+00    0.479733239763517031E+04   -0.473847629993384735E-04    0.287161571865185039E+00
    0.296019584486665894E-02   -0.140388295191374262E+02    0.113137990820163870E+01    0.888085279194256061E+00    0.498418870341777620E+04   -0.165417897090862775E-04    0.364398836276388138E+00
    0.279354163844184548E-02   -0.139229390497904610E+02    0.106402261816491883E+01    0.913883803805111916E+00    0.491583105621256618E+04   -0.829270664835773924E-04    0.340317007328764576E+00
    0.342770502552599242E-02   -0.143321005561705999E+02    0.117189911398715885E+01    0.887076261272417343E+00    0.484985281537759329E+04   -0.917278742090057341E-04    0.341975380711475319E+00
    0.297840130229579418E-02   -0.140510920208764354E+02    0.108835277636329875E+01    0.922296127397048027E+00    0.469803224815995873E+04   -0.982425152120094204E-04    0.300126079171585736E+00
    0.541889645486023572E-02   -0.152481030364436734E+02    0.112019844987395123E+01    0.933932787414643362E+00    0.495756416027780597E+04   -0.235684242995257137E-03    0.313650245873916822E+00
    0.321519372176478756E-02   -0.142040938821856209E+02    0.110465670069270594E+01    0.912688847047058882E+00    0.480328628989284061E+04   -0.191394103356341210E-04    0.287663177066658116E+00
    0.449713332877711616E-02   -0.148751989706939192E+02    0.119868440938464049E+01    0.956779925487565297E+00    0.497538420602134465E+04    0.539843621802247591E-04    0.505423253874609624E+00
    0.328598793840356338E-02   -0.142476533572440722E+02    0.114590418515685832E+01    0.948727423180560803E+00    0.494853004148771834E+04    0.539700757374190218E-04    0.525621805553488253E+00
    0.312564130830614772E-02   -0.141475976208140661E+02    0.111008266071664052E+01    0.906265981190922498E+00    0.492082013388545511E+04    0.262474460577473087E-03    0.367943557573039093E+00
    0.304675237606595942E-02   -0.140964711164107328E+02    0.110789866422483740E+01    0.897215486402525464E+00    0.494102264108763393E+04    0.388019495734909584E-03    0.317113524824883697E+00
    0.330339892945517074E-02   -0.142582224932926778E+02    0.107891153398763517E+01    0.871066002832838193E+00    0.495511789817368663E+04    0.674851041292062075E-03    0.328242042393459998E+00
    0.327099472966698975E-02   -0.142385069338804318E+02    0.111400023634562473E+01    0.903050451669497711E+00    0.492654649839790090E+04    0.229671063802500776E-03    0.326965941624561995E+00
    0.327794751663353003E-02   -0.142427535980391866E+02    0.110946598445392852E+01    0.936248932717752891E+00    0.493682155666640847E+04    0.505636889829780560E-03    0.392459510140128254E+00
    0.367879468742927625E-02   -0.144734889951125574E+02    0.115390615987508660E+01    0.936130863973814398E+00    0.498413153604608397E+04    0.378066135129812757E-03    0.397884051378449843E+00
    0.456977031480317823E-02   -0.149072445478307785E+02    0.115474703189612415E+01    0.929306099851625822E+00    0.477718139772296763E+04    0.714391783946351152E-04    0.391811936281696971E+00
    0.353990392745511667E-02   -0.143965178345112115E+02    0.116252953870071685E+01    0.927475535526276040E+00    0.493830987469458159E+04    0.104767707871805899E-03    0.385151983560546807E+00
    0.283365332632828188E-02   -0.139514522735406672E+02    0.116368759583834747E+01    0.980158672417777321E+00    0.499119626162802615E+04   -0.167344574948958928E-03    0.432009237588679318E+00
    0.440264881466108197E-02   -0.148327313854802654E+02    0.108919402534649024E+01    0.867213677170995512E+00    0.486999192026670880E+04   -0.230350895106113161E-03    0.263917036565366525E+00
    0.550180483768323604E-02   -0.152784710406588893E+02    0.115733320978795184E+01    0.926727472907481253E+00    0.489912325585461349E+04   -0.438769997774097326E-03    0.326572448651518854E+00
    0.300228702699226451E-02   -0.140670673403574327E+02    0.115855016718386539E+01    0.910967262749792339E+00    0.495814316455710832E+04    0.212475938859869705E-03    0.336705251231991354E+00
    0.497675502260582110E-02   -0.150778748127611486E+02    0.112980878552486419E+01    0.899005444281423483E+00    0.489181338156750553E+04   -0.884445785592876321E-04    0.323929183523717690E+00
    0.288903320998915502E-02   -0.139901624927130896E+02    0.123180247587965752E+01    0.873283262423654616E+00    0.442871916486035843E+04   -0.170938674757363762E-03    0.481970374048094008E+00
    0.347765601564389674E-02   -0.143610356754718893E+02    0.113431503903345487E+01    0.977820491561584904E+00    0.451944780411558077E+04   -0.456378823462060760E-03    0.433716313861244651E+00
    0.345334644471529664E-02   -0.143470061490068339E+02    0.111946493463899133E+01    0.936158305607910579E+00    0.451942929424867361E+04   -0.306475478893435441E-03    0.358020845411611333E+00
    0.279317399780603434E-02   -0.139226758249118188E+02    0.113701348830803761E+01    0.892897780603009394E+00    0.414087044295664600E+04   -0.253737386664789190E-03    0.300524534442706159E+00
    0.319346098734517216E-02   -0.141905292145822521E+02    0.116689960062288689E+01    0.931282769655054521E+00    0.442856847180467685E+04   -0.259175225514747065E-03    0.331775966564898162E+00
    0.408898001990786950E-02   -0.146849097693658805E+02    0.127024435220797871E+01    0.988298848937339103E+00    0.434400358368189609E+04   -0.143312460563186018E-03    0.495602316082604410E+00
    0.309372904340071394E-02   -0.141270730061536298E+02    0.108798917528450656E+01    0.845824460683952783E+00    0.470903071166652353E+04    0.198983858637559235E-03    0.271822818055714399E+00
    0.346570446556757842E-02   -0.143541505011173616E+02    0.114649228700624839E+01    0.954787179308574263E+00    0.458189903180617148E+04    0.175782827207709806E-03    0.302622476420165654E+00
    0.389174486427220365E-02   -0.145860338758065637E+02    0.122381632489895686E+01    0.959853497316040860E+00    0.430067842324467983E+04    0.160745375433756518E-03    0.370201644558693088E+00
    0.435971962293681039E-02   -0.148131341564849599E+02    0.113624808914748976E+01    0.894992074630215573E+00    0.430053760775617775E+04    0.688591187303757093E-04    0.293587255787516765E+00
    0.285653424959761816E-02   -0.139675368375651949E+02    0.112264631450697694E+01    0.959605432513129575E+00    0.454959610004142996E+04    0.154658155088217099E-03    0.325418085181075178E+00
    0.465843597297893510E-02   -0.149456781866017856E+02    0.123840325694752851E+01    0.934824428840713040E+00    0.434447435036812112E+04   -0.344890225364978428E-04    0.378325577262341950E+00
    0.280408318211901189E-02   -0.139304719277356632E+02    0.119452415576612059E+01    0.911266482718562698E+00    0.485921974663856145E+04    0.260328666269023668E-03    0.585816642078557548E+00
    0.403785271101688836E-02   -0.146597447462283643E+02    0.126588761398722216E+01    0.925378073165589066E+00    0.484949930221933391E+04    0.385201190701714078E-03    0.614690689852373184E+00
    0.370427293163817914E-02   -0.144872926586638080E+02    0.123846478180843111E+01    0.968673380132640482E+00    0.484925064690426188E+04    0.418943473181167551E-03    0.482936076584951302E+00
    0.365213788570935196E-02   -0.144589440957069524E+02    0.124283212648665820E+01    0.906294514933178808E+00    0.480392109891158543E+04    0.449423562603450599E-03    0.501473468276297352E+00
    0.294663354828091344E-02   -0.140296453565245329E+02    0.112834679082281841E+01    0.973384572643268386E+00    0.455613608989466593E+04    0.468316443567763012E-03    0.644399198300118270E+00
    0.294402443925059851E-02   -0.140278736636464494E+02    0.120360700017430866E+01    0.963360802457639220E+00    0.470439804495278622E+04    0.414736850071483279E-03    0.592918398558676785E+00
    0.301309935531350126E-02   -0.140742571295269236E+02    0.122699869160314812E+01    0.899457173507043795E+00    0.470437184253634859E+04    0.270249474671611391E-03    0.748914158392685048E+00
    0.301669065226518179E-02   -0.140766394993088326E+02    0.129320637468381361E+01    0.925068063465753987E+00    0.496924662166163944E+04    0.546392258186455542E-03    0.528740397415820573E+00
    0.300147323725928226E-02   -0.140665251536596649E+02    0.119515300346201059E+01    0.917264118152869790E+00    0.485975651217949962E+04    0.721022755849558245E-04    0.562028026757797949E+00
    0.359958561339643497E-02   -0.144299561221239792E+02    0.123741322234217632E+01    0.945379044279265113E+00    0.482125674233956670E+04    0.162971257734838079E-04    0.533309655279248784E+00
    0.374523192167237938E-02   -0.145092857460346103E+02    0.116829941169381479E+01    0.963540699787252763E+00    0.488967583363920767E+04    0.186844812182088702E-03    0.544212026511367686E+00
    0.296015449107574474E-02   -0.140388015790402569E+02    0.116620976933307530E+01    0.954353786980567165E+00    0.493207662364561384E+04    0.463193741781550215E-04    0.618288416004914465E+00
