 F
        1030       12678           3         128
    0.163335188458073866E+01    0.547688544977257674E+01
 T
   2
    0.200000000000000000E+01    0.300000000000000000E+01    0.140625000000000000E+00    0.859375000000000000E+00
   0
   0
 T T     0           0
    0.000000000000000000E+00   -0.100000000000000002+101    0.000000000000000000E+00
 T F     1          18
    0.167247884791333847E-03   -0.387040370393145094E+00    0.537827849457303842E+01
 T F     1         110
    0.723522116511032256E-03    0.149109287051950412E+01    0.549196000981727916E+01
