chirp_mass mass_ratio EOS alpha zeta
1.4512474615631714 0.6190095587586173 4433.104419859849 0.0003749401024727042 0.6679573488616506
1.1544721011474688 0.712521509327694 4133.831024445522 -0.0003288639316093507 0.3234251773736243
1.2630332433688243 0.5992114230829648 4457.22696220228 0.00017665684949602918 0.6769038997778727
1.3108024812799464 0.6151362000614029 4973.627056251778 -0.0004924707130373866 0.7176064498566365
1.2834970297838326 0.6565759277086289 4235.299778272337 0.0003471229598132438 0.7694392258730074
0.8821518286286288 0.6113739842330851 4761.11784966105 -0.00030106024037772865 0.2309609848251807
1.604580092146847 0.6501404539207827 4234.619791344134 -0.00010957044172031711 0.8826322961898039
1.356195568188849 0.6176697518817915 4602.17929164111 0.0003866183007069474 0.6573981141251831
0.8353479958425996 0.5835224932623134 4972.6406588460995 -0.00020363224099370481 0.22993512297872185
1.2931562503702436 0.6398643091859252 4858.950584471359 0.0005425523562883123 0.7171062388985006
1.2893846542457377 0.6286804320758901 4466.942312319719 -0.0006750522500637881 0.7749262400238667
1.2482350720430069 0.6932397682794073 4427.08196395719 8.05305432858027e-05 0.3146326313788012
1.3006293877197441 0.5822543637163846 4764.204953595049 0.00010248770124068762 0.6471638177615718
1.5278530919867328 0.6259476223881306 4157.72924627298 0.0003183839559463915 0.7149961247593517
1.3198813799704352 0.6553203931026526 4475.600231410542 0.0004787243932875765 0.7718039455663767
1.3310296135685378 0.5832362378009947 4640.34227215618 0.0002576410209205324 0.6730404345415962
1.3855747878583948 0.6683418570189017 4474.429071306398 -0.00012741066754046472 0.7645429533881526
1.486050243152651 0.6364649491103583 4206.56725555025 0.00018321219217446938 0.7718970957815997
1.173928410755276 0.7013392599091874 4749.954626858336 -0.00027352332409724586 0.31242987242931497
1.0794029929838602 0.6645513798012888 4257.55733045192 0.00012432641417779781 0.2785771708838675
1.3404703119168964 0.6062121300299087 4761.214849140963 -1.3568786410722034e-05 0.6964606792462714
1.3315738254856821 0.6969036827994772 4826.386801725429 0.00041060381944447056 0.6811857171919667
1.450510248251069 0.6206705892701402 4272.99518026914 0.0005288034185441555 0.7638288839566141
1.4016380959690888 0.6310318455541568 4669.456570033911 0.0002890949442934438 0.7843710367271015
1.242846054441621 0.6521209479377489 4830.042365189327 -0.0001705153153299312 0.713168751987233
1.2870582597155211 0.649324884067793 4860.238820581592 -0.0007297172646091682 0.7898686200939619
0.9630334554867565 0.6286624929611534 4465.335194563445 0.00021251939396040368 0.25960072994493255
1.3780577319238267 0.6346834270449621 4833.697112960217 0.00020026943920622406 0.7238346801256965
1.4861483869379457 0.6153616595391658 4558.707954661539 0.0007839551682642127 0.7056184909703318
0.8716857986797992 0.5619429105472944 4869.148862118619 0.000166272793116469 0.23707841865991555
1.0341530376613672 0.6609062532594199 4841.243364714814 0.00015448499214669448 0.27654971526024896
1.0492948881542683 0.6937831108343986 4725.111515360809 0.00014508988824850642 0.2639908177625169
1.5408397734006354 0.6750174489651706 4300.745164399725 7.312665026343126e-06 0.8849202705973696
1.362565350501292 0.5977085912152345 4875.5814046359865 0.00015734833308075894 0.6778993180701256
1.3968128919527998 0.5802880858121047 4693.0592500958 0.00040445425231708145 0.6650767419419894
1.3782707150066944 0.6596950379790314 4949.548699495541 -0.0007161042222977908 0.8143555006081734
1.3948330401723 0.6945644068472554 4281.424259737916 0.00012873854139372853 0.9313954693732069
1.2686273695301937 0.6563678127411163 4744.614729671235 -0.000178494259537207 0.8036956564639717
1.5535668441725665 0.5802062612679755 4257.388318775212 0.00031859816516972616 0.6455833577362663
1.146689850124395 0.6793187102505216 4533.340528218393 -0.00039573516474785027 0.2861293090255077
1.1261271239052075 0.6970478691900145 4020.0342462266076 0.00028561590927330966 0.275728498925514
1.316499123405018 0.6059135307235681 4498.21333232928 0.00012422974008704973 0.6679825992323531
1.5321044084820623 0.6205778730156633 4305.033913004144 0.0005617592679070774 0.7212379669526663
1.1961349397347059 0.7133309960250587 4746.40217679899 -5.325262927883369e-05 0.5012708146350767
1.3183865106129367 0.6596590886924741 4454.275028178322 -0.00024012260286022228 0.7121339478983381
1.2921868784788837 0.6774391086987849 4683.393893981596 -0.0004808258976773551 0.6477075998374962
1.3516079473916534 0.6014537365115917 4441.660788227047 -0.0003345918028703729 0.7087958824799437
1.43514955332904 0.6392828191371182 4725.9512101103155 -0.0007494479963853995 0.7353452910155512
1.371618047613731 0.6914628700732705 4650.0113041355025 -0.0005393302640876844 0.9673049215029499
1.2738604040538184 0.6681015347535609 4941.563307231309 -0.0005512870908634456 0.5521557367808176
1.4875527098095187 0.6195003089859812 4476.082239151564 0.00010789504961990746 0.7098870024202834
1.3618240694945323 0.6255037886285932 4012.717826040864 -0.00038168246490688675 0.7325316775659351
0.8778443730226009 0.5850217696023536 4602.974712751096 -0.00031953349675718296 0.24075666702265452
1.1628203343520724 0.7084290925485972 4605.880441604968 0.00025451120714541515 0.3188129797831014
1.4167987019060608 0.6454590958754647 3946.407759380076 7.423193925158374e-05 0.7785375607016877
1.1121083402293395 0.6741102149418714 4234.451677540987 -6.813259570268946e-05 0.2582438488608678
1.371236333119307 0.6232596934289345 4550.084399082673 -0.0010967613229151268 0.7114318119238674
1.1357872536471685 0.6612355385824622 4399.923377032249 0.00031434878693979175 0.2791174693541475
1.3940579788244494 0.5710398695149407 4376.432837290658 -8.408295055151415e-06 0.6533978070487474
1.3385770280675755 0.6283419082506146 4248.722342647082 -0.00046762006246154285 0.6713722635292027
1.3102012399912848 0.7086439737524595 4442.590617462046 0.0006247548043320717 0.38226461040794824
1.3700416281835701 0.6215885160278324 4858.2985451163495 0.0005214090501537304 0.6967889338138786
1.1603608920894253 0.6545547475813552 4130.552883276172 -0.0013969094501300543 0.2632798384306105
1.276250793500669 0.6066076090251012 4809.407967334841 -0.0006008128432139425 0.6667173634624876
1.2893656911430518 0.728769519105911 4113.511400238227 -0.00023831709784794477 0.35302965225357386
1.5756380107809358 0.6724332848326444 4090.775958084445 7.195763069744528e-05 0.9706919859811085
1.2533608780291585 0.7095486389681498 4366.903916807545 0.0007070089891525668 0.31483038252401335
1.309710245716731 0.6306358811999782 4322.045415659649 -7.31557754115531e-05 0.6734382285345751
1.2026790353207022 0.7038080866574992 4818.734937398907 0.00028408878251319513 0.35869148901948056
1.146679907511626 0.6963881724298925 4238.157952748315 -0.00043417219618946867 0.28863204887568744
1.515925833455491 0.6569918232424559 4089.021909796839 0.00030195475869600766 0.882824389659208
1.2067207623824174 0.6923655812822977 4324.8566517672825 1.3777451039293707e-05 0.2783048760506809
1.3507566542297091 0.7434483393425869 4566.327974164046 0.00033996695654972374 0.4803542007868331
1.3885362951968154 0.6821211926013278 4958.663384127137 9.928383211637586e-05 0.8729782811780803
1.3885362951968154 0.6821211926013278 4958.663384127137 9.928383211637586e-05 0.8729782811780803
1.280875867948828 0.7066293796402769 4843.982936988247 0.00016807905424385262 0.6256805983400265
1.2455386731185887 0.7044102588232213 4206.214032417375 -0.00021348159027965595 0.39064163125106965
1.2455386731185887 0.7044102588232213 4206.214032417375 -0.00021348159027965595 0.39064163125106965
1.373041674903619 0.6673026278283412 4192.946640033707 -0.00013994773324799427 0.7848210529494128
1.2391608086980037 0.6401695014382501 4663.465395907803 -0.0004427561614810646 0.48397798840821227
1.2140551805192699 0.6613832695032271 4802.793576934322 -0.0004092180203308404 0.2846814100251289
1.4317300553917496 0.6510247309026354 4421.2175452184765 7.820354792332886e-05 0.8576361713087929
1.2187970811146829 0.7075036057783739 4366.527365891511 0.00035064642034270425 0.29126781759782644
1.242268961956382 0.6849127054390127 4164.225786506321 0.00019000249794547916 0.2891938912913319
1.02300067918919 0.6640701728141067 4972.693703752887 0.00030680319896560573 0.25394423903361435
1.4355998096205207 0.6318450656228265 4927.7860076761635 0.00012560064522141787 0.7356833330290421
0.9257546904328329 0.6305600534498301 4616.084184232505 -0.0005732205749879491 0.24951244619308216
1.355477782737696 0.635462890338082 4993.603506935434 -0.00024830039008531156 0.7292415091558302
1.3565836117210475 0.6340329880551688 4308.868087089774 0.00021276840782649982 0.7207990929205433
1.3565836117210475 0.6340329880551688 4308.868087089774 0.00021276840782649982 0.7207990929205433
1.1905406623335875 0.695656336437302 4020.8182558050858 8.673097490928311e-06 0.3019038478644426
1.1677782523888922 0.699257405334522 4684.147967772724 0.00024288812674496502 0.3607480221205932
1.1266536070908209 0.6843916573625887 4267.176593131456 -0.0001390613651836087 0.27320974312886803
1.477284754162717 0.6041765042272005 4118.02132222263 0.0003494475424315419 0.6758330218217806
1.1351857574640793 0.6954743799689862 4424.865687080698 -8.118009425132912e-05 0.2927866354023219
1.1351857574640793 0.6954743799689862 4424.865687080698 -8.118009425132912e-05 0.2927866354023219
1.3823777078144506 0.6257556848708938 4403.104771026258 -0.00016306021703768776 0.6960989425103181
1.3823777078144506 0.6257556848708938 4403.104771026258 -0.00016306021703768776 0.6960989425103181
0.8772069389922056 0.6110141836382075 4925.830766568946 0.0002194599882411298 0.24510252503761545
1.3078164656045117 0.6083170037959269 4152.212749965848 0.0003075775548968401 0.685000044318682
1.3706620010892085 0.6963221272461396 4264.03070438069 -0.0003899651645942684 0.739794825764323
1.3281532396327291 0.6391650249042438 4382.121630375375 -0.00042247385317122587 0.7665235549606048
1.0465750731909857 0.6520427424556839 4858.974384140081 0.0008273615989662137 0.26836488508562584
0.9901804068279919 0.6599121286567252 4288.317382531486 -7.802621474464938e-05 0.2590657038824832
0.9901804068279919 0.6599121286567252 4288.317382531486 -7.802621474464938e-05 0.2590657038824832
1.1588299986754973 0.6741944001283928 4187.9589306236085 0.00036157999405886447 0.284323292455005
1.5672691484278327 0.6322688845982821 4043.3443083232105 0.00030796777581149163 0.7567163279647421
1.0919644896670393 0.6712032371280829 4230.306251805813 -0.00033096441472579006 0.27456539232588995
1.0919644896670393 0.6712032371280829 4230.306251805813 -0.00033096441472579006 0.27456539232588995
1.3532494583903003 0.6409073264312775 4942.5191164070375 0.0005862390917422855 0.793794470379472
1.2126769714411405 0.7050081042652695 4253.066504266861 -0.00018093578142974094 0.343375615002876
1.1838800111929586 0.6702876256655719 4907.492630611903 -0.00022244812397298827 0.3319889342222052
1.1838800111929586 0.6702876256655719 4907.492630611903 -0.00022244812397298827 0.3319889342222052
1.4372480682079796 0.6150653945191893 4749.554126165646 -0.0005408570570296118 0.6998768389146188
0.9456223538763082 0.6372718466362128 4601.233293083114 -0.000156862923422649 0.24336733875802266
0.9456223538763082 0.6372718466362128 4601.233293083114 -0.000156862923422649 0.24336733875802266
1.1543185147426231 0.7034140623250654 4321.1358924216065 0.00018322049343549054 0.2776419741275833
1.2956177342410513 0.6542450158940204 4660.570758890155 -0.00016426129897079015 0.5986515512922537
1.1247837817034132 0.6684998880010493 4503.439532913519 0.0003977976269420256 0.2950658040591507
1.081414938658539 0.6500341765702567 4324.96561408998 -0.00021363072024547453 0.2566017706162218
1.4690779123639497 0.6801685754594561 4756.137522143759 -0.00041826412710220144 0.9513328215993624
1.1096750743595252 0.67747489312948 4251.982480852066 0.0006845825274108542 0.28685308721438013
1.3428500190465038 0.6722478599337316 4572.24725647542 5.2290874919865095e-05 0.8139405219133964
1.3535384504764214 0.6943735225386151 4877.9325658453845 -0.00038357608862691505 0.8096849391949552
1.2326213639196035 0.624866785321573 4764.997800887195 -0.00019433793465050016 0.638109594854341
1.3079930132533444 0.6770742310767841 4549.942668756941 -0.00044550947063215143 0.7219784047532296
0.9462771272588848 0.6324407111594508 4645.134623599343 -4.467225150911709e-05 0.2553896486494849
0.9902750697067014 0.6615485903014094 4727.285004231703 -8.979399862856065e-06 0.25073158078357877
1.2018568318720917 0.7008708157666512 4645.682311973086 6.815926637162782e-05 0.41631139031307696
1.2154985072271929 0.6741726601663501 4547.4605794147565 -0.0004204643904688506 0.5702909003624114
1.3076694901057566 0.6453931119434698 4504.858745935051 0.0002565088402381054 0.7503918810425895
1.4849439667859219 0.6006752297169546 4195.723627689596 -0.0002043338179477456 0.7084168797548536
1.4062523300575456 0.6840521152672021 4598.028848131999 0.000416881973562318 0.8878217808777757
1.4062523300575456 0.6840521152672021 4598.028848131999 0.000416881973562318 0.8878217808777757
1.3570034978555134 0.68958738494225 4371.894123251601 -4.312135196933422e-05 0.7316174708709848
1.3978796982218882 0.650864592706491 4655.676765341081 0.00018880785433664584 0.8474707380368727
1.6119050625554463 0.6412393757328161 4113.397309223379 -9.136584590559015e-05 0.8092596039498504
1.6119050625554463 0.6412393757328161 4113.397309223379 -9.136584590559015e-05 0.8092596039498504
1.3619264727655975 0.6066543982026471 4888.858194666735 0.0008814189093285177 0.7243436550627999
1.0391394038750952 0.6610457455779896 4575.7857766339985 4.877259120928272e-05 0.2604637188757981
1.1077603334051422 0.6603387491389878 4600.621851463342 -0.0001757236304813069 0.2606729588508194
1.063408682358006 0.6533831441450644 4077.638376897568 0.00016899113305823217 0.2569575223837081
1.484970816889418 0.6826530664290182 4895.83150814885 -0.00010387500141610587 0.9525892895470536
1.4397098110201674 0.6916709087917428 4300.278290932101 0.0003282389387468382 0.8558966046789176
1.4519977032074296 0.608765025243297 4143.01751449652 -0.0002224592291578127 0.682476198499832
1.4782020664682234 0.6616431311576989 4384.500091905417 -4.4670760119977524e-05 0.8350465319550369
1.358802097912727 0.6478682004598707 4645.810425495207 -0.0004966192059087655 0.7827799669596276
1.0617590053190737 0.646713159057442 4938.223816721732 -1.0093457946190386e-05 0.2675064616480379
1.1885744854891427 0.6633715841642357 4711.4127394316065 -0.0002588339962263605 0.388177872792502
1.3267905195704826 0.6400002557829847 4463.356105139708 0.00033466208240125385 0.7952856455807826
1.3267905195704826 0.6400002557829847 4463.356105139708 0.00033466208240125385 0.7952856455807826
1.5378245890472437 0.6108225583311067 4257.063813091432 -0.00020580856503828047 0.72038418098467
1.124860332279008 0.6623253092503211 4798.223733956396 0.0007176219223954071 0.2705315708326372
1.3570554975251954 0.6591342571017034 4933.2828604851375 -0.0003106415422120674 0.6738422169971289
1.1323108262999726 0.6582058561173597 4807.083025667097 -0.00018661411562664098 0.2730518445088136
0.925793443222275 0.6016450992303382 4913.029645641382 0.0002426583842949476 0.23963190071008006
0.925793443222275 0.6016450992303382 4913.029645641382 0.0002426583842949476 0.23963190071008006
1.3112390480013865 0.66042704539782 4602.851418602143 -0.00016645511214333783 0.763738139450673
1.3994967076687324 0.6103790274725249 4133.460144394903 -6.03808038253305e-06 0.6809940782830319
1.3994967076687324 0.6103790274725249 4133.460144394903 -6.03808038253305e-06 0.6809940782830319
1.2182343664962865 0.6647131875407313 4701.29125112795 -7.030212242438568e-05 0.7199245805474552
1.5920116910904412 0.6331091276743417 4750.207768801451 -0.0006549758539281492 0.7845211610413071
1.5920116910904412 0.6331091276743417 4750.207768801451 -0.0006549758539281492 0.7845211610413071
1.1829875132663856 0.6929028701880581 4703.116099914558 -0.00014618312573079777 0.32729530235397936
1.3571079168201863 0.6430828003706736 4573.969454809642 -0.00048332161381599184 0.7806020415594368
1.0714653741187399 0.6465021909924121 4182.204844905209 0.00014179429018078445 0.2617326177025363
1.0714653741187399 0.6465021909924121 4182.204844905209 0.00014179429018078445 0.2617326177025363
1.0936717371897404 0.6896627089375168 4102.346753550679 0.0008532485357347335 0.288236004228727
1.2707779190967396 0.6644314182461012 4103.891299158915 0.0007117923629035839 0.6852650488800166
1.2707779190967396 0.6644314182461012 4103.891299158915 0.0007117923629035839 0.6852650488800166
1.031148175137262 0.6686469862068996 4046.067457201021 0.0002437684174685175 0.2607141083717145
1.031148175137262 0.6686469862068996 4046.067457201021 0.0002437684174685175 0.2607141083717145
1.12595332790359 0.7045336078685935 4895.257320585379 0.00044462349039295037 0.2876588482868305
1.0077535727834104 0.6302948339506682 4881.99034768195 -0.00025253721586729203 0.24613449412729937
1.4470649538278755 0.5834243143592528 4685.676006144857 9.258834526006566e-05 0.6655074406065237
1.4209502448408773 0.6814912481850577 4305.3234106168375 -9.970007150575615e-05 0.8792359521717039
1.2913053447623222 0.6503293359280184 4804.922473349108 -0.00010645551823078407 0.5995168904616288
1.422608658560752 0.6618040039452104 4780.636952016257 0.0009644583321457385 0.8762475109136276
0.9771361166913701 0.6432437935014482 4526.716074677617 0.000352840773868221 0.26176758393325106
1.192925346330469 0.6741856741939736 4621.678982878492 -0.0005938686940159473 0.2856325435967557
1.1571901910975246 0.6883210768068609 4320.944913342297 -0.0004248201260922672 0.2838701196340452
1.4308062277677422 0.6304953037102263 4704.185383461176 0.0003887563959680155 0.771778358745911
1.0912756710624159 0.6536716118793738 4577.7287932079935 0.0002253418330461869 0.2840353000579081
1.0912756710624159 0.6536716118793738 4577.7287932079935 0.0002253418330461869 0.2840353000579081
1.3886772129131448 0.632084668340309 4739.041309558089 -6.0674645946881936e-05 0.7519661031632696
1.023892566870027 0.6414711253317317 4310.286891208861 0.0001319243703768183 0.2547468266215716
1.2048988100281894 0.6607843343026709 4449.457967629875 -0.000276946395832776 0.31992099182600175
1.176256903856129 0.6936947707636473 4707.399429998286 0.00046150103638171775 0.3271719507062908
1.2493925702829463 0.6622156319246787 4909.134498853616 -0.00012259944445136645 0.45165861177574973
1.1594180758497448 0.7098939607959391 4864.952535975967 0.0006906724040701408 0.30292589857420615
1.229222963932146 0.6718014204385286 4471.4891837478235 -0.00014123970602113837 0.6157882555381589
1.0813489183328582 0.6535897978412953 4406.754516332315 -0.00043843956651373745 0.28444802142404946
1.396387856810523 0.6149396501709866 4951.817117993445 -0.0003531598779859209 0.7062319873245945
1.25941693141053 0.6494609318825684 4629.221504372798 -0.00010247513790081431 0.6457984574784403
0.9526128383314724 0.6284987763934933 4828.289740834609 -0.0006968613432575982 0.24825791176140116
1.3578169798385622 0.6204629345100982 4801.104885670927 -0.0005715948104400742 0.7412015848838747
1.1561058594019586 0.6544008797578088 4778.0200654249265 -4.072826939406235e-05 0.3275246197284952
1.1937542932690106 0.7040256824908375 4892.963311024042 0.00029970215442258285 0.39055735196835506
1.2840787504946551 0.6793994773113208 4771.915726265187 0.0005582466541934935 0.7600585690458321
1.2840787504946551 0.6793994773113208 4771.915726265187 0.0005582466541934935 0.7600585690458321
1.406250553469818 0.5783187895256323 4730.967122222298 -9.512949360616838e-05 0.6527761044146854
1.406250553469818 0.5783187895256323 4730.967122222298 -9.512949360616838e-05 0.6527761044146854
1.342542073248286 0.6749022197227151 4799.079873540443 -0.0001997696118404058 0.8735471920377083
1.5597887035474969 0.6491891325472317 4352.112963321157 -0.0006027180487534348 0.7984898194517452
1.4001644650372151 0.6736410709074221 4964.232639319077 -0.0004452899571584009 0.9284644644565844
1.3581236957529041 0.6779618970412826 4878.253678092543 -0.0003582188146989834 0.9079162058736121
1.3581236957529041 0.6779618970412826 4878.253678092543 -0.0003582188146989834 0.9079162058736121
1.1498248003492832 0.696878493167157 4757.71547868971 0.0006121857798474971 0.3596165689492406
1.2718900689751989 0.6352908791025517 4881.394394866624 -2.5457301720690445e-05 0.6726576814801045
1.4021300186810024 0.6509689223013069 4206.753603841338 0.0005165797616117605 0.7990605181808308
1.078424910858372 0.6761531058141913 4562.840322373678 -0.0008070576057332563 0.280644099618296
1.3145166611330699 0.6619049344318086 4734.153788627962 -0.0006415685922280737 0.7653125193163388
1.3145166611330699 0.6619049344318086 4734.153788627962 -0.0006415685922280737 0.7653125193163388
1.1515838481473664 0.6943270978892495 4219.501664544783 -9.619450175906514e-05 0.2800067851104715
1.1515838481473664 0.6943270978892495 4219.501664544783 -9.619450175906514e-05 0.2800067851104715
1.0621977845321147 0.6806406472446751 4577.253837077726 -0.00048706912722507024 0.2847887841077571
1.184694828705803 0.6937370155037755 4141.439210443997 -0.00045404844152839986 0.30167743291309224
1.184694828705803 0.6937370155037755 4141.439210443997 -0.00045404844152839986 0.30167743291309224
1.3003555738414754 0.6482871233695192 4824.841884031224 -0.0004766352237241093 0.7068214938555937
1.2631039630559318 0.6510175161782847 4722.067453730474 0.0006647160263926942 0.7598464587247982
1.2631039630559318 0.6510175161782847 4722.067453730474 0.0006647160263926942 0.7598464587247982
1.3234118478266685 0.6482102790894264 4176.404130117192 -0.0004410571109352648 0.7691729756569143
1.0661317237774859 0.6680629542406811 4903.957030092958 0.00020114197473622186 0.2824037892734002
1.258338869259731 0.6955189645177621 4104.118660723007 -0.00010253101674166751 0.34198569856154026
1.258338869259731 0.6955189645177621 4104.118660723007 -0.00010253101674166751 0.34198569856154026
1.002989353112349 0.6590416431469283 4727.697095543024 0.00017742101650335387 0.2659385670723681
1.002989353112349 0.6590416431469283 4727.697095543024 0.00017742101650335387 0.2659385670723681
1.2793615818684065 0.6521838703393448 4927.04880682608 0.00025211676202207406 0.7491391828523557
1.2763560583855782 0.7008290536823369 4540.504913459442 0.00014003184349727386 0.4014527921685293
1.4277606237859921 0.6869425037812795 4537.518617351051 -0.00047241093104013365 0.8749500993079646
1.2178134820454414 0.675644784275673 4855.659640415956 0.00010487543359655563 0.4087086039219988
1.395430801754233 0.6437218268498667 4143.088306669971 9.099651975625845e-05 0.7798127600683222
1.4376630619562971 0.6462877849363454 4195.295125712205 0.0006513923247015989 0.82116352243479
1.3992627793288157 0.6700347533551457 4698.245666494892 0.00042161156287510873 0.8307180635784399
1.3992627793288157 0.6700347533551457 4698.245666494892 0.00042161156287510873 0.8307180635784399
0.9263058217827197 0.6085406834973375 4869.182661903844 0.0005651473297033519 0.2426639663611232
1.2325733637843241 0.6824873694374741 4564.096164250342 4.142198421845634e-05 0.3315717223228981
1.2785390125711749 0.6562153896348362 4875.975335378017 -0.0001419519969324446 0.6192835572123041
1.2118912473103072 0.6779961805398799 4275.594712328268 3.4359934209041906e-05 0.30194933404142327
1.3959579447536852 0.6562746468170039 4511.676830253454 -0.0002627822130106207 0.8117167054354628
1.085531953309082 0.6599756156866111 4890.517506013877 -0.0002577435981719922 0.2696372301216559
1.1757022168135483 0.7027216798574102 4316.3475986339445 0.0006428440971004886 0.3117270157792566
1.1757022168135483 0.7027216798574102 4316.3475986339445 0.0006428440971004886 0.3117270157792566
1.4038009103047582 0.6572044656972239 4618.618122862304 9.779506736511755e-05 0.8458217933055825
1.4239470443786617 0.6297019341361542 4941.255111093868 -0.00040137640493785506 0.7395579353348943
1.070512037532379 0.653099445055176 4569.492807462162 4.0884453442880774e-05 0.26201453632348065
1.070512037532379 0.653099445055176 4569.492807462162 4.0884453442880774e-05 0.26201453632348065
1.3262500630343321 0.6444891870079505 4765.248072465737 -0.0006341606346278241 0.7047759461886222
1.3262500630343321 0.6444891870079505 4765.248072465737 -0.0006341606346278241 0.7047759461886222
1.263973927527441 0.6811492309001799 4257.864318392306 -0.00033008365297008035 0.3133773376914962
1.15024208760116 0.6880918447281985 4617.806217257322 0.0002549956822824707 0.32840927568696265
1.3179052660702726 0.6972862210948543 4440.97573881194 0.00017475309700129996 0.6619226362980163
1.0165974897614793 0.6321017428455838 4140.338553888113 0.00021353425930366725 0.24933026264699987
1.0705176636055103 0.6695515443234721 4560.944904805343 -0.00011861819301082524 0.2629490122668612
1.4997873871373786 0.6338821334722445 4236.011853693686 -0.00030307180925408293 0.7564017171082498
1.177708985565858 0.7006743282082711 4795.956767120294 0.00023311662837119368 0.45269272703291547
1.2705529036767378 0.6573255782065096 4506.093779994514 -0.00039567284123724107 0.6198293026375659
1.1094314586709912 0.6803184314076859 4795.042668420764 0.00021833104205889052 0.31007309441890596
1.4326184273708213 0.6354679016728444 4700.518059944958 -7.683889270549851e-05 0.7799545918657734
1.130839247473479 0.6891417821585535 4666.345386668885 0.0008141393865336271 0.34542458826851485
1.130839247473479 0.6891417821585535 4666.345386668885 0.0008141393865336271 0.34542458826851485
1.2487095587213586 0.6946644372476682 4512.880910013704 -0.00011631877625759975 0.3832239095616365
1.1614220424263335 0.6804631258826728 4863.237235803224 -0.00046964074208298714 0.3138652668850755
1.481508261666892 0.6693370480303338 4366.063517382796 0.0002504052512246243 0.8949748134081752
1.481508261666892 0.6693370480303338 4366.063517382796 0.0002504052512246243 0.8949748134081752
1.437385676346428 0.679992490456631 4442.884950814605 -0.00011724343034390788 0.8838394789691197
1.437385676346428 0.679992490456631 4442.884950814605 -0.00011724343034390788 0.8838394789691197
1.1134015910367732 0.6747759861842113 4931.244829898368 -0.0002749835611117895 0.26941241958429624
1.1299327832372175 0.682164736781548 4512.105461514756 0.0004256611914266582 0.2863866494853512
1.1299327832372175 0.682164736781548 4512.105461514756 0.0004256611914266582 0.2863866494853512
1.3531099997222058 0.6525143798558285 4604.320561898199 -0.00030108873794079444 0.7898470484562502
1.3527927933698765 0.683167560610973 4835.275580478802 -0.0002550752358058898 0.7949682016695131
1.3527927933698765 0.683167560610973 4835.275580478802 -0.0002550752358058898 0.7949682016695131
1.364527844637191 0.6824706320535904 4371.017273963316 0.00014233110432053104 0.7522396166274986
1.3388218776523166 0.6485436744189644 4713.6173913540915 0.0001165967349795724 0.7640959250861261
1.3388218776523166 0.6485436744189644 4713.6173913540915 0.0001165967349795724 0.7640959250861261
1.0853011831023045 0.6631345298863802 4700.566816400803 -2.1357979886692392e-05 0.2644327084249334
1.4022487684644411 0.6585904362594017 4195.80601857595 -0.00043905501944888016 0.8159153980685824
1.4022487684644411 0.6585904362594017 4195.80601857595 -0.00043905501944888016 0.8159153980685824
1.0602785929011198 0.6738942848839349 4615.512594840002 -0.0004873195007316703 0.2730316230416173
1.1753983515279105 0.6993538551693025 4234.590259853802 0.000197292617094278 0.2889196901585469
0.9786725515464919 0.6550953244078829 4354.8749787497745 0.00019253289315539335 0.25906240772355554
1.0806893456172153 0.6631495699429308 4176.872589317763 -6.165877564635715e-05 0.2679918657015206
1.253484945430899 0.618903719421788 4912.892780606834 0.00015957792090812026 0.6802950850051066
1.253484945430899 0.618903719421788 4912.892780606834 0.00015957792090812026 0.6802950850051066
1.1824466135619975 0.6591624583874993 4662.961023384553 -3.307392162161603e-05 0.33867074303896455
1.2253470810432407 0.6904175793024176 4848.390939785587 -0.00018673614793874639 0.41076205006334576
1.0534507042365382 0.6650831559605206 4181.461408770231 1.8632896835201694e-05 0.26711336948523473
1.0534507042365382 0.6650831559605206 4181.461408770231 1.8632896835201694e-05 0.26711336948523473
1.1361092921187212 0.6886615159536691 4745.301452322314 0.0005418632521325845 0.30689330842588636
1.1361092921187212 0.6886615159536691 4745.301452322314 0.0005418632521325845 0.30689330842588636
1.1800018615593055 0.6649259740117527 4877.546038803668 -0.0009963806590175736 0.2742494701113457
1.1800018615593055 0.6649259740117527 4877.546038803668 -0.0009963806590175736 0.2742494701113457
1.1598943608833014 0.6753472512578282 4607.462079701246 -0.0009097938550000075 0.26897042995549975
1.474156269080471 0.664653443396418 4803.292253835576 0.000309954893559467 0.9018608713611656
1.1669907771006942 0.6918407931868348 4777.766011647316 -0.0002422039443336218 0.30266788304951114
1.1669907771006942 0.6918407931868348 4777.766011647316 -0.0002422039443336218 0.30266788304951114
1.03803421665922 0.6402568422155879 4758.491108037837 9.359000385161429e-05 0.25494080344705095
1.03803421665922 0.6402568422155879 4758.491108037837 9.359000385161429e-05 0.25494080344705095
1.4524006471451554 0.6654255063253318 4840.3756127580655 0.0005546870626052637 0.9128219894665864
1.2254333772700297 0.6898596592462539 4905.264480428441 0.00021447007881772806 0.4396756249545792
1.1243322239942952 0.6598958916775659 4204.0522322861625 -0.0003511515014613281 0.26593354966149224
1.3252454863890937 0.6483559265144828 4316.16127782398 -0.00032735733706475476 0.6815512982146279
1.1638475409557658 0.6817822094778986 4651.44230662548 9.4104253534155e-06 0.3122767786997165
1.3386009474273994 0.67552722294372 4195.4514119573005 0.0006660583865720117 0.7005581167383774
1.3386009474273994 0.67552722294372 4195.4514119573005 0.0006660583865720117 0.7005581167383774
1.225489075619866 0.6988135555391369 4901.344698445671 0.00021509706891225676 0.3615378328132509
1.4037782220655366 0.6687730257561878 4560.489465327158 -0.0005492844133950666 0.8747307590434522
1.4037782220655366 0.6687730257561878 4560.489465327158 -0.0005492844133950666 0.8747307590434522
1.3468151732614124 0.6346257769647266 4761.418675381161 -0.0005914155375911706 0.7544416304288638
1.3639811251128382 0.6439666623927933 4495.164185214106 -0.00029884842186139797 0.8041189971176796
1.0814045331504274 0.6518434809137069 4736.073937919745 -0.0007793212720587624 0.2659341435060941
1.3793832343187633 0.6193353895390733 4966.285716680838 0.00036260371398435273 0.7437531274256691
1.3000070092975964 0.6473578985493685 4182.548624332281 -0.0003772387972716606 0.6784183827135084
1.3298532027949133 0.6601331262236112 4971.382431107695 0.0005723324448540343 0.7896970336105058
1.1145348045537957 0.6923687456457519 4926.312735041064 -0.0002392518427009256 0.2715352284734891
1.088003259256027 0.6867529820666186 4671.299181575759 0.0007155213432754179 0.283705768417795
1.088003259256027 0.6867529820666186 4671.299181575759 0.0007155213432754179 0.283705768417795
1.2176052984516343 0.6823842939727053 4621.434835100255 -0.00012270193142022552 0.3162864278047517
1.2170526372779227 0.680511692299364 4490.856620663431 -0.0004825433730015852 0.3326315503347287
1.4192506022052045 0.6798289053208184 4814.577352068449 0.00045779036665533063 0.9012050982870923
1.054222880801952 0.6718111462888957 4506.43218511772 -0.0003015130252768502 0.2703140466035676
1.380826273313105 0.6048964005050645 4874.088186021967 -0.00035429652787351013 0.6812167070237308
1.049834337453349 0.66886712272704 4671.096148306125 -7.095139581863742e-05 0.2645331626568084
1.0938263918135862 0.679086245592778 4366.215734071468 0.00041666921645630133 0.2657482586167168
1.1731658511750325 0.6746014050858515 4673.965267800199 7.49317829298379e-05 0.38957752769466314
1.1731658511750325 0.6746014050858515 4673.965267800199 7.49317829298379e-05 0.38957752769466314
1.08471038430996 0.6591901792940504 4880.969415651812 -0.0009873970729609677 0.2725728677865096
1.225124757159633 0.669310243700402 4856.447157877481 -0.00041454818436003287 0.3996141926184834
1.3298578750811652 0.6730186413168066 4988.1190679259125 -0.00028542852396100393 0.8106109229251663
1.0100742961567584 0.6523550655324593 4829.56232341624 0.00026684821179151394 0.2626845418359075
1.4856130712846816 0.6672514951648026 4352.327091383739 -0.0003615804643808287 0.9112240219260446
1.205400484618528 0.6813324234403251 4348.401077040503 6.32418070663235e-05 0.338481113619857
1.2295744412076146 0.658446944121772 4961.374305934185 0.00012616331965328726 0.49971312752991737
1.114849391271002 0.6886373564895256 4476.306655268441 7.057455412851734e-05 0.28032973155179325
1.1978759251190223 0.6883579159429969 4201.171081237705 0.0011642387894428147 0.2861406404975309
1.1074881581455975 0.6866584593539103 4303.610761572164 -8.08700715116851e-06 0.285462618702886
1.1206559616252 0.6854444398918945 4883.087185758303 0.0002462469534298213 0.3030597646806763
1.4748237338984558 0.6231345033669546 4852.01036769781 -0.0001123144469523173 0.734129148680865
1.4748237338984558 0.6231345033669546 4852.01036769781 -0.0001123144469523173 0.734129148680865
1.1269553340128236 0.6877736530551156 4972.483325303359 0.00012474194030575122 0.2962729400306379
1.1269553340128236 0.6877736530551156 4972.483325303359 0.00012474194030575122 0.2962729400306379
0.941074331435094 0.6254444981706133 4817.354342289102 0.00028447671228244747 0.24978704229422283
1.124276477579459 0.6535109253232787 4722.4947825241525 -0.00018685945010609703 0.34659404982136277
1.1578436051683552 0.6627856917219994 4622.86033142267 5.63387033382602e-05 0.2874298322379258
1.1168298571256576 0.6784489488224278 4263.319656165398 0.00016605426727633974 0.31892264628260625
1.2611051900188255 0.6750105836170696 4084.5426026147225 0.00036809274369110564 0.6638673845904564
1.209680872185522 0.7083565395271497 4568.770633969936 8.770825247102946e-05 0.3045064577129394
1.2277269442885377 0.6952874013251347 4956.664356046049 -0.0003732543050637697 0.41321052436240735
1.2402856984246444 0.6913056870127803 4728.986821492084 -4.883625695672236e-05 0.5651633794718673
1.2402856984246444 0.6913056870127803 4728.986821492084 -4.883625695672236e-05 0.5651633794718673
1.1988104085028 0.6781235663185495 4630.574184303854 -0.00031855187121728346 0.32174103883769845
1.209475563543279 0.6986661763843747 4750.233152256764 0.0001984591859872136 0.29804823213129544
1.2399981353140292 0.6758038419392263 4687.090361246804 -0.0002764193643615827 0.621493864693911
1.2106982113069278 0.6821914485288486 4909.56440521432 0.0004068137567655614 0.36738706342869737
1.3568299469179659 0.6478346918036182 4136.264927744935 -0.00022679019872389152 0.7981470053987194
1.0604434943265484 0.6501319435489943 4546.658620412545 0.0002896901381256932 0.2598910569867996
1.1205165045919836 0.6769757913693478 4799.052941157705 7.999037547275438e-05 0.28236857614922206
1.0719480315941414 0.6601816340200792 4544.961973644505 2.2305355368128446e-05 0.27053841620220714
1.199116551221052 0.6518954170698438 4705.598453811266 0.00011470341410000009 0.48501350118703457
1.2661687116779263 0.661400467057536 4599.849568006769 -0.00012409027009610131 0.6305846820203429
1.1181568493913978 0.675051587274248 4712.519252045766 -0.00033672207202838984 0.28570784436482793
1.2263769851574469 0.6744580446409186 4829.4643838807815 -1.1556302002980804e-05 0.5823873754479549
1.2435885395493123 0.6657495917887472 4693.741488133655 -0.00047420258077898796 0.5615214433869182
1.3583361685359665 0.6738226057643533 4211.651503570421 -0.00010088200614782619 0.8481007322706152
1.2618156506933522 0.6550422124371762 4077.1962901880274 0.000382487983868948 0.5998282671333535
1.1785099285350515 0.6922175885672435 4442.462554037461 0.00021252189483180636 0.28967302206196094
1.1989410445910447 0.7043972758796898 4896.549601005181 0.0004896860461115187 0.43211045969616324
1.1956653944432314 0.6777595298929807 4191.738620800829 -0.00040509479041270756 0.2992680153634347
1.146059491077395 0.6811040780391647 4329.040840607522 -0.0003004654556671424 0.32949965853420193
1.0486937674789216 0.648602669265077 4872.4692054794705 0.00020094214352348063 0.26004549872000204
1.043055735933142 0.6768372377004018 4739.466206801174 0.0010734572069969349 0.2718080191003146
1.278295773890374 0.686929391683642 4959.654333567621 -0.00028458638196263717 0.6977568262694201
1.119674735903034 0.6877901408732696 4459.9719438439415 4.597013212788577e-05 0.28069678029973055
1.1927035753512412 0.686511056409798 4909.488653471616 0.00027561751241950995 0.33706691884374274
1.1875760065223004 0.6998016773307746 4750.371809779671 0.00018699823522390675 0.293047054856743
1.3414362847733123 0.6334947016592977 4506.14852856621 -0.00031846038393867497 0.7451082619621323
1.1039412529902797 0.6830658555148503 4731.236160495591 -0.00022972526712264482 0.2702364377867978
1.335923877872994 0.6335387194692175 4903.454489641388 -1.0164550436509536e-05 0.7159033567555448
1.3334300983629404 0.611324994656127 4847.707089559899 -0.00019050385788426744 0.7046569032056238
1.2270359201577792 0.686711559230743 4573.05695154847 -0.000408350494739348 0.6018931472333918
1.339589713404781 0.6691345445056842 4939.1354639527135 -0.00016538328643040786 0.7916836216098802
1.1038505650267592 0.6627216561653791 4823.053918256183 -0.00020843129490771522 0.3255135460386033
1.0844389563255703 0.6467623715619812 4948.2844213618255 0.00014479283710969805 0.2651774878251308
1.421785529310248 0.6054447310396225 4676.729106412802 0.0008347899032763701 0.6935387312823431
1.4191476845516253 0.5987834052453329 4974.30671299382 -1.1029453294223324e-06 0.6638089639454097
1.315689677893961 0.6260594763433769 4772.443372340009 6.531329851373867e-05 0.7213453109725481
1.3134765461187314 0.6650651977769069 4460.632435048166 -0.0002578937377362746 0.7301957989338796
1.3231426119005327 0.6418455513444914 4825.855744716416 1.930956856835229e-06 0.7524930143305801
1.3444144816423944 0.6170583604229882 4498.660208725527 0.00046464515743100825 0.6986711447828019
1.1678050194372696 0.6913410390527218 4950.097774952475 -4.355349139184079e-06 0.29271404394157396
1.107707583949945 0.6736477267822847 4960.549212695935 -0.0005480326882744854 0.27533575629728935
1.1207590640318257 0.6933699048179414 4895.647044822064 0.0002457866921213612 0.27655100040755404
1.2921569445545975 0.6660343523800327 4873.406822522935 -0.00010865317802770342 0.6888538782856818
1.0045084540698213 0.6323898883452654 4948.159180722122 -0.00012558508151333398 0.24857371026583555
1.3924777675059627 0.6583425393070285 4836.278875026182 -0.00017283663489704235 0.8621777291639515
1.184590224673528 0.6979183699555156 4902.765653536509 -0.00011205517792777916 0.4096785229047992
1.3202129620028664 0.6482712766669424 4902.551309842218 0.00010375122518115301 0.818277418137081
1.3145238742212113 0.6144687928760176 4929.158773428583 6.734497666493297e-05 0.6902304516633773
1.1473765794106967 0.694453703079889 4731.8162128550175 0.00028859970477416926 0.30766406257923506
1.0403804931045852 0.6660189042884074 4443.823341339143 0.0003249508619467968 0.2619083935320694
1.1287084740359956 0.6748117160700557 4663.654374898992 -0.0002369945978949709 0.29600864422637935
1.3065486021765675 0.6749518643122269 4449.510946972046 -0.000583384105341215 0.6854930481382482
1.1088794194115787 0.6838307755324645 4782.878668642205 -5.566399574462401e-05 0.2837730971188264
1.2351996178079854 0.6871888297935849 4828.717028820547 -6.144873706954418e-05 0.5974151647762156
1.2163285553071004 0.6697137385861504 4925.683308125109 -9.149316975223905e-05 0.51567469716154
1.1517525188355309 0.6896614097312166 4747.284786991939 -8.121415517161708e-05 0.27307240862792553
1.1501168890340892 0.6652206838300043 4841.126804555752 -0.00023269619930447525 0.2741891989116493
1.0451728273461471 0.6624713563639719 4731.234260507221 -0.0005289365428975486 0.26063324445152014
1.410378447617214 0.6349576775644743 4683.125319595698 0.0005229382768163625 0.7714520364138366
1.2964332996135897 0.6686591076024158 4778.1327281244185 -0.00011699161317278771 0.816058135878248
1.29131377699242 0.6705728053879686 4855.954630335066 0.0001436640050058787 0.6983872947325669
1.172332348358833 0.6873383393307207 4503.576316720365 0.00040013955720280986 0.3393201364400977
1.2684871229413173 0.6926990476364677 4864.7077267989125 -0.0008473769655045763 0.3418969923194798
1.3454771907643424 0.672315710261048 4799.596284223969 0.0003461709152408916 0.8320303435840983
1.1018806460699797 0.6572211592798072 4344.038942754094 -0.0002774807967787503 0.25813344892552
1.209086359936458 0.6909025943462382 4497.714708834883 0.00018873150245306438 0.3791446149167427
1.383464601499439 0.6459105751376992 4957.380488281071 0.0001968496515659882 0.7872589617801377
1.4913648864792572 0.6576351447499418 4960.644923408073 -0.0005156342698648617 0.8549213771711182
1.2235331931583247 0.672794109877757 4672.391969305489 8.895248733630094e-05 0.47082440725954156
1.1251302261368992 0.6558294300543605 4889.469129117117 -0.00028822904818893546 0.27177409358425414
1.1393965691274757 0.6827480280506566 4808.650083327875 0.0005348279508860446 0.3492587956064813
1.134973586236648 0.6717558673119642 4970.999129425774 -0.00015902723586256102 0.27540497157822985
1.5747063317805912 0.6506540519543733 4849.448591036685 -0.0006395648823816669 0.8193257766077062
1.4098018673228878 0.6312744839896215 4997.032014766736 -0.00016860216308026556 0.7501339027668248
1.135582507244104 0.6587850545829064 4932.20426536846 0.00024031376854530962 0.29941346438036076
1.1975692632809838 0.6946115681126277 4907.172691426423 0.0005805125959169489 0.3616430229039144
1.309259258271542 0.6368097655995273 4937.457049709513 -0.0002444363765563329 0.744146445682147
1.1216873501209244 0.6806741563562171 4828.645537433411 0.000541387012032113 0.29498797472428284
1.322901455771138 0.6409739211539451 4942.403747851119 0.0006872853370791734 0.7537791848638232
1.0125114099398917 0.6635762010507678 4936.706406734894 6.878583843125342e-05 0.257210692630119
1.1662962808967516 0.670372724595461 4859.8505572937365 0.00036403856306771654 0.3113228945601555
1.1773800634889926 0.6712065602348325 4306.919952984844 -0.000261444100662237 0.2851628335028861
1.3030058638094149 0.6375289760211086 4946.940135869977 0.0005681378593940564 0.7551526261085024
1.398302813053291 0.6508235326481727 4853.699797285075 -0.000153457895532062 0.7919632731434967
1.1217890814454605 0.6659976475868455 4889.726069203715 0.00019619221666640488 0.2717600556383557
1.3401095180252844 0.6299617768606655 4663.945628364042 0.00039567986965831294 0.7312423677890624
1.3461757369704588 0.6614022852961697 4810.648401067654 -0.00013261054330990633 0.7885898121838784
1.2554464758166302 0.6453289838528466 4788.793296707305 -0.00036700491426072776 0.6998178224284741
0.9855461047301208 0.6590003360250462 4817.31271204018 0.0005591885852004392 0.26586523784238036
1.2921783083563287 0.6902928834322786 4958.111018273363 -0.0008352559568036034 0.4185525373886865
1.262797217164692 0.6866166312645843 4983.204839705431 0.00041318833824382833 0.49686180610586095
1.145847476958939 0.6876978818599269 4501.95303177196 0.00013270088473258854 0.31539282362167875
1.114636364516922 0.6835435500704524 4969.182764455219 0.00018501173184214348 0.27601424937121155
1.3228790865417936 0.6871473286279328 4865.6150462556025 -0.00015279462234386922 0.6337725884833462
1.453172331920975 0.6774455468434047 4719.962488276164 -0.00022801008392086755 0.9003358645268981
1.42783134335644 0.6513455697609091 4698.750515693479 -0.00030563514710906236 0.8120026985324076
1.137720419483308 0.6747826867368725 4466.1893354203585 0.00010531298773279285 0.35869511190856174
1.3776784439281058 0.6713915582405148 4821.083785194618 -0.0001876225670284064 0.8189894355241716
1.4576528875753625 0.6471369439492649 4978.570486599109 -6.367035126458993e-05 0.828634842548476
1.2567710295316858 0.6969695421164424 4424.52260119967 -0.00046595961202508437 0.3176551615567292
1.3176804964307787 0.6228846949430171 4609.69200544213 -0.0002643776957487928 0.7149301723307421
1.181249847399263 0.6798305613377378 4887.983526740613 -0.0001649806553693028 0.32833464300997994
1.1109047379139019 0.6708742867690493 4874.272461725126 1.4937795435350189e-05 0.284569122623738
1.2002274135193738 0.6615195335493675 4981.4155336889935 -0.00022944591145283044 0.47113003796784836
1.2111025224776992 0.6530236734885472 4948.907408179959 -0.0002863839572370841 0.45670855677426286
1.2099327235811594 0.669374289846377 4896.4118029704805 -0.00024417370975845056 0.42382727073338144
1.1963511166937622 0.6781707096417551 4999.386071688421 -0.00016167812699678137 0.4480336523467605
1.1657665952736358 0.6675293201580899 4948.408075697294 -2.477731457348572e-05 0.3325262140869496
1.1743138541360736 0.6756080199459532 4915.590719262092 -3.7956733437385245e-06 0.35736028429837813
1.2290478878075606 0.6588940755763645 4974.568285678923 -0.0002299165987390072 0.4843972088648236
1.2290478878075606 0.6588940755763645 4974.568285678923 -0.0002299165987390072 0.4843972088648236
1.202913037368011 0.6716208493506173 4828.367269813766 -0.00010771505084080999 0.4391165070070096
1.185911624123836 0.676696800033475 4889.60227134948 4.8264711020014876e-05 0.33410082756609694
1.2305049758325144 0.6930192667425062 4895.701621540758 -0.0003841094311136206 0.3045382030323978
1.2333687552146473 0.677957306396464 4741.12112895596 -5.269721198517604e-05 0.35484997321332534
1.2029251703393444 0.6725130723560568 4804.024260824526 3.037195881934228e-07 0.33215669677787046
1.2099575329865948 0.6902937662799671 4794.328428879029 -0.00018970086144837802 0.31651624708164955
1.150779532494154 0.6875395238407715 4731.321937713595 -9.363186663590971e-05 0.29648891109032505
1.0721215734916776 0.6794831789493108 4784.270733152679 -0.00015449514673070318 0.2768300284962429
1.1529433901700057 0.6853699590812434 4760.406922507132 -0.0002103365945119629 0.31342849992385474
1.125136298005903 0.6770101342344912 4869.593735933009 -0.0002870393251044409 0.2732344540006841
1.0687921840760901 0.6754280726019531 4804.373028354981 -0.0005068400206060365 0.2743055466242151
1.1574683278145188 0.6703263361204186 4847.515044753293 -0.0004275085295951157 0.3854577899602192
1.1543437939368533 0.6692936853708005 4948.2335917361515 -0.0006095174525922335 0.32845268351251994
1.1479483028579023 0.6806524864478987 4819.2925926119515 -4.8057478517700274e-05 0.3174729793039664
1.1667639090098951 0.6761685798880125 4760.22591212682 -8.449362564404818e-05 0.33054214098617224
1.1667639090098951 0.6761685798880125 4760.22591212682 -8.449362564404818e-05 0.33054214098617224
1.146209140957906 0.6902929404888934 4869.33452402139 -0.0003233482807773778 0.2842468904526862
1.219964392674135 0.6830736247618152 4737.535051428086 -0.0002015213833633301 0.38986873116068754
1.2148898434472666 0.6897432352799171 4853.818013021359 -0.0002673291706474406 0.3072619328931805
1.1359215010272958 0.6889656474768792 4811.565910802746 -0.00015221113971006423 0.2888221076109357
1.1669006185664699 0.6827335748608071 4743.510073431593 -0.0005087210561871471 0.31117318266786254
1.201031018739599 0.6682428409215122 4888.105055963596 0.00011948794872782711 0.4389851543179435
1.2391484784706321 0.6716840378176536 4837.131306469347 -0.0011125536719710843 0.5317218054201827
1.239535744393692 0.6663050101548651 4730.9125228249995 -0.00015280502052700568 0.5030604116854517
1.2235368241289106 0.6799246694924571 4892.527947121001 -0.00018595255187828073 0.4773625073165752
1.2721123658987337 0.6775165769685801 4955.2505940643205 -0.0004310500079013325 0.39282575510676265
1.276271075487035 0.698570635670855 4958.572294821998 2.371035476419365e-05 0.3993700488244602
1.2656891797621834 0.6883366417208883 4955.875323299911 -9.959698509550735e-06 0.38746368710242496
1.2656891797621834 0.6883366417208883 4955.875323299911 -9.959698509550735e-06 0.38746368710242496
1.2390464225375257 0.6718565123570746 4931.625859358063 -2.489546800699078e-05 0.4961149316442244
1.2178940629360784 0.6703839796187241 4952.708699381452 -1.698264003701698e-05 0.5684180556268608
1.25718179122739 0.684124986889773 4997.526686330207 -0.0004941205004914647 0.4829037158011903
1.2413165459685884 0.6795021352386384 4810.923305383382 -0.00015295857083467092 0.42376639702224633
1.2089857115614087 0.6818500087677475 4882.478568899586 -0.0002529140902031792 0.4340734805117499
1.2445165219409686 0.6825406675629708 4989.95986400346 5.043557611148434e-05 0.5775307710849595
1.2483834104076683 0.6832607022644426 4975.242134617472 -0.00010106117768404113 0.4655612304195278
1.114071685674418 0.6784062542614451 4886.045225594307 0.00039265421002901305 0.30237020480238513
1.142765663303764 0.6719741289178457 4668.150176164998 0.0003650640400269167 0.2791967870363814
1.0975092800713115 0.6861808631344536 4760.241484682152 0.0004903428332432724 0.2893449246989426
1.1324441741404734 0.6888969031959938 4811.484452291907 0.0003087190305022588 0.29471570427911065
1.1324441741404734 0.6888969031959938 4811.484452291907 0.0003087190305022588 0.29471570427911065
1.1736809154290861 0.694578751330451 4837.640181359804 0.00038730102005766744 0.3422084898724399
1.1077033070700313 0.6811783725806491 4832.501681610029 0.0006097452423980639 0.2713619184853364
1.090158779721545 0.6797748046640688 4817.330850398692 0.0004615667275993314 0.28134348510993046
1.090158779721545 0.6797748046640688 4817.330850398692 0.0004615667275993314 0.28134348510993046
1.120269915347337 0.7020260453054552 4797.439617010008 0.00030468702966190454 0.29628831967636804
1.188501125317349 0.6896559638984754 4975.347938710314 0.0005000393486972576 0.3253669738545115
1.1932013826946424 0.6916583790794067 4704.34694332472 0.00026144048236007256 0.3283011512072208
1.2042132597492887 0.6872122850808876 4889.974606708699 0.0001459414306768351 0.39225114155284146
1.250348154075079 0.6905542235118005 4865.804789579813 0.00023093662033233362 0.37921969520993515
1.2209074047165955 0.6839370201061156 4901.523637852043 7.802892424765915e-05 0.3324789172911961
1.1646066500021577 0.6767671995999605 4918.960798650197 0.00043284211601651314 0.44490153158290174
1.1784285635895295 0.6775407391927606 4936.630352267756 0.00029251509881654303 0.3579470373591152
1.1307611160605098 0.6734952713198104 4925.101224273595 0.0009108232304878549 0.2981241424006202
1.2005700152493561 0.7017684227248288 4777.426377409121 0.00030212596818137756 0.3661717039886059
1.0628098322128647 0.6507749693586182 4941.367084127163 1.5236769296317693e-05 0.26177706644406756
1.0763087089166015 0.6739341395322384 4915.315288330634 0.00019223072996746684 0.27582748355113434
1.0281729131032815 0.6601075350415232 4989.571508567726 0.00033118086044945673 0.26371339846732345
1.1187429333037677 0.6756197827889353 4989.214312023907 0.00027187637558481975 0.2874370750962844
1.1051667320388137 0.6626583048146972 4882.6443499568895 0.0001640250541050838 0.271821536399835
1.1181500408944873 0.6720050729046931 4974.939823089403 0.00029440618542822387 0.28928559068446735
1.21563688518281 0.691147900452321 4509.768056588359 -0.000677302557804431 0.33542072190951566
1.2793804248451952 0.7121513538203857 4580.171719480588 -0.0002494008623633544 0.3512178143044489
1.2453629788106924 0.6968325320909791 4510.06038604029 -0.000402877478598315 0.33245868664577205
1.1524420267333673 0.6873269593502166 4741.369193453611 -0.0005931305630433614 0.2861713225564486
1.1447054936473884 0.6875245640388612 4683.580375271096 -0.0005176140049695925 0.2902660086448388
1.1799594416900563 0.6784587612055027 4663.940630628302 -0.00023948701427236476 0.3426798799002655
1.2519750189706347 0.6974459200803376 4300.379496290789 -0.00040815039873220765 0.30172504513935555
1.2519750189706347 0.6974459200803376 4300.379496290789 -0.00040815039873220765 0.30172504513935555
1.1374443770083609 0.6870136744727948 4741.909373422554 -0.0002589186205872291 0.2839629783733176
1.1079752006680557 0.6818740070517585 4895.17370734405 0.00028728083498152733 0.26914384395060775
1.1858184256708446 0.6777219799925017 4605.429253115626 -5.364177549361864e-05 0.2989991547278601
1.1438347623488774 0.6811702615906022 4544.623254391789 -0.00011449769422958486 0.3283114157858149
1.1387316139766814 0.6603404858086193 4443.312181280249 -2.7142929155155484e-05 0.31425398653182496
1.1352545293607634 0.6888779145469114 4498.39736754036 0.000317077319836199 0.34770575262542014
1.1879253004630081 0.6919398705065669 4300.686231380017 0.00032705570081595906 0.2896617251033627
1.1469244752866066 0.6907761264976691 4344.026848336243 -0.0002571033410121614 0.276994264338211
1.3239255034237867 0.6699528515990928 4784.621902612513 -0.00019547243177847994 0.714062399366064
1.3196320936539285 0.6585844796147539 4887.8830836554 -0.00017488197265898392 0.7285158860009278
1.437684480126654 0.6331895676154046 4957.063249970507 -0.00034905643387770296 0.7472431040675733
1.4105676198871997 0.6676920605157789 4794.285567515974 -0.0002303641390994274 0.8859806968799117
1.4571216899399946 0.6641678819755877 4709.090457777888 -0.00039320649092430636 0.8576872879643487
1.4671853544414382 0.6787961545794854 4806.81837858356 -0.00044549059472695225 0.9272024637898384
1.36085704626097 0.6470552578225729 4629.338639892439 -0.00029432300625484536 0.7902046372311802
1.239711730336851 0.6610678155675809 4687.284003190366 -0.00038358309923117493 0.6178003183253049
1.2862501648112026 0.6667923479773075 4663.825523785617 -0.0004773852750072047 0.6737903302824854
1.2944146958034715 0.6850876358540159 4669.694223407935 -0.0005331703759068148 0.6058265676531114
1.3109625140972696 0.7129676476534306 4668.150375607553 -0.00027673286503780546 0.7251151738678939
1.3109625140972696 0.7129676476534306 4668.150375607553 -0.00027673286503780546 0.7251151738678939
1.3200703003481982 0.7104080974139405 4668.669871629907 -0.00021661416880681448 0.7699836805648764
1.347724214523411 0.6344356121008703 4902.484748437408 -7.649523360450602e-05 0.7520858880119579
1.3610379274807376 0.6429233425652318 4889.723081578173 2.134970362476488e-05 0.76894082890075
1.333720999363179 0.6277431008825536 4918.884907425451 -0.00013725404378040686 0.7275898835336378
1.315275975795804 0.6809358471963682 4836.8665061579895 6.944695477383021e-05 0.7102504847838428
1.315275975795804 0.6809358471963682 4836.8665061579895 6.944695477383021e-05 0.7102504847838428
1.19740723767786 0.6527102579241802 4929.828613046472 -3.104391692122145e-05 0.6027378679807043
1.2531195962256614 0.6616396471357544 4857.717536556778 3.15516266951422e-06 0.6936074769650242
1.2699877183698407 0.6343623691757456 4948.635605031276 0.00018627560223814825 0.6589165603479961
1.2448598964063324 0.6582553618589062 4974.709513629494 6.960342008954082e-05 0.5623690198066561
1.2650091709584208 0.6728730434463152 4992.052735470985 0.00015359884087287384 0.5755921888681371
1.2846719203673513 0.6500482044039032 4857.723349129416 0.00022205710157171464 0.7650522763642117
1.3846133970037195 0.644791325495445 4937.466434959414 0.0004404597338857209 0.8063997370474962
1.3846133970037195 0.644791325495445 4937.466434959414 0.0004404597338857209 0.8063997370474962
1.3158560379576891 0.6542169695548741 4961.361754378526 0.00037242043143625834 0.776578170753127
1.3458372834757788 0.6307406671847378 4961.138689867554 0.0005577773603963554 0.7471590387183541
1.3133335667444568 0.6609978121010323 4961.932898843247 0.00039854838828137676 0.7885116872822285
1.3261204270916842 0.6450948938084269 4889.265041911438 0.0007795915503707315 0.7718213621325707
1.341578597534928 0.6516313421562145 4859.317173742443 0.0007099065602155861 0.7881221924402881
1.301132429308367 0.6404699020255848 4948.379890243762 0.00044566971592018576 0.7537194175934034
1.3482754821075429 0.6374916684797836 4903.804415809707 0.00023528696515182453 0.7807927449826197
1.323870176743369 0.6555459273259079 4975.771867795586 0.0006640462598224342 0.7029520969401404
1.323870176743369 0.6555459273259079 4975.771867795586 0.0006640462598224342 0.7029520969401404
1.3817992137498103 0.6401658441011246 4911.355415865722 0.00012931356251725103 0.7759097622471685
1.2771405239968336 0.6476112086497978 4623.600623878571 5.1409745388826144e-05 0.7397155178553593
1.331958467214843 0.642267749858928 4663.081272529236 0.00013274636639379922 0.7447717807224478
1.331958467214843 0.642267749858928 4663.081272529236 0.00013274636639379922 0.7447717807224478
1.3106929869848802 0.6430522574757658 4463.702442465454 0.0002885555638163128 0.7580082812329172
1.2951914589133462 0.6471235525624404 4623.604747853372 0.00021259875985294043 0.7627612742712806
1.3719568309232342 0.6461367698568661 4737.008758782957 0.00032773842362218106 0.7836529452241912
1.3220738811372565 0.6580794810040005 4731.311262216655 0.00019480454393763227 0.7583479536183924
