 F
       19514      204666           3        2048
    0.771816906925414270E+00    0.564312120964774167E+01
 T
   2
    0.200000000000000000E+01    0.300000000000000000E+01    0.385742187500000000E+00    0.614257812500000000E+00
   0
   0
 T T     0           0
    0.000000000000000000E+00   -0.100000000000000002+101    0.000000000000000000E+00
 T F     1         790
    0.704840500425360717E-04   -0.185163913056849677E+00    0.562425274407166764E+01
 T F     1        1258
    0.127892077575457236E-03    0.287226355298295655E+00    0.565488588905603518E+01
