    0.128758396164425051E+03    0.418643656463414189E+02    0.440608490846149294E+02    0.132125578412999278E+01   -0.146151125650551084E+01   -0.263691852598910703E+01   -0.261822127210325428E+01   -0.339141034658323903E+02
    0.164365563427282439E+03    0.339716324830523604E+02    0.335885152002697467E+02    0.936744194976130262E+00   -0.170152860902719838E+01   -0.148226401162560517E+01   -0.277498877331115557E+01   -0.327521193675310940E+02
    0.163641832497595090E+03    0.214689545819990109E+02    0.770042815714684821E+02    0.662983493158993964E+00   -0.165902965067838615E+01   -0.149301214709087238E+01   -0.290643900696286872E+01   -0.313289243267846764E+02
    0.176329196885863297E+03    0.224574367190551349E+02    0.141389586956466182E+02    0.649287696154939420E+00   -0.142152715179116296E+01   -0.169044912746207054E+01   -0.267587081610036304E+01   -0.312306441665563419E+02
    0.130249808954698125E+03    0.399113023123543229E+02    0.499438662392832029E+02    0.776413758325475434E+00   -0.191323353045211952E+01   -0.152462726238383173E+01   -0.295760976968724565E+01   -0.307100076248779530E+02
    0.154858096834585496E+03    0.345170358620343620E+02    0.247289009324919924E+02    0.100710523243335826E+01   -0.181866543172287409E+01   -0.121053596320211598E+01   -0.266686401849736976E+01   -0.306713551245406144E+02
    0.147214098330400617E+03    0.339881380045133241E+02    0.542653727101227830E+02    0.313635467373550580E+00   -0.152306166040274049E+01   -0.193044708080840688E+01   -0.286263863200593782E+01   -0.303879012440727649E+02
    0.187283383730701388E+03    0.217747422792968734E+02    0.410709980789076834E+01    0.118331692799415289E+01   -0.168087561701038180E+01   -0.108228023054855216E+01   -0.262232084817611000E+01   -0.303725338090519408E+02
    0.119473742854841930E+03    0.349740889449070167E+02    0.436880133722375490E+02    0.767265252371025164E+00   -0.194035457627308716E+01   -0.228655123394422288E+01   -0.291895638121876466E+01   -0.300688805139422115E+02
    0.141948710220948129E+03    0.259906770296093015E+02    0.408003937330324575E+02    0.894789460887678190E+00   -0.169457160468278012E+01   -0.166816979993860048E+01   -0.286321026361488906E+01   -0.300636412994686495E+02
    0.140141126417755686E+03    0.185724242898851948E+02    0.222833077032980249E+02    0.114611810322244612E+01   -0.185725188243388062E+01   -0.222560199429229888E+01   -0.255256806723928964E+01   -0.299434398377219360E+02
    0.129338608349753315E+03    0.204610989545413631E+02    0.523400816014557293E+02    0.117553679322137294E+01   -0.168791843244127859E+01   -0.231656306418626645E+01   -0.275224480741799837E+01   -0.297123454337145709E+02
    0.119510621295092776E+03    0.264222327567006836E+02    0.618940804560935334E+02    0.773807929054796895E+00   -0.194423017255856823E+01   -0.181055283871771788E+01   -0.281313982853289568E+01   -0.293888529153145726E+02
    0.171595188700837213E+03    0.189167740825030286E+02    0.140403083304704310E+02    0.146998425592385562E+01   -0.159953847707995078E+01   -0.154048976861374665E+01   -0.273406831963243091E+01   -0.293680881329589774E+02
    0.154721796563352086E+03    0.244062807266819632E+02    0.225825990131611150E+02    0.117178806445853190E+01   -0.157852633662794406E+01   -0.193152003561252927E+01   -0.287352317212110231E+01   -0.293132840888479649E+02
    0.132735647486523590E+03    0.244478275350227392E+02    0.340765979300842758E+02    0.117738599957599432E+01   -0.167409459931334736E+01   -0.232157002139114077E+01   -0.265237482889963694E+01   -0.292268101886707292E+02
    0.148166348204340011E+03    0.165922862809131573E+02    0.113016006066173205E+02    0.898666095363178430E+00   -0.169745048042352886E+01   -0.219334213269387357E+01   -0.281793563200594344E+01   -0.288014244631450467E+02
    0.155605716654675433E+03    0.174839081549966799E+02    0.442365308172270311E+01    0.927700922913714643E+00   -0.161548445680363506E+01   -0.240359245165842772E+01   -0.280546637476810590E+01   -0.290771209895509912E+02
    0.138519175174246982E+03    0.172539922884378178E+02    0.209409060667259226E+02    0.958981614295506435E+00   -0.186798987949233175E+01   -0.223764727283682596E+01   -0.286071744002986605E+01   -0.286781573083197117E+02
    0.135864376267653057E+03    0.163802190219948578E+02    0.895860434830494512E+02    0.111929238935365571E+01   -0.167555111467910001E+01   -0.189545994660129002E+01   -0.272201494325524385E+01   -0.290268720542195240E+02
    0.197097577860790409E+03    0.399524559577755980E+02    0.688749537595302854E+02    0.103324507213460937E+01   -0.209017412268962754E+00   -0.285365779446784362E+01   -0.245054966378141170E+01   -0.301327430607465558E+02
    0.194546691473891826E+03    0.558683650205032905E+02    0.820967866305414589E+02    0.122799039925360121E+01   -0.257840150359506248E+00   -0.218477656186605795E+01   -0.227311489538722000E+01   -0.289014370785865715E+02
    0.196716488234141764E+03    0.631085463358385823E+02    0.717352299591932905E+02    0.912108272938656151E+00   -0.181853770920517244E+00   -0.268445329055788395E+01   -0.239011153675256605E+01   -0.287624631655013552E+02
    0.182632213387329472E+03    0.674456870878573227E+02    0.484089915586273989E+02    0.696356224696313642E+00   -0.349574217403916032E+00   -0.241000947705763524E+01   -0.251264342154330800E+01   -0.287406725649304917E+02
    0.185608721835815828E+03    0.735236001767044058E+02    0.885102487147122901E+02    0.797507857665164299E+00   -0.236737057357847558E+00   -0.206943095927637000E+01   -0.248022049529154698E+01   -0.285655425279033395E+02
    0.189558390047101568E+03    0.578444176848330969E+02    0.844932130187629866E+02    0.109835080348546366E+01   -0.103486589069243795E+00   -0.194496293541621390E+01   -0.229497924874542925E+01   -0.283019497471293953E+02
    0.182943771610022026E+03    0.598797755181681950E+02    0.598022127211570691E+02    0.778856388274660527E+00   -0.296361601546953457E+00   -0.251586476053839947E+01   -0.245741247464788737E+01   -0.279817473738538922E+02
    0.195558056001950405E+03    0.542009245568315308E+02    0.471722743268319675E+02    0.437246909248880766E+00   -0.178847248654799618E+00   -0.266812195513475103E+01   -0.238760042184304355E+01   -0.279777687221427342E+02
    0.189206197899091734E+03    0.519678658673247682E+02    0.736421310093144825E+02    0.126609874254370181E+01   -0.193618212661193390E+00   -0.198313170058558197E+01   -0.241545418423917813E+01   -0.274700905755002296E+02
    0.184216656730963109E+03    0.694289788846906362E+02    0.844544796852151336E+02    0.181087982614539678E+00   -0.300717462763502308E+00   -0.227885631933562127E+01   -0.249051828641547335E+01   -0.273469499831048175E+02
    0.179371627446818394E+03    0.547361946057686382E+02    0.818485916771317932E+02    0.135245225102876065E+01   -0.290635085398086357E+00   -0.205801808118472573E+01   -0.235700929063927278E+01   -0.272645512715373854E+02
    0.186727617814749038E+03    0.505666951137857836E+02    0.875780307746509976E+02    0.109989785350268154E+01   -0.174588239793080469E+00   -0.212695627649719299E+01   -0.253265321891964801E+01   -0.271889423712178129E+02
    0.188925130824936929E+03    0.538859728467812289E+02    0.843323175113296202E+02    0.144072095033442604E+01   -0.231741275266592162E+00   -0.245571984667405108E+01   -0.238169854737435660E+01   -0.271555750173586823E+02
    0.193788620358733169E+03    0.651131207008856734E+02    0.526041181475234367E+02    0.189787643346749774E+00   -0.193839473023895703E+00   -0.262441873832563344E+01   -0.256225281269354355E+01   -0.269899137446796757E+02
    0.198001141791903507E+03    0.391772928976667600E+02    0.484763594613583564E+02    0.150261930756698314E+01   -0.332121282055998668E+00   -0.251626441637996212E+01   -0.246479833099350421E+01   -0.268713984134367472E+02
    0.198900109854285745E+03    0.544482097335181692E+02    0.436221234649298495E+02    0.745586703972999421E+00   -0.207102574094113923E+00   -0.224626400419635663E+01   -0.241792949221335229E+01   -0.266979275206627840E+02
    0.190520346857553449E+03    0.353490427436210197E+02    0.725016308713647817E+02    0.889977543475144461E+00   -0.389983929299510867E+00   -0.234393965667247306E+01   -0.234589663185744079E+01   -0.266371626163773740E+02
    0.190828381467739774E+03    0.672956618591989155E+02    0.875239845997455888E+02    0.118130296548680125E+01   -0.820117061712561934E-01   -0.223305512392574013E+01   -0.231829562135558387E+01   -0.266076037121122937E+02
    0.189974679081337996E+03    0.623077814268346089E+02    0.735056571643450098E+02    0.127160464605029411E+01   -0.701285265877880093E-01   -0.227470802491436919E+01   -0.251048235198118430E+01   -0.263834334064146816E+02
    0.184822827075448771E+03    0.660586081562829008E+02    0.748103376387238939E+02    0.128134476563425403E+01   -0.150568822230477295E+00   -0.227827096549894392E+01   -0.245802086322733970E+01   -0.263348932799439126E+02
    0.194230254493105917E+03    0.462214759657297378E+02    0.679414905768902599E+02    0.769283510086173128E+00   -0.341140716195294402E+00   -0.261842464949520526E+01   -0.254208557680371872E+01   -0.262788032594842669E+02
    0.193144837782944990E+03    0.537606155108323307E+02    0.548338502310415308E+02    0.548260976285020019E+00   -0.374032845919371804E+00   -0.243279343343404975E+01   -0.244185439653925984E+01   -0.262029882828716687E+02
    0.185095472995361405E+03    0.545043033438642510E+02    0.663248690292440557E+02    0.148328416214963266E+01   -0.188497097716148421E+00   -0.239860941910605607E+01   -0.243540651042527045E+01   -0.261547358952647215E+02
    0.187660523571587618E+03    0.596358005693804643E+02    0.742700129153797661E+02    0.152719928306132147E+01   -0.169993434113358655E+00   -0.241363878882339744E+01   -0.252912742726589546E+01   -0.261296963399022459E+02
    0.194780158404316381E+03    0.501582915044863569E+02    0.892039290360871604E+02    0.144061966602524638E+01   -0.273101706671697864E+00   -0.223772855427744943E+01   -0.234116295587209899E+01   -0.261122035192356137E+02
    0.192817367019988723E+03    0.675370537862078066E+02    0.554009973768656252E+02    0.801330522178870686E+00   -0.146628111723674515E+00   -0.243674634715332683E+01   -0.253426569792168443E+01   -0.260244700128041586E+02
    0.193300696477104850E+03    0.502347139495298620E+02    0.695250376039465579E+02    0.719325521166914172E+00   -0.321003886669805727E+00   -0.224535318076880497E+01   -0.258931228976246075E+01   -0.260213129662027249E+02
    0.195863475861618724E+03    0.417616654607399340E+02    0.899952087832361229E+02    0.997794394210443247E+00   -0.121910147214370657E+00   -0.190873306075598692E+01   -0.239436350832330724E+01   -0.259948204620954542E+02
    0.193405267594494177E+03    0.506694686850256346E+02    0.644573088628458493E+02    0.609817274411116328E+00   -0.197420501071048360E+00   -0.260047373601074971E+01   -0.244478515115054407E+01   -0.259052482881839481E+02
    0.198202673731912768E+03    0.645898416154696662E+02    0.446741002901047679E+02    0.109292064840012904E+01   -0.273779918939947908E+00   -0.244822684942876956E+01   -0.235644372602611574E+01   -0.258982384531521532E+02
    0.197409062035273053E+03    0.708364762014939373E+02    0.600953244036460887E+02    0.819622965986871010E+00   -0.317413337999006284E-01   -0.240859716554106029E+01   -0.250036129707621324E+01   -0.258264775774131614E+02
    0.193756778075322472E+03    0.639708181860701472E+02    0.739400076069079262E+02    0.139473047346469525E+01   -0.181532370056159520E+00   -0.247884009887170009E+01   -0.242919485033256954E+01   -0.257486551114119067E+02
    0.196708363961840547E+03    0.726423129761346331E+02    0.515533450734348619E+02    0.113804381611553262E+01   -0.206647919767665611E+00   -0.231062682163259581E+01   -0.238575889316932566E+01   -0.257105048212511953E+02
    0.187851644935813141E+03    0.409668316482846677E+02    0.864161988080537498E+02    0.564056135045316265E+00   -0.281414454449764095E+00   -0.197643790897486782E+01   -0.239353630923894745E+01   -0.256197281172786049E+02
    0.196657476501510274E+03    0.550879928692253884E+02    0.660094236769330962E+02    0.134861125597102993E+01   -0.319687334282945601E+00   -0.249681142657238375E+01   -0.247514958941177898E+01   -0.256129620544185208E+02
    0.198852358492282008E+03    0.521611259268521152E+02    0.483616808316427296E+02    0.544652150397246460E+00   -0.366536038894155647E+00   -0.249120405032475656E+01   -0.254063231327033234E+01   -0.254992804380067213E+02
    0.198267015322826666E+03    0.670157821879931674E+02    0.430161036575969504E+02    0.806294780929957433E+00   -0.134278059007971295E+00   -0.223252210932489525E+01   -0.239047842485919082E+01   -0.254740161015134561E+02
    0.188662218510808685E+03    0.613628391415701770E+02    0.636295750565163587E+02    0.973664670878597205E+00   -0.281116145331144818E+00   -0.228024678010444193E+01   -0.244706885159888410E+01   -0.254183830710177148E+02
    0.196916355563306581E+03    0.697624415129248234E+02    0.476541099382514020E+02    0.974695495191544414E+00   -0.264127309860151760E+00   -0.228177237291578994E+01   -0.244786064412114257E+01   -0.252325017495154924E+02
    0.192667560968554739E+03    0.480334418291625269E+02    0.722375175703376016E+02    0.709275313543997976E+00   -0.864664087615096832E-02   -0.220890172079728320E+01   -0.224956070429692367E+01   -0.252114098057376097E+02
    0.197868451018889203E+03    0.566592607350752502E+02    0.446031580747123400E+02    0.787419367704274453E+00   -0.310708423972577918E+00   -0.229427581229821254E+01   -0.240197551461078662E+01   -0.252082754785469980E+02
    0.189503391222114061E+03    0.528900915533771325E+02    0.769602374441185475E+02    0.771918234265754899E+00   -0.277343841656084500E+00   -0.228020107365299918E+01   -0.239224290301385834E+01   -0.250527441571898137E+02
    0.198122134687181017E+03    0.695462495583584825E+02    0.450916874159497070E+02    0.106519682044795627E+01   -0.174000449772666377E+00   -0.236198643837201239E+01   -0.236537414811404068E+01   -0.250263882979021020E+02
    0.183168095150091830E+03    0.524190367528644643E+02    0.844830044920537233E+02    0.758005752293303248E+00   -0.115315567368269312E+00   -0.206403558144604293E+01   -0.227621996289826622E+01   -0.250126972851203249E+02
    0.183168095150091830E+03    0.524190367528644643E+02    0.844830044920537233E+02    0.758005752293303248E+00   -0.115315567368269312E+00   -0.206403558144604293E+01   -0.227621996289826622E+01   -0.250126972851203249E+02
    0.198979968812158489E+03    0.692746702940014529E+02    0.605694204295021521E+02    0.100121453985580766E+01   -0.120633093345655640E+00   -0.215879866549385468E+01   -0.246198925955075199E+01   -0.249946031209532435E+02
    0.193303596744456797E+03    0.357840448280322008E+02    0.786139696533347063E+02    0.484875652014463032E+00   -0.327110972245877374E+00   -0.236589392442458823E+01   -0.240503931912978519E+01   -0.249120239177964713E+02
    0.190178677200861046E+03    0.595449091161911568E+02    0.774906600980061597E+02    0.883285168344469462E+00   -0.239450530453914068E+00   -0.237879523113319191E+01   -0.246709157927237976E+01   -0.249043309345359525E+02
    0.188901688066434701E+03    0.522956429314553475E+02    0.857224201662159828E+02    0.924260675846712010E+00   -0.294656948738553748E+00   -0.217394309597871294E+01   -0.244648858700799554E+01   -0.248567228492969825E+02
    0.198422256962449268E+03    0.367323033389943419E+02    0.688666434076702814E+02    0.627716605888324453E+00   -0.341940755017084541E+00   -0.240103429625741693E+01   -0.247938717286960619E+01   -0.248180862602157433E+02
    0.187180209990191656E+03    0.459816190328423176E+02    0.872483838092930029E+02    0.336039615171703498E+00   -0.265327423958481523E+00   -0.203448933163701806E+01   -0.238586978141313022E+01   -0.245361608814555581E+02
    0.192128559019256784E+03    0.440482436261683645E+02    0.639077959626704342E+02    0.126321271602274021E+01   -0.206973354475611826E+00   -0.217296560703018393E+01   -0.233255991875840030E+01   -0.245243880934404928E+02
    0.192128559019256784E+03    0.440482436261683645E+02    0.639077959626704342E+02    0.126321271602274021E+01   -0.206973354475611826E+00   -0.217296560703018393E+01   -0.233255991875840030E+01   -0.245243880934404928E+02
    0.199880413371801723E+03    0.392441110622759481E+02    0.671529815580833969E+02    0.893115881442087090E+00   -0.126209800187934151E+00   -0.241327278345064400E+01   -0.243195604575005753E+01   -0.244622072702576574E+02
    0.188112900690439716E+03    0.354833608629646164E+02    0.851969236989694991E+02    0.557427982528588717E+00   -0.278178950286141147E+00   -0.227513436487022869E+01   -0.235325661325658197E+01   -0.244591956041049485E+02
    0.188112900690439716E+03    0.354833608629646164E+02    0.851969236989694991E+02    0.557427982528588717E+00   -0.278178950286141147E+00   -0.227513436487022869E+01   -0.235325661325658197E+01   -0.244591956041049485E+02
    0.194406291652663043E+03    0.473552081713871829E+02    0.851183547366985067E+02    0.981825170337309427E+00   -0.202264034521978830E+00   -0.202803530277788013E+01   -0.245283463261210111E+01   -0.244165186513577055E+02
    0.194406291652663043E+03    0.473552081713871829E+02    0.851183547366985067E+02    0.981825170337309427E+00   -0.202264034521978830E+00   -0.202803530277788013E+01   -0.245283463261210111E+01   -0.244165186513577055E+02
    0.188085173592678387E+03    0.567033988478225908E+02    0.877770007813748236E+02    0.861427802380447583E+00   -0.106441002783285166E+00   -0.215663404553005122E+01   -0.242526038990918824E+01   -0.243810248337220656E+02
    0.190627998072211909E+03    0.427095968235964776E+02    0.837612726263490543E+02    0.763659923910514626E+00   -0.177055619841141931E+00   -0.234789955295699126E+01   -0.235925780117205885E+01   -0.243231019809689109E+02
    0.190627998072211909E+03    0.427095968235964776E+02    0.837612726263490543E+02    0.763659923910514626E+00   -0.177055619841141931E+00   -0.234789955295699126E+01   -0.235925780117205885E+01   -0.243231019809689109E+02
    0.193291562103088069E+03    0.500585170568329829E+02    0.699478355670842831E+02    0.101589764720765685E+01   -0.239743015680361493E+00   -0.209348152416158229E+01   -0.236902810402600617E+01   -0.243103505908028907E+02
    0.193993873840218725E+03    0.502977227692273487E+02    0.751979883415668127E+02    0.113256764217196326E+01   -0.207558128554403698E+00   -0.225129174086560102E+01   -0.232293559565383845E+01   -0.242818339911272219E+02
    0.193993873840218725E+03    0.502977227692273487E+02    0.751979883415668127E+02    0.113256764217196326E+01   -0.207558128554403698E+00   -0.225129174086560102E+01   -0.232293559565383845E+01   -0.242818339911272219E+02
    0.193057439491002611E+03    0.412946315072708217E+02    0.797320123056514376E+02    0.796234040168400048E+00   -0.526707592562005722E-01   -0.198550235998674429E+01   -0.229702837962868944E+01   -0.242792222986584711E+02
    0.188266894125970623E+03    0.435388584394492568E+02    0.703895852339935715E+02    0.945123099533837441E+00   -0.269475592893258398E+00   -0.216604986864012439E+01   -0.238368991760817561E+01   -0.242140961373332075E+02
    0.190968837374787057E+03    0.397053276063992229E+02    0.775919162782694656E+02    0.601143059643669542E+00   -0.155244895505902036E+00   -0.226192500395105967E+01   -0.241683615046661604E+01   -0.241700632458632860E+02
    0.190968837374787057E+03    0.397053276063992229E+02    0.775919162782694656E+02    0.601143059643669542E+00   -0.155244895505902036E+00   -0.226192500395105967E+01   -0.241683615046661604E+01   -0.241700632458632860E+02
    0.199567716667338317E+03    0.413508668799125019E+02    0.703903219254045212E+02    0.861629247381432872E+00   -0.320495448503199443E+00   -0.222630762566205753E+01   -0.237575956929579224E+01   -0.241669620288848819E+02
    0.199567716667338317E+03    0.413508668799125019E+02    0.703903219254045212E+02    0.861629247381432872E+00   -0.320495448503199443E+00   -0.222630762566205753E+01   -0.237575956929579224E+01   -0.241669620288848819E+02
    0.188769423107500046E+03    0.527798849475461722E+02    0.885479159169904193E+02    0.118186209823185950E+01   -0.509725552931183934E-01   -0.207815017748847097E+01   -0.226758053215729749E+01   -0.241224469704066067E+02
    0.188769423107500046E+03    0.527798849475461722E+02    0.885479159169904193E+02    0.118186209823185950E+01   -0.509725552931183934E-01   -0.207815017748847097E+01   -0.226758053215729749E+01   -0.241224469704066067E+02
    0.187991609787719369E+03    0.446834496833878205E+02    0.870605561192194699E+02    0.117791139159183289E+01   -0.695614042073107175E-01   -0.209228494110392260E+01   -0.220003744015578340E+01   -0.241018717102039766E+02
    0.187079933688880288E+03    0.521284804628156238E+02    0.852364632880996425E+02    0.138410067293951133E+01   -0.142954161011638492E+00   -0.207150036822437844E+01   -0.232349301991555990E+01   -0.239736189982548105E+02
    0.187079933688880288E+03    0.521284804628156238E+02    0.852364632880996425E+02    0.138410067293951133E+01   -0.142954161011638492E+00   -0.207150036822437844E+01   -0.232349301991555990E+01   -0.239736189982548105E+02
    0.194878917775589144E+03    0.440094975934921706E+02    0.643532275272809500E+02    0.885987685431622207E+00   -0.239385616679481883E+00   -0.212950208891726245E+01   -0.232429888888216052E+01   -0.239665702038187298E+02
    0.195603504685314789E+03    0.499737294516863457E+02    0.845281146554683858E+02    0.134418922293179643E+01   -0.103144843820390131E+00   -0.217225460492784439E+01   -0.227046795323394202E+01   -0.237785843089773010E+02
    0.195603504685314789E+03    0.499737294516863457E+02    0.845281146554683858E+02    0.134418922293179643E+01   -0.103144843820390131E+00   -0.217225460492784439E+01   -0.227046795323394202E+01   -0.237785843089773010E+02
    0.194070188898038026E+03    0.407023263335778580E+02    0.785251563897975018E+02    0.976304467591162739E+00   -0.263843702970003591E+00   -0.205203580959187004E+01   -0.230428895484252472E+01   -0.237672676755302774E+02
    0.194070188898038026E+03    0.407023263335778580E+02    0.785251563897975018E+02    0.976304467591162739E+00   -0.263843702970003591E+00   -0.205203580959187004E+01   -0.230428895484252472E+01   -0.237672676755302774E+02
    0.188091834514070257E+03    0.445595174316721625E+02    0.893306507626997046E+02    0.145467779743934655E+01   -0.905767145832983012E-01   -0.222169619714417310E+01   -0.236098863699914840E+01   -0.237351700917134139E+02
    0.188091834514070257E+03    0.445595174316721625E+02    0.893306507626997046E+02    0.145467779743934655E+01   -0.905767145832983012E-01   -0.222169619714417310E+01   -0.236098863699914840E+01   -0.237351700917134139E+02
    0.196145703568694472E+03    0.408263825081316298E+02    0.855653536228691109E+02    0.154161271830418301E+01   -0.235991202930851962E-01   -0.213827016535159053E+01   -0.218269012222462155E+01   -0.237084387801056131E+02
    0.196145703568694472E+03    0.408263825081316298E+02    0.855653536228691109E+02    0.154161271830418301E+01   -0.235991202930851962E-01   -0.213827016535159053E+01   -0.218269012222462155E+01   -0.237084387801056131E+02
    0.192893477046640214E+03    0.330896103015915415E+02    0.896444425857635707E+02    0.106967520495375101E+01   -0.209708923187840846E+00   -0.194009750076910614E+01   -0.223443257666288186E+01   -0.236859759730470003E+02
    0.192893477046640214E+03    0.330896103015915415E+02    0.896444425857635707E+02    0.106967520495375101E+01   -0.209708923187840846E+00   -0.194009750076910614E+01   -0.223443257666288186E+01   -0.236859759730470003E+02
    0.188130251601147052E+03    0.367335033807097275E+02    0.788809626240860666E+02    0.894062279417102479E+00   -0.272488225716440935E+00   -0.204011149745212572E+01   -0.226935014033139293E+01   -0.236834510613491247E+02
    0.188130251601147052E+03    0.367335033807097275E+02    0.788809626240860666E+02    0.894062279417102479E+00   -0.272488225716440935E+00   -0.204011149745212572E+01   -0.226935014033139293E+01   -0.236834510613491247E+02
    0.187162391116285590E+03    0.429974204023359832E+02    0.729530500722397761E+02    0.125140623243171345E+01   -0.201830112204995693E+00   -0.209831655853988064E+01   -0.224610583571180999E+01   -0.236725998091657459E+02
    0.187162391116285590E+03    0.429974204023359832E+02    0.729530500722397761E+02    0.125140623243171345E+01   -0.201830112204995693E+00   -0.209831655853988064E+01   -0.224610583571180999E+01   -0.236725998091657459E+02
    0.198369140623937483E+03    0.538561213139942723E+02    0.559899214491932185E+02    0.609016088575722869E+00   -0.144131836916973288E+00   -0.222980820979677397E+01   -0.235883126324231185E+01   -0.236296763552903286E+02
    0.198369140623937483E+03    0.538561213139942723E+02    0.559899214491932185E+02    0.609016088575722869E+00   -0.144131836916973288E+00   -0.222980820979677397E+01   -0.235883126324231185E+01   -0.236296763552903286E+02
    0.181600651652487016E+03    0.340726967213550651E+02    0.863115420983854875E+02    0.135694214033141236E+01   -0.169348073953291989E+00   -0.201516991238601140E+01   -0.214370966968960808E+01   -0.235967212865572442E+02
    0.196229266662264934E+03    0.506012958526417336E+02    0.644229391819177408E+02    0.908052869192144452E+00   -0.748100092287218299E-01   -0.217915561991399453E+01   -0.233067344101774765E+01   -0.235507433972450819E+02
    0.196229266662264934E+03    0.506012958526417336E+02    0.644229391819177408E+02    0.908052869192144452E+00   -0.748100092287218299E-01   -0.217915561991399453E+01   -0.233067344101774765E+01   -0.235507433972450819E+02
    0.198871935805705220E+03    0.425322804092705553E+02    0.643888467320735742E+02    0.144107441316526175E+01   -0.145424869501076248E+00   -0.229184012387384461E+01   -0.239022903625850303E+01   -0.234678828785104869E+02
    0.198871935805705220E+03    0.425322804092705553E+02    0.643888467320735742E+02    0.144107441316526175E+01   -0.145424869501076248E+00   -0.229184012387384461E+01   -0.239022903625850303E+01   -0.234678828785104869E+02
    0.192133915680590917E+03    0.420103639552483230E+02    0.765368295320701861E+02    0.622373468779063299E+00   -0.719569335905592133E-01   -0.221072554780149577E+01   -0.232798634616725897E+01   -0.233904762452556696E+02
    0.192133915680590917E+03    0.420103639552483230E+02    0.765368295320701861E+02    0.622373468779063299E+00   -0.719569335905592133E-01   -0.221072554780149577E+01   -0.232798634616725897E+01   -0.233904762452556696E+02
    0.195757736633351215E+03    0.590879144532879295E+02    0.764679221313733706E+02    0.951568685603151887E+00   -0.869609164582640926E-01   -0.217944168801884119E+01   -0.237137508917012685E+01   -0.233159516293879356E+02
    0.195757736633351215E+03    0.590879144532879295E+02    0.764679221313733706E+02    0.951568685603151887E+00   -0.869609164582640926E-01   -0.217944168801884119E+01   -0.237137508917012685E+01   -0.233159516293879356E+02
    0.193427829238465193E+03    0.400530606120459254E+02    0.886109412679830797E+02    0.972816368034993384E+00   -0.437664858141768587E-01   -0.214530871803102041E+01   -0.237124687413416169E+01   -0.233054289471312188E+02
    0.193427829238465193E+03    0.400530606120459254E+02    0.886109412679830797E+02    0.972816368034993384E+00   -0.437664858141768587E-01   -0.214530871803102041E+01   -0.237124687413416169E+01   -0.233054289471312188E+02
    0.194521526874996255E+03    0.455753656448973459E+02    0.715113213919410526E+02    0.109018497888490540E+01   -0.660404355522958841E-01   -0.221285006172728105E+01   -0.227934227137480061E+01   -0.232828851883952552E+02
    0.194521526874996255E+03    0.455753656448973459E+02    0.715113213919410526E+02    0.109018497888490540E+01   -0.660404355522958841E-01   -0.221285006172728105E+01   -0.227934227137480061E+01   -0.232828851883952552E+02
    0.197644823186578350E+03    0.621080513711578206E+02    0.695076897684495094E+02    0.910564541107923731E+00   -0.948024045796482806E-01   -0.227973061437483882E+01   -0.240751694761609425E+01   -0.232803080769769011E+02
    0.197644823186578350E+03    0.621080513711578206E+02    0.695076897684495094E+02    0.910564541107923731E+00   -0.948024045796482806E-01   -0.227973061437483882E+01   -0.240751694761609425E+01   -0.232803080769769011E+02
    0.191610482319369908E+03    0.533047057790264986E+02    0.777802252347394614E+02    0.121934046570719712E+01   -0.145517001184621186E+00   -0.228127653236210959E+01   -0.241176959024973225E+01   -0.232680439466946964E+02
    0.191610482319369908E+03    0.533047057790264986E+02    0.777802252347394614E+02    0.121934046570719712E+01   -0.145517001184621186E+00   -0.228127653236210959E+01   -0.241176959024973225E+01   -0.232680439466946964E+02
    0.195132246654729613E+03    0.457525913524970420E+02    0.789700401103592924E+02    0.119235587024806056E+01   -0.231337416302872301E+00   -0.211283304390925331E+01   -0.242558163511546798E+01   -0.232076052811036355E+02
    0.195132246654729613E+03    0.457525913524970420E+02    0.789700401103592924E+02    0.119235587024806056E+01   -0.231337416302872301E+00   -0.211283304390925331E+01   -0.242558163511546798E+01   -0.232076052811036355E+02
    0.195867703196268849E+03    0.560316265474101698E+02    0.805088852912721080E+02    0.102656588579688890E+01   -0.147265587139024490E+00   -0.214799552857879661E+01   -0.242953686491892906E+01   -0.232008397355567944E+02
    0.195867703196268849E+03    0.560316265474101698E+02    0.805088852912721080E+02    0.102656588579688890E+01   -0.147265587139024490E+00   -0.214799552857879661E+01   -0.242953686491892906E+01   -0.232008397355567944E+02
    0.196232939114600953E+03    0.315505916077698210E+02    0.865066575347318150E+02    0.114917719519122064E+01   -0.268709990893610362E+00   -0.205788649405804369E+01   -0.231247581107409683E+01   -0.231978881075659160E+02
    0.196232939114600953E+03    0.315505916077698210E+02    0.865066575347318150E+02    0.114917719519122064E+01   -0.268709990893610362E+00   -0.205788649405804369E+01   -0.231247581107409683E+01   -0.231978881075659160E+02
    0.194420080264331062E+03    0.470106556547836405E+02    0.705401096058894410E+02    0.787354215405673186E+00   -0.116170723642514462E+00   -0.220780464952494970E+01   -0.226672524589239321E+01   -0.231623997334910854E+02
    0.194420080264331062E+03    0.470106556547836405E+02    0.705401096058894410E+02    0.787354215405673186E+00   -0.116170723642514462E+00   -0.220780464952494970E+01   -0.226672524589239321E+01   -0.231623997334910854E+02
    0.190315588371329312E+03    0.423534328756342262E+02    0.776901609300652893E+02    0.124811000026094887E+01   -0.100237594040474276E+00   -0.218093320213561270E+01   -0.233620724824709036E+01   -0.231530194584483340E+02
    0.190315588371329312E+03    0.423534328756342262E+02    0.776901609300652893E+02    0.124811000026094887E+01   -0.100237594040474276E+00   -0.218093320213561270E+01   -0.233620724824709036E+01   -0.231530194584483340E+02
    0.192599098955192517E+03    0.500932821114449069E+02    0.888995173517916442E+02    0.103405564848580234E+01   -0.215553632242099447E+00   -0.219960939598221650E+01   -0.241076294594613483E+01   -0.231404043954079768E+02
    0.192599098955192517E+03    0.500932821114449069E+02    0.888995173517916442E+02    0.103405564848580234E+01   -0.215553632242099447E+00   -0.219960939598221650E+01   -0.241076294594613483E+01   -0.231404043954079768E+02
    0.194641110630017522E+03    0.522005862185508676E+02    0.887385521189008699E+02    0.130921596206451163E+01   -0.206717910363648727E+00   -0.225176728068067034E+01   -0.244565838532447533E+01   -0.231355369861512905E+02
    0.194641110630017522E+03    0.522005862185508676E+02    0.887385521189008699E+02    0.130921596206451163E+01   -0.206717910363648727E+00   -0.225176728068067034E+01   -0.244565838532447533E+01   -0.231355369861512905E+02
    0.190190858253154147E+03    0.470167458811481112E+02    0.874668821216281458E+02    0.830537841655178188E+00   -0.178528833494079553E+00   -0.222690273204644473E+01   -0.236518876456866822E+01   -0.230584130215003569E+02
    0.190190858253154147E+03    0.470167458811481112E+02    0.874668821216281458E+02    0.830537841655178188E+00   -0.178528833494079553E+00   -0.222690273204644473E+01   -0.236518876456866822E+01   -0.230584130215003569E+02
    0.197504826256275066E+03    0.451515500088225679E+02    0.825098876451540946E+02    0.129510087586288858E+01   -0.182683389794436657E+00   -0.221726836234156988E+01   -0.232352604098630833E+01   -0.230486245073118283E+02
    0.197504826256275066E+03    0.451515500088225679E+02    0.825098876451540946E+02    0.129510087586288858E+01   -0.182683389794436657E+00   -0.221726836234156988E+01   -0.232352604098630833E+01   -0.230486245073118283E+02
    0.195057071898119716E+03    0.524060016587517126E+02    0.765669132264636971E+02    0.775663424656049982E+00   -0.145642515173693532E+00   -0.220801886621954413E+01   -0.247787341131441252E+01   -0.230369638185488483E+02
    0.195057071898119716E+03    0.524060016587517126E+02    0.765669132264636971E+02    0.775663424656049982E+00   -0.145642515173693532E+00   -0.220801886621954413E+01   -0.247787341131441252E+01   -0.230369638185488483E+02
    0.193641906717492930E+03    0.338338883981780327E+02    0.789519006120169564E+02    0.906905045177305413E+00   -0.216435588248343969E+00   -0.215782155385058338E+01   -0.232645114376953988E+01   -0.229381594291817734E+02
    0.193641906717492930E+03    0.338338883981780327E+02    0.789519006120169564E+02    0.906905045177305413E+00   -0.216435588248343969E+00   -0.215782155385058338E+01   -0.232645114376953988E+01   -0.229381594291817734E+02
    0.199012171756549520E+03    0.574103597773414052E+02    0.752869117701360864E+02    0.142960907716284669E+01   -0.350333249772136757E-01   -0.231327744001337310E+01   -0.239630432689703277E+01   -0.229076957184659697E+02
    0.199012171756549520E+03    0.574103597773414052E+02    0.752869117701360864E+02    0.142960907716284669E+01   -0.350333249772136757E-01   -0.231327744001337310E+01   -0.239630432689703277E+01   -0.229076957184659697E+02
    0.198787873097758592E+03    0.512637551671707570E+02    0.725030836361528799E+02    0.112581269286312247E+01   -0.102249757069348135E-01   -0.219753023542635884E+01   -0.228525593984513842E+01   -0.228892727145614430E+02
    0.198787873097758592E+03    0.512637551671707570E+02    0.725030836361528799E+02    0.112581269286312247E+01   -0.102249757069348135E-01   -0.219753023542635884E+01   -0.228525593984513842E+01   -0.228892727145614430E+02
    0.196685463397492498E+03    0.472535484654639646E+02    0.889470787063833939E+02    0.125822084757009400E+01   -0.135131532048918590E+00   -0.215116909864060935E+01   -0.229619543182796448E+01   -0.228863434780466761E+02
    0.196685463397492498E+03    0.472535484654639646E+02    0.889470787063833939E+02    0.125822084757009400E+01   -0.135131532048918590E+00   -0.215116909864060935E+01   -0.229619543182796448E+01   -0.228863434780466761E+02
    0.196413191334165703E+03    0.466002690630189349E+02    0.853525335569367627E+02    0.667509384528469196E+00   -0.111717717170144670E+00   -0.212463019783182583E+01   -0.245553421679033201E+01   -0.228863011874138742E+02
    0.196413191334165703E+03    0.466002690630189349E+02    0.853525335569367627E+02    0.667509384528469196E+00   -0.111717717170144670E+00   -0.212463019783182583E+01   -0.245553421679033201E+01   -0.228863011874138742E+02
    0.196658843186230655E+03    0.415758973590742897E+02    0.863626972682381080E+02    0.133620262195439499E+01   -0.255749210270043825E+00   -0.226802301946600604E+01   -0.243293098847681266E+01   -0.228835906854570688E+02
    0.196658843186230655E+03    0.415758973590742897E+02    0.863626972682381080E+02    0.133620262195439499E+01   -0.255749210270043825E+00   -0.226802301946600604E+01   -0.243293098847681266E+01   -0.228835906854570688E+02
    0.195264451961726934E+03    0.449172614018296343E+02    0.799753013209635952E+02    0.925518435067055223E+00   -0.234395777132501371E+00   -0.230969967432507994E+01   -0.245379156176283697E+01   -0.228669515070823515E+02
    0.197407616081373703E+03    0.459336985814761434E+02    0.794226232363461548E+02    0.919739739151658853E+00   -0.142715464573714979E+00   -0.203683808326510274E+01   -0.232014271754439605E+01   -0.228550708594956156E+02
    0.197407616081373703E+03    0.459336985814761434E+02    0.794226232363461548E+02    0.919739739151658853E+00   -0.142715464573714979E+00   -0.203683808326510274E+01   -0.232014271754439605E+01   -0.228550708594956156E+02
    0.195889562184253748E+03    0.485715199813918730E+02    0.770322932295718772E+02    0.109837889779997000E+01   -0.223181760039841581E+00   -0.227061445699479680E+01   -0.242734701706954059E+01   -0.228309120999242765E+02
    0.189602997766349972E+03    0.410056995101983546E+02    0.814757318379706277E+02    0.130036213524686817E+01   -0.765207496594497716E-01   -0.213181999522438437E+01   -0.230449356947976192E+01   -0.227848519873474444E+02
    0.189602997766349972E+03    0.410056995101983546E+02    0.814757318379706277E+02    0.130036213524686817E+01   -0.765207496594497716E-01   -0.213181999522438437E+01   -0.230449356947976192E+01   -0.227848519873474444E+02
    0.191962321307022052E+03    0.335588673769210146E+02    0.864222508062018591E+02    0.112817413304771552E+01   -0.183512954117080795E+00   -0.217156962211004601E+01   -0.227486067882903420E+01   -0.227461264855897198E+02
    0.191962321307022052E+03    0.335588673769210146E+02    0.864222508062018591E+02    0.112817413304771552E+01   -0.183512954117080795E+00   -0.217156962211004601E+01   -0.227486067882903420E+01   -0.227461264855897198E+02
    0.193717608390490938E+03    0.442299714804855952E+02    0.777701592192492086E+02    0.124687782841775285E+01   -0.220708204443722522E-01   -0.211218013873800814E+01   -0.224010630720155746E+01   -0.227360005667824758E+02
    0.193717608390490938E+03    0.442299714804855952E+02    0.777701592192492086E+02    0.124687782841775285E+01   -0.220708204443722522E-01   -0.211218013873800814E+01   -0.224010630720155746E+01   -0.227360005667824758E+02
    0.195598044448752205E+03    0.474219195175372832E+02    0.722557345106601758E+02    0.116517704750317463E+01   -0.152625882098311294E+00   -0.212928347497706616E+01   -0.226212084981514927E+01   -0.227281303679080366E+02
    0.195598044448752205E+03    0.474219195175372832E+02    0.722557345106601758E+02    0.116517704750317463E+01   -0.152625882098311294E+00   -0.212928347497706616E+01   -0.226212084981514927E+01   -0.227281303679080366E+02
    0.199974724753205891E+03    0.604722047487652148E+02    0.798557195134894329E+02    0.113974971013994053E+01   -0.664639919783034383E-01   -0.220278239858896940E+01   -0.242786407070888011E+01   -0.227123723421826078E+02
    0.199974724753205891E+03    0.604722047487652148E+02    0.798557195134894329E+02    0.113974971013994053E+01   -0.664639919783034383E-01   -0.220278239858896940E+01   -0.242786407070888011E+01   -0.227123723421826078E+02
    0.196582692674804520E+03    0.495852066369806721E+02    0.668825533746520335E+02    0.547821421401358699E+00   -0.208040044976456118E+00   -0.223863932248660680E+01   -0.239137187086243808E+01   -0.226952624593843524E+02
    0.196582692674804520E+03    0.495852066369806721E+02    0.668825533746520335E+02    0.547821421401358699E+00   -0.208040044976456118E+00   -0.223863932248660680E+01   -0.239137187086243808E+01   -0.226952624593843524E+02
    0.185298494942222135E+03    0.355008715708333327E+02    0.873306781634357492E+02    0.101649527055573263E+01   -0.155842688663269557E+00   -0.196182594312864200E+01   -0.216588958569307355E+01   -0.226571174574871002E+02
    0.195780812304213299E+03    0.394396916003555873E+02    0.861363397356684573E+02    0.128875154004416004E+01   -0.180093768787884301E+00   -0.212731420963240581E+01   -0.225628664583777550E+01   -0.226169611150610308E+02
    0.195781563732080912E+03    0.469096742225062755E+02    0.704189391980637254E+02    0.742875027690206080E+00   -0.128173477491377863E+00   -0.222512290640594701E+01   -0.240356119897820264E+01   -0.226148882576639458E+02
    0.195781563732080912E+03    0.469096742225062755E+02    0.704189391980637254E+02    0.742875027690206080E+00   -0.128173477491377863E+00   -0.222512290640594701E+01   -0.240356119897820264E+01   -0.226148882576639458E+02
    0.198134917908635856E+03    0.329478235791013958E+02    0.828881779376501413E+02    0.121925274006236140E+01   -0.188859133100965471E+00   -0.201395538755447534E+01   -0.226514248593535417E+01   -0.226040934696418745E+02
    0.198134917908635856E+03    0.329478235791013958E+02    0.828881779376501413E+02    0.121925274006236140E+01   -0.188859133100965471E+00   -0.201395538755447534E+01   -0.226514248593535417E+01   -0.226040934696418745E+02
    0.192774147198446798E+03    0.376741835646241228E+02    0.764307570309135400E+02    0.484813392938629684E+00   -0.130331800296904721E+00   -0.209388382613089075E+01   -0.223213184622787431E+01   -0.225342946391663084E+02
    0.186355187488959729E+03    0.424124790166846353E+02    0.898513428570770003E+02    0.142676568307340568E+01   -0.135469623220923818E+00   -0.202223748105684287E+01   -0.224986260394121107E+01   -0.225201925326605448E+02
    0.186355187488959729E+03    0.424124790166846353E+02    0.898513428570770003E+02    0.142676568307340568E+01   -0.135469623220923818E+00   -0.202223748105684287E+01   -0.224986260394121107E+01   -0.225201925326605448E+02
    0.198618292579973712E+03    0.452017666616032159E+02    0.665073118235332572E+02    0.118366252223256385E+01   -0.176443635993634107E+00   -0.226350007798064956E+01   -0.232135735155627820E+01   -0.224516275044684974E+02
    0.199992837140511881E+03    0.420109642394139797E+02    0.703472530455890848E+02    0.126629037466700134E+01   -0.682096170072454822E-01   -0.215371531638328584E+01   -0.228751369973464858E+01   -0.224323063220260295E+02
    0.199992837140511881E+03    0.420109642394139797E+02    0.703472530455890848E+02    0.126629037466700134E+01   -0.682096170072454822E-01   -0.215371531638328584E+01   -0.228751369973464858E+01   -0.224323063220260295E+02
    0.198046091787857080E+03    0.513109413166308030E+02    0.829065362222036129E+02    0.524361987000338869E+00   -0.757378424356629498E-01   -0.212783128055616366E+01   -0.243010125922122855E+01   -0.224156775923760350E+02
    0.198046091787857080E+03    0.513109413166308030E+02    0.829065362222036129E+02    0.524361987000338869E+00   -0.757378424356629498E-01   -0.212783128055616366E+01   -0.243010125922122855E+01   -0.224156775923760350E+02
    0.199824675835341395E+03    0.535769469054897911E+02    0.880627486532793569E+02    0.945264315777620379E+00   -0.361417766017753106E-01   -0.220912669272478812E+01   -0.244644987209338316E+01   -0.223784876628582019E+02
    0.199824675835341395E+03    0.535769469054897911E+02    0.880627486532793569E+02    0.945264315777620379E+00   -0.361417766017753106E-01   -0.220912669272478812E+01   -0.244644987209338316E+01   -0.223784876628582019E+02
    0.188166927680723404E+03    0.383966320930984040E+02    0.852213176929099632E+02    0.123034360517935171E+01   -0.145099317586495413E+00   -0.210580019122647766E+01   -0.224832872680396978E+01   -0.223770098796672308E+02
    0.188166927680723404E+03    0.383966320930984040E+02    0.852213176929099632E+02    0.123034360517935171E+01   -0.145099317586495413E+00   -0.210580019122647766E+01   -0.224832872680396978E+01   -0.223770098796672308E+02
    0.196822485331478020E+03    0.379575486311577421E+02    0.808069351565521998E+02    0.142018748591719679E+01   -0.193172740478676941E+00   -0.215017984311637012E+01   -0.226073943796207821E+01   -0.223688479376138716E+02
    0.199527612824954161E+03    0.454084677681124163E+02    0.892203841330922955E+02    0.106775158204852372E+01   -0.202760833774566995E+00   -0.216320220111172778E+01   -0.241431145326987373E+01   -0.223498762327867979E+02
    0.199527612824954161E+03    0.454084677681124163E+02    0.892203841330922955E+02    0.106775158204852372E+01   -0.202760833774566995E+00   -0.216320220111172778E+01   -0.241431145326987373E+01   -0.223498762327867979E+02
    0.194326362185644484E+03    0.410905008253537432E+02    0.798464597774333242E+02    0.157014417219345748E+01   -0.225589760558067898E+00   -0.216340603385566910E+01   -0.237064427148781087E+01   -0.222942783867149465E+02
    0.194326362185644484E+03    0.410905008253537432E+02    0.798464597774333242E+02    0.157014417219345748E+01   -0.225589760558067898E+00   -0.216340603385566910E+01   -0.237064427148781087E+01   -0.222942783867149465E+02
    0.197013256767778785E+03    0.437183666210139279E+02    0.758791100761395114E+02    0.953570775018318106E+00   -0.276772723622689121E-01   -0.205292581224994475E+01   -0.221190217864581395E+01   -0.222665565351644119E+02
    0.198169486799876836E+03    0.491525232477729332E+02    0.761897879435366008E+02    0.962698253719017183E+00   -0.144479560470495150E+00   -0.229273111545169739E+01   -0.239114686841526192E+01   -0.222636326613247810E+02
    0.198169486799876836E+03    0.491525232477729332E+02    0.761897879435366008E+02    0.962698253719017183E+00   -0.144479560470495150E+00   -0.229273111545169739E+01   -0.239114686841526192E+01   -0.222636326613247810E+02
    0.198077822796404178E+03    0.407778923322477169E+02    0.706842417847903590E+02    0.831949553869565817E+00   -0.203595720746809095E+00   -0.216041620753721642E+01   -0.232206961136264489E+01   -0.222490363850558381E+02
    0.198077822796404178E+03    0.407778923322477169E+02    0.706842417847903590E+02    0.831949553869565817E+00   -0.203595720746809095E+00   -0.216041620753721642E+01   -0.232206961136264489E+01   -0.222490363850558381E+02
    0.198916068210163616E+03    0.421292680048360637E+02    0.781675323550511649E+02    0.126917020347115361E+01   -0.102771627741508942E+00   -0.207603248696615683E+01   -0.236303281107622976E+01   -0.222414039376804809E+02
    0.199001307953268338E+03    0.401681365336388012E+02    0.708471905564797453E+02    0.104661446482606735E+01   -0.147007348161287243E+00   -0.213190128159751069E+01   -0.222677557254328029E+01   -0.222393225404310400E+02
    0.199381927565762084E+03    0.457935479032677222E+02    0.714341885134996772E+02    0.985828052134716359E+00   -0.165238730510078202E+00   -0.221553368129520312E+01   -0.244001933217860900E+01   -0.222193059645448088E+02
    0.192703844541129314E+03    0.324253183453035589E+02    0.873409131932738489E+02    0.112446307739196238E+01   -0.212918228284125322E+00   -0.205745214159791034E+01   -0.224404837404675028E+01   -0.222117709283472884E+02
    0.197122507548784625E+03    0.443405674410916646E+02    0.833529613375410605E+02    0.146605608511159780E+01   -0.160388370571791672E+00   -0.227264249816913955E+01   -0.245594413166051906E+01   -0.222090453555169560E+02
    0.195127427969500900E+03    0.410998452122549054E+02    0.784002203115317968E+02    0.102888685058374429E+01   -0.368102000958927533E-01   -0.204686565605261084E+01   -0.218346195414976751E+01   -0.222084294095218411E+02
    0.195127427969500900E+03    0.410998452122549054E+02    0.784002203115317968E+02    0.102888685058374429E+01   -0.368102000958927533E-01   -0.204686565605261084E+01   -0.218346195414976751E+01   -0.222084294095218411E+02
    0.191104711807998484E+03    0.342181251414334611E+02    0.868538716657532319E+02    0.122964110446748109E+01   -0.112444953800067138E+00   -0.195736335089459246E+01   -0.212607594703584946E+01   -0.221661417879129132E+02
    0.194869807679000161E+03    0.487024920952832474E+02    0.877492723756433861E+02    0.134940051496820757E+01   -0.757082193714879725E-01   -0.217167516724953602E+01   -0.240428673926055581E+01   -0.221551728165812065E+02
    0.194869807679000161E+03    0.487024920952832474E+02    0.877492723756433861E+02    0.134940051496820757E+01   -0.757082193714879725E-01   -0.217167516724953602E+01   -0.240428673926055581E+01   -0.221551728165812065E+02
    0.195468131965059513E+03    0.464343155128600387E+02    0.878755511636778550E+02    0.115175259249386541E+01   -0.980035693281353648E-01   -0.215131979406210316E+01   -0.230037260430152957E+01   -0.220950081417313093E+02
    0.195468131965059513E+03    0.464343155128600387E+02    0.878755511636778550E+02    0.115175259249386541E+01   -0.980035693281353648E-01   -0.215131979406210316E+01   -0.230037260430152957E+01   -0.220950081417313093E+02
    0.198135242169143936E+03    0.430245630194390216E+02    0.719095809613977934E+02    0.156628359325342537E+01   -0.175379865148173053E+00   -0.211981506868452740E+01   -0.231426893402801870E+01   -0.220563922460608026E+02
    0.198135242169143936E+03    0.430245630194390216E+02    0.719095809613977934E+02    0.156628359325342537E+01   -0.175379865148173053E+00   -0.211981506868452740E+01   -0.231426893402801870E+01   -0.220563922460608026E+02
    0.196584090552418729E+03    0.421968085547025566E+02    0.823420491237301491E+02    0.549000837978766087E+00   -0.740985098124244956E-01   -0.218678387515134354E+01   -0.238912822694299276E+01   -0.220538262116202191E+02
    0.199356749405788605E+03    0.507164804975832055E+02    0.834196297749747515E+02    0.965336833164827657E+00   -0.926357950297806987E-02   -0.218247669339658046E+01   -0.235972818790927086E+01   -0.218873136920058045E+02
    0.199356749405788605E+03    0.507164804975832055E+02    0.834196297749747515E+02    0.965336833164827657E+00   -0.926357950297806987E-02   -0.218247669339658046E+01   -0.235972818790927086E+01   -0.218873136920058045E+02
    0.197780668432889343E+03    0.419981695674732407E+02    0.794306507113161331E+02    0.108117867429708281E+01   -0.302741047427692589E-01   -0.208443359428242037E+01   -0.224395296749089024E+01   -0.214315330225641745E+02
    0.197780668432889343E+03    0.419981695674732407E+02    0.794306507113161331E+02    0.108117867429708281E+01   -0.302741047427692589E-01   -0.208443359428242037E+01   -0.224395296749089024E+01   -0.214315330225641745E+02
    0.195427722310003162E+03    0.416116091955170759E+02    0.859931032837057074E+02    0.116082834858717798E+01   -0.400151764873069027E-01   -0.201387650311488198E+01   -0.228925745733910846E+01   -0.217877350704374670E+02
    0.195427722310003162E+03    0.416116091955170759E+02    0.859931032837057074E+02    0.116082834858717798E+01   -0.400151764873069027E-01   -0.201387650311488198E+01   -0.228925745733910846E+01   -0.217877350704374670E+02
    0.196205795903061016E+03    0.367173647070348537E+02    0.836315179750123150E+02    0.130841792842958271E+01   -0.195637541986517505E+00   -0.205944181838344775E+01   -0.230433196179074384E+01   -0.219651508152424917E+02
    0.199861035241528128E+03    0.357272789180956920E+02    0.828739800078338646E+02    0.128761049769400304E+01   -0.140308452983986864E+00   -0.211543747114787717E+01   -0.227273025717621113E+01   -0.211935953892616418E+02
    0.199861035241528128E+03    0.357272789180956920E+02    0.828739800078338646E+02    0.128761049769400304E+01   -0.140308452983986864E+00   -0.211543747114787717E+01   -0.227273025717621113E+01   -0.211935953892616418E+02
    0.199861035241528128E+03    0.357272789180956920E+02    0.828739800078338646E+02    0.128761049769400304E+01   -0.140308452983986864E+00   -0.211543747114787717E+01   -0.227273025717621113E+01   -0.211935953892616418E+02
    0.195952329329202968E+03    0.465393939542815787E+02    0.727457465920180937E+02    0.141406974160385768E+01   -0.117775154390229675E+00   -0.215392217394070595E+01   -0.230146233975118930E+01   -0.220478689063702475E+02
    0.195736216265761016E+03    0.429691260183239265E+02    0.837344605167903779E+02    0.148359456010786439E+01   -0.107332297274904676E+00   -0.220734173690572799E+01   -0.238094142829175670E+01   -0.217388525320988748E+02
    0.196150659317688167E+03    0.425986905137114320E+02    0.751330480340478601E+02    0.137203827597865646E+01   -0.901489524511589480E-01   -0.212232977655670307E+01   -0.228325231594873301E+01   -0.218099379428585110E+02
    0.196150659317688167E+03    0.425986905137114320E+02    0.751330480340478601E+02    0.137203827597865646E+01   -0.901489524511589480E-01   -0.212232977655670307E+01   -0.228325231594873301E+01   -0.218099379428585110E+02
    0.197889223802916888E+03    0.424436968920636772E+02    0.718050922423641680E+02    0.115871776603103194E+01   -0.166879548095994812E+00   -0.211001271856501216E+01   -0.227976919279683532E+01   -0.220219301716056464E+02
    0.196174720198601904E+03    0.374637701123554976E+02    0.823525532796313229E+02    0.675810718814621181E+00   -0.849892421838400747E-01   -0.205413564923678527E+01   -0.229383428285874924E+01   -0.217593073828105155E+02
    0.196174720198601904E+03    0.374637701123554976E+02    0.823525532796313229E+02    0.675810718814621181E+00   -0.849892421838400747E-01   -0.205413564923678527E+01   -0.229383428285874924E+01   -0.217593073828105155E+02
    0.195710449500570206E+03    0.447371050432281123E+02    0.758322320168477972E+02    0.117463616450344355E+01   -0.796781537275397245E-01   -0.211142508498095394E+01   -0.226683744751437644E+01   -0.218551831372466978E+02
    0.199511575745428246E+03    0.391804560652761538E+02    0.830780909559687757E+02    0.137449484217209283E+01   -0.143042989529794218E+00   -0.206385340696196451E+01   -0.235036744331690617E+01   -0.217115589300409155E+02
    0.199013262173179697E+03    0.416575105806512482E+02    0.788654665447928664E+02    0.122849017658203286E+01   -0.386653681187618670E-01   -0.205637185884415929E+01   -0.218046596750000088E+01   -0.217794652874418908E+02
    0.199013262173179697E+03    0.416575105806512482E+02    0.788654665447928664E+02    0.122849017658203286E+01   -0.386653681187618670E-01   -0.205637185884415929E+01   -0.218046596750000088E+01   -0.217794652874418908E+02
    0.196708615274197200E+03    0.428555054110049696E+02    0.891164779890857801E+02    0.651758094255457276E+00   -0.757331785953090364E-01   -0.204271133014870987E+01   -0.236539067615591714E+01   -0.219968538519120074E+02
    0.196708615274197200E+03    0.428555054110049696E+02    0.891164779890857801E+02    0.651758094255457276E+00   -0.757331785953090364E-01   -0.204271133014870987E+01   -0.236539067615591714E+01   -0.219968538519120074E+02
    0.196085657493630890E+03    0.377218925685027529E+02    0.834145141985804059E+02    0.861546454896363390E+00   -0.153601477893454907E+00   -0.212345791303898368E+01   -0.235577745888326540E+01   -0.217021924825234329E+02
    0.196085657493630890E+03    0.377218925685027529E+02    0.834145141985804059E+02    0.861546454896363390E+00   -0.153601477893454907E+00   -0.212345791303898368E+01   -0.235577745888326540E+01   -0.217021924825234329E+02
    0.194285173162698214E+03    0.440781479760231747E+02    0.843009251977019147E+02    0.141705752236490090E+01   -0.796285972113317531E-01   -0.217033612857087199E+01   -0.234217667781392880E+01   -0.216906757452896102E+02
    0.194285173162698214E+03    0.440781479760231747E+02    0.843009251977019147E+02    0.141705752236490090E+01   -0.796285972113317531E-01   -0.217033612857087199E+01   -0.234217667781392880E+01   -0.216906757452896102E+02
    0.193693995098259791E+03    0.419229420450813066E+02    0.848687376779025300E+02    0.372932936789898750E+00   -0.210438222315298962E-01   -0.210268923414354703E+01   -0.227289087599470019E+01   -0.218568771071569437E+02
    0.193693995098259791E+03    0.419229420450813066E+02    0.848687376779025300E+02    0.372932936789898750E+00   -0.210438222315298962E-01   -0.210268923414354703E+01   -0.227289087599470019E+01   -0.218568771071569437E+02
    0.192879711325644990E+03    0.421110251480557878E+02    0.843615559523348821E+02    0.142856880488043347E+01   -0.129562180894276402E+00   -0.211710930856485646E+01   -0.232254288669098674E+01   -0.215842504090339951E+02
    0.192879711325644990E+03    0.421110251480557878E+02    0.843615559523348821E+02    0.142856880488043347E+01   -0.129562180894276402E+00   -0.211710930856485646E+01   -0.232254288669098674E+01   -0.215842504090339951E+02
    0.193016562983448296E+03    0.360367565484405787E+02    0.855314649014267445E+02    0.751157308422626069E+00   -0.119183982450346004E+00   -0.202015069394210034E+01   -0.222240763536389307E+01   -0.213952385124572899E+02
    0.193016562983448296E+03    0.360367565484405787E+02    0.855314649014267445E+02    0.751157308422626069E+00   -0.119183982450346004E+00   -0.202015069394210034E+01   -0.222240763536389307E+01   -0.213952385124572899E+02
    0.193016562983448296E+03    0.360367565484405787E+02    0.855314649014267445E+02    0.751157308422626069E+00   -0.119183982450346004E+00   -0.202015069394210034E+01   -0.222240763536389307E+01   -0.213952385124572899E+02
    0.193745443918821536E+03    0.335651902219443770E+02    0.872712407176246785E+02    0.501218597751287298E+00   -0.155878668688536726E+00   -0.203075842454630395E+01   -0.224156280947787678E+01   -0.216284009153244838E+02
    0.193745443918821536E+03    0.335651902219443770E+02    0.872712407176246785E+02    0.501218597751287298E+00   -0.155878668688536726E+00   -0.203075842454630395E+01   -0.224156280947787678E+01   -0.216284009153244838E+02
    0.198591418675994788E+03    0.418369721138148662E+02    0.862183938233000191E+02    0.673711429427004793E+00   -0.123381440045589263E+00   -0.210153709268528832E+01   -0.236637578641582635E+01   -0.212849722462274435E+02
    0.198591418675994788E+03    0.418369721138148662E+02    0.862183938233000191E+02    0.673711429427004793E+00   -0.123381440045589263E+00   -0.210153709268528832E+01   -0.236637578641582635E+01   -0.212849722462274435E+02
    0.198591418675994788E+03    0.418369721138148662E+02    0.862183938233000191E+02    0.673711429427004793E+00   -0.123381440045589263E+00   -0.210153709268528832E+01   -0.236637578641582635E+01   -0.212849722462274435E+02
    0.195256926272852837E+03    0.471737848954386152E+02    0.884389079670482516E+02    0.139780898741260473E+01   -0.654888880530002382E-01   -0.213554414952192984E+01   -0.238089008725447027E+01   -0.218700091761931006E+02
    0.194960128689219431E+03    0.381393667787279895E+02    0.895445875943829179E+02    0.150813138091784005E+01   -0.155752688379280801E+00   -0.207840206008988027E+01   -0.233218188657130909E+01   -0.214346949710161851E+02
    0.194960128689219431E+03    0.381393667787279895E+02    0.895445875943829179E+02    0.150813138091784005E+01   -0.155752688379280801E+00   -0.207840206008988027E+01   -0.233218188657130909E+01   -0.214346949710161851E+02
    0.194960128689219431E+03    0.381393667787279895E+02    0.895445875943829179E+02    0.150813138091784005E+01   -0.155752688379280801E+00   -0.207840206008988027E+01   -0.233218188657130909E+01   -0.214346949710161851E+02
    0.196119607756608048E+03    0.405192378491515797E+02    0.774595221966810783E+02    0.102632900360297952E+01   -0.457540018674342797E-01   -0.207413847463132717E+01   -0.224517392671140481E+01   -0.219772111945912272E+02
    0.197461898901530674E+03    0.429879630992068158E+02    0.826135591789460477E+02    0.118765661235491704E+01   -0.108079543208095208E+00   -0.224598709234462834E+01   -0.239561380620600106E+01   -0.217468272543672612E+02
    0.197461898901530674E+03    0.429879630992068158E+02    0.826135591789460477E+02    0.118765661235491704E+01   -0.108079543208095208E+00   -0.224598709234462834E+01   -0.239561380620600106E+01   -0.217468272543672612E+02
    0.194709124252189838E+03    0.404671763446095483E+02    0.865496989252881122E+02    0.102086990746378370E+01   -0.957361477331890587E-01   -0.202091555295896530E+01   -0.223326906193978925E+01   -0.215267747204377287E+02
    0.194709124252189838E+03    0.404671763446095483E+02    0.865496989252881122E+02    0.102086990746378370E+01   -0.957361477331890587E-01   -0.202091555295896530E+01   -0.223326906193978925E+01   -0.215267747204377287E+02
    0.195247089609901622E+03    0.374429634658556694E+02    0.800805729433766658E+02    0.542343741385920231E+00   -0.142841581200134016E+00   -0.204134203063157704E+01   -0.221346617043990523E+01   -0.216972677131529537E+02
    0.195247089609901622E+03    0.374429634658556694E+02    0.800805729433766658E+02    0.542343741385920231E+00   -0.142841581200134016E+00   -0.204134203063157704E+01   -0.221346617043990523E+01   -0.216972677131529537E+02
    0.194584085785745089E+03    0.421101133645708217E+02    0.812205629367973927E+02    0.119778874405793401E+01   -0.165522403836059873E+00   -0.211427596707033860E+01   -0.232814993437707685E+01   -0.217446368958344749E+02
    0.199047059184112555E+03    0.452431111327973241E+02    0.847335097559585080E+02    0.146356875143647293E-01   -0.293283653049662973E-01   -0.217572394437263750E+01   -0.240047523966761656E+01   -0.219980648912360479E+02
    0.199047059184112555E+03    0.452431111327973241E+02    0.847335097559585080E+02    0.146356875143647293E-01   -0.293283653049662973E-01   -0.217572394437263750E+01   -0.240047523966761656E+01   -0.219980648912360479E+02
    0.195729606497536025E+03    0.457929743137666136E+02    0.863965045430725240E+02    0.147182255852191068E+01   -0.980160280139690254E-01   -0.212135409408630338E+01   -0.237408353086556900E+01   -0.216350111185392748E+02
    0.195729606497536025E+03    0.457929743137666136E+02    0.863965045430725240E+02    0.147182255852191068E+01   -0.980160280139690254E-01   -0.212135409408630338E+01   -0.237408353086556900E+01   -0.216350111185392748E+02
    0.197719696781224883E+03    0.400158982065233886E+02    0.793300206858659465E+02    0.103429743005781360E+01   -0.114046083450428215E+00   -0.223336044185667060E+01   -0.232924364876251344E+01   -0.218000200698241962E+02
    0.197719696781224883E+03    0.400158982065233886E+02    0.793300206858659465E+02    0.103429743005781360E+01   -0.114046083450428215E+00   -0.223336044185667060E+01   -0.232924364876251344E+01   -0.218000200698241962E+02
    0.196592663012658534E+03    0.397004755426416835E+02    0.867430356587918823E+02    0.817935196038312107E+00   -0.145129246845257631E+00   -0.205061888822578542E+01   -0.224295740891449791E+01   -0.219652972267905966E+02
