    0.982376116968622037E+00    0.877205048481481731E+00    0.497707105532906917E+04    0.130637382713883848E-03    0.646342722318846041E+00    0.472480126207384465E+01
    0.877275038564446108E+00    0.835904094892757854E+00    0.440603325885797494E+04   -0.607060254413822236E-03    0.624469562247280008E+00    0.550076614412735232E+01
    0.950672789627829862E+00    0.958124458838936821E+00    0.495400618570903589E+04    0.256488937455484633E-03    0.694141689162608100E+00    0.567444992253903546E+01
    0.976327275175645659E+00    0.859378898739671104E+00    0.427935257872736474E+04   -0.439258446725065619E-03    0.632264075879645393E+00    0.577901134580979914E+01
    0.904666349809226666E+00    0.906895680654656533E+00    0.472275056076156125E+04   -0.427608703766119928E-03    0.686826671754426243E+00    0.603447720436751034E+01
    0.952886433494042229E+00    0.971284429666580129E+00    0.439916351779065099E+04   -0.550239726348950931E-03    0.733780428577109012E+00    0.638840747668861653E+01
    0.916694711932576900E+00    0.847330092263222201E+00    0.484234013890881397E+04   -0.364749853863747761E-03    0.651990052154061805E+00    0.644592518888581800E+01
    0.953322987190126536E+00    0.845989928023462623E+00    0.472997867026069707E+04    0.282319754283278420E-03    0.654699674920352748E+00    0.654405625684450154E+01
    0.982663116340173559E+00    0.949511686648025099E+00    0.405294188998601749E+04    0.215297456035650956E-03    0.746230519099476464E+00    0.655555182330674313E+01
    0.106556468445226105E+01    0.944615449301961396E+00    0.446877574210818148E+04   -0.186526081023983485E-03    0.719239022447812459E+00    0.705675632475849213E+01
    0.947191744002705671E+00    0.920422850042539653E+00    0.498349317737046749E+04    0.122300699751616451E-02    0.733788148817962282E+00    0.707126902896553400E+01
    0.858020379542853928E+00    0.722238083379210027E+00    0.469000975784884849E+04    0.995476771734216809E-03    0.400287491958268737E+00    0.709861498654061673E+01
    0.925579710871964556E+00    0.767575740796421768E+00    0.475607828580863679E+04   -0.309019724022650268E-03    0.464937720794604603E+00    0.713189388445941397E+01
    0.102338604737101813E+01    0.904140970973296931E+00    0.421241449297786858E+04   -0.892376105427285292E-04    0.695812011813147224E+00    0.718224369998537071E+01
    0.982753814798923764E+00    0.960838962705753641E+00    0.460237278293941290E+04    0.600477363081060149E-04    0.695845170689611603E+00    0.732797012805413583E+01
    0.106101844762832020E+01    0.993957781469938073E+00    0.416512153222698635E+04   -0.471430753437566085E-03    0.692536455856560096E+00    0.737220808136357064E+01
    0.825417656809205869E+00    0.744004811470249106E+00    0.462931134845649103E+04    0.580797883357912076E-03    0.426726705835066888E+00    0.737449861668160267E+01
    0.959401082728590260E+00    0.912373657848216890E+00    0.484511243889886282E+04   -0.103840242422088879E-02    0.694932836257841857E+00    0.759596208110460935E+01
    0.997701172737606612E+00    0.946343668532626636E+00    0.425990022512903306E+04    0.180169016921338804E-03    0.728660645122476858E+00    0.767541682670509573E+01
    0.995079636702723147E+00    0.978914640721925466E+00    0.403050167747846353E+04   -0.306050720706456468E-03    0.690011914483965594E+00    0.777696946752617535E+01
    0.953869800088624542E+00    0.914263359728924474E+00    0.428450950188635852E+04   -0.291940191092572078E-03    0.726817618708909485E+00    0.781560371090540862E+01
    0.103860184405281797E+01    0.944212892676063342E+00    0.430578686632436438E+04   -0.336694995321420130E-03    0.747378601820172683E+00    0.784374407335754675E+01
    0.949169465568099779E+00    0.949776413150706045E+00    0.402079433057756523E+04    0.205650018090193011E-03    0.703812279441556998E+00    0.787405334090399478E+01
    0.103864348185148803E+01    0.949632002716763512E+00    0.421175517051565294E+04   -0.140467503296044837E-03    0.730650380945884637E+00    0.789493867198059363E+01
    0.953414915839403854E+00    0.851682539638022984E+00    0.474008966121379035E+04   -0.452507719132812269E-03    0.664556266010490670E+00    0.798299547061938952E+01
    0.959264780477988022E+00    0.911630421029120286E+00    0.439007257435928841E+04   -0.432588372495241926E-03    0.739703916615462198E+00    0.798550482383095783E+01
    0.914601356489501027E+00    0.812293841349732038E+00    0.474618013033107127E+04   -0.589827028035209695E-03    0.546118023099657512E+00    0.798746349997404970E+01
    0.877197294289682739E+00    0.890521272482948989E+00    0.455684011975913199E+04   -0.385154300446016013E-03    0.685102222600764699E+00    0.800202523844748015E+01
    0.937785931757400659E+00    0.950755923010576987E+00    0.480867990589486544E+04   -0.905128204092833398E-03    0.744691789801629866E+00    0.802447902155334170E+01
    0.930635110479571814E+00    0.926729224231876980E+00    0.437624149428918736E+04    0.903030425130434930E-04    0.743007719330620597E+00    0.803445754898897313E+01
    0.953839875614030941E+00    0.874607008985709200E+00    0.496660023592515790E+04    0.168269338265915601E-03    0.683326037546830078E+00    0.803821425604013839E+01
    0.905730001979856425E+00    0.892426224855606187E+00    0.431870861639993200E+04   -0.227948702636505463E-03    0.686306863775141052E+00    0.807086411925105196E+01
    0.105293355393409449E+01    0.982467387797223646E+00    0.434484099059710115E+04   -0.384494819881352299E-03    0.670022122721882107E+00    0.807105230451584887E+01
    0.933923262495146234E+00    0.795339006098515822E+00    0.447048500712997429E+04   -0.507731535370251259E-03    0.512284442192324940E+00    0.807526136580367115E+01
    0.931810208346705360E+00    0.972548142726771925E+00    0.476455951370541061E+04   -0.381862592869885791E-03    0.688084530842556052E+00    0.813940937625291738E+01
    0.837623479609266419E+00    0.953870004417119555E+00    0.424939658072092698E+04    0.100440842686881854E-02    0.704437560831695508E+00    0.815940769511369091E+01
    0.899487051404431415E+00    0.840283080459997889E+00    0.456780203602827987E+04   -0.165319263358950161E-03    0.612281599943231392E+00    0.820353412532315751E+01
    0.943013625366596608E+00    0.967995410121627819E+00    0.468658187493377773E+04   -0.777881393523582469E-04    0.711468559783518639E+00    0.821157273841009250E+01
    0.924913079225601620E+00    0.894607467644073395E+00    0.452289895982340749E+04    0.597332958657465917E-03    0.690992257391606080E+00    0.821941316928805144E+01
    0.893721638868688939E+00    0.859696097420519667E+00    0.458872556870582594E+04   -0.114077569173686710E-03    0.646605650404533661E+00    0.822723369808280403E+01
    0.937516629888462294E+00    0.868294377102832415E+00    0.467569332187853342E+04    0.990167012657104065E-04    0.657445697488397540E+00    0.825516534248658296E+01
    0.971431772708562291E+00    0.887779240065880049E+00    0.470385553014569450E+04   -0.293102322276504691E-03    0.677872862315569868E+00    0.827444941888326291E+01
    0.990838700166194686E+00    0.907676271693059755E+00    0.419548009401666695E+04   -0.377710541644497890E-04    0.693226898061367391E+00    0.828516826645578419E+01
    0.888536187307279235E+00    0.859901162115393025E+00    0.481942393388761866E+04    0.256089781215601195E-03    0.671422537360470861E+00    0.829950755804056151E+01
    0.955332782393234714E+00    0.880449101103013665E+00    0.415057518000381515E+04   -0.257362766565099178E-03    0.671688675516025402E+00    0.830271388600867688E+01
    0.947684777877049855E+00    0.911991575680741184E+00    0.485999697479166662E+04    0.622119936846882377E-03    0.741070681247516072E+00    0.830351086002017880E+01
    0.100175974239678833E+01    0.975006812795594646E+00    0.453999681282207166E+04   -0.869952543787373754E-03    0.687539247597405367E+00    0.836876442177858060E+01
    0.997730234455340259E+00    0.813597421965155165E+00    0.461443526403083797E+04   -0.322314779020471318E-03    0.563118307324820044E+00    0.838756118969443953E+01
    0.857355035749480354E+00    0.831073785457647096E+00    0.433715988056340120E+04   -0.505977551742330762E-03    0.593939897875494061E+00    0.839252595280867020E+01
    0.983200029392983899E+00    0.936744917630561669E+00    0.442797130133217433E+04    0.152402631902394202E-03    0.745590370208209507E+00    0.839775884720164001E+01
    0.942740484501100928E+00    0.912459282871352140E+00    0.464819783658305914E+04   -0.254733362502690831E-03    0.717719631491232080E+00    0.842558302076834664E+01
    0.956061401813978362E+00    0.893210539161456762E+00    0.426997813709002185E+04   -0.692127221809741753E-03    0.698685774266397108E+00    0.843102490869681098E+01
    0.956075223823932396E+00    0.814379423952644288E+00    0.477659104587997535E+04   -0.243561001975164222E-03    0.576863407679469087E+00    0.847157016457037315E+01
    0.981148624089051347E+00    0.980202895456356638E+00    0.443379348370466869E+04   -0.526928565102600314E-03    0.684404876174922183E+00    0.847366973917860911E+01
    0.900870403786118379E+00    0.804339852137651468E+00    0.423920475506819639E+04   -0.668593792528628865E-03    0.534580375672501829E+00    0.854479974649072815E+01
    0.921199875543598612E+00    0.795558100730460627E+00    0.462212657758603018E+04   -0.902731019495884766E-03    0.518606254179170278E+00    0.854806699228115363E+01
    0.960216017332087945E+00    0.858307959609609039E+00    0.494879505574899576E+04   -0.478485374671822007E-03    0.675475974468591756E+00    0.855826680833856557E+01
    0.960692447770106206E+00    0.874917588203137253E+00    0.441644131782996556E+04   -0.105951802224134387E-03    0.681621081445753174E+00    0.855874257916061332E+01
    0.953662763962418891E+00    0.937443919517404356E+00    0.487629798954995658E+04   -0.516269969319838452E-03    0.736217091256100797E+00    0.858102934233065717E+01
    0.961388559826450106E+00    0.785314269029910972E+00    0.438334101499215922E+04   -0.362281000310734507E-03    0.507763512749499379E+00    0.858510402178856680E+01
    0.875998692197106243E+00    0.850546223483545138E+00    0.492762083225156584E+04   -0.367281577604741010E-03    0.653609201919949978E+00    0.858893280076014243E+01
    0.990291282009387652E+00    0.952012540659543438E+00    0.486231750162907429E+04    0.987100485072777605E-03    0.729803920625681668E+00    0.862739354331787744E+01
    0.856044359813143418E+00    0.831837091114478566E+00    0.455769763662925561E+04    0.100804253247252225E-02    0.599123090603806974E+00    0.865590090881018881E+01
    0.951241489095639881E+00    0.815295015276163770E+00    0.477694226576266283E+04    0.258664383092738103E-04    0.558979629083053542E+00    0.871257938563050516E+01
    0.919052365711460317E+00    0.850441842073177523E+00    0.453829364563862237E+04   -0.275795192605963796E-03    0.641351992181802055E+00    0.871412767029531565E+01
    0.100135491469463278E+01    0.903498293260659224E+00    0.437186684499171497E+04   -0.113287842776243962E-03    0.715423721308796834E+00    0.871594568118408297E+01
    0.979983807714465249E+00    0.923434713527018891E+00    0.430795876954873256E+04   -0.499408681670312658E-03    0.706379640929552188E+00    0.872274257851352530E+01
    0.986089598562893466E+00    0.931262841734843971E+00    0.479457634576804412E+04    0.356269867000336311E-03    0.731354600031560165E+00    0.872923980052741300E+01
    0.106422587581605299E+01    0.928141998076274066E+00    0.434292572443713198E+04    0.416767913851820567E-03    0.746227874639533661E+00    0.873983922528745438E+01
    0.880567186611277197E+00    0.802563341602604008E+00    0.477055830092659926E+04    0.647375680440806294E-03    0.534789027368068215E+00    0.878338698850937405E+01
    0.882553732451416884E+00    0.828724468131824432E+00    0.435563208620287060E+04    0.175115547231902228E-03    0.590820450577379641E+00    0.878855834537367819E+01
    0.907630517931084513E+00    0.830036854300452043E+00    0.499063144456829104E+04   -0.430343598538559938E-03    0.602366618370958840E+00    0.878971900266697759E+01
    0.973760133574059328E+00    0.960286685420801311E+00    0.473165590178193634E+04   -0.480712784968182307E-03    0.712945588029073707E+00    0.879857894713590305E+01
    0.919432693640430676E+00    0.903224305192821486E+00    0.462068670190779085E+04   -0.488876306486270133E-03    0.718909717105745028E+00    0.881561966274133368E+01
    0.103938881277582529E+01    0.949880007106293722E+00    0.437168144360819588E+04   -0.986327939488885509E-03    0.712757527335243002E+00    0.882697004066355717E+01
    0.891429266032289003E+00    0.770875802181570369E+00    0.420384157600327126E+04   -0.424872520132703096E-03    0.472975059709548562E+00    0.882899610879774599E+01
    0.895256132422741158E+00    0.808279382969157800E+00    0.472638001316411010E+04    0.103686282759678488E-02    0.544748444646099950E+00    0.882965357983611021E+01
    0.908652282046713888E+00    0.912329624034493469E+00    0.467815935449903554E+04    0.816496829760031352E-04    0.729616699806461932E+00    0.883622179813935915E+01
    0.986498373668253214E+00    0.910487710678303030E+00    0.409559454815953495E+04   -0.150660372187949918E-03    0.713292464810564297E+00    0.885787037771997987E+01
    0.994617178540630809E+00    0.992096921821696176E+00    0.477952525072372646E+04   -0.273655084009873312E-03    0.708877250038930096E+00    0.886180457320705983E+01
    0.965728569800257231E+00    0.922845051367663705E+00    0.472354490714519943E+04   -0.497009114230091719E-03    0.735534423944630644E+00    0.889690171042037292E+01
    0.991425911189093068E+00    0.916563983512874603E+00    0.482676704306401098E+04   -0.283297226335231761E-03    0.704784570052657156E+00    0.890101872089717006E+01
    0.101228934447305896E+01    0.936783334915140431E+00    0.408093432060630221E+04    0.260975485261242147E-03    0.716698707328404683E+00    0.892426827754837859E+01
    0.100070511221613101E+01    0.941244581842218486E+00    0.487222271265500967E+04    0.232139583729984103E-03    0.705510753912722333E+00    0.893279188739688301E+01
    0.922755076405061936E+00    0.937715772585322238E+00    0.443972609104763069E+04   -0.167014100393487032E-03    0.727249232380494881E+00    0.895395393371545190E+01
    0.973035717271315548E+00    0.934024035077075210E+00    0.430775841605308688E+04   -0.563097955601737070E-04    0.710251598329253664E+00    0.896266682152709393E+01
    0.101095800415173565E+01    0.914517822430084060E+00    0.496022325450010703E+04    0.179809549714598967E-03    0.722152848226398580E+00    0.896308023110447927E+01
    0.960296009264410722E+00    0.983479214296530735E+00    0.479663203114148200E+04    0.110239672537680954E-03    0.697338490729474403E+00    0.896847070964787285E+01
    0.918398550617984255E+00    0.868255572292333522E+00    0.428405911548928179E+04    0.144900396434710280E-03    0.661617930281255262E+00    0.899231666676656793E+01
    0.949331966449926568E+00    0.972030869523891616E+00    0.439128279327500877E+04    0.303844375860280670E-03    0.721931225778624230E+00    0.900598871873181750E+01
    0.988797502655877847E+00    0.964567049542654043E+00    0.461845102673340807E+04   -0.715620596302362993E-04    0.705848884658493936E+00    0.905717602092182972E+01
    0.903583768789348762E+00    0.830599445405401315E+00    0.471047742692704196E+04    0.101960988614441429E-03    0.586249458309793026E+00    0.906034614782844727E+01
    0.100163178984409362E+01    0.968138822103752350E+00    0.424332242956072332E+04    0.166213386327770571E-03    0.711370377727775227E+00    0.906742736477889011E+01
    0.101323495389304030E+01    0.971212000013824350E+00    0.473943546889712252E+04   -0.490877546830720702E-03    0.700549545249764316E+00    0.907524804028768983E+01
    0.885196108500333256E+00    0.891318853726950078E+00    0.480959096003641116E+04    0.521452708992821965E-03    0.694718724380127384E+00    0.910454332734878236E+01
    0.103091185632602156E+01    0.987745598894262167E+00    0.474284130002554684E+04   -0.930145600293765602E-03    0.717787805538456225E+00    0.911066644534823489E+01
    0.993602432591787377E+00    0.913535047199333428E+00    0.440843020014565354E+04    0.512506969119559859E-04    0.734060939447897631E+00    0.913474528667465435E+01
    0.105365644158670624E+01    0.968058562750804819E+00    0.475189394935669861E+04    0.594981061404850349E-03    0.724949702802319296E+00    0.914401717274537518E+01
    0.998782738769535938E+00    0.911451645433642987E+00    0.494536556603531790E+04    0.183274521634900457E-03    0.712022930651648345E+00    0.916012636228185784E+01
    0.886253229013693966E+00    0.891464912065628168E+00    0.491898532546312617E+04    0.618510740987376884E-03    0.690104640111015577E+00    0.917124416148406496E+01
    0.996992790327942302E+00    0.911221463239695217E+00    0.497855082323352690E+04   -0.604067420084380383E-03    0.702048394218729888E+00    0.917555227934220952E+01
    0.100309187807662403E+01    0.919802830927619275E+00    0.414123545635484516E+04   -0.388692299122241406E-03    0.737489766465796004E+00    0.920009780016094325E+01
    0.970386346626995300E+00    0.923963613098017778E+00    0.494710112811376712E+04    0.210575261882561951E-03    0.746226163996783987E+00    0.920890120175995008E+01
    0.927491103516613458E+00    0.953542696899938313E+00    0.478797275971739782E+04   -0.341577319827239155E-03    0.729591539085378660E+00    0.921058546046789672E+01
    0.103118656813635012E+01    0.992867753243102280E+00    0.456807201880652883E+04   -0.319039767762663957E-03    0.672509661957112148E+00    0.923026169389169482E+01
    0.107019246309557459E+01    0.997577331095972353E+00    0.420153277032197002E+04   -0.809284010032936137E-03    0.681092351713441513E+00    0.923303117016134678E+01
    0.101102111554781593E+01    0.961812852610406943E+00    0.459042874088572626E+04    0.309082373607597516E-03    0.736450735228150632E+00    0.924482020328372833E+01
    0.101241104012494265E+01    0.931239013040142227E+00    0.494025546423937521E+04   -0.693216494137270786E-03    0.713188743004325332E+00    0.925163951625563996E+01
    0.990003621685293544E+00    0.934648867194342592E+00    0.427176447362187810E+04    0.388543513174430721E-03    0.742063071657523166E+00    0.925616765731760438E+01
    0.990003621685293544E+00    0.934648867194342592E+00    0.427176447362187810E+04    0.388543513174430721E-03    0.742063071657523166E+00    0.925616765731760438E+01
    0.100756824688179103E+01    0.993231410769695455E+00    0.484613912048143084E+04   -0.150880195644651405E-03    0.704906449111570632E+00    0.927857606237897592E+01
    0.991485560852909398E+00    0.918165599977917579E+00    0.454050654999505514E+04    0.960110728790371497E-03    0.720723856520102513E+00    0.928338719986412464E+01
    0.969043027917749655E+00    0.928181249918652918E+00    0.460285959540641397E+04    0.350991333980521286E-03    0.736485703412537274E+00    0.931859448025248049E+01
    0.969043027917749655E+00    0.928181249918652918E+00    0.460285959540641397E+04    0.350991333980521286E-03    0.736485703412537274E+00    0.931859448025248049E+01
    0.905962514836969435E+00    0.770013959422971905E+00    0.467783999403655707E+04   -0.947701445026199416E-04    0.476881344193324008E+00    0.933057525136826627E+01
    0.896292764176175094E+00    0.796179266442196498E+00    0.445930822258407625E+04   -0.608538036693101947E-03    0.517416988242542675E+00    0.933997923265211050E+01
    0.952887063193387118E+00    0.947032152712254049E+00    0.479640280459011501E+04    0.501534989921496960E-04    0.706785913444663461E+00    0.934055599076731724E+01
    0.864142791287947798E+00    0.840153045989216363E+00    0.483090223492320911E+04    0.516037905710262546E-03    0.616211656319466505E+00    0.934932700023497354E+01
    0.107411056953821693E+01    0.993258608416790478E+00    0.402396597017038130E+04   -0.966225164648911827E-04    0.697847461076916420E+00    0.935389893416599172E+01
    0.980819136409905146E+00    0.957623510463408878E+00    0.486762040168674866E+04   -0.124932447107511458E-03    0.732625679364891980E+00    0.936095865655240189E+01
    0.922794637143117713E+00    0.887551640293630761E+00    0.424456272428613102E+04    0.245790947812686859E-03    0.703443435320331156E+00    0.936314277868680378E+01
    0.963272418230832539E+00    0.968478525505947041E+00    0.491704679855798076E+04   -0.295461607386907001E-03    0.720064010865746895E+00    0.936497061711889955E+01
    0.102067550034540577E+01    0.930954107290541399E+00    0.456400635118210084E+04   -0.293656022757338327E-03    0.712805152024759581E+00    0.938905140301681840E+01
    0.946587263175082461E+00    0.931441763161346525E+00    0.407364175472566967E+04    0.370903342680188976E-03    0.722250182493960113E+00    0.939371076527411297E+01
    0.947463604653413394E+00    0.876059397999168876E+00    0.432292845754152040E+04    0.171255185389279082E-03    0.684771359853171280E+00    0.941252658940654641E+01
    0.967437744556774670E+00    0.946843162941745864E+00    0.429870428311575506E+04    0.153032380855230106E-03    0.725769819599984656E+00    0.941647775215395910E+01
    0.936631954622690110E+00    0.961160997336412137E+00    0.479016505120730926E+04    0.586663087524768836E-04    0.733055526844178518E+00    0.941850602327802022E+01
    0.103263751027237638E+01    0.978345827162914627E+00    0.497886005757783823E+04   -0.931981431865681041E-03    0.724402667988584992E+00    0.942105092855046067E+01
    0.931077688937873682E+00    0.928936169712287207E+00    0.435237381060814187E+04    0.991276179096073828E-03    0.717107854676054979E+00    0.944718371313491367E+01
    0.104049274194519037E+01    0.962849792151520556E+00    0.399394569613362637E+04   -0.331619372139995330E-04    0.701055939903700964E+00    0.944922302965276373E+01
    0.930944672716311095E+00    0.922668700015485288E+00    0.414954041363323176E+04    0.444931470347963945E-03    0.725554585448941358E+00    0.945301968530097803E+01
    0.918353738877905279E+00    0.940760930205955637E+00    0.490641264775058153E+04    0.619400443510442875E-03    0.725889382326066923E+00    0.945792667462613146E+01
    0.101556592601717255E+01    0.995603344995489192E+00    0.487728022536400567E+04   -0.505209926668537322E-03    0.703991389203173612E+00    0.947945852957265167E+01
    0.949729464164808856E+00    0.887165618572796744E+00    0.485923931962450843E+04   -0.429855806993804433E-04    0.686721285142229632E+00    0.949985163587247783E+01
    0.962690932761262497E+00    0.911733774976656308E+00    0.473205289944278047E+04    0.546030674214494104E-03    0.739133317293389158E+00    0.950045179780427951E+01
    0.988704273840968040E+00    0.863942818622556397E+00    0.494362485444114009E+04   -0.364114614585003241E-03    0.679147770497484649E+00    0.950076714345535933E+01
    0.945091641586036757E+00    0.803768256110225066E+00    0.440408789255122610E+04   -0.336335719368793156E-03    0.545671036306064283E+00    0.953646248967082499E+01
    0.948965409968835161E+00    0.927047876329475051E+00    0.442000560591398971E+04   -0.369330860618046625E-03    0.708020652816916174E+00    0.954161112644824527E+01
    0.986697494862715407E+00    0.884310525182038232E+00    0.452684276458038948E+04   -0.375824679150722448E-03    0.680679612100389408E+00    0.955480329028544872E+01
    0.942164250798075753E+00    0.868763113536343501E+00    0.483730030252973575E+04   -0.282920476059357606E-03    0.688644436264086224E+00    0.956298560052835001E+01
    0.939984643089217586E+00    0.992047645879283402E+00    0.446356461503466380E+04    0.180199278880033027E-03    0.706509246228767429E+00    0.958247108488162880E+01
    0.932144736195624546E+00    0.982976039214390029E+00    0.453576579302979462E+04   -0.812587814266770822E-04    0.701943686580048798E+00    0.959042450461400264E+01
    0.887449482464439554E+00    0.913472102988629686E+00    0.493157778637199954E+04    0.109688790869076343E-02    0.732499855336176342E+00    0.959861909552649095E+01
    0.898476273335923059E+00    0.916820981381804789E+00    0.481130125067352674E+04    0.987892920215605302E-03    0.718492377386152570E+00    0.960179220017756307E+01
    0.965774428804279328E+00    0.970305426109634883E+00    0.467692152496118979E+04   -0.439069373177320798E-03    0.701686161257403018E+00    0.964879732843987981E+01
    0.904176450516697150E+00    0.876193553957161586E+00    0.456319103193276715E+04   -0.511593198445554334E-03    0.691831977686947264E+00    0.965179761602074038E+01
    0.961400211567689178E+00    0.924026822674242410E+00    0.451110287998236981E+04    0.602200068602312959E-03    0.726774620066128474E+00    0.965784901737355561E+01
    0.961400211567689178E+00    0.924026822674242410E+00    0.451110287998236981E+04    0.602200068602312959E-03    0.726774620066128474E+00    0.965784901737355561E+01
    0.953119253714031389E+00    0.845086158789887687E+00    0.483940909281409313E+04   -0.381432139732955800E-03    0.633552545206846895E+00    0.967005511302041576E+01
    0.982553400619094797E+00    0.896057596479010288E+00    0.494964397787894814E+04   -0.519733916454544068E-03    0.729436290165788259E+00    0.968152276010850343E+01
    0.944717239057788594E+00    0.844401337430128462E+00    0.479467299252160137E+04   -0.231526473851635304E-03    0.638943171313558045E+00    0.968821025934556346E+01
    0.909620417228775513E+00    0.883968978292681506E+00    0.482021513401846005E+04    0.159266568362799617E-03    0.701178824975241310E+00    0.970395695587946427E+01
    0.989087165547988478E+00    0.964272498247888188E+00    0.478071690555962414E+04   -0.312792379961372962E-03    0.709452423202081683E+00    0.971056496300225724E+01
    0.897916424207719888E+00    0.824495554625245708E+00    0.443832801838769592E+04    0.302902001538137098E-03    0.589019957090769708E+00    0.971210171886115958E+01
    0.100856240390175556E+01    0.972261141087229719E+00    0.489986299898394191E+04   -0.611589492756105940E-03    0.727845357497284740E+00    0.971841268818355353E+01
    0.963802092649468034E+00    0.847360345781602353E+00    0.455380724524752986E+04   -0.123070384578390318E-03    0.634398779382386979E+00    0.974687513250864335E+01
    0.992977664578970964E+00    0.919530928300110850E+00    0.421762067212738748E+04    0.148839865872258797E-03    0.727054555949671721E+00    0.975206322421328409E+01
    0.992977664578970964E+00    0.919530928300110850E+00    0.421762067212738748E+04    0.148839865872258797E-03    0.727054555949671721E+00    0.975206322421328409E+01
    0.946698654163102171E+00    0.955176633520557816E+00    0.465598312159230136E+04    0.552971698478180109E-03    0.706679216860397141E+00    0.976716642561576087E+01
    0.946698654163102171E+00    0.955176633520557816E+00    0.465598312159230136E+04    0.552971698478180109E-03    0.706679216860397141E+00    0.976716642561576087E+01
    0.914498759256923033E+00    0.797903141620111334E+00    0.475502448999752505E+04    0.208789655003737416E-04    0.524321241146321948E+00    0.977426384413701044E+01
    0.914498759256923033E+00    0.797903141620111334E+00    0.475502448999752505E+04    0.208789655003737416E-04    0.524321241146321948E+00    0.977426384413701044E+01
    0.927448242294368175E+00    0.961606102100242111E+00    0.456370356808519409E+04   -0.219035173511892103E-03    0.713871722092275673E+00    0.979146954928695834E+01
    0.991197313147966552E+00    0.841766704545479083E+00    0.486938278444796015E+04    0.206486869320024680E-05    0.610461005166224036E+00    0.980998769420665440E+01
    0.932750055437995496E+00    0.944853542908003496E+00    0.492454525160878893E+04   -0.103866584355019354E-03    0.716653333500838707E+00    0.981203327243500034E+01
    0.101044811158503589E+01    0.958958163930845542E+00    0.421784390038092988E+04   -0.132144022340769724E-03    0.707289871542528870E+00    0.981338470640121407E+01
    0.960213045691615585E+00    0.838609009265646743E+00    0.495792220779736999E+04   -0.636968741604399110E-04    0.628831714690389565E+00    0.982448269267590746E+01
    0.887837477481489890E+00    0.811074249688285454E+00    0.460589603350469042E+04    0.102848404939046229E-02    0.559025771441288288E+00    0.982659711519892554E+01
    0.941626812941095070E+00    0.902480087951963772E+00    0.450311630576921198E+04   -0.364008380641674188E-03    0.725149671094457715E+00    0.983674274259000114E+01
    0.924904848719643291E+00    0.909395892474354262E+00    0.444944615745922056E+04    0.414746873675595048E-03    0.706839559856667687E+00    0.983856741552779113E+01
    0.943645833209971308E+00    0.945459080960583398E+00    0.448456510247995539E+04   -0.364679217726769579E-03    0.736120439494643564E+00    0.984174447548539177E+01
    0.100973570586680705E+01    0.931936130426535447E+00    0.452649947633768898E+04   -0.299624755851652606E-03    0.710956024238146189E+00    0.985926837813441104E+01
    0.100973570586680705E+01    0.931936130426535447E+00    0.452649947633768898E+04   -0.299624755851652606E-03    0.710956024238146189E+00    0.985926837813441104E+01
    0.950110714651738353E+00    0.950485280998734305E+00    0.455454714330265233E+04   -0.114070083082538367E-02    0.720975778237022968E+00    0.986057295251016086E+01
    0.104832788360037044E+01    0.873121133614839562E+00    0.471643363957961174E+04   -0.245073364049508153E-03    0.676962684550085569E+00    0.986069957745815628E+01
    0.935199554770677843E+00    0.896434411564122291E+00    0.493744970062362790E+04   -0.185891230896776375E-03    0.724718851128689279E+00    0.986103735955520655E+01
    0.997958721443168328E+00    0.944944248185288771E+00    0.484148432362334916E+04   -0.597586056539202459E-03    0.712231684348044181E+00    0.986436640444807367E+01
    0.943476257737553503E+00    0.982199067161749539E+00    0.437688289334829278E+04   -0.116901137232881049E-03    0.708462647609399698E+00    0.986843388309991454E+01
    0.963800059158392619E+00    0.965063341097475491E+00    0.478635252593920177E+04   -0.349378542744537221E-04    0.710453530130136013E+00    0.990184041263626646E+01
    0.105109396323424065E+01    0.922209809545410764E+00    0.458928191976781818E+04   -0.384836854279900021E-03    0.721907847756937393E+00    0.990975201716689824E+01
    0.932390118181781968E+00    0.936837476207766473E+00    0.454790715007196468E+04    0.140267159393020393E-03    0.718984206242910262E+00    0.992740748061286027E+01
    0.963450450394520264E+00    0.863874730172424332E+00    0.466283563987090383E+04   -0.118532947439470366E-03    0.671192508214537797E+00    0.993264652351254895E+01
    0.940315266716723164E+00    0.932060215344600929E+00    0.455923294737726610E+04   -0.885381622804373773E-04    0.735159781668807355E+00    0.993469351551907565E+01
    0.928536914929122048E+00    0.913419912516119981E+00    0.452139044539737552E+04    0.270808939348969092E-03    0.708786210562358132E+00    0.993862931397660532E+01
    0.103083181407639324E+01    0.956899259148923820E+00    0.464961133477322619E+04   -0.112933089498596181E-03    0.727615970422661462E+00    0.994159388140611000E+01
    0.103083181407639324E+01    0.956899259148923820E+00    0.464961133477322619E+04   -0.112933089498596181E-03    0.727615970422661462E+00    0.994159388140611000E+01
    0.980605308845764467E+00    0.966114520804819188E+00    0.441624010473044927E+04    0.469915400468938341E-03    0.717139656545598081E+00    0.995201417685069600E+01
    0.980605308845764467E+00    0.966114520804819188E+00    0.441624010473044927E+04    0.469915400468938341E-03    0.717139656545598081E+00    0.995201417685069600E+01
    0.974178645220834416E+00    0.967364296961785386E+00    0.424841568325360367E+04   -0.857601985865173532E-04    0.703347504837053439E+00    0.995962480951289386E+01
    0.100586414212826103E+01    0.920974675210609828E+00    0.479929008617829186E+04   -0.520571451029045655E-03    0.740643583868701993E+00    0.997125117919301829E+01
    0.100586414212826103E+01    0.920974675210609828E+00    0.479929008617829186E+04   -0.520571451029045655E-03    0.740643583868701993E+00    0.997125117919301829E+01
    0.103180449961689691E+01    0.994035692752503808E+00    0.408037245165868899E+04   -0.252206593609463983E-03    0.680007975617920923E+00    0.997724736535872125E+01
    0.914126155020572262E+00    0.973918163872785070E+00    0.482362621955755367E+04   -0.247860017222188602E-03    0.718678212223619606E+00    0.999709211922773910E+01
    0.912527694106100240E+00    0.908204754824312843E+00    0.446066174510986093E+04    0.101425259601110353E-02    0.715843019522376056E+00    0.100181661185065725E+02
    0.974722646929644054E+00    0.900734681401330284E+00    0.484100948526652519E+04   -0.311905303067798792E-03    0.710211374508661120E+00    0.100357339884529431E+02
    0.966218674295143520E+00    0.956516101529239382E+00    0.488801379916132373E+04   -0.630211777715404271E-04    0.711603683690646083E+00    0.100365675575984312E+02
    0.925727443092671409E+00    0.877169423166165196E+00    0.466531446544921528E+04   -0.104402110895422911E-03    0.683766944580578295E+00    0.100549705553902662E+02
    0.947489347473972510E+00    0.932127202086763362E+00    0.496321999726658305E+04   -0.514799049126508446E-03    0.715163460422550079E+00    0.100567145045725308E+02
    0.999618507214979912E+00    0.956056902783676832E+00    0.450243466303162040E+04   -0.303339143776562125E-03    0.711918382764272772E+00    0.100570875956590289E+02
    0.951197332578045507E+00    0.938819031442346241E+00    0.448512477501904777E+04    0.368559661699238499E-03    0.729286382871080718E+00    0.100630272097130060E+02
    0.937701210490530013E+00    0.949888777228704018E+00    0.460136311325135284E+04    0.143530929623301060E-04    0.724602032277175567E+00    0.100774925447879724E+02
    0.936653089948249251E+00    0.942504899461784063E+00    0.476180160588609579E+04    0.415254012349562771E-04    0.725189625397229642E+00    0.100835222247394114E+02
    0.914834890445379578E+00    0.880954183138405345E+00    0.499342262788955759E+04   -0.160644201525999056E-03    0.692052503638676764E+00    0.100931616096269288E+02
    0.914834890445379578E+00    0.880954183138405345E+00    0.499342262788955759E+04   -0.160644201525999056E-03    0.692052503638676764E+00    0.100931616096269288E+02
    0.935861581339699544E+00    0.866320263804155277E+00    0.471244033606986795E+04    0.174999703385830466E-03    0.671784423675571674E+00    0.100951833944379263E+02
    0.961964077819060903E+00    0.913966922651476166E+00    0.488809760909574743E+04   -0.370988772274613771E-03    0.705195634147394723E+00    0.100989309160818319E+02
    0.957003087438141775E+00    0.948492975485663581E+00    0.493830817028280671E+04    0.118113863661022524E-02    0.720232568675810869E+00    0.101004030149569068E+02
    0.997935684521310096E+00    0.898432394368740117E+00    0.481524144818383138E+04    0.165772296505826115E-03    0.729229122740573499E+00    0.101006697482891159E+02
    0.997935684521310096E+00    0.898432394368740117E+00    0.481524144818383138E+04    0.165772296505826115E-03    0.729229122740573499E+00    0.101006697482891159E+02
    0.938621824091167900E+00    0.966862050805335715E+00    0.452120381363069009E+04    0.478383821796094151E-03    0.719646127712698425E+00    0.101161590622636304E+02
    0.965159043532526573E+00    0.973909038695781493E+00    0.496336833035838936E+04   -0.818015593014831855E-03    0.713863814524213214E+00    0.101181451927056383E+02
    0.907572637088605250E+00    0.923458754128797410E+00    0.486619763561541367E+04   -0.305455839392516481E-04    0.722748276478851315E+00    0.101188357752826228E+02
    0.954739176353340158E+00    0.958054020065595591E+00    0.496328983169815365E+04   -0.497864194460443180E-03    0.726396560688870929E+00    0.101281921321948136E+02
    0.999874344799044801E+00    0.879162102061474049E+00    0.491198583317470184E+04   -0.447016087128632492E-03    0.681177390748998413E+00    0.101318223393133771E+02
    0.997199102707165386E+00    0.976031179692909867E+00    0.485538743572956901E+04   -0.175658333026031750E-03    0.701185203871367180E+00    0.101365710538827525E+02
    0.968322210946761963E+00    0.877872904978779900E+00    0.494736588612951891E+04   -0.607493585489899692E-03    0.678836356397422569E+00    0.101574118210270434E+02
    0.988046090685404055E+00    0.973180873934466839E+00    0.454934909220641930E+04   -0.112508800698930391E-03    0.695069256813080405E+00    0.101578019098879189E+02
    0.906578844323815969E+00    0.820779453591387598E+00    0.475713224576611537E+04   -0.237980412588795399E-03    0.571742199723630939E+00    0.101728983018475159E+02
    0.906578844323815969E+00    0.820779453591387598E+00    0.475713224576611537E+04   -0.237980412588795399E-03    0.571742199723630939E+00    0.101728983018475159E+02
    0.991682806501225311E+00    0.971136593684958749E+00    0.482851778792849382E+04   -0.109102341506136743E-02    0.724626704166744906E+00    0.101746606511916440E+02
    0.926864987127509421E+00    0.880396373160473922E+00    0.464409007838836260E+04   -0.188590499002574133E-03    0.698215143636062185E+00    0.101765693384859048E+02
    0.946378808233012903E+00    0.936750642679284429E+00    0.457310044698162983E+04    0.152920817577277790E-03    0.717172056373590827E+00    0.101985637216021665E+02
    0.102495244447356160E+01    0.934147934269916713E+00    0.479813404192797861E+04   -0.469385644109129971E-03    0.732479978121786002E+00    0.102015285809473504E+02
    0.100926700083552467E+01    0.972505174830488262E+00    0.476552694179906212E+04   -0.294388272768123112E-03    0.707037548432239094E+00    0.102082477488784136E+02
    0.978491643119802856E+00    0.912991006199849076E+00    0.463154537054547473E+04    0.545511407924121594E-04    0.729273902343992031E+00    0.102118568901004743E+02
    0.967534924663478901E+00    0.970753792454529640E+00    0.485817751178655544E+04   -0.231722018675319010E-03    0.705689471922527178E+00    0.102186417956095852E+02
    0.967534924663478901E+00    0.970753792454529640E+00    0.485817751178655544E+04   -0.231722018675319010E-03    0.705689471922527178E+00    0.102186417956095852E+02
    0.937883140198759513E+00    0.966031137438723375E+00    0.454186182782864034E+04    0.150818284109871498E-03    0.710273438243013588E+00    0.102193122211783631E+02
    0.937883140198759513E+00    0.966031137438723375E+00    0.454186182782864034E+04    0.150818284109871498E-03    0.710273438243013588E+00    0.102193122211783631E+02
    0.958591399781940190E+00    0.940349264262023699E+00    0.450636032548666390E+04   -0.398293364829658159E-03    0.716360980606900011E+00    0.102220721109454065E+02
    0.965172055760215919E+00    0.859617394197572326E+00    0.475563900225031830E+04   -0.103377478911542852E-03    0.657627992437041176E+00    0.102284191935721669E+02
    0.975459582872774678E+00    0.916546647772908063E+00    0.484059937279779933E+04    0.100246692673273746E-02    0.712257660672028781E+00    0.102289962062780280E+02
    0.100596843529808000E+01    0.945370879264542996E+00    0.473378286468893475E+04   -0.220378828903237305E-03    0.730385616482471134E+00    0.102383611257434488E+02
    0.991477957823703626E+00    0.977702709007528425E+00    0.460241315214106362E+04   -0.224971617782390455E-03    0.717101381293656859E+00    0.102559488605398776E+02
    0.991477957823703626E+00    0.977702709007528425E+00    0.460241315214106362E+04   -0.224971617782390455E-03    0.717101381293656859E+00    0.102559488605398776E+02
    0.954744943250083855E+00    0.972895300015521047E+00    0.492510949560427798E+04   -0.282403981874694207E-03    0.708942091146625541E+00    0.102646244884579509E+02
    0.980497522541411648E+00    0.977438158163827064E+00    0.482552125532323589E+04   -0.417671044309778875E-03    0.717577369253267650E+00    0.102724365863506684E+02
    0.980497522541411648E+00    0.977438158163827064E+00    0.482552125532323589E+04   -0.417671044309778875E-03    0.717577369253267650E+00    0.102724365863506684E+02
    0.101220398764096320E+01    0.978056558940011644E+00    0.464773947610420237E+04   -0.276734421862508085E-03    0.705681979215209365E+00    0.102782108474375438E+02
    0.100443524920720173E+01    0.972126268512895186E+00    0.461575117470103851E+04   -0.752570048452808754E-04    0.720212652413867671E+00    0.102885083099524337E+02
    0.962997335702638346E+00    0.910650674972529717E+00    0.483614881916554532E+04   -0.535031825754618703E-03    0.737306206433033795E+00    0.102903900241737194E+02
    0.948420969395301516E+00    0.908338275040165066E+00    0.426331665257588247E+04   -0.281858029978591614E-03    0.724380712758324496E+00    0.103322629857571364E+02
    0.948420969395301516E+00    0.908338275040165066E+00    0.426331665257588247E+04   -0.281858029978591614E-03    0.724380712758324496E+00    0.103322629857571364E+02
    0.985942081506283152E+00    0.948965184159000330E+00    0.473269733745871599E+04    0.442337408097652788E-04    0.737924242565458521E+00    0.103333549351147909E+02
    0.972727375273514050E+00    0.910493501913750780E+00    0.473662881294878298E+04   -0.141101258740185340E-03    0.734653526132987178E+00    0.103435027297812319E+02
    0.973406059510252719E+00    0.866102315395987143E+00    0.495110272701664599E+04   -0.297137224374453260E-03    0.668187646563505488E+00    0.103466282250783799E+02
    0.973406059510252719E+00    0.866102315395987143E+00    0.495110272701664599E+04   -0.297137224374453260E-03    0.668187646563505488E+00    0.103466282250783799E+02
    0.913076669318923728E+00    0.833754153382545438E+00    0.475872444392441957E+04   -0.117178935681954587E-03    0.596800341359939979E+00    0.103487843661657024E+02
    0.913076669318923728E+00    0.833754153382545438E+00    0.475872444392441957E+04   -0.117178935681954587E-03    0.596800341359939979E+00    0.103487843661657024E+02
    0.971347653764517260E+00    0.931395612010420870E+00    0.455028251840963821E+04   -0.263333422336866632E-03    0.718700512811842440E+00    0.103505550064738436E+02
    0.985878085614213862E+00    0.895220648707611533E+00    0.498371864656879643E+04   -0.190602664537339628E-03    0.699581214504952476E+00    0.103566191400330787E+02
    0.973298370436917359E+00    0.891554941657758393E+00    0.479903224473808859E+04    0.365121954379468185E-03    0.714602336501903523E+00    0.103673225399375966E+02
    0.102069996951903486E+01    0.938087178686069278E+00    0.418941668977981317E+04    0.231599852157476341E-04    0.720430901110986732E+00    0.103683995535640676E+02
    0.944125821286696976E+00    0.900669127696843375E+00    0.469393586186202992E+04   -0.447072286522615277E-03    0.715185915737770128E+00    0.103739728347313545E+02
    0.986948857120511835E+00    0.927518109685927072E+00    0.442540759778382835E+04   -0.774809449417985114E-04    0.727811375588117926E+00    0.103742555235825691E+02
    0.100156549488028124E+01    0.906282512952632624E+00    0.487141350056211468E+04   -0.307827860313629248E-03    0.716796366464420021E+00    0.104109961342993032E+02
    0.964352192625394733E+00    0.867282708540501268E+00    0.484670666895379873E+04   -0.118985802975817470E-03    0.666301095341034433E+00    0.104142462992959395E+02
    0.964352192625394733E+00    0.867282708540501268E+00    0.484670666895379873E+04   -0.118985802975817470E-03    0.666301095341034433E+00    0.104142462992959395E+02
    0.939167936598416797E+00    0.877387524920244855E+00    0.482562679553502403E+04   -0.410092237639371278E-04    0.689019050514592224E+00    0.104152368166533904E+02
    0.100055496037374381E+01    0.924830304856899099E+00    0.498269179849049669E+04   -0.159129783812464139E-03    0.739745111745644390E+00    0.104203077520205412E+02
    0.100055496037374381E+01    0.924830304856899099E+00    0.498269179849049669E+04   -0.159129783812464139E-03    0.739745111745644390E+00    0.104203077520205412E+02
    0.992418909940341099E+00    0.929886257040445807E+00    0.493176565238223066E+04   -0.549386861511426733E-04    0.736861404754073246E+00    0.104282195864426761E+02
    0.100009446885049469E+01    0.900103861314495712E+00    0.449178590160153999E+04   -0.435978035841684119E-03    0.721495122553675428E+00    0.104306546158194600E+02
    0.975131004956124148E+00    0.910699739175283018E+00    0.470397711042999163E+04    0.464612641247387102E-04    0.713153478789694484E+00    0.104348272651737517E+02
    0.920224644855976992E+00    0.944928508761776254E+00    0.486696688648051713E+04   -0.237389555016728309E-03    0.728183532582982185E+00    0.104356128227115565E+02
    0.923715851614302808E+00    0.877115751787266751E+00    0.444787855815564399E+04   -0.599605577119105451E-03    0.680309630488802553E+00    0.104367312424965650E+02
    0.923715851614302808E+00    0.877115751787266751E+00    0.444787855815564399E+04   -0.599605577119105451E-03    0.680309630488802553E+00    0.104367312424965650E+02
    0.979960841667017801E+00    0.970718233991283430E+00    0.489876656706423455E+04   -0.284126254274593077E-03    0.716562326289952423E+00    0.104537765206296207E+02
    0.101335695494497435E+01    0.932094154909978823E+00    0.412631621212657683E+04   -0.853523759470547154E-05    0.731534066134577943E+00    0.104538175075067468E+02
    0.980997284973234684E+00    0.942307501667997593E+00    0.475813820262331592E+04   -0.107370283193263666E-02    0.745629610948250421E+00    0.104559158728568864E+02
    0.931161901393535829E+00    0.970485486781211715E+00    0.491886133057802454E+04   -0.400716326413335018E-03    0.703944634737179498E+00    0.104772573957678397E+02
    0.945880737220563761E+00    0.957377843718412280E+00    0.476129901516810605E+04   -0.277852949205066580E-03    0.711771028528986771E+00    0.104846587919601291E+02
    0.961377673427760482E+00    0.924688009456762883E+00    0.465131747346478278E+04   -0.380583735639292739E-03    0.724735799731400232E+00    0.104854729145902841E+02
    0.953429449092916381E+00    0.831996348634844618E+00    0.486253759636840823E+04   -0.105087718677221404E-03    0.603717004407855251E+00    0.104871393302513685E+02
    0.975409620392403420E+00    0.953105304394063602E+00    0.494743406529225922E+04    0.320640047073050664E-03    0.734540480483066527E+00    0.104933848514988242E+02
    0.927752258026421694E+00    0.975500065611214828E+00    0.448993686191242978E+04   -0.388461825551645159E-03    0.702229984389608375E+00    0.104950345065019803E+02
    0.981912777324675523E+00    0.927277595751500372E+00    0.496698312902041471E+04   -0.104455065946643778E-03    0.725585475517544376E+00    0.104972370649649278E+02
    0.100183011388038024E+01    0.935591350051281689E+00    0.444165670845466502E+04   -0.276820407812177415E-03    0.726232607417949594E+00    0.104981985111056026E+02
    0.100183011388038024E+01    0.935591350051281689E+00    0.444165670845466502E+04   -0.276820407812177415E-03    0.726232607417949594E+00    0.104981985111056026E+02
    0.101759926756193941E+01    0.893812111493370365E+00    0.454015575145691491E+04   -0.848896979379189535E-03    0.702756513301300623E+00    0.105005972269093153E+02
    0.101759926756193941E+01    0.893812111493370365E+00    0.454015575145691491E+04   -0.848896979379189535E-03    0.702756513301300623E+00    0.105005972269093153E+02
    0.107201514586329560E+01    0.987874278200127298E+00    0.452765615565839562E+04   -0.441982058095457154E-03    0.707148961183174496E+00    0.105028201110310313E+02
    0.939554260591318080E+00    0.976561093912393319E+00    0.449854637407861992E+04   -0.271809618095628634E-03    0.716382095541110431E+00    0.105050004763758711E+02
    0.102159077073266391E+01    0.921159144474584246E+00    0.497773050618733942E+04   -0.894068603822561971E-03    0.741997653364652621E+00    0.105055479796813067E+02
    0.913540028593603282E+00    0.920198168619775214E+00    0.480958288932156483E+04   -0.230367837246004309E-03    0.730711359421419071E+00    0.105105295816355149E+02
    0.100316373132499526E+01    0.938036827907370307E+00    0.494651365010254995E+04   -0.862521943900298625E-03    0.736966404126037311E+00    0.105296108586666293E+02
    0.910688255920238277E+00    0.815743553114850695E+00    0.478441016329002014E+04   -0.334265937454304002E-03    0.571555351840489334E+00    0.105365812739271814E+02
    0.932716322794055253E+00    0.904990765838386113E+00    0.479552121156763315E+04    0.265137625747994036E-03    0.726906752521244148E+00    0.105381307726690636E+02
    0.103160225921940341E+01    0.948708032407396096E+00    0.426644834193015322E+04    0.111734328271774995E-03    0.717409776135333965E+00    0.105399506484937593E+02
    0.941784949702853869E+00    0.928561483615853223E+00    0.485764483552368620E+04   -0.260881041222102146E-03    0.732548999480914897E+00    0.105414796313179959E+02
    0.964416171471717876E+00    0.960578409010011569E+00    0.441085679263878683E+04   -0.170328627268142755E-03    0.718777187838438691E+00    0.105492982993936160E+02
    0.957129147383251722E+00    0.938643668808558651E+00    0.489362357401531972E+04   -0.255505396858254213E-03    0.725920257753503329E+00    0.105511605889383659E+02
    0.969081310831561460E+00    0.875402693943378662E+00    0.431143966867149811E+04   -0.635514277405599469E-03    0.675630448416973173E+00    0.105521837636890723E+02
    0.937527679976797756E+00    0.847997765430158701E+00    0.453987493495433864E+04   -0.769358910650259995E-04    0.642051004133499581E+00    0.105538518569680591E+02
    0.102452299316689155E+01    0.982024503808345273E+00    0.481599579364876536E+04    0.152632825859594536E-04    0.714561105357764403E+00    0.105573755631173611E+02
    0.102452299316689155E+01    0.982024503808345273E+00    0.481599579364876536E+04    0.152632825859594536E-04    0.714561105357764403E+00    0.105573755631173611E+02
    0.966579326665763183E+00    0.945438503164531707E+00    0.484149177943060567E+04    0.650653247957643736E-03    0.712080553712984843E+00    0.105601746481989345E+02
    0.980312809059392110E+00    0.927342735072483548E+00    0.487596146591290744E+04   -0.717988079625257367E-03    0.726822689911830078E+00    0.105683235938750109E+02
    0.955420623374763522E+00    0.976396166902506302E+00    0.449761920119047136E+04   -0.551217464503815625E-03    0.699448716019593131E+00    0.105830489010869755E+02
    0.100702531152485686E+01    0.934802078824795601E+00    0.424903912862509060E+04   -0.228819881574297048E-03    0.708894332213961587E+00    0.105842210370626564E+02
    0.100312006828276301E+01    0.941150320655046446E+00    0.421079847886752668E+04   -0.153299539310057547E-03    0.716201431588153192E+00    0.105869148751161770E+02
    0.990484789809304211E+00    0.906083408768962206E+00    0.487750747432529170E+04   -0.513317621057801654E-03    0.706377775963062282E+00    0.105884484901490925E+02
    0.991189496368999667E+00    0.938489939036965426E+00    0.437927670321185269E+04    0.337310394387250025E-03    0.728692737748005248E+00    0.105916133077091352E+02
    0.942644623876245036E+00    0.949976805016619630E+00    0.488220672014893171E+04   -0.326636883642895828E-03    0.708065293942628293E+00    0.106089897464508383E+02
    0.979175199109321270E+00    0.906914965552887864E+00    0.482605911471239051E+04    0.799901121660516186E-04    0.706352616883250906E+00    0.106202432138581084E+02
    0.970507530011867292E+00    0.941418800046274207E+00    0.490775029646377425E+04    0.501189922373992223E-04    0.718641352960659896E+00    0.106204603819012551E+02
    0.999473708721081211E+00    0.937298397146447804E+00    0.419593472993979321E+04    0.177682839561041338E-04    0.720091633069569137E+00    0.106399206381162337E+02
    0.944268651213832522E+00    0.942672179193379645E+00    0.477282580302313636E+04   -0.433647110315476159E-03    0.730394103668664085E+00    0.106570887371951599E+02
    0.939344786593163561E+00    0.891403435289131241E+00    0.457071812609169683E+04   -0.258816614128732551E-03    0.706589576256800744E+00    0.106612315914278852E+02
    0.939344786593163561E+00    0.891403435289131241E+00    0.457071812609169683E+04   -0.258816614128732551E-03    0.706589576256800744E+00    0.106612315914278852E+02
    0.923893725709129865E+00    0.925539834485047841E+00    0.449735051054368978E+04    0.249463091225849418E-03    0.724495231911727045E+00    0.106644855906817018E+02
    0.982937541439382390E+00    0.974657796860974535E+00    0.488025100449292495E+04   -0.576775768267616807E-03    0.714853657865504699E+00    0.106750644226024107E+02
    0.966940684172200471E+00    0.931392336464580972E+00    0.489910734787376896E+04    0.519888344987288120E-03    0.712206727337676426E+00    0.106854257460340314E+02
    0.953653366146119397E+00    0.972715792333111784E+00    0.498125943599967741E+04   -0.469332516165257060E-03    0.711029796353208399E+00    0.106912622182981956E+02
    0.950599188922744531E+00    0.907430478414072539E+00    0.469391297942202709E+04   -0.572453838078529971E-03    0.716123429939761635E+00    0.106920964874552009E+02
    0.950599188922744531E+00    0.907430478414072539E+00    0.469391297942202709E+04   -0.572453838078529971E-03    0.716123429939761635E+00    0.106920964874552009E+02
    0.981178557546293018E+00    0.958028208573513340E+00    0.479752829886208565E+04   -0.354659151569833406E-03    0.734902825034833174E+00    0.106924277360179083E+02
    0.101769499791017815E+01    0.968484988934879221E+00    0.460709521684064384E+04   -0.869374363489108863E-04    0.719284654314124028E+00    0.106975975227324227E+02
    0.101769499791017815E+01    0.968484988934879221E+00    0.460709521684064384E+04   -0.869374363489108863E-04    0.719284654314124028E+00    0.106975975227324227E+02
    0.996010200981546800E+00    0.920194496075077972E+00    0.487720847526319358E+04   -0.491978653747042406E-03    0.721350508492357045E+00    0.106988603627268990E+02
    0.996010200981546800E+00    0.920194496075077972E+00    0.487720847526319358E+04   -0.491978653747042406E-03    0.721350508492357045E+00    0.106988603627268990E+02
    0.938710748257735705E+00    0.877984191019047566E+00    0.461855594421337446E+04    0.614894149282021909E-03    0.685869368226950327E+00    0.107060261728326918E+02
    0.938710748257735705E+00    0.877984191019047566E+00    0.461855594421337446E+04    0.614894149282021909E-03    0.685869368226950327E+00    0.107060261728326918E+02
    0.964324716159564499E+00    0.949497768701180411E+00    0.448399550665370316E+04   -0.265530173975637486E-03    0.722629300064824842E+00    0.107091332780635398E+02
    0.941783030795179221E+00    0.894665412269036064E+00    0.498971383407030225E+04    0.227101407369116311E-03    0.718512307628776381E+00    0.107113937018971050E+02
    0.923587394756095970E+00    0.930815770623486305E+00    0.486674391240971727E+04   -0.575964983386292417E-03    0.722721476961315612E+00    0.107216744157355208E+02
    0.969969361092099192E+00    0.919081625337594854E+00    0.473660801192000326E+04    0.743922444537254660E-04    0.714042972073031468E+00    0.107238296526398891E+02
    0.100745324253937052E+01    0.924307105688924491E+00    0.473393398072227046E+04   -0.582673579596365066E-03    0.724585357721374557E+00    0.107241741543857128E+02
    0.102344309490636554E+01    0.926770176258437162E+00    0.432362442474738964E+04   -0.418638346944791133E-03    0.718776568902060875E+00    0.107268490609520804E+02
    0.997418782883670030E+00    0.913469804026946330E+00    0.468072443180826485E+04   -0.213095251839544341E-03    0.722757889049069790E+00    0.107283042108287709E+02
    0.958791990181208975E+00    0.899378257163985784E+00    0.481082331659972897E+04   -0.179338886393501211E-03    0.706875044533924024E+00    0.107295020327665434E+02
    0.997352993448434644E+00    0.898835955258120878E+00    0.445023715922452539E+04   -0.662863615070484642E-03    0.706911348296336506E+00    0.107388022592511785E+02
    0.944418805883765478E+00    0.893563973501298014E+00    0.499017834434935230E+04   -0.308536133713372557E-03    0.703324708115342756E+00    0.107388132898757398E+02
    0.103335769259169807E+01    0.946499448328614101E+00    0.486445743377911458E+04   -0.414067585664415570E-03    0.732236063984045504E+00    0.107474425163487428E+02
    0.103367870847020904E+01    0.981478862471394042E+00    0.459064094604103411E+04   -0.478962369696836661E-03    0.692812773641090729E+00    0.107527201901258707E+02
    0.936096864725352140E+00    0.950914095909316526E+00    0.487645014508873192E+04    0.377021925436521476E-03    0.716404360501320614E+00    0.107528493654616426E+02
    0.103452393189560565E+01    0.947764103555887805E+00    0.409250262774705288E+04    0.813657687002495730E-05    0.721263374755317432E+00    0.107564164060015202E+02
    0.979675244215625574E+00    0.893465777811507489E+00    0.482634124531615453E+04   -0.153007979534197983E-03    0.709200501537738615E+00    0.107632324208837531E+02
    0.966437006816312838E+00    0.959801293584011228E+00    0.482885687104588033E+04   -0.160359856265833900E-03    0.724365756154968343E+00    0.107676364494016141E+02
    0.106075965202170219E+01    0.985010955742143368E+00    0.405352452732026131E+04   -0.482283361684729276E-03    0.687895149644778714E+00    0.107742849231977669E+02
    0.943701636589409754E+00    0.963877686201754180E+00    0.454464514082332880E+04   -0.609546374468822902E-03    0.712347770756505128E+00    0.107789796023716828E+02
    0.100261282664432883E+01    0.951984144637114449E+00    0.465021176298268438E+04   -0.209968371347298532E-04    0.726557065992055495E+00    0.107814911108914835E+02
    0.929932515428687378E+00    0.972993792316121597E+00    0.492712751463786572E+04   -0.358431826690202009E-03    0.713411382559627549E+00    0.107821814860177767E+02
    0.955968968196523106E+00    0.942793044758648113E+00    0.467624237686436027E+04   -0.354684560707416554E-03    0.715825315709459731E+00    0.107822357547387391E+02
    0.963755943455348429E+00    0.898573633259199589E+00    0.471271604642953935E+04   -0.390316153667412435E-03    0.711107977879911535E+00    0.107871289207285059E+02
    0.101297579544677108E+01    0.930296793527695454E+00    0.487181630362485703E+04   -0.277622370873272894E-03    0.735261570115256946E+00    0.107898364643421427E+02
    0.999078908571370383E+00    0.911405977728585004E+00    0.479913098360570893E+04   -0.315571831602477206E-03    0.724078855528933030E+00    0.108005705245760488E+02
    0.971594416714382181E+00    0.921397553716813977E+00    0.456960479613403095E+04   -0.759151184662247526E-04    0.729572879774342709E+00    0.108016476275164983E+02
    0.915995530442415773E+00    0.965062349243687390E+00    0.479082978142050706E+04    0.988718649292581048E-03    0.716906413358513461E+00    0.108142142155628616E+02
    0.971185064541067788E+00    0.945432156506243904E+00    0.477101103252143821E+04   -0.444615755533967716E-04    0.732968288061398576E+00    0.108210980500145624E+02
    0.100399798414082264E+01    0.971672935437449481E+00    0.497676222316463554E+04    0.673175695619530610E-05    0.707653763961062610E+00    0.108272472873244592E+02
    0.986569516794795875E+00    0.910597564494897704E+00    0.466934499221457554E+04   -0.364822932591306315E-03    0.717029792388163001E+00    0.108278306207706336E+02
    0.102987056492651652E+01    0.986457784242787739E+00    0.480296765303702159E+04   -0.543685435221553806E-03    0.708449553822965816E+00    0.108292109384519613E+02
    0.102784481473914102E+01    0.947797464553703284E+00    0.416175150488247891E+04   -0.203537318574599182E-03    0.719995399751455212E+00    0.108324092514602039E+02
    0.957474630716041775E+00    0.936063176655865581E+00    0.499134896614384070E+04    0.835259943413022921E-03    0.718448239801405153E+00    0.108341938463519032E+02
    0.971550004743293227E+00    0.934449672496873163E+00    0.459781566632705926E+04    0.102560618600765815E-02    0.723857653708183002E+00    0.108349719718461053E+02
    0.913815922492371202E+00    0.956588862462018796E+00    0.488600649928441362E+04    0.550714270271747039E-03    0.724802691315763692E+00    0.108369930565829762E+02
    0.982465689376557094E+00    0.943648050553523077E+00    0.481448060138377514E+04    0.101260425754302560E-02    0.732683014082647799E+00    0.108407690929573448E+02
    0.973221151173383037E+00    0.937533522472178027E+00    0.488140029277700341E+04    0.282258841630041179E-03    0.734893174893202050E+00    0.108463409008690128E+02
    0.100282280953046854E+01    0.969833521073747873E+00    0.425988282179629641E+04   -0.155965289976173724E-04    0.714320031252989818E+00    0.108484021435808380E+02
    0.985301677946412990E+00    0.965649149776949267E+00    0.488912221310062614E+04   -0.152470264299592041E-03    0.719197167815105454E+00    0.108529293069647252E+02
    0.971365677954725060E+00    0.888766126075744012E+00    0.498026655868741000E+04    0.376936989548317023E-04    0.691646539997454401E+00    0.108543921442057059E+02
    0.978353956425505045E+00    0.951206912092175894E+00    0.494612810801423984E+04    0.309028279689798756E-03    0.730516621800454291E+00    0.108643811271427868E+02
    0.104459588822611993E+01    0.938614572225552002E+00    0.422932020298007865E+04   -0.411653339264392239E-03    0.724390801948081586E+00    0.108650903868538364E+02
    0.967358572303086084E+00    0.912347014109489485E+00    0.468576426835411621E+04   -0.272932890646993746E-03    0.719239553165221812E+00    0.108665157112253077E+02
    0.101945380298036725E+01    0.999080499894249074E+00    0.495193243847559370E+04   -0.368592542300207667E-03    0.689295645055762574E+00    0.108833605168084304E+02
    0.100165244546766696E+01    0.956827381304310554E+00    0.437957489674924000E+04    0.500722975961541043E-04    0.723895567391563799E+00    0.108929240413871451E+02
    0.932802968743428718E+00    0.921905027310862990E+00    0.481910096468451229E+04   -0.445344996119528358E-03    0.722031269661224773E+00    0.108945700262213805E+02
    0.976903448902968319E+00    0.861193914936110305E+00    0.493370690230885975E+04   -0.405582778769939778E-04    0.656994281371458544E+00    0.109056491273570710E+02
    0.929903782432428994E+00    0.947170393114993958E+00    0.444347507662466069E+04    0.362773075554324669E-03    0.715046379046132552E+00    0.109058403756677915E+02
    0.946518067096226101E+00    0.920358409442878056E+00    0.495452625446728325E+04    0.990043541583448519E-04    0.717718473743230945E+00    0.109067490791212443E+02
    0.951566443747228541E+00    0.941437548357662801E+00    0.484545359069357801E+04   -0.317786258095017549E-03    0.729457074302475639E+00    0.109100681135397881E+02
    0.940112136690178346E+00    0.982424816462225570E+00    0.488697424953782684E+04   -0.331903550837919911E-03    0.702925087867034670E+00    0.109228100557795980E+02
    0.948276989702760975E+00    0.930082256975922173E+00    0.450653717702748509E+04   -0.150634245050671346E-03    0.725002665117775003E+00    0.109244931120023114E+02
    0.952827957852166341E+00    0.882721158767065917E+00    0.473680249995019221E+04    0.402025468121408608E-04    0.686809553662430239E+00    0.109303880209025053E+02
    0.982209841872142553E+00    0.930580023579124949E+00    0.486766828330415683E+04   -0.548173772872766435E-03    0.737335316226331527E+00    0.109435973954228736E+02
    0.101082609335587281E+01    0.951944794032862029E+00    0.442408670770412118E+04    0.675663068715163400E-03    0.730451223139116923E+00    0.109460509896511429E+02
    0.933903749114577186E+00    0.924304286024046906E+00    0.476601210364542385E+04   -0.180238889258875674E-03    0.724668926051783013E+00    0.109509869508673301E+02
    0.948254538764395249E+00    0.988332097667650067E+00    0.490351337180310384E+04   -0.387049725172028262E-03    0.704690087220000372E+00    0.109582584072085290E+02
    0.961554807328787176E+00    0.910214256029757585E+00    0.482766727267508577E+04    0.183294823052766780E-03    0.710240933801457031E+00    0.109593830808459316E+02
    0.989404835066397315E+00    0.964611526399870023E+00    0.494600489614728212E+04   -0.759012665432430474E-04    0.718824905968333927E+00    0.109628192993536793E+02
    0.989865160580427839E+00    0.985924867499638813E+00    0.491009389709741481E+04   -0.488908038541795978E-03    0.698857207025493476E+00    0.109650015561097085E+02
    0.101146211879013359E+01    0.980814450452131670E+00    0.497604940138354414E+04   -0.294035605108712323E-03    0.710443236142977663E+00    0.109678236040403050E+02
    0.987707566965750128E+00    0.936328916650683185E+00    0.490170238012819573E+04    0.393224283161863438E-03    0.737443347907688729E+00    0.109683405402182448E+02
    0.955311065341371224E+00    0.940081648440585838E+00    0.467636226353738493E+04   -0.337225410601717528E-03    0.720186368787800291E+00    0.109685435789943213E+02
    0.100168992563313286E+01    0.905806330058800402E+00    0.477696659283866393E+04    0.356295440426957182E-03    0.719390528511548610E+00    0.109729035609281311E+02
    0.100102832697327582E+01    0.908031007976115356E+00    0.480244784045481447E+04   -0.273190324307066911E-03    0.718395523600045882E+00    0.109782246659082503E+02
    0.946378158961803329E+00    0.975354828125533535E+00    0.483007769275637656E+04   -0.866471146352128067E-03    0.708948609476635183E+00    0.109866574629249527E+02
    0.104583139853898732E+01    0.941667717310500252E+00    0.489104524073750963E+04   -0.273360811409156877E-03    0.737793520366139655E+00    0.109924598485099168E+02
    0.917040702077212000E+00    0.881874057172725712E+00    0.472876976351000940E+04    0.180162610642292822E-03    0.688280300033174419E+00    0.109926299599159147E+02
    0.969368603566120757E+00    0.936600010215552392E+00    0.495310133017146745E+04    0.262862310694741749E-04    0.726971192257260479E+00    0.109930837017228633E+02
    0.100998579519386755E+01    0.933889217069807542E+00    0.486251991585713586E+04   -0.214560147694806423E-03    0.733678668060346539E+00    0.109944674069674662E+02
    0.960637672081786853E+00    0.892434970104427960E+00    0.497922845093273281E+04   -0.121026554094701047E-03    0.699727317773303548E+00    0.109957243409829317E+02
    0.101891247764767678E+01    0.995527616702372553E+00    0.469850513310845508E+04   -0.779973789313565349E-03    0.680759282951184708E+00    0.109961961874847631E+02
    0.102781165107296202E+01    0.947376193531589417E+00    0.408333612402202698E+04    0.131410947861233801E-03    0.723500126611614558E+00    0.110062971233677604E+02
    0.101502993190777446E+01    0.929972204479206699E+00    0.427539173668462354E+04    0.606444908232648549E-04    0.723583342076135949E+00    0.110254337675159064E+02
    0.104427519932256896E+01    0.977088406511558927E+00    0.452649078719369481E+04   -0.103315301489040291E-02    0.703982231290606442E+00    0.110395706421551729E+02
    0.976759214300619183E+00    0.911835205264032167E+00    0.473736495491138976E+04    0.440827310409297319E-04    0.730005911383862616E+00    0.110406203150190603E+02
    0.100325132472538447E+01    0.935849773579166544E+00    0.484075170655474540E+04    0.271174657127170118E-03    0.731258455553258080E+00    0.110650122579042680E+02
    0.955700507252513876E+00    0.900724302058343640E+00    0.488824736907941042E+04   -0.290223130152976331E-03    0.719829872289001527E+00    0.110801680076698226E+02
    0.927330164099496757E+00    0.900406133971412448E+00    0.481629625564109847E+04    0.199481923395974399E-03    0.714491308169234340E+00    0.110842734097801028E+02
    0.931843728336128385E+00    0.844632255234028739E+00    0.499135330076138234E+04   -0.834338976878050978E-04    0.625234144294096406E+00    0.110943314530262960E+02
    0.101331443893258122E+01    0.936160461259851084E+00    0.491130489262927858E+04    0.811400408982106526E-04    0.727975421951347013E+00    0.110946934025223385E+02
    0.946802359216112221E+00    0.903669284909789816E+00    0.491041309390403057E+04    0.417267158449809454E-03    0.718728015877192927E+00    0.111112585649334683E+02
    0.943932642715142878E+00    0.939931846224544842E+00    0.481681241385077919E+04    0.341071437577354696E-04    0.728478028372911091E+00    0.111158052980323632E+02
    0.973093165079321420E+00    0.886464804801839756E+00    0.497554107969328652E+04   -0.326509706664075618E-03    0.699400024152616817E+00    0.111185110265407374E+02
    0.103021914538302917E+01    0.927060236834377993E+00    0.482182668369225757E+04   -0.113546992093823806E-02    0.736372919836880246E+00    0.111193155113864499E+02
    0.100318230573012279E+01    0.934399259535822257E+00    0.436278850840150335E+04    0.287725503639773401E-03    0.730344073044694286E+00    0.111214174612824550E+02
    0.992189447438559524E+00    0.890038282792366964E+00    0.479917601679982545E+04   -0.574699212217642135E-03    0.696832497786926353E+00    0.111241672662825870E+02
    0.102405440545885051E+01    0.987597794193669665E+00    0.467703983019689713E+04   -0.481952857633560967E-03    0.685685450794898066E+00    0.111288612906775199E+02
    0.994650016519060265E+00    0.981904132253912154E+00    0.498800189147505534E+04   -0.291129488319633695E-03    0.705408211401894247E+00    0.111374621773745233E+02
    0.103858107046312731E+01    0.949251352082770228E+00    0.442442350175298088E+04   -0.474784529020988216E-03    0.728177048354419543E+00    0.111379183418042551E+02
    0.961999963568340499E+00    0.907043840354061381E+00    0.481088206544813602E+04   -0.224194742962840788E-03    0.716139468637549625E+00    0.111484949005758534E+02
    0.950117044716215942E+00    0.939468296582919304E+00    0.488223033362290334E+04   -0.669796991384417873E-03    0.720353810571200404E+00    0.111531261743093442E+02
    0.948658056283016027E+00    0.971826982779241400E+00    0.466348702271159709E+04   -0.144710559733044516E-03    0.717881762903633036E+00    0.111531833775078741E+02
    0.979908316311213778E+00    0.955590799158121618E+00    0.494274488748146632E+04   -0.459601272172799943E-03    0.722281434054445781E+00    0.111573956612935667E+02
    0.100294069985604040E+01    0.939799382638987324E+00    0.487111631039577424E+04    0.227277669021519214E-03    0.728404190766993698E+00    0.111615371162766337E+02
    0.975815651808066398E+00    0.935025949575615578E+00    0.494619915877273979E+04    0.228004862514392774E-03    0.726558616874677932E+00    0.111637283611187499E+02
    0.104734413896939094E+01    0.940044501509201380E+00    0.495807150330156128E+04   -0.206863525791369321E-03    0.737498415919646044E+00    0.111674569716042882E+02
    0.100881725944900325E+01    0.955946793842338050E+00    0.485510568328678619E+04   -0.832324909075063662E-03    0.716750916547401085E+00    0.111700209494249840E+02
    0.939230080923344035E+00    0.964114464164271934E+00    0.476073816619730133E+04   -0.337839568321022881E-03    0.706364100673709361E+00    0.111745158420641104E+02
    0.101060629028358573E+01    0.937455386372507582E+00    0.499205709520371056E+04   -0.292391826117643775E-03    0.733791287360329614E+00    0.111795151225197600E+02
    0.102021715988662742E+01    0.979376837703451408E+00    0.459880326327489911E+04   -0.364021056965316921E-03    0.701748117301944752E+00    0.111922183724248043E+02
    0.955773269784406798E+00    0.952978953950711416E+00    0.491592256703563635E+04   -0.770178104411961984E-03    0.727524176695834801E+00    0.111977145335136168E+02
    0.965320494449262601E+00    0.958053528144581334E+00    0.473025516306645568E+04   -0.213331430956925698E-03    0.723165369719000029E+00    0.112265305319632027E+02
    0.965603047876035570E+00    0.927753639153854004E+00    0.468732814927266554E+04   -0.421405057671163114E-03    0.724574278211842282E+00    0.118284077631196336E+02
    0.100270566473500278E+01    0.934219812546708051E+00    0.457413848024359777E+04   -0.539957141894890458E-03    0.726012990536137659E+00    0.116117085639281861E+02
    0.101148987215756914E+01    0.938082321161409438E+00    0.473925715885532009E+04   -0.857460642856041504E-03    0.724128074342852091E+00    0.117782337878098975E+02
    0.100509994814632697E+01    0.941379563464620261E+00    0.479411903717302084E+04   -0.334375183287521265E-03    0.728085753648716971E+00    0.117170384087488735E+02
    0.101218840140723532E+01    0.931896352100025638E+00    0.487200681648497084E+04   -0.415421059223489576E-03    0.730660723473517404E+00    0.118434213797833809E+02
    0.101218840140723532E+01    0.931896352100025638E+00    0.487200681648497084E+04   -0.415421059223489576E-03    0.730660723473517404E+00    0.118434213797833809E+02
    0.102529227760414110E+01    0.946923856314808132E+00    0.485319365605642543E+04   -0.343329551936379540E-03    0.730608014490605751E+00    0.117723223596390376E+02
    0.100509679045909817E+01    0.938659177581943283E+00    0.489263802506152297E+04   -0.324067086473709472E-03    0.736548641395943227E+00    0.113285554271051243E+02
    0.996810112014711369E+00    0.945352574985656835E+00    0.494966872157583657E+04   -0.275402880209022860E-03    0.731245529949528072E+00    0.114764911110415255E+02
    0.102964881522076168E+01    0.954090139444196628E+00    0.463436964635962977E+04   -0.871346103289110936E-03    0.719094635869006016E+00    0.112058271210567710E+02
    0.994153144528230781E+00    0.959470596299802136E+00    0.467976977392820208E+04   -0.309190113281926414E-03    0.719663169949597115E+00    0.112229430795932874E+02
    0.100020469106866883E+01    0.930397845080127461E+00    0.457468059409289344E+04   -0.395345249441089220E-03    0.732102659661530764E+00    0.116478650568840099E+02
    0.100178153509139412E+01    0.925603983782886774E+00    0.479403872501294427E+04   -0.523915230107445591E-03    0.717143951078840103E+00    0.118631556883065432E+02
    0.991077827504619258E+00    0.886203294425229049E+00    0.499242206166786764E+04   -0.434377646658535481E-03    0.699385665630546383E+00    0.118994067649018973E+02
    0.971769778157422603E+00    0.898764292118933605E+00    0.494210412304105012E+04   -0.913414416719897284E-03    0.709903380279339302E+00    0.112665772956745691E+02
    0.985722177518222997E+00    0.898217226747360264E+00    0.488153937121228591E+04   -0.972380516655148145E-03    0.706096860911438529E+00    0.112164415405156479E+02
    0.100052883300595941E+01    0.900078771378009512E+00    0.480247245571711483E+04   -0.487817127003729130E-03    0.711819370893672643E+00    0.117875363250276148E+02
    0.100052883300595941E+01    0.900078771378009512E+00    0.480247245571711483E+04   -0.487817127003729130E-03    0.711819370893672643E+00    0.117875363250276148E+02
    0.998956383886734578E+00    0.917346763393689812E+00    0.487701887990439809E+04   -0.611096468986898679E-03    0.722188965639386393E+00    0.114703865667237075E+02
    0.100860249432025073E+01    0.891485219217903357E+00    0.496004075025952170E+04   -0.344205626478499436E-03    0.704288021667635489E+00    0.114114946791234875E+02
    0.100058266977877208E+01    0.900209569683568689E+00    0.487273232903481130E+04   -0.502741315755691142E-03    0.715042997653149048E+00    0.115482521665020172E+02
    0.995721761223144486E+00    0.881093137612958932E+00    0.495724888265929076E+04   -0.426522676522064640E-03    0.694727284456394978E+00    0.115514173024127551E+02
    0.973245288835884792E+00    0.923800361285394889E+00    0.453977678544288483E+04   -0.105589306393360439E-03    0.728542994747014783E+00    0.115932447103706888E+02
    0.931045429872325636E+00    0.928862793312021928E+00    0.446307488277020184E+04    0.760311140537608520E-04    0.722289728637234285E+00    0.112678931489276835E+02
    0.987060669700552840E+00    0.940670142053207425E+00    0.494766687035683026E+04   -0.300482720744416813E-03    0.717043156772156798E+00    0.114973682959581680E+02
    0.935712588050327421E+00    0.967699907653429392E+00    0.488644057449863249E+04   -0.302392852828076402E-03    0.711546124096648525E+00    0.112494837623466424E+02
    0.982852415790613776E+00    0.948271654489570293E+00    0.492059230471436695E+04   -0.660422561990693918E-03    0.727056179609125275E+00    0.115974931032140418E+02
    0.982852415790613776E+00    0.948271654489570293E+00    0.492059230471436695E+04   -0.660422561990693918E-03    0.727056179609125275E+00    0.115974931032140418E+02
    0.982404916070826140E+00    0.945401486603693275E+00    0.491088894971572427E+04   -0.518199789966334863E-03    0.725004899564398730E+00    0.116827426671233283E+02
    0.982404916070826140E+00    0.945401486603693275E+00    0.491088894971572427E+04   -0.518199789966334863E-03    0.725004899564398730E+00    0.116827426671233283E+02
    0.992531894165052497E+00    0.933182104335832152E+00    0.494955336129925035E+04   -0.281603129970201221E-03    0.724147865085061349E+00    0.119493491594547407E+02
    0.992531894165052497E+00    0.933182104335832152E+00    0.494955336129925035E+04   -0.281603129970201221E-03    0.724147865085061349E+00    0.119493491594547407E+02
    0.988903322105502469E+00    0.922043896045193212E+00    0.492272231646974160E+04   -0.293131912770673738E-03    0.727218464563979539E+00    0.114053258666935804E+02
    0.952288269541217813E+00    0.935919861792833263E+00    0.490245559077734470E+04   -0.394413384366652038E-03    0.723601450756103382E+00    0.120939339503011531E+02
    0.100494875516459858E+01    0.977641381416950561E+00    0.487752492872993298E+04   -0.203647517656415831E-03    0.700530212578192257E+00    0.113600563685177356E+02
    0.102656814347530334E+01    0.984632269793408899E+00    0.491118542597848318E+04   -0.228765605445433069E-03    0.697866653151270833E+00    0.115522416488718669E+02
    0.100900731516531228E+01    0.986923019062238782E+00    0.499471340244201565E+04    0.637811790526607102E-04    0.705317197033792254E+00    0.114568488122160304E+02
    0.989757223262341723E+00    0.969885128339654234E+00    0.494846945411676916E+04   -0.187611183927749899E-04    0.704599465426721694E+00    0.115640773394708596E+02
    0.980806482835888449E+00    0.965925026928395658E+00    0.477742513552021319E+04   -0.320468684120629797E-03    0.706658831836444401E+00    0.114172758870636795E+02
    0.982762388709105039E+00    0.983566983386603200E+00    0.477745258195942552E+04   -0.356430216197656648E-03    0.704020954095841645E+00    0.114743428447116607E+02
    0.978860513168447133E+00    0.970952890427386417E+00    0.481119825003826736E+04   -0.165663911508387652E-03    0.711674413526019789E+00    0.117281737401918207E+02
    0.963925611678025263E+00    0.995593749000110773E+00    0.490209420422414041E+04   -0.469058631208791785E-03    0.690444518899264281E+00    0.114271108123397322E+02
    0.983160344144299314E+00    0.978859539372210818E+00    0.481172230536545885E+04   -0.267099599236446459E-03    0.706258663884937299E+00    0.115305639842381744E+02
    0.946527943087818069E+00    0.975786435072454106E+00    0.490308925987485600E+04   -0.401756392262108016E-03    0.698837541628667958E+00    0.117737052906312449E+02
    0.946527943087818069E+00    0.975786435072454106E+00    0.490308925987485600E+04   -0.401756392262108016E-03    0.698837541628667958E+00    0.117737052906312449E+02
    0.960371409500333839E+00    0.970840511167119224E+00    0.493798450312074237E+04   -0.325806030724396867E-03    0.704061420981303643E+00    0.118377651084463391E+02
    0.974652591037661997E+00    0.987647192140810537E+00    0.489627254193473073E+04   -0.368119735979016260E-03    0.694785921707557819E+00    0.114409410349641583E+02
    0.101106685703035182E+01    0.963804086925747594E+00    0.480370127372479692E+04   -0.293847011217245253E-03    0.713697707191581876E+00    0.117279767960124097E+02
    0.986227421218512257E+00    0.994810499581315177E+00    0.491000197643901811E+04   -0.397790291077178716E-03    0.687407669877304506E+00    0.113360778140601859E+02
    0.103589981813906173E+01    0.996103532854327511E+00    0.495711049757838646E+04   -0.724139186988539832E-03    0.683802182801965475E+00    0.117505669188643367E+02
    0.104304225684063057E+01    0.994884560317279565E+00    0.492190648117990895E+04   -0.709636196043774239E-03    0.690738419521517821E+00    0.113019028345888479E+02
    0.104311556360713809E+01    0.988468953731937994E+00    0.471995061056328996E+04   -0.498471837627047156E-03    0.696542503815261393E+00    0.113909073094916522E+02
    0.100523723300855905E+01    0.937055798516330030E+00    0.449187002312664845E+04    0.310622825615528928E-04    0.727533956051979902E+00    0.117085480945105367E+02
    0.103044972481307551E+01    0.926169330222553544E+00    0.403932335564828236E+04    0.122039627680142849E-03    0.719844401924124133E+00    0.112710039828737383E+02
    0.997411876410542630E+00    0.949865984259561591E+00    0.473982467799066126E+04   -0.135653923633356332E-03    0.717003799219318894E+00    0.113888877333607894E+02
    0.102123292772454000E+01    0.973829270819781434E+00    0.499749390167027104E+04   -0.112794830346284790E-03    0.716542892728292968E+00    0.112919307363467283E+02
    0.101068690815814799E+01    0.973619342026458834E+00    0.499213856876047794E+04   -0.519347683308208355E-04    0.711269666535264466E+00    0.119240200826388758E+02
    0.101068690815814799E+01    0.973619342026458834E+00    0.499213856876047794E+04   -0.519347683308208355E-04    0.711269666535264466E+00    0.119240200826388758E+02
    0.100862544098908624E+01    0.960502364242522999E+00    0.490197432014071273E+04   -0.262681008084694875E-03    0.713335356602761150E+00    0.117022190721892478E+02
    0.100933757674160574E+01    0.972881334972046763E+00    0.484912072160282969E+04   -0.616912488343719336E-04    0.719151551038534897E+00    0.114191768615268892E+02
    0.103443556555298488E+01    0.955303884006831527E+00    0.495552498607811049E+04    0.114624199124129802E-03    0.727862547093694801E+00    0.116643348681035111E+02
    0.992954818094620717E+00    0.952122231235830951E+00    0.494878253271400172E+04   -0.224829488596488828E-03    0.716841187427466497E+00    0.117539352397465198E+02
    0.100608813645437523E+01    0.947689440361806801E+00    0.498299498142165248E+04   -0.112827831757196384E-03    0.717718821447313471E+00    0.114564206695616679E+02
    0.978644944282922258E+00    0.965122801935907160E+00    0.479715651147734388E+04   -0.226005929238042675E-03    0.717375824667206397E+00    0.117897263779434134E+02
    0.100646521119445276E+01    0.946510160040628490E+00    0.495196818673702728E+04   -0.121919088165713875E-03    0.722741502757061283E+00    0.115947593551807291E+02
    0.106311609472146085E+01    0.944834558892320264E+00    0.489554124137435974E+04   -0.130896457902357906E-03    0.732094107216389123E+00    0.118145006211643668E+02
    0.106007038016895327E+01    0.939174244196460895E+00    0.489555946684537048E+04   -0.158073508058359031E-03    0.737637565695043795E+00    0.114045461802162560E+02
    0.101686870235209104E+01    0.976635165618788825E+00    0.499204517240213590E+04   -0.356282900363111244E-03    0.714987060747275138E+00    0.115802593075670739E+02
    0.980067866171656643E+00    0.957444984816865130E+00    0.478278990158101624E+04   -0.344233000876617188E-03    0.715433634312101052E+00    0.112980981957262170E+02
    0.999296600435445437E+00    0.953028882452263582E+00    0.474363895153969406E+04   -0.380685950975066236E-03    0.717205817485374486E+00    0.116210435375894185E+02
    0.101922228802371495E+01    0.958318204594851952E+00    0.482674657174776530E+04   -0.758411312787773398E-03    0.712972291990615181E+00    0.114270663352545476E+02
    0.103795506479447486E+01    0.950119391002671509E+00    0.481571557229796508E+04   -0.784252272227209781E-03    0.725683177174056504E+00    0.119152551990942417E+02
    0.103795506479447486E+01    0.950119391002671509E+00    0.481571557229796508E+04   -0.784252272227209781E-03    0.725683177174056504E+00    0.119152551990942417E+02
    0.106084688292241447E+01    0.960972593782637885E+00    0.470917935905288232E+04   -0.358349994216591969E-03    0.723521938563031708E+00    0.115955125182879684E+02
    0.101859043252833525E+01    0.961173239779838928E+00    0.487252322728815670E+04   -0.353279295182377690E-03    0.723082482532150239E+00    0.116112890944155218E+02
    0.101796303889123618E+01    0.951054448949258946E+00    0.484925515599807204E+04   -0.484882948321913357E-03    0.719199127867518939E+00    0.112987923944989781E+02
    0.101762345362782747E+01    0.950188405053735918E+00    0.491477691780345867E+04   -0.564120438955859386E-03    0.720646929141591897E+00    0.112850552148991703E+02
    0.105352497148478430E+01    0.960930414161045188E+00    0.470904830944145942E+04   -0.208713123845708203E-03    0.720178888681333285E+00    0.116874446067315212E+02
    0.105352497148478430E+01    0.960930414161045188E+00    0.470904830944145942E+04   -0.208713123845708203E-03    0.720178888681333285E+00    0.116874446067315212E+02
    0.107759185459337425E+01    0.957725772459830926E+00    0.474769670675361249E+04   -0.697307451992607171E-03    0.727472853056077784E+00    0.111985537961097936E+02
    0.102200393329862971E+01    0.948734473226029662E+00    0.480267479628840374E+04   -0.587973520864624425E-03    0.729376622413835496E+00    0.114861466351300159E+02
    0.974662906245978511E+00    0.915298278270899268E+00    0.493999540270045509E+04   -0.700771863617636540E-04    0.723611338050396236E+00    0.112666281038562133E+02
    0.980019547746519781E+00    0.914865342148527105E+00    0.494971296326839456E+04   -0.969604152763088714E-04    0.728106879206166790E+00    0.115681900639712563E+02
    0.965276953525548764E+00    0.921536087043822727E+00    0.479772226562973810E+04   -0.143046656130720176E-03    0.724086136042874973E+00    0.113012579538166378E+02
    0.987897757035763213E+00    0.921147996448226980E+00    0.479470456011320130E+04    0.168006787974419644E-05    0.726141657261293316E+00    0.118231212088577511E+02
    0.996160721624464673E+00    0.903886118645342518E+00    0.467424533546894054E+04    0.171442032025834163E-03    0.718465858319391582E+00    0.114651824822267656E+02
    0.978242060856120310E+00    0.943151020159538778E+00    0.476778554364992578E+04    0.105424011545019270E-04    0.722114419780346739E+00    0.114197116435886361E+02
    0.994041394540017720E+00    0.927566477634981901E+00    0.464227400460640456E+04    0.141796063630151464E-03    0.722691033197752519E+00    0.115320529621469952E+02
    0.958337800907249626E+00    0.947410626265507205E+00    0.489611975311853530E+04   -0.277231283259731848E-04    0.723083346697080187E+00    0.113339071282415134E+02
    0.977556103426768130E+00    0.911606365707392063E+00    0.494167014000791005E+04    0.100186630239268575E-03    0.719539431013561437E+00    0.114944873412584485E+02
    0.968436888184725619E+00    0.922594500841042331E+00    0.488934183416258020E+04    0.157186239035880224E-03    0.719671654768034408E+00    0.119292345605144199E+02
    0.968436888184725619E+00    0.922594500841042331E+00    0.488934183416258020E+04    0.157186239035880224E-03    0.719671654768034408E+00    0.119292345605144199E+02
    0.958327717325840878E+00    0.920356459507774449E+00    0.479732364878800581E+04    0.607812904973025094E-04    0.718021053555965127E+00    0.116504283606439625E+02
    0.979658045031558400E+00    0.948335279764752515E+00    0.494704816166114415E+04    0.132635845306867072E-03    0.718249522829046860E+00    0.116842411451965482E+02
    0.953018291143829188E+00    0.954148784820489149E+00    0.498913742268069018E+04    0.493784919467208901E-03    0.719525367882821842E+00    0.116724087461913548E+02
    0.964739033135204815E+00    0.947275386013275655E+00    0.482738197066704288E+04    0.606878950479109846E-03    0.716508886456267091E+00    0.113866969435980714E+02
    0.948153036235880542E+00    0.926013903667036065E+00    0.478297981960949892E+04    0.775515279480530032E-03    0.723448311145537204E+00    0.112641510531774074E+02
    0.951850543124314830E+00    0.923517595796957247E+00    0.486851706892102811E+04    0.576803217899953479E-03    0.724236267371553444E+00    0.115932129778143018E+02
    0.975158182619429770E+00    0.930939627720838603E+00    0.494860181546721651E+04    0.362426063243294285E-03    0.731237360624100718E+00    0.116782183344873332E+02
    0.985333028677502831E+00    0.942392826881563006E+00    0.495546772605598471E+04    0.102436099465602073E-02    0.724646956059304403E+00    0.118935124882987182E+02
    0.966832393502176979E+00    0.944395634841757703E+00    0.494717820604611006E+04    0.581992590474306962E-03    0.717881566897036194E+00    0.113101862007289533E+02
    0.100184786666981540E+01    0.931670270459610816E+00    0.499704830941324599E+04    0.306891351633308625E-03    0.727913899257336294E+00    0.117599854394098209E+02
    0.983748667184419223E+00    0.955606766009589825E+00    0.494188722526761194E+04    0.305333108618527284E-03    0.722355085772843797E+00    0.117307804977210317E+02
    0.974280754142038186E+00    0.938084894555619386E+00    0.498484278431698658E+04    0.276862837182247198E-03    0.730880335246569923E+00    0.116842049534347545E+02
    0.991492833547512276E+00    0.927743111335078474E+00    0.487272842604849666E+04    0.392791735564250921E-03    0.729198431979991457E+00    0.115257235717335167E+02
    0.100269865775970990E+01    0.931626970242229069E+00    0.493315104771541519E+04    0.362595652391185569E-03    0.733961487765432352E+00    0.111993279876235512E+02
    0.969012622488057307E+00    0.934086433540163075E+00    0.451116140260995235E+04    0.337931899509738315E-03    0.724478958811026863E+00    0.112044814658328349E+02
    0.942883760378063873E+00    0.899020061085791578E+00    0.477723724218248117E+04    0.414132254052614935E-03    0.713739650278370052E+00    0.113087647530838744E+02
    0.930945938604456069E+00    0.871242964898075067E+00    0.496810539325521313E+04   -0.206535047804267584E-03    0.675341372067863155E+00    0.112264639121792094E+02
    0.979540523209261216E+00    0.868783883622232023E+00    0.485355167994781459E+04    0.524857880133107894E-04    0.669948886696525858E+00    0.115678858367898272E+02
    0.908603205762014476E+00    0.877340969426881889E+00    0.488223358054783057E+04   -0.139774419021812508E-03    0.680645125091537406E+00    0.112340522873381339E+02
    0.932418660825783174E+00    0.878488071766521106E+00    0.488758034856254289E+04   -0.393778361906258078E-04    0.687035601921470840E+00    0.112188704988358197E+02
    0.983559776332354363E+00    0.902518647402158702E+00    0.498020106054962616E+04   -0.242152879730435887E-03    0.713846679781959703E+00    0.118630087572763472E+02
    0.966719061316132389E+00    0.900688320437565082E+00    0.489908489213078337E+04    0.266510126299100431E-04    0.717408572022555591E+00    0.115157983923539771E+02
    0.984913248594080915E+00    0.906530019679175791E+00    0.484920575124444167E+04   -0.171200723139375550E-04    0.705949121055055917E+00    0.115639977643086880E+02
    0.100060324270353207E+01    0.902184978561727191E+00    0.495786423345200728E+04   -0.126156242662943792E-03    0.717430417019131017E+00    0.114825701677433010E+02
    0.974652084188175172E+00    0.892176647991813954E+00    0.492226410599339397E+04   -0.273646126815317527E-03    0.702459229701662413E+00    0.114520252483158504E+02
    0.964124589042901659E+00    0.891144809053748155E+00    0.498486607241523870E+04   -0.714065893330333834E-04    0.712279501321729569E+00    0.113695053904943677E+02
    0.962161629976689192E+00    0.899348479002045842E+00    0.498408840234194122E+04    0.214780983145777653E-03    0.711051048780453554E+00    0.117056588469739324E+02
    0.943524679796496124E+00    0.882977852522047302E+00    0.478474153769811073E+04    0.338914775562998536E-03    0.692574032444750909E+00    0.114005904169965504E+02
    0.950386655249258028E+00    0.879167757769228508E+00    0.488941603946909072E+04    0.146221706387886696E-03    0.693195486234296387E+00    0.113293897318627792E+02
    0.918348007406166955E+00    0.884968496866549659E+00    0.480496495827347644E+04    0.340375193454102096E-03    0.695851055318259415E+00    0.112442589250422440E+02
