 F
       17650      153659           3        2048
    0.256386885105901818E+01    0.661324407935362402E+01
 T
   2
    0.200000000000000000E+01    0.300000000000000000E+01    0.170898437500000000E-01    0.982910156250000000E+00
   0
   0
 T T     0           0
    0.000000000000000000E+00   -0.100000000000000002+101    0.000000000000000000E+00
 T F     1          35
    0.190313224818559852E-04   -0.166152028384568995E+01    0.636538805133600594E+01
 T F     1        2013
    0.476696366110704881E-03    0.254914128633900416E+01    0.661692140762471404E+01
