 F
       18302      325889           3        2048
    0.200494503662144519E+01    0.672853420307253192E+01
 T
   2
    0.200000000000000000E+01    0.300000000000000000E+01    0.288085937500000000E+00    0.711914062500000000E+00
   0
   0
 T T     0           0
    0.000000000000000000E+00   -0.100000000000000002+101    0.000000000000000000E+00
 T F     1         590
    0.113856162296628585E-03    0.744621067291108441E+00    0.670706222141124986E+01
 T F     1        1458
    0.244670943871401990E-03    0.167148126537638841E+01    0.673703269483993861E+01
