 F
        6313       13848           3         512
   -0.159236327246105631E+02   -0.927307281649171600E+01
 T
   2
    0.200000000000000000E+01    0.300000000000000000E+01    0.951171875000000000E+00    0.488281250000000000E-01
   0
   0
 T T     0           0
    0.000000000000000000E+00   -0.100000000000000002+101    0.000000000000000000E+00
 T F     1         487
    0.111139005094922478E-04   -0.159703496267156702E+02   -0.926561133939029524E+01
 T F     1          25
    0.107827078481412489E-05   -0.190105494914534390E+02   -0.942908798900582390E+01
