 F
        3353       15884           3         512
    0.699233404433050332E+01    0.905412669701134654E+01
 T
   2
    0.200000000000000000E+01    0.300000000000000000E+01    0.587890625000000000E+00    0.412109375000000000E+00
   0
   0
 T T     0           0
    0.000000000000000000E+00   -0.100000000000000002+101    0.000000000000000000E+00
 T F     1         301
    0.172695367199677445E-02    0.654666699854315315E+01    0.919649238354667453E+01
 T F     1         211
    0.243036446363093222E-02    0.596957952332085906E+01    0.880059560160846210E+01
