 F
       20031      307486           3        2048
    0.546376512138755377E+00    0.580684326607232126E+01
 T
   2
    0.200000000000000000E+01    0.300000000000000000E+01    0.792968750000000000E+00    0.207031250000000000E+00
   0
   0
 T T     0           0
    0.000000000000000000E+00   -0.100000000000000002+101    0.000000000000000000E+00
 T F     1        1624
    0.116624800540226963E-03    0.147514688183370435E+00    0.551038104975732423E+01
 T F     1         424
    0.378034978386666368E-04   -0.565574612365516094E+00    0.641171055603731155E+01
