 F
       17994      292947           3        2048
    0.188380173977891618E+01    0.646224897793187303E+01
 T
   2
    0.200000000000000000E+01    0.300000000000000000E+01    0.216796875000000000E+00    0.783203125000000000E+00
   0
   0
 T T     0           0
    0.000000000000000000E+00   -0.100000000000000002+101    0.000000000000000000E+00
 T F     1         444
    0.101712250931223586E-03    0.339153031878569211E+00    0.644356555526003749E+01
 T F     1        1604
    0.315012217781095389E-03    0.164378307737724993E+01    0.646731728371676784E+01
