chirp_mass mass_ratio EOS alpha zeta
0.8121653437614441 0.607299454510212 4164.290442824364 -0.0002890954201119501 0.006846725940704346
1.2587147439907596 0.853797901292974 4748.912418482211 -0.0007848505921961616 0.14618605003301413
1.1943198358097908 0.9623872817103156 4219.526591375369 0.0006495792389393783 0.01761900092807577
1.2629865377150828 0.9363022175486717 4891.646744590226 0.000338182543051724 0.05283962866228457
1.2917616425300102 0.8074844129031229 4595.417329717335 0.0010761530117046555 0.09782142171027458
1.3921487483998753 0.5907380817752121 4702.895216396453 -0.0008214056652972419 0.014882138816698134
1.3733895743543036 0.8684728318269994 4352.808678964979 -2.8656052642109694e-05 0.1208622213330426
1.370185217908702 0.7952282731948318 4856.334724212344 -0.0001257260523834235 0.12979034043352558
1.125613557120533 0.8598298528361229 4660.390994047947 0.0006174035856688807 0.01872875275349997
1.424948256438776 0.766733659960432 4931.127909744512 0.0002522410134586696 0.09301075582164763
1.372906122451412 0.7327459075484369 4302.453748702055 0.00020225913479071235 0.031082552006298326
1.2503171535161177 0.8270288060436972 4918.622768211791 0.00013229881233523577 0.15045029118742595
1.0590214435702916 0.8443152466075656 4837.225085042792 0.00010545419973610256 0.015244955979317194
1.0775051917156933 0.8299620147262362 4695.602770238875 3.779610259218695e-05 0.01652774248931558
1.3908697505639327 0.7374183160683614 4655.143203272777 0.0001315140842619546 0.03531080232979373
1.0227479635860806 0.8395641649498049 4809.835093905038 -4.218876899063046e-05 0.01641005086604458
0.9636629127911068 0.802265021815321 4513.168251626401 0.00042979809826386645 0.01278682994728067
1.4729993562169723 0.7667338450146285 4982.300178870801 -0.00032965892854810297 0.09254815011075318
1.1966949510976592 0.8891688234216366 4295.0913143877015 0.0005622498551468961 0.02436558951251104
1.154069285420725 0.8310532717962755 4264.44891692585 0.000184825337971602 0.015593422547108372
1.322235074439408 0.9327201504446487 4891.088392102713 0.0007033794256618567 0.5477323320446763
1.3542874712457322 0.6172679977176532 4667.766111925953 -0.00016074047405156573 0.016489913691380736
1.2679195852323941 0.7991633089615986 4876.8491107448235 3.3641280996724223e-06 0.04715944453938669
1.2254826572330861 0.8441139408848286 4284.50377037727 -0.0002356953094368956 0.03414797350681143
1.2548173729706371 0.8440355207478242 4980.332307084125 -0.00026426988167336493 0.07898168233391947
1.227650134650629 0.8243251202098482 4917.395787266281 0.0005202880477652067 0.062010314037393044
1.3903493953524997 0.7188153397005257 4847.791710862152 -0.0006174848183705215 0.04317823466133697
1.484944501615534 0.7494085636326251 4083.3102071516714 -0.0008390223098667623 0.046061225147916954
1.1321541460270519 0.7551083785769905 4999.448481172939 0.0003020620783271972 0.010906120742629297
1.329707262595932 0.7658661976136791 4451.055226645848 0.0003149976917444507 0.06441929079928994
1.3817303775130059 0.7643436678411938 3982.226185882814 4.458532816538209e-05 0.053665438957899186
1.2948218693704918 0.7754637613485131 4516.890551708623 0.0007773215556173031 0.04136014129366805
1.39366384144415 0.7588478475469842 4838.021577666541 -6.948531922513302e-06 0.04784630225617228
1.395109164293649 0.8065440043687488 4306.784291344156 0.0003783656480616065 0.09699862302025444
1.1752353777116535 0.7421329348232769 4672.561286577669 -4.621095200380863e-05 0.009895922258342443
1.3826240738213165 0.7226029379922758 4284.964425100796 8.566901800318518e-06 0.03404948881855109
1.4846550734199346 0.7907700299181477 4104.51028613434 -0.0004863210430164124 0.10659729724184455
1.3842260844130716 0.7878102841057802 4552.850210067474 3.334899675841299e-05 0.09586735576388986
1.3752272195842423 0.8314601024743222 4224.795256039108 0.0003901497459268897 0.16022747370318918
1.4078177656272461 0.6702130610038928 4507.762194224969 0.00014933410895452348 0.02227725178946765
1.3032661876815452 0.7749673503200565 4891.887801725639 -0.00045496005541263376 0.022636385199030475
1.4270415608538765 0.8403498890344967 4366.1040503418335 6.805489831638511e-05 0.23969238822858774
1.4155196433758295 0.746230064544446 4941.099819861981 -0.00020700651762390568 0.06429987986605618
1.3200389253505174 0.7371895939689406 4355.445553200484 -0.00021983891288354372 0.037481278360914444
1.2801182935440856 0.7991821208782504 4880.350004531133 -6.700368102803553e-05 0.0996478656213086
1.2823270678205996 0.735516635421342 4541.334050610906 0.0004386601518818476 0.04366530616596682
1.2583700692023678 0.7666628719095081 4624.012435419983 -0.0002464034689555484 0.012172065762867583
1.089643823172413 0.845501398431144 4775.001288184699 0.0008214561599322681 0.01285070617570086
1.0637118569210253 0.7574321601189967 4870.473002143703 -5.720603446831547e-05 0.009880771837381648
1.406351394026019 0.6275778753893131 4518.760251031303 -0.0001415420075995065 0.019535985796044895
1.2830151223652209 0.8442739671495781 4718.481225049373 0.00042952754835849904 0.10102831633203593
1.1665548195140498 0.8431705607409928 4128.141148115773 -0.0002120965063657955 0.017123080429341332
1.2421070033978197 0.8182582458863122 4468.255336242389 -0.0005814854003267858 0.009864011680274468
1.3122956923305111 0.8378058495006104 4220.237815546757 -3.821182245785597e-05 0.15592361434271357
1.3201025409133327 0.7953938010616615 4195.60850277718 -7.703624769986343e-05 0.05200159246001495
1.3753881568255542 0.7379465556231278 4377.427618787687 0.0002818020995454374 0.05296117945096323
1.0857037962026426 0.7747507374864483 4137.839399665502 0.00018605354926997476 0.011020979763373386
1.365917482598491 0.759720315240504 4576.7397018815445 0.00010685919974936138 0.05902278302296002
1.3168572875319344 0.7414175639423412 4976.989218531902 -0.00017255746598330418 0.03878573743005518
1.3694812420134523 0.7312937171062839 4242.402802994114 0.0004993182082548878 0.035345641835893976
1.3553369032250075 0.7913888377392924 4405.030286589995 -0.0007437510762559092 0.02290713204602854
1.1852828264387476 0.8620784857005475 4539.386137357471 -0.00013533475519064608 0.027861522590109503
1.4970873835494567 0.7097520504211444 4536.793869826282 0.00037127880130363277 0.027530541014489276
1.255954660825289 0.8098332328680111 4681.544860821843 3.7144239691709123e-05 0.08407198832503798
1.384641234123611 0.7481008208652997 4695.6514900091925 0.00041159667247121556 0.05122721041517549
1.3505857420813419 0.7299495744267966 4139.30079726425 -0.000325671392549186 0.05111942787254023
1.2007123895219967 0.8605932959903213 4641.4854445928595 0.00033408964413619515 0.024773608623995434
1.3178450064367442 0.7928133879028061 4986.483996553688 -0.00022624969752824118 0.11440205786036343
1.3787191138727468 0.7794595546900777 4490.42594693935 -7.560861065440702e-05 0.05546342337083494
1.3305484800819198 0.7831359111579039 4387.918463552602 0.0004426982530112031 0.05259198563365796
0.9771958850091798 0.7933250802262017 4466.152363095039 0.00010616066041324683 0.011486857697628913
1.5643145963041256 0.7399278135315855 4969.247837438275 -6.259137686081096e-05 0.04210629306855915
1.3074714073512663 0.8226585730576285 4402.020834002374 0.00039077240659152516 0.07444811441929172
1.2836188411069107 0.8522633161844101 4856.1289219123755 0.0006518164786789754 0.09162780266500158
1.1662940513856688 0.8515109598726502 4669.603803040045 -0.000567239131505802 0.01685345019050251
1.0546407157351512 0.7562340251244819 4680.313280946778 0.00024726776721031846 0.010679399148864293
1.4681816974510389 0.7519096364109897 4279.362640692491 9.492778937398757e-05 0.06275026473788514
1.163118772231424 0.8261802632681788 4408.517885002009 -0.0006194155706252507 0.013448679156125652
0.9837669412981321 0.7606616527048078 4849.3148056798755 -9.944036481579935e-06 0.010190094632330924
1.396433129106501 0.7908761164131936 4238.387746060336 -0.00019109909895150446 0.07223979008066435
1.396433129106501 0.7908761164131936 4238.387746060336 -0.00019109909895150446 0.07223979008066435
1.2009667303641343 0.7528674374925188 4443.145978053169 0.000565988193092452 0.0189794257953604
1.3590350435602185 0.8338828013580228 4092.0382246432946 1.640474523426078e-05 0.07471717269795437
1.3531314593168824 0.7675454116383651 4302.960535126649 -0.0006666169907268728 0.06870333583283561
1.1977423031356575 0.8111180471449155 4559.568942762867 -3.7692753439985536e-05 0.032223480004676834
1.1980925925721906 0.7653716855129089 4787.57020738188 7.759883542945719e-05 0.028747349703227648
1.2945718728449416 0.8070459561355703 4363.980133349248 0.00027483494023903735 0.05428351546077843
1.0807718823454362 0.8173956652495311 4916.728271243281 9.45619154564475e-05 0.01403291631716367
1.3729636152202556 0.8554453906544263 4664.532752567664 0.00034983942565564887 0.28918364955327597
1.0768144991616204 0.7841629885953679 4555.17619062761 -0.0001018380471896902 0.012094046761853263
1.0768144991616204 0.7841629885953679 4555.17619062761 -0.0001018380471896902 0.012094046761853263
1.4988681877972667 0.771677292821117 4612.500717179099 -0.00037672282805157925 0.0599944136167029
1.4988681877972667 0.771677292821117 4612.500717179099 -0.00037672282805157925 0.0599944136167029
1.0773823451851925 0.8008623291761537 4877.464600111679 0.0006420801769379753 0.013711428638344205
1.3450991495483378 0.8035347834145626 4958.240818905936 0.000544139165139184 0.05013842281619126
1.0642501716839496 0.7530534860905459 4373.323370248082 1.7003866209170577e-05 0.008610845948554682
1.389233124612578 0.7220729756154389 4507.674404966834 0.0006218163585609333 0.03876880946466396
1.3606734610837825 0.7509447466114404 4685.609302527599 -0.0002819985501472938 0.059795168668124773
1.2486820212938434 0.8659396121875528 4440.67925352378 7.538778475146928e-05 0.02635476205529183
1.283900050497316 0.8498870373471669 4699.722371376776 9.232783426339976e-05 0.15347600652346627
1.260996456605394 0.7197346119860282 4435.317631529079 3.0375076321964634e-05 0.029152567628387305
1.2926072662103085 0.8013865798656957 4363.905421565041 -0.00019306620838950719 0.057080457841939346
1.1283803393107832 0.749556669103806 4348.489428924196 -0.00019312685884330155 0.008771740148878042
1.31622478037864 0.7884048959125479 4699.655238907896 -0.00030359156541791103 0.09432430150779611
1.286290035258219 0.7981791174866546 4206.7207693948 -0.0006661402685225669 0.03174098381557623
1.286290035258219 0.7981791174866546 4206.7207693948 -0.0006661402685225669 0.03174098381557623
1.3493291056294057 0.7205011176041214 4623.871136254304 0.00013828961880547368 0.03541449073367401
1.3493291056294057 0.7205011176041214 4623.871136254304 0.00013828961880547368 0.03541449073367401
1.2872407700924104 0.7770710678628542 4122.433964467435 -0.00016279585984382058 0.01705543867838207
1.2872407700924104 0.7770710678628542 4122.433964467435 -0.00016279585984382058 0.01705543867838207
1.3186447138400612 0.7013921329937517 4471.324676584711 0.00013878195538145031 0.03064602815118765
1.2295495803239203 0.8170974248728291 4900.569558652196 0.00018837552333648576 0.04062799944916124
1.4236596733307043 0.7084618039252372 4970.487242787358 0.0003014805989366748 0.028602091205355888
1.4058252060086276 0.7477247784894574 4550.900204953773 0.00012452834952083453 0.05697825125156291
1.2007016517865616 0.7450841266825916 4681.322229968201 -1.3262232978583786e-06 0.014271836517517237
1.3768623346282014 0.7372892139174365 4707.118773920497 -0.00014376881194693938 0.03751234523749478
1.3651046005940093 0.7366605718555708 4128.454560600305 0.00017095335487640737 0.038516546613656055
1.3258690284503252 0.8056673069733284 4846.896708880143 0.00011205706276090441 0.10062329466556653
1.3258690284503252 0.8056673069733284 4846.896708880143 0.00011205706276090441 0.10062329466556653
1.3337416066019838 0.7909196526834414 4279.425936445913 -0.00044006252331889697 0.03441374428797554
1.3383939867959755 0.7714672044407554 4549.898553937572 -0.00028077929342259795 0.04730826700153523
1.4245757785198854 0.8283666125503036 4101.472508101492 -0.00010658348449945322 0.1459112288208759
1.3975452136224615 0.7806116750562959 4569.190220406477 0.0004194511697419581 0.0685574433775837
1.324148489310753 0.8494623643052758 4607.4463359047095 -0.00018483269676261053 0.06714223660561093
1.3864312523739297 0.7155697017134386 4842.078850757722 -0.0005043447827216074 0.03496213229293204
1.3864312523739297 0.7155697017134386 4842.078850757722 -0.0005043447827216074 0.03496213229293204
1.116709601856288 0.7747742175118206 4780.679936316398 -0.0005169585795088582 0.009573237690972548
1.1842440014041378 0.8212389464358117 4437.169607528068 0.0002562260085056026 0.042606382452488094
1.1842440014041378 0.8212389464358117 4437.169607528068 0.0002562260085056026 0.042606382452488094
1.131243460569221 0.8219638309830382 4419.564665583313 0.0005427417862285949 0.013094961358222239
1.361519222612137 0.7714198542687707 4600.14555216999 5.4763278843449474e-05 0.06595159981793237
1.361519222612137 0.7714198542687707 4600.14555216999 5.4763278843449474e-05 0.06595159981793237
1.2707793230670148 0.8048701973478771 4718.346227046303 0.0006941505632121285 0.04609391930884022
1.3128116097811615 0.7595916654985866 4203.2072454722165 2.1200354987695015e-05 0.03473963724991186
1.505846698174798 0.7194391422002079 4826.608291984598 -0.0006190187165197649 0.04548166052766674
1.3825732583644026 0.7991538494673427 4189.043411598951 0.000895150619318365 0.07556852970982729
1.4752297187601555 0.7407470383115085 4741.5914147384665 -0.0002292077968504618 0.059316052551946476
1.4752297187601555 0.7407470383115085 4741.5914147384665 -0.0002292077968504618 0.059316052551946476
1.3191027843506005 0.7660038733174565 4481.20187281023 0.00035235946279948006 0.05194073381120237
1.0392215235987088 0.7974122499752268 4882.779503179221 -0.00047455596880806024 0.013439863889123823
1.4329077200370879 0.740213094906882 4421.280456691604 -8.497921137674175e-06 0.0436086153367755
1.4329077200370879 0.740213094906882 4421.280456691604 -8.497921137674175e-06 0.0436086153367755
1.433213552845468 0.8085604344230135 4398.70240001252 0.00017225623329718165 0.13495239013415372
1.3602738160977328 0.7230685194203225 4308.201735406392 0.00038004732493857973 0.0332862789615534
1.3602738160977328 0.7230685194203225 4308.201735406392 0.00038004732493857973 0.0332862789615534
1.34217252960218 0.816332771047898 4267.75149290822 0.00044694041124986364 0.11197976325616887
1.2031695107000657 0.850942988438195 4490.140216979171 0.0008075752052847247 0.01448440205645064
1.2108183307637572 0.815036267059233 4613.634843190169 -0.0005184819988384556 0.038609655626807675
1.2108183307637572 0.815036267059233 4613.634843190169 -0.0005184819988384556 0.038609655626807675
1.424007887409728 0.8136191770733642 4659.437402413698 0.0002112651515251356 0.10855393669766851
1.3607633510960047 0.8212706552217628 4615.484860428811 -3.739978065483987e-05 0.04355892011329758
1.4762966610496555 0.806197064217836 4445.6156099159325 -0.00033641804919702797 0.1519166855697372
1.253136550395948 0.8105432688873722 4251.4071482596955 0.0005702778779504012 0.03730247189587774
1.253136550395948 0.8105432688873722 4251.4071482596955 0.0005702778779504012 0.03730247189587774
1.2468217552725278 0.7700251055920153 4136.751425910062 0.00041463234637144445 0.01768526249924695
1.4066559558744292 0.7215717906750816 4604.333024157922 0.00013060236758971546 0.04376430790046991
1.4066559558744292 0.7215717906750816 4604.333024157922 0.00013060236758971546 0.04376430790046991
1.4727378010532828 0.7482906454680893 4126.499694395368 0.00040272615601122993 0.056764295287370224
1.3295358421993262 0.834807975612325 4187.2658467829615 0.0002836017745778136 0.13708419309544637
1.3295358421993262 0.834807975612325 4187.2658467829615 0.0002836017745778136 0.13708419309544637
1.3347938633525673 0.709386164602385 4812.195357027071 0.0006189519238083082 0.03419834780247581
1.3511604648667486 0.7902037714729696 4434.733875148789 0.00023245521934274152 0.04390929638368355
1.3511604648667486 0.7902037714729696 4434.733875148789 0.00023245521934274152 0.04390929638368355
1.3397518079269297 0.7543172415027297 4150.813300301257 0.0008825722931104091 0.0317703828041285
1.2591619956643274 0.7693123922333578 4439.464448040335 7.506627689376916e-05 0.0616200104829062
1.2591619956643274 0.7693123922333578 4439.464448040335 7.506627689376916e-05 0.0616200104829062
0.9616992116395452 0.7064418926832499 4748.323920090339 0.0003263052265740969 0.008378872643116224
1.0379486408294287 0.8036933793023976 4695.675804394481 0.0003191369390107716 0.012468634812986615
1.0379486408294287 0.8036933793023976 4695.675804394481 0.0003191369390107716 0.012468634812986615
1.2741600186743653 0.8392231448746357 4968.3954519221525 0.0002951094093199411 0.12089759780147777
1.27796932545158 0.7626282232005673 4520.189564480798 0.0004980150411252456 0.048149206630597984
1.27796932545158 0.7626282232005673 4520.189564480798 0.0004980150411252456 0.048149206630597984
1.3252958268175807 0.7746774686027534 4962.453233887417 0.00026163945302024326 0.05245321098714787
1.3252958268175807 0.7746774686027534 4962.453233887417 0.00026163945302024326 0.05245321098714787
1.2801620442983936 0.7516755808599129 4832.611848745702 0.00011865631529574837 0.019452762570640058
1.2801620442983936 0.7516755808599129 4832.611848745702 0.00011865631529574837 0.019452762570640058
1.022687778199327 0.7657438286478563 4702.813947745107 0.00018115582016671277 0.00947295251591611
1.271626731571116 0.7940152415767913 4481.926386206047 0.00015282914496972042 0.03818810083665992
1.271626731571116 0.7940152415767913 4481.926386206047 0.00015282914496972042 0.03818810083665992
1.371092787285856 0.8412889671798034 4398.629043154595 5.371596204068899e-05 0.14012492456874956
1.4012304859852462 0.7042938678647679 4965.059572967219 0.0007902088841951983 0.03768801051457729
1.1748949281744363 0.8427151009321252 4703.512488063715 -2.6454046578085062e-05 0.016391315597026532
1.1748949281744363 0.8427151009321252 4703.512488063715 -2.6454046578085062e-05 0.016391315597026532
1.3457777917320115 0.744718696430901 4168.230740037014 0.00017605433630591644 0.031234063784583883
1.4218113271597828 0.7266714793685898 4253.730938403428 0.00027096279817189525 0.043305469418003964
1.4218113271597828 0.7266714793685898 4253.730938403428 0.00027096279817189525 0.043305469418003964
1.0806071862295348 0.8157703781117399 4819.62571326269 -4.600567456464605e-05 0.014483714122256214
1.4752935264415996 0.770596405686681 4043.2557060909794 0.00035852012290677615 0.06940237150855429
1.4752935264415996 0.770596405686681 4043.2557060909794 0.00035852012290677615 0.06940237150855429
1.3380646250535784 0.7362860014826477 4286.505499221954 1.5745071134901862e-05 0.04918185035714863
1.4064513975680022 0.7063193450069573 4828.714448826542 -0.00011582170432648857 0.03095423731056939
1.2794312539923982 0.7792869662506127 4073.365314120327 -4.971856664666719e-05 0.028939414914934937
1.0282832667667472 0.7801532376538413 4674.65777208265 0.0007387671806841279 0.011630061481438584
1.3183600854673199 0.6954919313417899 4705.064358883484 -0.00031883162559095734 0.028620368638547146
1.2299610440014876 0.8275502164575421 4612.815208982971 0.000258092540985799 0.01358421701155806
1.495117158249827 0.8039354572982919 4557.826368298678 0.0004290922034258606 0.15064405029023098
1.2437673559455569 0.8679705261237406 4736.338125912376 0.0006013586094068403 0.08097862086375068
1.0806576190807564 0.7744566948925912 4700.046713527525 0.00016144212961221463 0.010734046037414277
1.0806576190807564 0.7744566948925912 4700.046713527525 0.00016144212961221463 0.010734046037414277
1.341186225974343 0.6951290639858071 4520.325467730768 -4.142823075119448e-05 0.032489969616635556
1.2045317094743135 0.7839348501174584 4397.300387655228 -0.00038510788838159944 0.03433490737924621
1.2663181817065388 0.8762993825114459 4424.954801325649 0.0003182008739692929 0.021987157159146436
1.2663181817065388 0.8762993825114459 4424.954801325649 0.0003182008739692929 0.021987157159146436
1.375328405050315 0.7183385169249868 4547.0664832206185 0.0005860925219889957 0.04086233475147272
1.375328405050315 0.7183385169249868 4547.0664832206185 0.0005860925219889957 0.04086233475147272
1.392799137253958 0.7246167544522939 4068.8449524594125 1.6983604322429965e-06 0.043410416645018365
1.392799137253958 0.7246167544522939 4068.8449524594125 1.6983604322429965e-06 0.043410416645018365
1.262293895695787 0.7739723919451269 4902.67158922739 -8.505444546639702e-05 0.05221995219919799
1.262293895695787 0.7739723919451269 4902.67158922739 -8.505444546639702e-05 0.05221995219919799
1.454488553030274 0.7613573976132653 4424.479942850595 0.000632853739378374 0.06882195473356481
1.454488553030274 0.7613573976132653 4424.479942850595 0.000632853739378374 0.06882195473356481
1.341319645561791 0.6753051939481332 4866.794391134328 -0.0002601680648971288 0.023814379381544386
1.1604242441151946 0.7871722503925944 4567.572599388256 0.0005576363182434071 0.01461217783188085
1.3636375353658003 0.77562247656351 4555.442673963983 0.0006114739318400208 0.06323037606220841
1.2520294653304276 0.8543922619211609 4892.172102043058 0.0007447667900166596 0.0876441165174622
1.4359873623514128 0.6686788869352068 4554.008663842072 -0.0005584423467089719 0.02408563326707031
1.3877905626388076 0.6727036354244278 4406.007175112119 -0.000233779055455335 0.026051887846506992
1.3535818273080196 0.7238026984328835 4788.412418245755 0.0006665255972622572 0.042417216790033074
1.350859006485889 0.8275800237659017 4224.449111566295 -3.844601847081181e-05 0.12226076430224835
1.350859006485889 0.8275800237659017 4224.449111566295 -3.844601847081181e-05 0.12226076430224835
1.3776222433644993 0.7943611784747686 4135.531222619753 -0.00016253749119195588 0.06135535742838337
1.3776222433644993 0.7943611784747686 4135.531222619753 -0.00016253749119195588 0.06135535742838337
1.2982994271299053 0.7812347299849545 4447.252212485999 0.00046168485851209547 0.0727858809058799
1.0793791479544714 0.8161592555536983 4768.623662001844 -0.00017165770358401058 0.011883954907999459
1.0793791479544714 0.8161592555536983 4768.623662001844 -0.00017165770358401058 0.011883954907999459
0.9911482147155831 0.7590042171031666 4981.207034646645 0.00010995166933705856 0.008831983661106909
1.0920022745347846 0.8305765933036524 4837.020482366531 0.00014340600282347556 0.015122613160804028
1.0920022745347846 0.8305765933036524 4837.020482366531 0.00014340600282347556 0.015122613160804028
1.141625359018655 0.7933922096573299 4650.253267519189 -0.000479308842034163 0.012897576640549765
1.141625359018655 0.7933922096573299 4650.253267519189 -0.000479308842034163 0.012897576640549765
1.3214333067725086 0.7739684384406785 4531.549169632557 -0.00016639744553132804 0.03123384173760314
1.3193463048400562 0.7299951615285499 4986.071345414348 -0.0003046761371558037 0.03406316351400532
1.3193463048400562 0.7299951615285499 4986.071345414348 -0.0003046761371558037 0.03406316351400532
1.3453418076365655 0.824541138643637 4472.51199122588 0.00023740772145934517 0.0598442805089605
1.3453418076365655 0.824541138643637 4472.51199122588 0.00023740772145934517 0.0598442805089605
1.3225144203508918 0.8159367060520126 4211.849362381197 0.0004039605039710344 0.0710379822132821
1.227028089601706 0.7796722957890247 4993.558811794674 -0.0007815595614070039 0.02838150266476635
1.227028089601706 0.7796722957890247 4993.558811794674 -0.0007815595614070039 0.02838150266476635
1.3505786195844438 0.7499410582842838 4651.345011926801 -0.0006191579515047014 0.05335581174382497
0.9866020392691752 0.732882681188738 4379.9223999916485 -1.652409289291051e-05 0.008495519944698784
1.2558656894142062 0.769724483680749 4911.5068929781955 0.0004622208227972189 0.01678018461402117
1.2558656894142062 0.769724483680749 4911.5068929781955 0.0004622208227972189 0.01678018461402117
1.2897539648355423 0.8140071153824238 4836.886106410876 -0.0005437148358790594 0.0495903104050696
1.0795974115717955 0.8100515451536244 4920.7790058862865 0.0005675274423345513 0.014285996960568493
1.195543012137126 0.8308723346881565 4721.8296168636425 0.0008548717618860738 0.05705227689025977
1.195543012137126 0.8308723346881565 4721.8296168636425 0.0008548717618860738 0.05705227689025977
1.3482857667360948 0.797113719759974 4853.790078183948 -0.0007711187280431426 0.06590514309669003
1.3255315962678869 0.7498650865455978 4651.586852131018 -5.8055769414601055e-05 0.040909565885048876
1.375718722632628 0.8404589854622887 4926.764864111637 -0.0001175673417520094 0.11486241418410244
1.375718722632628 0.8404589854622887 4926.764864111637 -0.0001175673417520094 0.11486241418410244
1.1614871077413 0.8506971662196304 4570.357581156828 0.00017140752516166418 0.019142459385591663
1.1614871077413 0.8506971662196304 4570.357581156828 0.00017140752516166418 0.019142459385591663
1.3668276084511883 0.7651213268527219 4549.9674031044615 8.86189345934533e-06 0.05921804598001716
1.1935636881666676 0.7906436018442362 4572.832797922511 -0.00019065779707283037 0.013529780387100163
1.1908215865195593 0.798467510872416 4664.865973789535 0.00031399299565512743 0.012680348090543579
1.1908215865195593 0.798467510872416 4664.865973789535 0.00031399299565512743 0.012680348090543579
1.3552138967199754 0.857695895840433 4926.8335568299635 -0.00021294060869925824 0.12125364585984877
1.3552138967199754 0.857695895840433 4926.8335568299635 -0.00021294060869925824 0.12125364585984877
1.2329212267292067 0.8085930133563026 4463.8733367716295 0.00018171856566376072 0.051743867435112424
1.1708680054551928 0.8328122755797925 4465.903172832822 0.001020534393355633 0.013304233283029588
1.2969977716394003 0.8305869605469258 4799.635634808765 -0.00039860490266888896 0.07927185155304586
1.2969977716394003 0.8305869605469258 4799.635634808765 -0.00039860490266888896 0.07927185155304586
1.2891486549120763 0.8176176431504123 4767.465131479756 -0.0005371770274020702 0.034525606314754875
1.2862267316722216 0.7792940712026695 4817.794858301764 1.0182479332178235e-05 0.06793384054808607
1.4409320019161505 0.7360703698535445 4512.742522255661 -9.330466041794128e-05 0.04350753535140804
1.4409320019161505 0.7360703698535445 4512.742522255661 -9.330466041794128e-05 0.04350753535140804
1.3159152861323933 0.8251617155623606 4798.396936865535 0.0008128982637274696 0.04834294747957135
1.2524199443503572 0.8278051714757504 4468.263825553352 -0.00012773485664170514 0.015739973783582464
1.2524199443503572 0.8278051714757504 4468.263825553352 -0.00012773485664170514 0.015739973783582464
1.1703668437738242 0.8245256768114033 4760.557814073526 0.00043478731177276864 0.015202472427264227
1.19391024899606 0.7902894739533267 4830.3210720624165 -0.0003877653289842462 0.039498240269675695
1.2612529370618997 0.7254953226961185 4667.980434018803 0.0004809562552659948 0.038376090037846776
1.265948322829202 0.7708827265017871 4889.066519554231 -0.00010496784907937709 0.036524405645490726
1.3196072816620557 0.778097640501593 4978.114461876745 -0.0006527717149554021 0.03841577417278148
1.3849891887959247 0.7100893799420103 4828.450268141238 -0.00012234331061669205 0.036982096987367596
1.209175845871392 0.8046365248414327 4648.492234954652 0.00026181871805707233 0.03274245756493834
1.2241834781646836 0.8248405488237797 4838.462972460219 -0.000651579275059337 0.01862684847079355
1.3914138107385212 0.8253305467582829 4379.497341704505 0.000489629406026944 0.09823627945044336
1.1869692790874853 0.778432665113891 4482.590432370086 1.1634821089057346e-05 0.03049977668971534
1.377104727640082 0.7630070670067814 4818.912026865945 0.0005143968609683481 0.05547073748515015
1.377104727640082 0.7630070670067814 4818.912026865945 0.0005143968609683481 0.05547073748515015
1.1082937554116818 0.8110671738227246 4905.957163465576 0.00018405919731405895 0.014540130740287083
1.2553551890791521 0.8151712473857025 4203.169132918164 0.00012331583968403105 0.02575524781624365
1.3534964648881087 0.811996376495315 4755.143454187168 0.0006085932512360989 0.10415562328737643
1.3868542731739404 0.7229691619369638 4977.8504360937095 -0.0008468331219385045 0.04365316914436336
1.3868542731739404 0.7229691619369638 4977.8504360937095 -0.0008468331219385045 0.04365316914436336
1.1215525195358373 0.8019153910006374 4909.431538290151 1.600780311542931e-05 0.012885487579235785
1.1215525195358373 0.8019153910006374 4909.431538290151 1.600780311542931e-05 0.012885487579235785
1.0369865664850635 0.725587691221598 4405.433696924341 6.318777405787167e-06 0.007765611835078585
1.0369865664850635 0.725587691221598 4405.433696924341 6.318777405787167e-06 0.007765611835078585
1.3468737923882266 0.759326893721562 4676.8270946763205 -0.00017157164323924163 0.055449746268658846
1.4744443193936374 0.6488976606557786 4728.026985053201 -0.00021331259795811342 0.021639506830685135
1.4744443193936374 0.6488976606557786 4728.026985053201 -0.00021331259795811342 0.021639506830685135
1.2151012100849274 0.8300691087844996 4635.455336396371 0.00037079085875113066 0.012023274575163695
1.2002083244009385 0.8451795228818845 4914.819321921826 -0.0001133595002393139 0.018545454136832715
1.404830240895202 0.7174316964527176 4796.886503986049 0.0003317533301331979 0.03406191433878381
1.4649462474324493 0.6634845623156851 4859.604978542107 0.00023457425233562048 0.026605997186909
1.4649462474324493 0.6634845623156851 4859.604978542107 0.00023457425233562048 0.026605997186909
1.1566081625302544 0.8170004713944687 4424.337142577833 -0.00023750352184071755 0.014033883149102633
1.242950040294603 0.830274554034995 4943.224678874248 0.00032714135101735714 0.02223688433637778
1.3849289678240606 0.7995404306414508 4509.968629784836 3.782900399836725e-05 0.10480453521836398
1.0594372337783622 0.7496349384638459 4853.87411139887 -0.0007884626301954521 0.010333174704024268
1.332498080292131 0.7933629365037363 4736.7776455755375 -0.0008937576626581799 0.09922197613665877
1.3269792676674759 0.8563327216749164 4221.989411660149 0.0008838435572954119 0.04453209256521466
1.3269792676674759 0.8563327216749164 4221.989411660149 0.0008838435572954119 0.04453209256521466
1.239832393505571 0.7541133121311094 4318.859340662503 -0.00039324148692085657 0.03569833659634783
1.3674944303621044 0.6760054706244014 4456.398770320752 9.803971602714746e-05 0.02582336631021254
1.4141455613817326 0.6997799062696495 4962.950484752 0.00021310144347518257 0.03499793515839653
1.2736856768617675 0.7233228157111589 4908.362028154787 -0.0009315647239680145 0.031139669214082386
1.2844816678425115 0.7685176855268583 4110.861239163445 0.00028216765306539934 0.05047018363251347
1.2949297111847298 0.7601789719147458 4547.106165470107 -3.27482570964602e-05 0.05191304990124136
1.2949297111847298 0.7601789719147458 4547.106165470107 -3.27482570964602e-05 0.05191304990124136
1.447911385507694 0.7513484595253337 4607.263583645889 0.00024112965034562368 0.050469243554317464
1.0978146901705175 0.7558989999737386 4741.522050228623 7.42393267976348e-05 0.009553645584356127
1.3577654839766713 0.8597075364463133 4199.851904596269 0.0005666113288716551 0.042664966368106294
1.0436659451836987 0.7686355247652026 4884.31568735776 0.00026956472114274613 0.009842273705406156
1.0436659451836987 0.7686355247652026 4884.31568735776 0.00026956472114274613 0.009842273705406156
1.209426746825504 0.7963590660564883 4468.383109110461 -0.0008313122589928368 0.012835589819098948
1.1634524804273174 0.8116672019875624 4674.037870989462 -0.0003158296584048736 0.01410737714369243
1.468901733512228 0.7768983760573381 4643.546538330225 -0.0002902049002791753 0.05886891612280158
1.5256291800673774 0.7026504061913085 4510.349790809847 -0.00010309543696372048 0.0319505156405214
1.3418751152523032 0.7415362375054253 4258.7206168369285 0.00024321013907381512 0.0417100460894579
1.2142214371212285 0.8140077463296495 4484.72127284041 0.0007769072477804168 0.03320323715829768
1.2142214371212285 0.8140077463296495 4484.72127284041 0.0007769072477804168 0.03320323715829768
1.3662705179031454 0.7373149738219602 4348.008476323528 0.0002361172415431482 0.038371813020294646
1.2958398133599809 0.7713164207707496 4734.411836376817 0.00012505243832141403 0.05419353822305631
1.2958398133599809 0.7713164207707496 4734.411836376817 0.00012505243832141403 0.05419353822305631
1.0180000592301566 0.7311724225031637 4921.80993826541 -0.0005375322860261789 0.008726190746815634
1.3330389331615933 0.735198261869745 4684.955850276981 0.0003664452835138197 0.04477866775366964
1.3330389331615933 0.735198261869745 4684.955850276981 0.0003664452835138197 0.04477866775366964
1.229181218538303 0.7458200204478669 4498.074567018205 -0.0004196297253320758 0.026620966508339054
1.3719002696832485 0.8192442302465994 4802.627004142211 9.61318386675713e-05 0.06472689966564459
1.2928558580101068 0.828917029212964 4540.086043297669 0.00018121646155874846 0.024004349209434908
1.2928558580101068 0.828917029212964 4540.086043297669 0.00018121646155874846 0.024004349209434908
1.2085616744018288 0.7909316225061548 4386.828904641264 -2.243557013546074e-05 0.028995180042615518
1.234701544742577 0.7976526872158913 4512.116169904191 -0.0003114083327811916 0.015822755758575467
1.3448256391457825 0.8678656575426837 4352.896225945144 0.00037826079767239884 0.052414490439615324
1.3448256391457825 0.8678656575426837 4352.896225945144 0.00037826079767239884 0.052414490439615324
1.3622487524413662 0.8259220806196111 4853.398294876254 -2.0412776545649283e-05 0.10775760630502228
1.3103416086008388 0.792037794108574 4930.539936100863 -0.00037981970597371215 0.02254482070170209
1.3038292642606484 0.7674962461363654 4629.612979292574 0.0004969084145868539 0.04902816642644169
1.3786522311597196 0.6912027950750244 4981.352955000293 0.0009381457849292474 0.028575063529716248
1.268815672534985 0.7725455018355173 4745.775971821323 -0.00033645696676518825 0.049160295991137
1.0284199543400536 0.788150633691798 4519.926928299861 0.0005854329671278785 0.009613189931190359
1.3690638288189947 0.7444450294938205 4919.363784607663 0.00022205496450065267 0.05033405281916173
1.3690638288189947 0.7444450294938205 4919.363784607663 0.00022205496450065267 0.05033405281916173
1.3278590084579263 0.7666406331347551 4920.870806754684 -0.00015023033228771249 0.07011364059601449
1.3278590084579263 0.7666406331347551 4920.870806754684 -0.00015023033228771249 0.07011364059601449
1.1739584621778938 0.826737984371824 4656.535388436119 0.0005144362437878023 0.015123636416639287
1.046158680068314 0.762677232673381 4799.79892527063 -0.00014171593189558004 0.009717174699360146
1.2619865848347056 0.7839068815163063 4793.028338948414 0.0003234439487061606 0.034292884530574205
1.315702958178171 0.7663117795219991 4968.349588265738 -2.2084694035554536e-05 0.05089204016690077
1.2367693739079308 0.8314504134900867 4998.974401799574 8.414957189489309e-05 0.028473620644701526
1.1588981927121964 0.8324651497138316 4932.339731522008 0.00017381299489661423 0.02033576724374789
1.2877431930109051 0.7925572649797001 4987.800901341456 0.00022453018540133179 0.011783776762191096
1.2914073149479879 0.831582174101712 4814.568603308942 -0.00036992653805736653 0.030105960902167515
1.290131603560586 0.767272982925765 4801.629450133871 0.000740960930274214 0.0510362232371888
1.2862065911205256 0.7960005999428902 4506.916707146683 0.0005971119248524435 0.06128564972890828
1.1818059021088692 0.77483453680071 4866.149612377602 -5.310663211212854e-05 0.031168526919371817
1.305007239228765 0.7660070905108112 4890.769126773149 0.0008302584596610059 0.053549178179167684
1.2928786480826342 0.6903067929193527 4823.9768496728675 -0.0005577810272694638 0.026498717982313777
1.3849165058566908 0.7588851933184914 4814.2456523675855 0.0003307988109046965 0.0426610908392818
1.471932773749192 0.7838656991730938 4056.5252130768686 -0.0006728975617949192 0.08741034929261897
1.2903264073530885 0.8076622105102007 4548.319656914236 0.0002754328726173052 0.055532658275308865
1.427590368264583 0.813837812127866 4632.44884562896 -5.572550445610235e-05 0.06901586317691218
1.4205238276696504 0.7455672216444199 4945.0154739688005 7.62134766328519e-05 0.051659709656569526
1.3355819379533944 0.818441023245316 4551.506498302014 0.00019476884532491798 0.07633182151338688
1.1483924415640243 0.8104676667082017 4918.433795069111 -0.00020852025666513133 0.022467326874727616
1.3205381802186196 0.8146612145697105 4618.877091936088 0.0003488905517009842 0.057173298336558195
1.180455762152621 0.7812188467215484 4787.502364859213 0.00014348091278622855 0.0195805582581002
1.2045087283698646 0.7762891818072155 4619.424471115638 -0.00012313273526288074 0.030993168400092107
1.3842196034895702 0.679243921142864 4623.549448095889 -0.0001345467364384442 0.028212472903025546
1.4054670157896232 0.7293367738035593 4862.361138467576 0.0005844851318142802 0.03968802588612428
1.3081100436099267 0.7670187239640873 4942.374389449725 0.0003288104708847096 0.054022736067241874
1.3944072231169375 0.835329540106197 4709.823464919224 0.0002860311136860708 0.14228502703180354
1.3750390020598446 0.6583963530873356 4556.064061438618 0.00033392210647867603 0.022128427464864764
1.4371339474962626 0.779775572021332 4747.742459489181 2.576826030534431e-05 0.05450752502629166
1.2125871074234842 0.7873191203545189 4809.401313968016 -0.00016778301158419854 0.044255384183331206
1.2666332023375602 0.8321159935448091 4725.859498289275 0.0002747633212069759 0.030814190994325336
1.3480795393140703 0.7285542994397441 4737.480473517216 0.00024263299118755104 0.03387153661856164
1.2598656771725736 0.8201489979365365 4664.3715574734 -0.000596390430160372 0.02120167520483727
1.3081306192814788 0.8163161904445916 4933.521332571615 -7.378587974308907e-06 0.0336707056762192
1.3797361319719936 0.7851613317237983 4083.6455480923337 0.00043584889911189785 0.03527579529689126
1.3068612321246413 0.8220288274917956 4669.145346166019 0.00041399626913640763 0.057527933813406464
1.3986169934835577 0.7880181641277793 4784.876093365604 0.00036182262331232486 0.10502362974581299
1.3358705077216126 0.7759140415575801 4677.147498448699 -0.0005553004929894101 0.04180382914073305
1.3534695621993826 0.8013735783935177 4668.1410013997 0.00035797709916947086 0.06584975431193915
1.2549559623184554 0.8280621160541145 4884.91387619511 0.00022091479897361614 0.05955294302415369
1.2215268193400988 0.8271280849528145 4687.418240400478 0.0001787321712957039 0.047947128479521185
1.3923788842021405 0.7351131584626331 4679.43303641982 -0.000621747689192016 0.04286412550349262
1.0941209359764241 0.7982776978314029 4923.2650499920865 -0.0003358605662469208 0.012737297553037789
1.5014690792673888 0.7791319624952626 4709.076290265976 -4.352245942672212e-05 0.09702716580826967
1.223171905851913 0.8015829028095798 4479.211155030658 -0.0008524150095935311 0.018364021938866337
1.2508819166678293 0.8577742474570901 4490.277259134296 0.00030026296312416693 0.02795040615956277
1.3284829939307032 0.7526578635929491 4771.657679821383 -0.0004740417443586087 0.050292807430914396
1.3346042164406953 0.7959149641226176 4572.656549684625 0.0005220543337847324 0.05869586470490382
1.2555431629753546 0.7747726884985056 4847.277297915561 0.00029975388531330784 0.0604754085387223
1.2477867216830179 0.810340526665446 4552.654991502099 5.048238364595126e-05 0.01584089168260886
1.1960184449347402 0.8169487477054996 4907.477768119856 0.00016443783080585206 0.01826147196361546
1.4057040558835623 0.7183460633878381 4832.952161007567 7.188124488404952e-05 0.03666964664249992
1.102157715923148 0.7741900535125109 4804.759538714404 0.00019199922014671806 0.009977633908952841
1.0287630146748847 0.7629411424197594 4801.231957173068 -0.0004555118917092295 0.009494254873659872
1.3089451043193967 0.7625395761807823 4832.7225219497095 -5.513313238068415e-05 0.03679074226323541
1.3475092883531128 0.7868892004760252 4869.322869960286 -5.105942113662894e-05 0.04914424069358241
1.4434642827860351 0.6946164193371138 4937.960388048227 -0.0003009509921188499 0.03506289360863366
1.3429244337145216 0.7368480188278503 4888.785128658968 -0.00022413833852319936 0.04464954784188114
1.2827842374418408 0.7348961196203344 4310.4039618122615 -0.00043660391775503016 0.032979511076113945
1.1456128409840978 0.7796622111926681 4632.254171900337 0.00042211307779813057 0.010163700226901887
1.2037805943366688 0.7820818338170192 4883.66969860951 -0.0002606317470939003 0.03016348093275431
1.3631474934500827 0.7516145641158138 4779.42318552806 7.529391183372571e-05 0.044743203583790685
1.3204200742519254 0.7205643632792039 4932.34031464695 -1.0166449618443614e-05 0.0325416998492554
1.2760621650114337 0.7840630521155852 4946.342538069462 2.7799512062230907e-05 0.06667706324192378
1.3058801612158755 0.7747709968771703 4793.480891278887 -0.0004867312929630731 0.05482263912006983
1.3935987682348556 0.805173551805885 4659.35759123492 4.458131433511875e-05 0.0631463167615957
1.31099479454908 0.7722314421260574 4491.27412854372 -0.00019317468054602278 0.034763435544447434
1.3765512563913715 0.812172296793932 4551.394109087977 0.0005115897133138072 0.11288307340326334
1.2570606616609916 0.8096522364309786 4743.670908280379 0.000659772765016918 0.029163382962257414
1.1443343855723247 0.8037526257780834 4512.645422321704 0.00041246686688027314 0.012314911744290336
1.0904848584905094 0.768406981230995 4452.890832349628 -0.00026940697819524754 0.009939780779634613
1.2911496348911937 0.8505150411922761 4592.1621992871205 0.00043294095643136866 0.03320095706737548
1.420203689318164 0.8200634414375337 4557.738887159742 0.00046943865574082126 0.12484487543188576
1.3413881002380255 0.7751801343355325 4947.652531267482 -0.00019788999090889227 0.07481537577423017
1.3544867102856233 0.7094771030916778 4867.76576645751 0.00010696232415789502 0.03386545031161539
1.3239101246825702 0.8261635698527692 4664.838383671963 0.0002102256930162361 0.06682321235033017
1.351765731929945 0.7525023082661632 4771.15372401435 0.0007351152990252973 0.05586450897175943
1.32803164912296 0.7271879422852427 4942.261708549417 -0.0003265581685709701 0.03816613830829381
1.411011489743028 0.710845238601153 4642.02759094672 -0.00016632713631725322 0.03551183245474848
1.3619482111710657 0.7717526724774637 4884.106693514825 0.00042879326821187135 0.0787960614703852
1.072382943877131 0.7780276101246086 4849.335305835734 1.5768985606356894e-05 0.011686822222888887
1.3310614482069867 0.7656459427722875 4923.453830959017 0.00029152287927409164 0.06428392266803809
1.1894195390669693 0.7941154339241757 4743.437113396911 0.0006449042998485176 0.014132032214540693
1.287986641701513 0.7922604764216656 4970.988357477312 -4.2418021033472015e-05 0.04166750554314272
1.2414616509158338 0.7804062598544405 4645.796548946951 -0.0006453284494506667 0.02725709096141795
1.3166921197838852 0.7841842164262696 4862.716029376105 1.6625343478427247e-05 0.04682552854415843
1.2324326669774082 0.8287404164856798 4602.586820765946 0.0005619270274672807 0.040663589791228937
1.3011409239629044 0.8084550414685427 4548.263079285425 0.0002473548042710215 0.07147838767966261
1.064932928119033 0.7820442786119034 4801.1498688633765 0.0002829368283660099 0.010101656651001862
1.2580295802071313 0.7944175616140855 4602.1099991845695 2.4463320418302523e-05 0.050688576574710736
1.4510929875704681 0.8337066046726422 4632.186049794773 0.0007877692357231526 0.12535745572633974
1.173113283333039 0.7827387060277234 4946.683619271459 -0.00047509909758988977 0.018257187166273232
1.4007240685029076 0.6882725031782875 4874.790363797882 -0.00046742737868318314 0.03000433541786572
1.1440426350812258 0.794300109741285 4302.1849813912895 -0.00022863083367280796 0.011132986033353899
1.3996497137983428 0.8268492075575847 4413.829669275712 0.0008162964804469178 0.11127296542352613
1.2737033875987613 0.8085946919139033 4979.0047517929925 0.0009254091471054636 0.07302581849940325
1.2119345170094333 0.7603209421228835 4721.076985510132 -0.0005520719660880188 0.03510830476616466
1.2374001668875991 0.7813974229227213 4951.014369246869 0.00026168965197109143 0.016013610339691214
1.3641049035576445 0.7591318228537667 4362.806897342342 -0.00042625413387990574 0.05606925760889091
1.3739368695442937 0.7399334351646236 4966.8574876261355 -9.80679367565499e-05 0.05247879748517041
1.3590205875221284 0.7406634880994096 4270.288912461204 -0.0003472176674724602 0.032124379292877446
1.4328660716863102 0.7801406858027374 4659.41008312425 0.0003013342965875884 0.06289194282902971
1.1487847607049568 0.8177596857029968 4642.505770395971 4.619256604969463e-05 0.013947934853980564
1.29895395686485 0.7504470372608945 4868.054024329841 -0.0002440397751692739 0.045991358247494556
1.4415769729731407 0.7546690664756793 4978.876999701144 -0.00021944997985156315 0.059263886434025595
1.195979832832117 0.7747407895871861 4918.491011324405 -0.0005145344190958601 0.03165043224506601
1.2133186539383336 0.8177105538132368 4936.086324465463 -0.00010677646957851845 0.02769627992690765
1.4282329791245008 0.6853195034756527 4910.337146846492 -9.971726090932859e-05 0.028814771816792845
1.270283424286068 0.7934052586805121 4940.1290361394185 -0.00017951605263789828 0.01955875335545039
1.221223686066181 0.7719548264974732 4995.339894167192 -2.3881140401951493e-05 0.027408860141848523
1.3219692044037432 0.7846254770073986 4910.727627285184 0.0005848989363861754 0.07182585826338315
1.2275353233769226 0.7517299116593041 4830.865721496316 -0.0003077673415371086 0.03803849842412216
1.4122075310238555 0.8110243555017036 4869.32014059883 0.0002387240002402943 0.1288407013805517
1.4282993750061206 0.6901402474274982 4910.521824493736 1.954775969688135e-06 0.029780800519230863
1.2373164209236833 0.7564338919410659 4927.293107688425 -0.0006253311527233937 0.021824232094230324
1.087851137209622 0.7652895310509845 4939.732755870297 -0.0005071487360260596 0.00926975032919189
1.170484888751893 0.7598466461180396 4823.426388618647 -8.743090699895956e-05 0.02186450257813876
1.0824378803746226 0.8002453975958989 4952.515653494913 0.0003481488995496883 0.012364319933254214
1.310357074406743 0.8499848198390222 4632.201300114398 0.00025458544160956477 0.017727424361609935
1.3505333650039084 0.7842132244559192 4964.429658333997 -0.00015345340794910707 0.05177621574711612
1.2278092926019968 0.7962036972537468 4642.217207591731 0.0004346899309775286 0.019018028404852574
1.3581284524531874 0.7927689259291724 4826.555722258034 -0.00063105910824249 0.06634913422935301
1.3694776817860492 0.7831360165134501 4805.2837916137205 0.000287987069270167 0.07601812263253248
1.3790005532987766 0.701257585939485 4687.715960288381 0.0007293955639762884 0.03218451679274163
1.3314765095497632 0.7428590828668977 4920.020854104636 -0.00013763047220869266 0.049599749531845115
1.2090770468992653 0.795911744370613 4712.111812536514 0.0004048255162623939 0.024338228448432142
1.155423448874022 0.7910989509896187 4977.323673453616 -6.345125244603071e-05 0.012438498784916702
1.3451215679689044 0.7611131016526849 4663.804252605752 -0.0001749750284360297 0.06190010745429982
1.2680408494688147 0.8143901722929763 4536.324320766236 7.404266503410817e-05 0.017500277614563253
1.3959639161214892 0.753757816865025 4270.426551344931 -0.0003078842963404097 0.05380707499992253
1.318039222167926 0.7903623023042995 4732.928681975042 -0.00035580401904963333 0.06699839751482647
1.2564101018498461 0.8161245799943552 4985.477709970688 -0.00028962553603400083 0.022395475193053026
1.2359165349968724 0.8303480955725511 4933.565680515814 3.305791554355271e-05 0.014633375663775245
1.278856062319712 0.7523355115084253 4792.99068505068 0.0001051280583414211 0.03646176964400747
1.1154475211915746 0.8004703538135574 4809.943925072151 0.00025181730710099236 0.01560849598466639
1.3443553408631508 0.746498167153992 4892.762964159864 7.306290706891852e-05 0.05258744441565236
1.2336923182923596 0.8096395750451792 4731.324783149023 -0.00014906113216178358 0.025538222929681657
1.3407254115004656 0.7835956233232394 4424.814259065023 -0.00016701927746498406 0.024579620503027394
1.3957655337031003 0.7770990486307915 4306.492487335444 0.0007131576127698879 0.0602866294800227
1.2622704864803356 0.8082726532592772 4615.297655153308 0.00039262891044688255 0.013346568573865734
1.246006050309764 0.8243670159051494 4709.79316868257 0.0004625396573126606 0.016150789648080872
1.1179267009206897 0.7966310180142239 4629.121381152734 0.0006619591589177369 0.011885719663387117
1.1456745556536074 0.7865853605284494 4456.722553026202 0.00016683644814562135 0.014998567652432808
1.1687342019308282 0.7937365466892435 4466.985485941305 0.00062431580519095 0.021644940846102422
1.1993487214343241 0.7888894992547546 4574.714708504705 0.0006256109100929044 0.015459653928758426
1.133540781097345 0.8238688174916372 4790.392885645695 0.00041567245875366105 0.013747868364513555
1.2480543067648093 0.8444456332004484 4636.824146340082 0.00010549400054832684 0.017628095323775687
1.1482610503052841 0.7944718689537762 4709.871131431973 0.00023847977026618159 0.010621462872387296
1.1985686464664098 0.8393683194251556 4709.891978621218 0.00028749498070538806 0.013547447927800346
1.2928745101398054 0.7744201572421732 4663.6715527588085 0.00021699446015562156 0.041783153071204185
1.2843699709408367 0.7842517597644003 4602.739035104224 0.0002049157273075051 0.05598044731314894
1.3153931307975253 0.7086708313571424 4556.747807250904 0.00012091641399365135 0.032931671985475176
1.3617109251063555 0.8073902245131579 4300.829614946732 0.0006088901339939414 0.027863145828055023
1.360249578203903 0.8185262075655333 4536.467606397082 8.233938991958224e-05 0.05475723740173604
1.2527049380775301 0.7923559733045185 4270.672265124914 -5.38976699567333e-05 0.01646350054488646
1.1835274550596797 0.7987061992003248 4405.092319041147 5.4676452704946294e-05 0.01101331249822484
1.2259094196908702 0.8178340857890387 4344.106302974568 0.00022202076497927 0.01297449318009788
1.3853945316017664 0.8219157728082225 4958.1243225400185 0.0001735406719173773 0.11424380369147037
1.3931112050959213 0.8095871083127658 4849.531080513007 0.0001766014748827904 0.08436054802318951
1.4001711117386018 0.8158915950025207 4806.045818699965 0.00014887514156447526 0.08891266963844331
1.3842540355496604 0.8006562820570129 4872.490074279571 0.000293978356782197 0.1047253951944393
1.363653639701507 0.8133563853754147 4822.095713328854 0.0005750781200721846 0.10353436498338146
1.4180157653561891 0.8207473553871768 4806.311973117317 -0.00010556915250790999 0.12329767308301495
1.2920219238019182 0.8140260487893984 4821.7869003001615 0.000484879871784086 0.027720566283682024
1.3243886030116996 0.8118696591730277 4668.851089140353 0.000507979322158768 0.05480096860575209
1.2409331627683808 0.7938611245736504 4927.039676997669 0.0002871923744081614 0.0441634563914594
1.2900005208766752 0.805706079834035 4975.937004620086 0.0002486031697919526 0.04989598155962812
1.2704724178908537 0.810028360130828 4994.719226881939 0.0003524403339884344 0.056177205074798106
1.3065811895818478 0.7974110656187535 4852.389162370922 0.0004544611197091071 0.053707242030578396
1.2988475472500154 0.7796883298305041 4902.462769725533 0.0002674287447829619 0.06940118823784899
1.311382230991689 0.7891145219525876 4949.1274684861255 0.0006124723405314291 0.047360957038959824
1.2568189613858332 0.7939622980478152 4867.341914288704 0.00034021117538582293 0.06253700543589125
1.2378804456049208 0.795938258047594 4934.186531227122 0.00046583258046721537 0.031423441020358794
1.3072413519346928 0.7558631997411756 4995.740321995599 6.269377676588037e-05 0.05474815704522656
1.323664519852402 0.7665596886256859 4994.345026724985 0.00022282762161499379 0.04762389419587818
1.3190888123348228 0.7751870725632197 4743.556068388392 0.00049816823736322 0.049366196607826075
1.3081601839394763 0.7759440558779633 4730.961457115369 0.0005528767829956524 0.054819063597330527
1.4345595218869465 0.7482183942692957 4811.329718926638 0.00027095460975614906 0.05974028328881373
1.285335234184414 0.7728259886459751 4734.491582195986 0.00020417858275304052 0.04348756397844965
1.3593067276568407 0.7704281392767998 4677.231637863951 0.0008242762557644075 0.05409490413650372
1.3860682904452357 0.7688880350691519 4784.775410978043 0.00031833110012364157 0.06624153372357294
1.2161227986010963 0.8043303704670249 4849.221717089976 0.00015495829460950654 0.011471663869911863
1.205859851659019 0.8046338076062829 4862.568306087066 0.00019908766781778518 0.014393431119114928
1.1830856911803957 0.8268689999049129 4936.9079176428195 0.00020466773881318368 0.021145728512980397
1.1895008580477513 0.8160206114936996 4948.202862887466 0.0002719394988242826 0.021414730312604942
1.1895008580477513 0.8160206114936996 4948.202862887466 0.0002719394988242826 0.021414730312604942
1.2256148616658389 0.8384510737180979 4951.670688320089 0.0004641457869537894 0.021535142602960612
1.1864462574086025 0.8117877587579755 4975.64808689909 0.0005276530499835874 0.013989885362998097
1.1864462574086025 0.8117877587579755 4975.64808689909 0.0005276530499835874 0.013989885362998097
1.3303110201792911 0.7851365534494654 4836.224879874376 0.0002371897103222561 0.051928809293014966
1.241468639843967 0.7974061562884172 4832.017373932879 0.000387371414913942 0.01965516859842741
1.374323303436055 0.7347730322018973 4937.5245409071895 -6.556728865928258e-05 0.043217809815321015
1.3324618404197266 0.7838785553717398 4921.8022919409295 -0.00015915904270144663 0.04703942826952613
1.314214659318907 0.76007494464052 4889.927766151518 -0.0004773816040620901 0.051504748952276816
1.2742712751177616 0.7997751170356626 4811.822724148914 -0.00015694105935595826 0.04853320246715692
1.2742712751177616 0.7997751170356626 4811.822724148914 -0.00015694105935595826 0.04853320246715692
1.2882409195461844 0.8015248610848698 4797.241992156288 -0.00016600075916741792 0.07025604186257944
1.2882409195461844 0.8015248610848698 4797.241992156288 -0.00016600075916741792 0.07025604186257944
1.217525765011949 0.8087122455734099 4910.362874210657 -0.0002996280212094218 0.018344063936588148
1.1228879040996849 0.7895948302971557 4918.83297149005 -0.00042788949008484573 0.014340568968530507
1.150874252243133 0.8075698536138597 4892.082224180441 -0.00042017352160139904 0.013549073022039646
1.167332005188618 0.8081910492791917 4888.006454707162 -0.0002585339309873898 0.017202078309987375
1.1619510719402548 0.7967722248337549 4986.004701513916 -0.00024003884127410166 0.014183587153710297
1.3176703190831913 0.8108151605100284 4933.784473911687 -0.00042995189126712383 0.031045541391261394
1.237923977912264 0.7874397913019298 4824.999659468616 -0.0002449743151252016 0.021149318808870506
1.2242785561574419 0.778411582864148 4817.096058159901 -0.0002680455471463088 0.026559538428684654
1.1957058642178067 0.7936750082322683 4994.146072340524 -0.0008590035032751471 0.01766806945672237
1.2025528586297838 0.7860985699733668 4796.389794481138 -0.00023543139731409908 0.012700946214291345
1.1705695861205465 0.806546782685122 4888.668258389756 -0.00025496595682698083 0.017028302583472647
1.2366400106662958 0.7637968585935961 4918.4434976070115 -0.0007550745473095537 0.04520804630273606
1.2945886919445564 0.7920957593505825 4732.919661546399 -0.00022574668849292354 0.051590731481639854
1.2471069694080965 0.7861322194831765 4954.775418842924 -0.0005839775837595554 0.03841466183244188
1.3458580576031243 0.8023654741551988 4822.917708431776 -0.00026156454860297104 0.0727398060267895
1.2510716605885586 0.7934755096904977 4994.4642509397045 -1.7452389567794515e-05 0.03038212981662921
1.104644600530377 0.7891009606596666 4899.184459367153 0.0002052916037521265 0.010085772394006182
1.2509828902518365 0.8170025476182847 4992.93512744892 4.1213888101787464e-05 0.03448315593382713
1.1898539819395815 0.7955719492708189 4981.267458905605 -6.0242881234681815e-05 0.02038454296204735
1.25428825567174 0.819357579646376 4978.492793122392 1.1711530550880855e-05 0.019913120212381626
1.181631225803719 0.798017734112709 4790.965501374143 8.416172797644182e-05 0.015540802201132606
1.2776003854207616 0.7835149246208684 4853.568777162551 3.8545248558900334e-05 0.0165125298356851
1.2750740599734258 0.8295060329510472 4869.185571172949 -3.240404188657237e-05 0.026693865182924926
1.1223912418187707 0.7933853931919121 4918.184317201184 1.7523847355241876e-05 0.01290167622053239
1.1223912418187707 0.7933853931919121 4918.184317201184 1.7523847355241876e-05 0.01290167622053239
1.1871516005510636 0.8047047925772797 4867.595929138025 -4.427540404649969e-06 0.0224952884659742
1.5015276173371956 0.7540401432888737 4636.101384270782 -0.0005939466200356916 0.06270398202741675
1.328586844109787 0.7754420151235064 4605.235049909093 -0.00026352875977685 0.04439632121960513
1.2977281912712315 0.7535908839475634 4837.42995077051 -0.0005837199727388475 0.04200689950236715
1.220914320331473 0.8088089978558926 4536.9716006513745 -7.72304252607219e-05 0.012470981464669758
1.222231724744609 0.7930139133376799 4663.456085444307 -0.0004502417384473814 0.0205398326338652
1.222231724744609 0.7930139133376799 4663.456085444307 -0.0004502417384473814 0.0205398326338652
1.170173776438557 0.7992062054686088 4643.456429550617 -8.264569273589304e-05 0.011931262891861643
1.170173776438557 0.7992062054686088 4643.456429550617 -8.264569273589304e-05 0.011931262891861643
1.2320276552791367 0.805833960112733 4679.132909980264 -0.000122455492934757 0.020007210890528777
1.2061311469138918 0.757650407326393 4752.54269599666 -0.00042367782275145655 0.03448130612848319
1.147155965297861 0.7931759285100745 4741.740366180963 -0.000271272508517334 0.010442084482490406
1.2266310889361502 0.7787337629302358 4777.193248353838 -0.0007610668436925479 0.016272197869106136
1.215925360593816 0.7874265498275402 4782.1203936016145 -0.00039226693003286187 0.016900829229450826
1.2473918556251922 0.767096098600542 4836.839665377511 -0.000577769640294995 0.01462790391029981
1.1635520418121166 0.8139605693405392 4636.220816582452 -5.435422971980068e-05 0.013301358442973737
1.086096547472278 0.787763961809042 4730.243313446403 -0.00020090994766214278 0.010805602007423726
1.2248170990190548 0.771704650651963 4801.597392857964 -0.000470531754950645 0.030928100736872775
1.2890598428556481 0.8090034284184485 4794.725040055128 -0.00041556932892977666 0.033309990341134105
1.2890598428556481 0.8090034284184485 4794.725040055128 -0.00041556932892977666 0.033309990341134105
1.2682331328384593 0.8182853069847407 4751.318249279558 -0.000828521178213887 0.01792523850604817
1.2623312046128934 0.8185801002690369 4668.419779308027 -0.0006734010210932912 0.0238077356315022
1.129046346838115 0.8029202550933143 4790.994221683152 -0.0005642565252215932 0.012551591192905907
