 F
       10891       25232           3         512
   -0.392063661710211733E+02   -0.274377469402714986E+02
 T
   2
    0.200000000000000000E+01    0.300000000000000000E+01    0.156250000000000000E+00    0.843750000000000000E+00
   0
   0
 T T     0           0
    0.000000000000000000E+00   -0.100000000000000002+101    0.000000000000000000E+00
 T F     1          80
    0.968931157596780950E-07   -0.417048487087215207E+02   -0.303333033297368431E+02
 T F     1         432
    0.440190306676281430E-09   -0.392921524668067548E+02   -0.271783819445848387E+02
