    0.145124746156317141E+01    0.619009558758617295E+00    0.443310441985984926E+04    0.374940102472704189E-03    0.667957348861650591E+00    0.455037911834779418E+01
    0.115447210114746879E+01    0.712521509327693980E+00    0.413383102444552242E+04   -0.328863931609350683E-03    0.323425177373624306E+00    0.455436996184547915E+01
    0.126303324336882428E+01    0.599211423082964822E+00    0.445722696220228045E+04    0.176656849496029182E-03    0.676903899777872686E+00    0.484628568310108054E+01
    0.131080248127994636E+01    0.615136200061402905E+00    0.497362705625177841E+04   -0.492470713037386574E-03    0.717606449856636464E+00    0.561051281454649509E+01
    0.128349702978383262E+01    0.656575927708628937E+00    0.423529977827233688E+04    0.347122959813243805E-03    0.769439225873007393E+00    0.566640220303566533E+01
    0.882151828628628842E+00    0.611373984233085088E+00    0.476111784966105006E+04   -0.301060240377728648E-03    0.230960984825180710E+00    0.574653940663187335E+01
    0.160458009214684694E+01    0.650140453920782679E+00    0.423461979134413377E+04   -0.109570441720317112E-03    0.882632296189803878E+00    0.575023246066440130E+01
    0.135619556818884890E+01    0.617669751881791518E+00    0.460217929164110956E+04    0.386618300706947384E-03    0.657398114125183120E+00    0.584102827952943660E+01
    0.835347995842599556E+00    0.583522493262313424E+00    0.497264065884609954E+04   -0.203632240993704814E-03    0.229935122978721845E+00    0.585109930884957574E+01
    0.129315625037024362E+01    0.639864309185925184E+00    0.485895058447135943E+04    0.542552356288312295E-03    0.717106238898500559E+00    0.610189961771534684E+01
    0.128938465424573767E+01    0.628680432075890083E+00    0.446694231231971935E+04   -0.675052250063788131E-03    0.774926240023866675E+00    0.613591287525842244E+01
    0.124823507204300688E+01    0.693239768279407254E+00    0.442708196395719006E+04    0.805305432858027012E-04    0.314632631378801209E+00    0.622091561526270187E+01
    0.130062938771974412E+01    0.582254363716384615E+00    0.476420495359504912E+04    0.102487701240687625E-03    0.647163817761571836E+00    0.622256857225884730E+01
    0.152785309198673280E+01    0.625947622388130620E+00    0.415772924627298016E+04    0.318383955946391481E-03    0.714996124759351703E+00    0.622329541927360186E+01
    0.131988137997043520E+01    0.655320393102652554E+00    0.447560023141054171E+04    0.478724393287576475E-03    0.771803945566376659E+00    0.629405301209640022E+01
    0.133102961356853777E+01    0.583236237800994650E+00    0.464034227215618012E+04    0.257641020920532419E-03    0.673040434541596233E+00    0.636390259209650999E+01
    0.138557478785839483E+01    0.668341857018901697E+00    0.447442907130639833E+04   -0.127410667540464720E-03    0.764542953388152591E+00    0.641238795173982545E+01
    0.148605024315265100E+01    0.636464949110358336E+00    0.420656725555024968E+04    0.183212192174469379E-03    0.771897095781599707E+00    0.647136754880695086E+01
    0.117392841075527610E+01    0.701339259909187440E+00    0.474995462685833627E+04   -0.273523324097245857E-03    0.312429872429314970E+00    0.648224157574732374E+01
    0.107940299298386022E+01    0.664551379801288755E+00    0.425755733045192028E+04    0.124326414177797814E-03    0.278577170883867520E+00    0.648705235752077414E+01
    0.134047031191689636E+01    0.606212130029908702E+00    0.476121484914096345E+04   -0.135687864107220338E-04    0.696460679246271419E+00    0.653057287863356173E+01
    0.133157382548568215E+01    0.696903682799477231E+00    0.482638680172542900E+04    0.410603819444470557E-03    0.681185717191966744E+00    0.655044080593438771E+01
    0.145051024825106900E+01    0.620670589270140183E+00    0.427299518026914029E+04    0.528803418544155496E-03    0.763828883956614080E+00    0.655421067698561188E+01
    0.140163809596908884E+01    0.631031845554156812E+00    0.466945657003391079E+04    0.289094944293443780E-03    0.784371036727101512E+00    0.672482965054486925E+01
    0.124284605444162111E+01    0.652120947937748885E+00    0.483004236518932703E+04   -0.170515315329931210E-03    0.713168751987232952E+00    0.675598957533082611E+01
    0.128705825971552112E+01    0.649324884067792985E+00    0.486023882058159234E+04   -0.729717264609168188E-03    0.789868620093961860E+00    0.686035855435095598E+01
    0.963033455486756451E+00    0.628662492961153396E+00    0.446533519456344493E+04    0.212519393960403677E-03    0.259600729944932551E+00    0.686072490013699721E+01
    0.137805773192382675E+01    0.634683427044962056E+00    0.483369711296021705E+04    0.200269439206224060E-03    0.723834680125696517E+00    0.686949953313009676E+01
    0.148614838693794571E+01    0.615361659539165773E+00    0.455870795466153868E+04    0.783955168264212701E-03    0.705618490970331802E+00    0.688848041141278600E+01
    0.871685798679799229E+00    0.561942910547294394E+00    0.486914886211861904E+04    0.166272793116469008E-03    0.237078418659915552E+00    0.689443053962832764E+01
    0.103415303766136724E+01    0.660906253259419874E+00    0.484124336471481365E+04    0.154484992146694479E-03    0.276549715260248963E+00    0.690616768987318519E+01
    0.104929488815426830E+01    0.693783110834398586E+00    0.472511151536080888E+04    0.145089888248506424E-03    0.263990817762516927E+00    0.690763831672865969E+01
    0.154083977340063538E+01    0.675017448965170574E+00    0.430074516439972467E+04    0.731266502634312571E-05    0.884920270597369552E+00    0.690991864767883790E+01
    0.136256535050129202E+01    0.597708591215234453E+00    0.487558140463598647E+04    0.157348333080758936E-03    0.677899318070125600E+00    0.697708768126229728E+01
    0.139681289195279978E+01    0.580288085812104670E+00    0.469305925009580005E+04    0.404454252317081454E-03    0.665076741941989402E+00    0.702633876036795613E+01
    0.137827071500669440E+01    0.659695037979031396E+00    0.494954869949554086E+04   -0.716104222297790811E-03    0.814355500608173410E+00    0.704875475468053025E+01
    0.139483304017229992E+01    0.694564406847255400E+00    0.428142425973791615E+04    0.128738541393728527E-03    0.931395469373206941E+00    0.705536206199387017E+01
    0.126862736953019373E+01    0.656367812741116330E+00    0.474461472967123518E+04   -0.178494259537207009E-03    0.803695656463971675E+00    0.708361784083548773E+01
    0.155356684417256652E+01    0.580206261267975476E+00    0.425738831877521170E+04    0.318598165169726164E-03    0.645583357736266295E+00    0.709426728952567398E+01
    0.114668985012439495E+01    0.679318710250521596E+00    0.453334052821839305E+04   -0.395735164747850268E-03    0.286129309025507705E+00    0.713567597715425350E+01
    0.112612712390520753E+01    0.697047869190014491E+00    0.402003424622660759E+04    0.285615909273309663E-03    0.275728498925513987E+00    0.719321983058719638E+01
    0.131649912340501807E+01    0.605913530723568128E+00    0.449821333232928009E+04    0.124229740087049729E-03    0.667982599232353147E+00    0.720020682887728114E+01
    0.153210440848206231E+01    0.620577873015663251E+00    0.430503391300414387E+04    0.561759267907077382E-03    0.721237966952666287E+00    0.720775405042295070E+01
    0.119613493973470586E+01    0.713330996025058672E+00    0.474640217679898979E+04   -0.532526292788336900E-04    0.501270814635076722E+00    0.723495529758239719E+01
    0.131838651061293666E+01    0.659659088692474138E+00    0.445427502817832192E+04   -0.240122602860222276E-03    0.712133947898338060E+00    0.724521961382452773E+01
    0.129218687847888369E+01    0.677439108698784875E+00    0.468339389398159619E+04   -0.480825897677355076E-03    0.647707599837496151E+00    0.725333284906314724E+01
    0.135160794739165335E+01    0.601453736511591730E+00    0.444166078822704731E+04   -0.334591802870372909E-03    0.708795882479943740E+00    0.725731754489232550E+01
    0.143514955332903993E+01    0.639282819137118152E+00    0.472595121011031551E+04   -0.749447996385399517E-03    0.735345291015551239E+00    0.726302138620831794E+01
    0.137161804761373096E+01    0.691462870073270452E+00    0.465001130413550254E+04   -0.539330264087684421E-03    0.967304921502949888E+00    0.727454269817206534E+01
    0.127386040405381840E+01    0.668101534753560933E+00    0.494156330723130941E+04   -0.551287090863445588E-03    0.552155736780817641E+00    0.727771886441709981E+01
    0.148755270980951870E+01    0.619500308985981185E+00    0.447608223915156395E+04    0.107895049619907463E-03    0.709887002420283353E+00    0.733517436723543081E+01
    0.136182406949453227E+01    0.625503788628593238E+00    0.401271782604086411E+04   -0.381682464906886747E-03    0.732531677565935069E+00    0.735201521578860095E+01
    0.877844373022600877E+00    0.585021769602353636E+00    0.460297471275109638E+04   -0.319533496757182960E-03    0.240756667022654525E+00    0.735353471350594745E+01
    0.116282033435207244E+01    0.708429092548597206E+00    0.460588044160496793E+04    0.254511207145415150E-03    0.318812979783101413E+00    0.736704504463928078E+01
    0.141679870190606083E+01    0.645459095875464683E+00    0.394640775938007619E+04    0.742319392515837371E-04    0.778537560701687670E+00    0.737749922923826418E+01
    0.111210834022933946E+01    0.674110214941871400E+00    0.423445167754098657E+04   -0.681325957026894649E-04    0.258243848860867820E+00    0.741175726706540861E+01
    0.137123633311930693E+01    0.623259693428934503E+00    0.455008439908267337E+04   -0.109676132291512685E-02    0.711431811923867397E+00    0.741359530699246427E+01
    0.113578725364716848E+01    0.661235538582462201E+00    0.439992337703224894E+04    0.314348786939791752E-03    0.279117469354147496E+00    0.741417850959284586E+01
    0.139405797882444937E+01    0.571039869514940679E+00    0.437643283729065843E+04   -0.840829505515141475E-05    0.653397807048747392E+00    0.747746881515462913E+01
    0.133857702806757550E+01    0.628341908250614645E+00    0.424872234264708186E+04   -0.467620062461542854E-03    0.671372263529202651E+00    0.747773375165323895E+01
    0.131020123999128479E+01    0.708643973752459466E+00    0.444259061746204588E+04    0.624754804332071693E-03    0.382264610407948235E+00    0.748196572564506024E+01
    0.137004162818357011E+01    0.621588516027832383E+00    0.485829854511634949E+04    0.521409050153730366E-03    0.696788933813878630E+00    0.750239254655151733E+01
    0.116036089208942528E+01    0.654554747581355234E+00    0.413055288327617200E+04   -0.139690945013005432E-02    0.263279838430610480E+00    0.751576812675543682E+01
    0.127625079350066906E+01    0.606607609025101246E+00    0.480940796733484058E+04   -0.600812843213942510E-03    0.666717363462487556E+00    0.752012075497466004E+01
    0.128936569114305177E+01    0.728769519105911034E+00    0.411351140023822700E+04   -0.238317097847944769E-03    0.353029652253573856E+00    0.758144438581779134E+01
    0.157563801078093579E+01    0.672433284832644418E+00    0.409077595808444494E+04    0.719576306974452812E-04    0.970691985981108507E+00    0.761899227478341423E+01
    0.125336087802915852E+01    0.709548638968149792E+00    0.436690391680754510E+04    0.707008989152566785E-03    0.314830382524013352E+00    0.763056469122525627E+01
    0.130971024571673089E+01    0.630635881199978154E+00    0.432204541565964882E+04   -0.731557754115530956E-04    0.673438228534575134E+00    0.763340893217568350E+01
    0.120267903532070219E+01    0.703808086657499166E+00    0.481873493739890728E+04    0.284088782513195132E-03    0.358691489019480558E+00    0.766837032065622992E+01
    0.114667990751162607E+01    0.696388172429892482E+00    0.423815795274831544E+04   -0.434172196189468672E-03    0.288632048875687441E+00    0.770201577766264300E+01
    0.151592583345549103E+01    0.656991823242455864E+00    0.408902190979683883E+04    0.301954758696007660E-03    0.882824389659207953E+00    0.770796120835459497E+01
    0.120672076238241743E+01    0.692365581282297748E+00    0.432485665176728253E+04    0.137774510392937067E-04    0.278304876050680883E+00    0.774481753981254784E+01
    0.135075665422970914E+01    0.743448339342586917E+00    0.456632797416404628E+04    0.339966956549723738E-03    0.480354200786833108E+00    0.775497414394571649E+01
    0.138853629519681543E+01    0.682121192601327753E+00    0.495866338412713685E+04    0.992838321163758630E-04    0.872978281178080295E+00    0.777857396584659355E+01
    0.138853629519681543E+01    0.682121192601327753E+00    0.495866338412713685E+04    0.992838321163758630E-04    0.872978281178080295E+00    0.777857396584659355E+01
    0.128087586794882791E+01    0.706629379640276944E+00    0.484398293698824727E+04    0.168079054243852616E-03    0.625680598340026539E+00    0.778132943296738500E+01
    0.124553867311858868E+01    0.704410258823221280E+00    0.420621403241737517E+04   -0.213481590279655949E-03    0.390641631251069654E+00    0.778447059969910971E+01
    0.124553867311858868E+01    0.704410258823221280E+00    0.420621403241737517E+04   -0.213481590279655949E-03    0.390641631251069654E+00    0.778447059969910971E+01
    0.137304167490361895E+01    0.667302627828341155E+00    0.419294664003370690E+04   -0.139947733247994271E-03    0.784821052949412845E+00    0.779674811472512985E+01
    0.123916080869800371E+01    0.640169501438250133E+00    0.466346539590780321E+04   -0.442756161481064618E-03    0.483977988408212267E+00    0.779834509381203311E+01
    0.121405518051926986E+01    0.661383269503227122E+00    0.480279357693432212E+04   -0.409218020330840402E-03    0.284681410025128923E+00    0.781436175843615111E+01
    0.143173005539174958E+01    0.651024730902635351E+00    0.442121754521847652E+04    0.782035479233288567E-04    0.857636171308792883E+00    0.781806457643687125E+01
    0.121879708111468288E+01    0.707503605778373901E+00    0.436652736589151118E+04    0.350646420342704251E-03    0.291267817597826439E+00    0.782599137167747294E+01
    0.124226896195638203E+01    0.684912705439012726E+00    0.416422578650632113E+04    0.190002497945479163E-03    0.289193891291331884E+00    0.783296224507324990E+01
    0.102300067918918991E+01    0.664070172814106741E+00    0.497269370375288690E+04    0.306803198965605733E-03    0.253944239033614350E+00    0.783512564843690562E+01
    0.143559980962052069E+01    0.631845065622826496E+00    0.492778600767616354E+04    0.125600645221417870E-03    0.735683333029042097E+00    0.783864861837801641E+01
    0.925754690432832872E+00    0.630560053449830127E+00    0.461608418423250532E+04   -0.573220574987949117E-03    0.249512446193082160E+00    0.784512717272554294E+01
    0.135547778273769604E+01    0.635462890338082009E+00    0.499360350693543387E+04   -0.248300390085311564E-03    0.729241509155830192E+00    0.787359576038136666E+01
    0.135658361172104747E+01    0.634032988055168834E+00    0.430886808708977424E+04    0.212768407826499818E-03    0.720799092920543338E+00    0.787641807870552846E+01
    0.135658361172104747E+01    0.634032988055168834E+00    0.430886808708977424E+04    0.212768407826499818E-03    0.720799092920543338E+00    0.787641807870552846E+01
    0.119054066233358746E+01    0.695656336437301959E+00    0.402081825580508576E+04    0.867309749092831086E-05    0.301903847864442576E+00    0.788865153375352257E+01
    0.116777825238889221E+01    0.699257405334521964E+00    0.468414796777272386E+04    0.242888126744965024E-03    0.360748022120593204E+00    0.790111859671871741E+01
    0.112665360709082085E+01    0.684391657362588668E+00    0.426717659313145577E+04   -0.139061365183608697E-03    0.273209743128868032E+00    0.792135778497100418E+01
    0.147728475416271698E+01    0.604176504227200484E+00    0.411802132222263026E+04    0.349447542431541921E-03    0.675833021821780622E+00    0.793402429259006325E+01
    0.113518575746407935E+01    0.695474379968986200E+00    0.442486568708069808E+04   -0.811800942513291182E-04    0.292786635402321915E+00    0.794854935473249391E+01
    0.113518575746407935E+01    0.695474379968986200E+00    0.442486568708069808E+04   -0.811800942513291182E-04    0.292786635402321915E+00    0.794854935473249391E+01
    0.138237770781445057E+01    0.625755684870893836E+00    0.440310477102625828E+04   -0.163060217037687763E-03    0.696098942510318119E+00    0.796825569853265847E+01
    0.138237770781445057E+01    0.625755684870893836E+00    0.440310477102625828E+04   -0.163060217037687763E-03    0.696098942510318119E+00    0.796825569853265847E+01
    0.877206938992205587E+00    0.611014183638207475E+00    0.492583076656894627E+04    0.219459988241129799E-03    0.245102525037615454E+00    0.800340078883909101E+01
    0.130781646560451170E+01    0.608317003795926903E+00    0.415221274996584816E+04    0.307577554896840079E-03    0.685000044318682000E+00    0.800431609321900694E+01
    0.137066200108920855E+01    0.696322127246139622E+00    0.426403070438068971E+04   -0.389965164594268375E-03    0.739794825764322983E+00    0.800827380556930812E+01
    0.132815323963272913E+01    0.639165024904243761E+00    0.438212163037537539E+04   -0.422473853171225866E-03    0.766523554960604758E+00    0.800987964711180034E+01
    0.104657507319098575E+01    0.652042742455683944E+00    0.485897438414008138E+04    0.827361598966213740E-03    0.268364885085625837E+00    0.800994783324818016E+01
    0.990180406827991910E+00    0.659912128656725216E+00    0.428831738253148615E+04   -0.780262147446493781E-04    0.259065703882483178E+00    0.803642005213840882E+01
    0.990180406827991910E+00    0.659912128656725216E+00    0.428831738253148615E+04   -0.780262147446493781E-04    0.259065703882483178E+00    0.803642005213840882E+01
    0.115882999867549730E+01    0.674194400128392823E+00    0.418795893062360847E+04    0.361579994058864468E-03    0.284323292455004983E+00    0.803700927361805739E+01
    0.156726914842783271E+01    0.632268884598282122E+00    0.404334430832321050E+04    0.307967775811491629E-03    0.756716327964742086E+00    0.804405196215295604E+01
    0.109196448966703930E+01    0.671203237128082941E+00    0.423030625180581319E+04   -0.330964414725790058E-03    0.274565392325889945E+00    0.804494582580288942E+01
    0.109196448966703930E+01    0.671203237128082941E+00    0.423030625180581319E+04   -0.330964414725790058E-03    0.274565392325889945E+00    0.804494582580288942E+01
    0.135324945839030031E+01    0.640907326431277458E+00    0.494251911640703747E+04    0.586239091742285544E-03    0.793794470379472039E+00    0.805465091049096316E+01
    0.121267697144114051E+01    0.705008104265269497E+00    0.425306650426686065E+04   -0.180935781429740944E-03    0.343375615002876000E+00    0.807719697824338745E+01
    0.118388001119295860E+01    0.670287625665571873E+00    0.490749263061190322E+04   -0.222448123972988270E-03    0.331988934222205212E+00    0.810478271659011540E+01
    0.118388001119295860E+01    0.670287625665571873E+00    0.490749263061190322E+04   -0.222448123972988270E-03    0.331988934222205212E+00    0.810478271659011540E+01
    0.143724806820797957E+01    0.615065394519189290E+00    0.474955412616564627E+04   -0.540857057029611775E-03    0.699876838914618826E+00    0.812245809812763397E+01
    0.945622353876308219E+00    0.637271846636212835E+00    0.460123329308311440E+04   -0.156862923422648992E-03    0.243367338758022661E+00    0.812482682802738765E+01
    0.945622353876308219E+00    0.637271846636212835E+00    0.460123329308311440E+04   -0.156862923422648992E-03    0.243367338758022661E+00    0.812482682802738765E+01
    0.115431851474262315E+01    0.703414062325065426E+00    0.432113589242160651E+04    0.183220493435490544E-03    0.277641974127583291E+00    0.814118850434562980E+01
    0.129561773424105131E+01    0.654245015894020399E+00    0.466057075889015505E+04   -0.164261298970790146E-03    0.598651551292253670E+00    0.814701133309334047E+01
    0.112478378170341320E+01    0.668499888001049314E+00    0.450343953291351863E+04    0.397797626942025611E-03    0.295065804059150727E+00    0.815108636806101217E+01
    0.108141493865853899E+01    0.650034176570256750E+00    0.432496561408997968E+04   -0.213630720245474535E-03    0.256601770616221803E+00    0.815214417087117127E+01
    0.146907791236394969E+01    0.680168575459456082E+00    0.475613752214375927E+04   -0.418264127102201436E-03    0.951332821599362388E+00    0.816992442074625380E+01
    0.110967507435952517E+01    0.677474893129479949E+00    0.425198248085206615E+04    0.684582527410854233E-03    0.286853087214380131E+00    0.817000996157627313E+01
    0.134285001904650381E+01    0.672247859933731595E+00    0.457224725647541982E+04    0.522908749198650955E-04    0.813940521913396386E+00    0.818679302650303065E+01
    0.135353845047642141E+01    0.694373522538615062E+00    0.487793256584538449E+04   -0.383576088626915053E-03    0.809684939194955211E+00    0.821236003192146669E+01
    0.123262136391960353E+01    0.624866785321573026E+00    0.476499780088719490E+04   -0.194337934650500163E-03    0.638109594854341045E+00    0.822146933698151194E+01
    0.130799301325334438E+01    0.677074231076784105E+00    0.454994266875694120E+04   -0.445509470632151434E-03    0.721978404753229608E+00    0.823369034855454629E+01
    0.946277127258884798E+00    0.632440711159450775E+00    0.464513462359934329E+04   -0.446722515091170898E-04    0.255389648649484879E+00    0.824651085500177672E+01
    0.990275069706701427E+00    0.661548590301409445E+00    0.472728500423170317E+04   -0.897939986285606452E-05    0.250731580783578767E+00    0.824766007940189638E+01
    0.120185683187209169E+01    0.700870815766651223E+00    0.464568231197308614E+04    0.681592663716278215E-04    0.416311390313076957E+00    0.825110305699084989E+01
    0.121549850722719288E+01    0.674172660166350135E+00    0.454746057941475647E+04   -0.420464390468850617E-03    0.570290900362411368E+00    0.825234849292992934E+01
    0.130766949010575662E+01    0.645393111943469822E+00    0.450485874593505105E+04    0.256508840238105402E-03    0.750391881042589470E+00    0.826318117780551553E+01
    0.148494396678592189E+01    0.600675229716954640E+00    0.419572362768959556E+04   -0.204333817947745597E-03    0.708416879754853568E+00    0.828136521677523518E+01
    0.140625233005754557E+01    0.684052115267202110E+00    0.459802884813199944E+04    0.416881973562318025E-03    0.887821780877775746E+00    0.829635925093413817E+01
    0.140625233005754557E+01    0.684052115267202110E+00    0.459802884813199944E+04    0.416881973562318025E-03    0.887821780877775746E+00    0.829635925093413817E+01
    0.135700349785551344E+01    0.689587384942250026E+00    0.437189412325160083E+04   -0.431213519693342213E-04    0.731617470870984832E+00    0.829897953206297778E+01
    0.139787969822188818E+01    0.650864592706490996E+00    0.465567676534108068E+04    0.188807854336645845E-03    0.847470738036872673E+00    0.831779801556402987E+01
    0.161190506255544630E+01    0.641239375732816086E+00    0.411339730922337912E+04   -0.913658459055901527E-04    0.809259603949850415E+00    0.832118489960625851E+01
    0.161190506255544630E+01    0.641239375732816086E+00    0.411339730922337912E+04   -0.913658459055901527E-04    0.809259603949850415E+00    0.832118489960625851E+01
    0.136192647276559753E+01    0.606654398202647105E+00    0.488885819466673456E+04    0.881418909328517673E-03    0.724343655062799852E+00    0.836180789062189334E+01
    0.103913940387509518E+01    0.661045745577989563E+00    0.457578577663399847E+04    0.487725912092827220E-04    0.260463718875798111E+00    0.836937602153420990E+01
    0.110776033340514224E+01    0.660338749138987824E+00    0.460062185146334195E+04   -0.175723630481306890E-03    0.260672958850819425E+00    0.837667646345593653E+01
    0.106340868235800601E+01    0.653383144145064376E+00    0.407763837689756792E+04    0.168991133058232166E-03    0.256957522383708115E+00    0.837908314442715429E+01
    0.148497081688941801E+01    0.682653066429018240E+00    0.489583150814884993E+04   -0.103875001416105871E-03    0.952589289547053575E+00    0.838860861221325393E+01
    0.143970981102016737E+01    0.691670908791742756E+00    0.430027829093210130E+04    0.328238938746838196E-03    0.855896604678917594E+00    0.839939441126503539E+01
    0.145199770320742960E+01    0.608765025243297009E+00    0.414301751449651965E+04   -0.222459229157812699E-03    0.682476198499831987E+00    0.840371948370434652E+01
    0.147820206646822339E+01    0.661643131157698905E+00    0.438450009190541732E+04   -0.446707601199775243E-04    0.835046531955036864E+00    0.841730579177065685E+01
    0.135880209791272710E+01    0.647868200459870702E+00    0.464581042549520680E+04   -0.496619205908765526E-03    0.782779966959627593E+00    0.844516374185883834E+01
    0.106175900531907375E+01    0.646713159057441977E+00    0.493822381672173196E+04   -0.100934579461903865E-04    0.267506461648037874E+00    0.845529746476145228E+01
    0.118857448548914268E+01    0.663371584164235695E+00    0.471141273943160650E+04   -0.258833996226360500E-03    0.388177872792501988E+00    0.845688950408462148E+01
    0.132679051957048255E+01    0.640000255782984695E+00    0.446335610513970823E+04    0.334662082401253845E-03    0.795285645580782630E+00    0.846155496460538359E+01
    0.132679051957048255E+01    0.640000255782984695E+00    0.446335610513970823E+04    0.334662082401253845E-03    0.795285645580782630E+00    0.846155496460538359E+01
    0.153782458904724373E+01    0.610822558331106658E+00    0.425706381309143217E+04   -0.205808565038280466E-03    0.720384180984670053E+00    0.846844758329928027E+01
    0.112486033227900806E+01    0.662325309250321070E+00    0.479822373395639625E+04    0.717621922395407117E-03    0.270531570832637180E+00    0.847322742933603479E+01
    0.135705549752519539E+01    0.659134257101703369E+00    0.493328286048513746E+04   -0.310641542212067409E-03    0.673842216997128873E+00    0.849018101520232804E+01
    0.113231082629997259E+01    0.658205856117359711E+00    0.480708302566709699E+04   -0.186614115626640979E-03    0.273051844508813590E+00    0.849221013634230637E+01
    0.925793443222274970E+00    0.601645099230338154E+00    0.491302964564138165E+04    0.242658384294947596E-03    0.239631900710080059E+00    0.849367629571530003E+01
    0.925793443222274970E+00    0.601645099230338154E+00    0.491302964564138165E+04    0.242658384294947596E-03    0.239631900710080059E+00    0.849367629571530003E+01
    0.131123904800138646E+01    0.660427045397820045E+00    0.460285141860214299E+04   -0.166455112143337833E-03    0.763738139450673037E+00    0.850126087788484419E+01
    0.139949670766873235E+01    0.610379027472524927E+00    0.413346014439490318E+04   -0.603808038253304973E-05    0.680994078283031934E+00    0.850658797813509970E+01
    0.139949670766873235E+01    0.610379027472524927E+00    0.413346014439490318E+04   -0.603808038253304973E-05    0.680994078283031934E+00    0.850658797813509970E+01
    0.121823436649628647E+01    0.664713187540731276E+00    0.470129125112795009E+04   -0.703021224243856845E-04    0.719924580547455228E+00    0.850777457548296745E+01
    0.159201169109044116E+01    0.633109127674341687E+00    0.475020776880145058E+04   -0.654975853928149243E-03    0.784521161041307091E+00    0.851009052059679760E+01
    0.159201169109044116E+01    0.633109127674341687E+00    0.475020776880145058E+04   -0.654975853928149243E-03    0.784521161041307091E+00    0.851009052059679760E+01
    0.118298751326638563E+01    0.692902870188058073E+00    0.470311609991455771E+04   -0.146183125730797768E-03    0.327295302353979356E+00    0.851290183455956218E+01
    0.135710791682018628E+01    0.643082800370673557E+00    0.457396945480964223E+04   -0.483321613815991839E-03    0.780602041559436799E+00    0.851626031684594764E+01
    0.107146537411873988E+01    0.646502190992412129E+00    0.418220484490520903E+04    0.141794290180784449E-03    0.261732617702536308E+00    0.853278324903751439E+01
    0.107146537411873988E+01    0.646502190992412129E+00    0.418220484490520903E+04    0.141794290180784449E-03    0.261732617702536308E+00    0.853278324903751439E+01
    0.109367173718974042E+01    0.689662708937516800E+00    0.410234675355067884E+04    0.853248535734733513E-03    0.288236004228727027E+00    0.853670191365665687E+01
    0.127077791909673965E+01    0.664431418246101191E+00    0.410389129915891499E+04    0.711792362903583857E-03    0.685265048880016603E+00    0.854747635377004755E+01
    0.127077791909673965E+01    0.664431418246101191E+00    0.410389129915891499E+04    0.711792362903583857E-03    0.685265048880016603E+00    0.854747635377004755E+01
    0.103114817513726198E+01    0.668646986206899552E+00    0.404606745720102117E+04    0.243768417468517493E-03    0.260714108371714492E+00    0.854749342815252433E+01
    0.103114817513726198E+01    0.668646986206899552E+00    0.404606745720102117E+04    0.243768417468517493E-03    0.260714108371714492E+00    0.854749342815252433E+01
    0.112595332790359004E+01    0.704533607868593537E+00    0.489525732058537869E+04    0.444623490392950370E-03    0.287658848286830526E+00    0.855634656393722359E+01
    0.100775357278341038E+01    0.630294833950668210E+00    0.488199034768194997E+04   -0.252537215867292030E-03    0.246134494127299375E+00    0.856514333936784844E+01
    0.144706495382787548E+01    0.583424314359252794E+00    0.468567600614485673E+04    0.925883452600656564E-04    0.665507440606523670E+00    0.857089505481824609E+01
    0.142095024484087729E+01    0.681491248185057685E+00    0.430532341061683746E+04   -0.997000715057561477E-04    0.879235952171703916E+00    0.857338851594933082E+01
    0.129130534476232217E+01    0.650329335928018448E+00    0.480492247334910826E+04   -0.106455518230784074E-03    0.599516890461628815E+00    0.857352229892344120E+01
    0.142260865856075203E+01    0.661804003945210439E+00    0.478063695201625706E+04    0.964458332145738499E-03    0.876247510913627625E+00    0.858563774737844554E+01
    0.977136116691370127E+00    0.643243793501448224E+00    0.452671607467761714E+04    0.352840773868221013E-03    0.261767583933251058E+00    0.858587313587558043E+01
    0.119292534633046898E+01    0.674185674193973572E+00    0.462167898287849221E+04   -0.593868694015947250E-03    0.285632543596755717E+00    0.859105033333202783E+01
    0.115719019109752463E+01    0.688321076806860943E+00    0.432094491334229679E+04   -0.424820126092267177E-03    0.283870119634045182E+00    0.859229764751787428E+01
    0.143080622776774224E+01    0.630495303710226329E+00    0.470418538346117566E+04    0.388756395968015513E-03    0.771778358745911053E+00    0.859786046086643907E+01
    0.109127567106241585E+01    0.653671611879373837E+00    0.457772879320799348E+04    0.225341833046186906E-03    0.284035300057908113E+00    0.859982664515651862E+01
    0.109127567106241585E+01    0.653671611879373837E+00    0.457772879320799348E+04    0.225341833046186906E-03    0.284035300057908113E+00    0.859982664515651862E+01
    0.138867721291314483E+01    0.632084668340308964E+00    0.473904130955808887E+04   -0.606746459468819363E-04    0.751966103163269617E+00    0.860053709271093325E+01
    0.102389256687002694E+01    0.641471125331731673E+00    0.431028689120886065E+04    0.131924370376818305E-03    0.254746826621571609E+00    0.860250529489256976E+01
    0.120489881002818944E+01    0.660784334302670917E+00    0.444945796762987538E+04   -0.276946395832775982E-03    0.319920991826001755E+00    0.862361375723777357E+01
    0.117625690385612902E+01    0.693694770763647273E+00    0.470739942999828600E+04    0.461501036381717746E-03    0.327171950706290793E+00    0.864516211799475798E+01
    0.124939257028294626E+01    0.662215631924678694E+00    0.490913449885361570E+04   -0.122599444451366454E-03    0.451658611775749730E+00    0.865447531816166915E+01
    0.115941807584974477E+01    0.709893960795939138E+00    0.486495253597596729E+04    0.690672404070140768E-03    0.302925898574206154E+00    0.866180073454464505E+01
    0.122922296393214592E+01    0.671801420438528640E+00    0.447148918374782352E+04   -0.141239706021138370E-03    0.615788255538158857E+00    0.867609088578340604E+01
    0.108134891833285818E+01    0.653589797841295339E+00    0.440675451633231478E+04   -0.438439566513737446E-03    0.284448021424049458E+00    0.869059979597775012E+01
    0.139638785681052302E+01    0.614939650170986618E+00    0.495181711799344521E+04   -0.353159877985920916E-03    0.706231987324594468E+00    0.870780606402949076E+01
    0.125941693141052991E+01    0.649460931882568371E+00    0.462922150437279834E+04   -0.102475137900814314E-03    0.645798457478440335E+00    0.871107758844624946E+01
    0.952612838331472367E+00    0.628498776393493275E+00    0.482828974083460889E+04   -0.696861343257598243E-03    0.248257911761401162E+00    0.872743497051068751E+01
    0.135781697983856220E+01    0.620462934510098152E+00    0.480110488567092671E+04   -0.571594810440074238E-03    0.741201584883874665E+00    0.873075049907328093E+01
    0.115610585940195865E+01    0.654400879757808807E+00    0.477802006542492654E+04   -0.407282693940623492E-04    0.327524619728495225E+00    0.874467425082706029E+01
    0.119375429326901061E+01    0.704025682490837523E+00    0.489296331102404201E+04    0.299702154422582846E-03    0.390557351968355060E+00    0.874673970791811684E+01
    0.128407875049465514E+01    0.679399477311320776E+00    0.477191572626518700E+04    0.558246654193493520E-03    0.760058569045832133E+00    0.876773728551770049E+01
    0.128407875049465514E+01    0.679399477311320776E+00    0.477191572626518700E+04    0.558246654193493520E-03    0.760058569045832133E+00    0.876773728551770049E+01
    0.140625055346981798E+01    0.578318789525632315E+00    0.473096712222229780E+04   -0.951294936061683802E-04    0.652776104414685365E+00    0.876827960087844183E+01
    0.140625055346981798E+01    0.578318789525632315E+00    0.473096712222229780E+04   -0.951294936061683802E-04    0.652776104414685365E+00    0.876827960087844183E+01
    0.134254207324828601E+01    0.674902219722715135E+00    0.479907987354044326E+04   -0.199769611840405791E-03    0.873547192037708253E+00    0.877939011226616373E+01
    0.155978870354749688E+01    0.649189132547231651E+00    0.435211296332115671E+04   -0.602718048753434800E-03    0.798489819451745242E+00    0.878238852888594757E+01
    0.140016446503721514E+01    0.673641070907422090E+00    0.496423263931907695E+04   -0.445289957158400904E-03    0.928464464456584371E+00    0.879022650285625318E+01
    0.135812369575290415E+01    0.677961897041282624E+00    0.487825367809254294E+04   -0.358218814698983397E-03    0.907916205873612103E+00    0.879168590668023064E+01
    0.135812369575290415E+01    0.677961897041282624E+00    0.487825367809254294E+04   -0.358218814698983397E-03    0.907916205873612103E+00    0.879168590668023064E+01
    0.114982480034928325E+01    0.696878493167156998E+00    0.475771547868970993E+04    0.612185779847497133E-03    0.359616568949240600E+00    0.879702422100404746E+01
    0.127189006897519885E+01    0.635290879102551664E+00    0.488139439486662377E+04   -0.254573017206904450E-04    0.672657681480104519E+00    0.880629047208117655E+01
    0.140213001868100240E+01    0.650968922301306874E+00    0.420675360384133819E+04    0.516579761611760504E-03    0.799060518180830792E+00    0.881848361036890083E+01
    0.107842491085837211E+01    0.676153105814191302E+00    0.456284032237367774E+04   -0.807057605733256327E-03    0.280644099618296006E+00    0.882661573522235976E+01
    0.131451666113306986E+01    0.661904934431808645E+00    0.473415378862796206E+04   -0.641568592228073677E-03    0.765312519316338813E+00    0.883797399514615734E+01
    0.131451666113306986E+01    0.661904934431808645E+00    0.473415378862796206E+04   -0.641568592228073677E-03    0.765312519316338813E+00    0.883797399514615734E+01
    0.115158384814736636E+01    0.694327097889249512E+00    0.421950166454478313E+04   -0.961945017590651449E-04    0.280006785110471501E+00    0.884359842828119191E+01
    0.115158384814736636E+01    0.694327097889249512E+00    0.421950166454478313E+04   -0.961945017590651449E-04    0.280006785110471501E+00    0.884359842828119191E+01
    0.106219778453211466E+01    0.680640647244675101E+00    0.457725383707772562E+04   -0.487069127225070236E-03    0.284788784107757098E+00    0.884474067283945509E+01
    0.118469482870580300E+01    0.693737015503775534E+00    0.414143921044399667E+04   -0.454048441528399861E-03    0.301677432913092236E+00    0.885203231554214653E+01
    0.118469482870580300E+01    0.693737015503775534E+00    0.414143921044399667E+04   -0.454048441528399861E-03    0.301677432913092236E+00    0.885203231554214653E+01
    0.130035557384147538E+01    0.648287123369519214E+00    0.482484188403122425E+04   -0.476635223724109327E-03    0.706821493855593674E+00    0.885793489953850965E+01
    0.126310396305593176E+01    0.651017516178284739E+00    0.472206745373047397E+04    0.664716026392694220E-03    0.759846458724798168E+00    0.889485078791955530E+01
    0.126310396305593176E+01    0.651017516178284739E+00    0.472206745373047397E+04    0.664716026392694220E-03    0.759846458724798168E+00    0.889485078791955530E+01
    0.132341184782666854E+01    0.648210279089426411E+00    0.417640413011719193E+04   -0.441057110935264788E-03    0.769172975656914337E+00    0.890055298883582502E+01
    0.106613172377748588E+01    0.668062954240681073E+00    0.490395703009295812E+04    0.201141974736221863E-03    0.282403789273400208E+00    0.892619405246189324E+01
    0.125833886925973104E+01    0.695518964517762073E+00    0.410411866072300745E+04   -0.102531016741667512E-03    0.341985698561540263E+00    0.893365470923412808E+01
    0.125833886925973104E+01    0.695518964517762073E+00    0.410411866072300745E+04   -0.102531016741667512E-03    0.341985698561540263E+00    0.893365470923412808E+01
    0.100298935311234905E+01    0.659041643146928258E+00    0.472769709554302426E+04    0.177421016503353867E-03    0.265938567072368126E+00    0.895066046073446131E+01
    0.100298935311234905E+01    0.659041643146928258E+00    0.472769709554302426E+04    0.177421016503353867E-03    0.265938567072368126E+00    0.895066046073446131E+01
    0.127936158186840654E+01    0.652183870339344773E+00    0.492704880682608018E+04    0.252116762022074059E-03    0.749139182852355701E+00    0.895183786673566573E+01
    0.127635605838557820E+01    0.700829053682336944E+00    0.454050491345944192E+04    0.140031843497273861E-03    0.401452792168529304E+00    0.895514866071040672E+01
    0.142776062378599211E+01    0.686942503781279523E+00    0.453751861735105103E+04   -0.472410931040133646E-03    0.874950099307964635E+00    0.896006814636931281E+01
    0.121781348204544138E+01    0.675644784275672983E+00    0.485565964041595635E+04    0.104875433596555634E-03    0.408708603921998814E+00    0.896578452564514095E+01
    0.139543080175423295E+01    0.643721826849866674E+00    0.414308830666997073E+04    0.909965197562584530E-04    0.779812760068322230E+00    0.897383281918155085E+01
    0.143766306195629712E+01    0.646287784936345422E+00    0.419529512571220494E+04    0.651392324701598928E-03    0.821163522434789961E+00    0.898411540829520128E+01
    0.139926277932881571E+01    0.670034753355145729E+00    0.469824566649489225E+04    0.421611562875108732E-03    0.830718063578439914E+00    0.898837131251292121E+01
    0.139926277932881571E+01    0.670034753355145729E+00    0.469824566649489225E+04    0.421611562875108732E-03    0.830718063578439914E+00    0.898837131251292121E+01
    0.926305821782719696E+00    0.608540683497337476E+00    0.486918266190384384E+04    0.565147329703351861E-03    0.242663966361123196E+00    0.899005264274464366E+01
    0.123257336378432414E+01    0.682487369437474123E+00    0.456409616425034164E+04    0.414219842184563434E-04    0.331571722322898110E+00    0.900123418819575605E+01
    0.127853901257117486E+01    0.656215389634836166E+00    0.487597533537801701E+04   -0.141951996932444607E-03    0.619283557212304103E+00    0.900339714517072132E+01
    0.121189124731030717E+01    0.677996180539879867E+00    0.427559471232826763E+04    0.343599342090419063E-04    0.301949334041423267E+00    0.902227178603175695E+01
    0.139595794475368518E+01    0.656274646817003871E+00    0.451167683025345377E+04   -0.262782213010620677E-03    0.811716705435462815E+00    0.902350895153561261E+01
    0.108553195330908192E+01    0.659975615686611117E+00    0.489051750601387721E+04   -0.257743598171992193E-03    0.269637230121655913E+00    0.903633346141615768E+01
    0.117570221681354825E+01    0.702721679857410186E+00    0.431634759863394447E+04    0.642844097100488620E-03    0.311727015779256600E+00    0.903767518653585711E+01
    0.117570221681354825E+01    0.702721679857410186E+00    0.431634759863394447E+04    0.642844097100488620E-03    0.311727015779256600E+00    0.903767518653585711E+01
    0.140380091030475818E+01    0.657204465697223905E+00    0.461861812286230361E+04    0.977950673651175478E-04    0.845821793305582492E+00    0.904530556062392677E+01
    0.142394704437866171E+01    0.629701934136154162E+00    0.494125511109386844E+04   -0.401376404937855058E-03    0.739557935334894334E+00    0.904722571882442494E+01
    0.107051203753237889E+01    0.653099445055176031E+00    0.456949280746216209E+04    0.408844534428807744E-04    0.262014536323480651E+00    0.904848255735167939E+01
    0.107051203753237889E+01    0.653099445055176031E+00    0.456949280746216209E+04    0.408844534428807744E-04    0.262014536323480651E+00    0.904848255735167939E+01
    0.132625006303433213E+01    0.644489187007950548E+00    0.476524807246573710E+04   -0.634160634627824074E-03    0.704775946188622160E+00    0.907423588057721631E+01
    0.132625006303433213E+01    0.644489187007950548E+00    0.476524807246573710E+04   -0.634160634627824074E-03    0.704775946188622160E+00    0.907423588057721631E+01
    0.126397392752744109E+01    0.681149230900179870E+00    0.425786431839230590E+04   -0.330083652970080354E-03    0.313377337691496227E+00    0.907427297663461019E+01
    0.115024208760116009E+01    0.688091844728198510E+00    0.461780621725732180E+04    0.254995682282470695E-03    0.328409275686962654E+00    0.908468954223802605E+01
    0.131790526607027259E+01    0.697286221094854275E+00    0.444097573881193966E+04    0.174753097001299963E-03    0.661922636298016287E+00    0.908797768208031265E+01
    0.101659748976147934E+01    0.632101742845583847E+00    0.414033855388811298E+04    0.213534259303667248E-03    0.249330262646999867E+00    0.909840006399049273E+01
    0.107051766360551026E+01    0.669551544323472081E+00    0.456094490480534296E+04   -0.118618193010825240E-03    0.262949012266861182E+00    0.910138615376567550E+01
    0.149978738713737858E+01    0.633882133472244536E+00    0.423601185369368613E+04   -0.303071809254082934E-03    0.756401717108249771E+00    0.911262041751086471E+01
    0.117770898556585801E+01    0.700674328208271135E+00    0.479595676712029399E+04    0.233116628371193683E-03    0.452692727032915465E+00    0.911367429639575377E+01
    0.127055290367673779E+01    0.657325578206509609E+00    0.450609377999451408E+04   -0.395672841237241070E-03    0.619829302637565860E+00    0.911519516766385252E+01
    0.110943145867099124E+01    0.680318431407685886E+00    0.479504266842076413E+04    0.218331042058890517E-03    0.310073094418905959E+00    0.912600519950235700E+01
    0.143261842737082135E+01    0.635467901672844393E+00    0.470051805994495771E+04   -0.768388927054985108E-04    0.779954591865773428E+00    0.913427330881905419E+01
    0.113083924747347897E+01    0.689141782158553484E+00    0.466634538666888511E+04    0.814139386533627120E-03    0.345424588268514854E+00    0.913515571767520740E+01
    0.113083924747347897E+01    0.689141782158553484E+00    0.466634538666888511E+04    0.814139386533627120E-03    0.345424588268514854E+00    0.913515571767520740E+01
    0.124870955872135858E+01    0.694664437247668243E+00    0.451288091001370412E+04   -0.116318776257599751E-03    0.383223909561636489E+00    0.913632977540846625E+01
    0.116142204242633351E+01    0.680463125882672770E+00    0.486323723580322439E+04   -0.469640742082987137E-03    0.313865266885075489E+00    0.914346069340607670E+01
    0.148150826166689198E+01    0.669337048030333781E+00    0.436606351738279591E+04    0.250405251224624314E-03    0.894974813408175196E+00    0.914695175433143071E+01
    0.148150826166689198E+01    0.669337048030333781E+00    0.436606351738279591E+04    0.250405251224624314E-03    0.894974813408175196E+00    0.914695175433143071E+01
    0.143738567634642811E+01    0.679992490456631016E+00    0.444288495081460496E+04   -0.117243430343907877E-03    0.883839478969119741E+00    0.914778026291726221E+01
    0.143738567634642811E+01    0.679992490456631016E+00    0.444288495081460496E+04   -0.117243430343907877E-03    0.883839478969119741E+00    0.914778026291726221E+01
    0.111340159103677316E+01    0.674775986184211307E+00    0.493124482989836815E+04   -0.274983561111789485E-03    0.269412419584296237E+00    0.914863154478834062E+01
    0.112993278323721746E+01    0.682164736781547987E+00    0.451210546151475592E+04    0.425661191426658192E-03    0.286386649485351197E+00    0.915147738716328618E+01
    0.112993278323721746E+01    0.682164736781547987E+00    0.451210546151475592E+04    0.425661191426658192E-03    0.286386649485351197E+00    0.915147738716328618E+01
    0.135310999972220580E+01    0.652514379855828497E+00    0.460432056189819923E+04   -0.301088737940794437E-03    0.789847048456250200E+00    0.915204817396868897E+01
    0.135279279336987646E+01    0.683167560610972946E+00    0.483527558047880211E+04   -0.255075235805889795E-03    0.794968201669513097E+00    0.915674327529619703E+01
    0.135279279336987646E+01    0.683167560610972946E+00    0.483527558047880211E+04   -0.255075235805889795E-03    0.794968201669513097E+00    0.915674327529619703E+01
    0.136452784463719090E+01    0.682470632053590376E+00    0.437101727396331626E+04    0.142331104320531044E-03    0.752239616627498608E+00    0.917656385536844965E+01
    0.133882187765231664E+01    0.648543674418964433E+00    0.471361739135409152E+04    0.116596734979572395E-03    0.764095925086126115E+00    0.917728630839224024E+01
    0.133882187765231664E+01    0.648543674418964433E+00    0.471361739135409152E+04    0.116596734979572395E-03    0.764095925086126115E+00    0.917728630839224024E+01
    0.108530118310230450E+01    0.663134529886380220E+00    0.470056681640080296E+04   -0.213579798866923923E-04    0.264432708424933383E+00    0.918387772421015924E+01
    0.140224876846444113E+01    0.658590436259401724E+00    0.419580601857594957E+04   -0.439055019448880159E-03    0.815915398068582376E+00    0.919127270173364685E+01
    0.140224876846444113E+01    0.658590436259401724E+00    0.419580601857594957E+04   -0.439055019448880159E-03    0.815915398068582376E+00    0.919127270173364685E+01
    0.106027859290111981E+01    0.673894284883934880E+00    0.461551259484000184E+04   -0.487319500731670321E-03    0.273031623041617322E+00    0.920127919980091491E+01
    0.117539835152791050E+01    0.699353855169302485E+00    0.423459025985380231E+04    0.197292617094278001E-03    0.288919690158546905E+00    0.921600158454426222E+01
    0.978672551546491909E+00    0.655095324407882873E+00    0.435487497874977453E+04    0.192532893155393346E-03    0.259062407723555543E+00    0.922309962375827830E+01
    0.108068934561721530E+01    0.663149569942930839E+00    0.417687258931776341E+04   -0.616587756463571454E-04    0.267991865701520615E+00    0.925810861010191388E+01
    0.125348494543089894E+01    0.618903719421788012E+00    0.491289278060683409E+04    0.159577920908120262E-03    0.680295085005106603E+00    0.925898230308464321E+01
    0.125348494543089894E+01    0.618903719421788012E+00    0.491289278060683409E+04    0.159577920908120262E-03    0.680295085005106603E+00    0.925898230308464321E+01
    0.118244661356199754E+01    0.659162458387499317E+00    0.466296102338455330E+04   -0.330739216216160325E-04    0.338670743038964550E+00    0.926344937399444746E+01
    0.122534708104324075E+01    0.690417579302417650E+00    0.484839093978558685E+04   -0.186736147938746386E-03    0.410762050063345763E+00    0.927092366279495828E+01
    0.105345070423653819E+01    0.665083155960520589E+00    0.418146140877023117E+04    0.186328968352016942E-04    0.267113369485234731E+00    0.929075824733840960E+01
    0.105345070423653819E+01    0.665083155960520589E+00    0.418146140877023117E+04    0.186328968352016942E-04    0.267113369485234731E+00    0.929075824733840960E+01
    0.113610929211872125E+01    0.688661515953669090E+00    0.474530145232231371E+04    0.541863252132584517E-03    0.306893308425886358E+00    0.929108022392347088E+01
    0.113610929211872125E+01    0.688661515953669090E+00    0.474530145232231371E+04    0.541863252132584517E-03    0.306893308425886358E+00    0.929108022392347088E+01
    0.118000186155930553E+01    0.664925974011752685E+00    0.487754603880366813E+04   -0.996380659017573637E-03    0.274249470111345706E+00    0.929140578041267418E+01
    0.118000186155930553E+01    0.664925974011752685E+00    0.487754603880366813E+04   -0.996380659017573637E-03    0.274249470111345706E+00    0.929140578041267418E+01
    0.115989436088330145E+01    0.675347251257828241E+00    0.460746207970124578E+04   -0.909793855000007529E-03    0.268970429955499746E+00    0.929178365747089430E+01
    0.147415626908047104E+01    0.664653443396417964E+00    0.480329225383557605E+04    0.309954893559467014E-03    0.901860871361165550E+00    0.929332545033604518E+01
    0.116699077710069421E+01    0.691840793186834779E+00    0.477776601164731619E+04   -0.242203944333621796E-03    0.302667883049511144E+00    0.930058793336712242E+01
    0.116699077710069421E+01    0.691840793186834779E+00    0.477776601164731619E+04   -0.242203944333621796E-03    0.302667883049511144E+00    0.930058793336712242E+01
    0.103803421665922002E+01    0.640256842215587874E+00    0.475849110803783697E+04    0.935900038516142892E-04    0.254940803447050945E+00    0.930791492137846355E+01
    0.103803421665922002E+01    0.640256842215587874E+00    0.475849110803783697E+04    0.935900038516142892E-04    0.254940803447050945E+00    0.930791492137846355E+01
    0.145240064714515538E+01    0.665425506325331817E+00    0.484037561275806547E+04    0.554687062605263743E-03    0.912821989466586436E+00    0.931543562505783385E+01
    0.122543337727002966E+01    0.689859659246253920E+00    0.490526448042844095E+04    0.214470078817728058E-03    0.439675624954579181E+00    0.932580478737284579E+01
    0.112433222399429522E+01    0.659895891677565904E+00    0.420405223228616251E+04   -0.351151501461328096E-03    0.265933549661492241E+00    0.932698163148162962E+01
    0.132524548638909367E+01    0.648355926514482817E+00    0.431616127782397962E+04   -0.327357337064754759E-03    0.681551298214627899E+00    0.933379476916706352E+01
    0.116384754095576581E+01    0.681782209477898582E+00    0.465144230662548034E+04    0.941042535341550068E-05    0.312276778699716484E+00    0.934046582834560546E+01
    0.133860094742739943E+01    0.675527222943720029E+00    0.419545141195730048E+04    0.666058386572011677E-03    0.700558116738377423E+00    0.934421291312101943E+01
    0.133860094742739943E+01    0.675527222943720029E+00    0.419545141195730048E+04    0.666058386572011677E-03    0.700558116738377423E+00    0.934421291312101943E+01
    0.122548907561986598E+01    0.698813555539136932E+00    0.490134469844567138E+04    0.215097068912256764E-03    0.361537832813250914E+00    0.934645183353761055E+01
    0.140377822206553660E+01    0.668773025756187800E+00    0.456048946532715763E+04   -0.549284413395066586E-03    0.874730759043452211E+00    0.935837278373162462E+01
    0.140377822206553660E+01    0.668773025756187800E+00    0.456048946532715763E+04   -0.549284413395066586E-03    0.874730759043452211E+00    0.935837278373162462E+01
    0.134681517326141242E+01    0.634625776964726551E+00    0.476141867538116094E+04   -0.591415537591170556E-03    0.754441630428863808E+00    0.936107657017992345E+01
    0.136398112511283820E+01    0.643966662392793321E+00    0.449516418521410560E+04   -0.298848421861397969E-03    0.804118997117679646E+00    0.936258843527038920E+01
    0.108140453315042739E+01    0.651843480913706919E+00    0.473607393791974482E+04   -0.779321272058762374E-03    0.265934143506094123E+00    0.936734942215814037E+01
    0.137938323431876331E+01    0.619335389539073300E+00    0.496628571668083805E+04    0.362603713984352731E-03    0.743753127425669125E+00    0.937143257774373595E+01
    0.130000700929759638E+01    0.647357898549368538E+00    0.418254862433228118E+04   -0.377238797271660592E-03    0.678418382713508406E+00    0.937214485980307543E+01
    0.132985320279491326E+01    0.660133126223611200E+00    0.497138243110769508E+04    0.572332444854034301E-03    0.789697033610505805E+00    0.937557354117392272E+01
    0.111453480455379572E+01    0.692368745645751904E+00    0.492631273504106412E+04   -0.239251842700925592E-03    0.271535228473489099E+00    0.938044690596750286E+01
    0.108800325925602692E+01    0.686752982066618611E+00    0.467129918157575867E+04    0.715521343275417852E-03    0.283705768417794990E+00    0.938392692239675341E+01
    0.108800325925602692E+01    0.686752982066618611E+00    0.467129918157575867E+04    0.715521343275417852E-03    0.283705768417794990E+00    0.938392692239675341E+01
    0.121760529845163434E+01    0.682384293972705280E+00    0.462143483510025544E+04   -0.122701931420225523E-03    0.316286427804751691E+00    0.940846385435391319E+01
    0.121705263727792268E+01    0.680511692299364035E+00    0.449085662066343139E+04   -0.482543373001585176E-03    0.332631550334728687E+00    0.941508019066934665E+01
    0.141925060220520449E+01    0.679828905320818411E+00    0.481457735206844882E+04    0.457790366655330629E-03    0.901205098287092277E+00    0.941564224448002207E+01
    0.105422288080195203E+01    0.671811146288895711E+00    0.450643218511772011E+04   -0.301513025276850218E-03    0.270314046603567615E+00    0.941952056457221332E+01
    0.138082627331310492E+01    0.604896400505064546E+00    0.487408818602196698E+04   -0.354296527873510132E-03    0.681216707023730828E+00    0.942917907803910538E+01
    0.104983433745334898E+01    0.668867122727039964E+00    0.467109614830612463E+04   -0.709513958186374207E-04    0.264533162656808374E+00    0.942965996755006941E+01
    0.109382639181358621E+01    0.679086245592777971E+00    0.436621573407146843E+04    0.416669216456301333E-03    0.265748258616716804E+00    0.943218563277839195E+01
    0.117316585117503247E+01    0.674601405085851535E+00    0.467396526780019940E+04    0.749317829298378960E-04    0.389577527694663139E+00    0.943960681189738082E+01
    0.117316585117503247E+01    0.674601405085851535E+00    0.467396526780019940E+04    0.749317829298378960E-04    0.389577527694663139E+00    0.943960681189738082E+01
    0.108471038430995992E+01    0.659190179294050438E+00    0.488096941565181169E+04   -0.987397072960967664E-03    0.272572867786509576E+00    0.944641233762524735E+01
    0.122512475715963309E+01    0.669310243700402041E+00    0.485644715787748100E+04   -0.414548184360032871E-03    0.399614192618483410E+00    0.945368713023162677E+01
    0.132985787508116515E+01    0.673018641316806554E+00    0.498811906792591253E+04   -0.285428523961003930E-03    0.810610922925166344E+00    0.945464943720346795E+01
    0.101007429615675837E+01    0.652355065532459255E+00    0.482956232341624036E+04    0.266848211791513937E-03    0.262684541835907504E+00    0.947034470716070587E+01
    0.148561307128468156E+01    0.667251495164802644E+00    0.435232709138373866E+04   -0.361580464380828676E-03    0.911224021926044569E+00    0.947425236755899824E+01
    0.120540048461852800E+01    0.681332423440325075E+00    0.434840107704050297E+04    0.632418070663234936E-04    0.338481113619856999E+00    0.947702108142373767E+01
    0.122957444120761461E+01    0.658446944121771960E+00    0.496137430593418503E+04    0.126163319653287256E-03    0.499713127529917367E+00    0.947810327298606481E+01
    0.111484939127100202E+01    0.688637356489525621E+00    0.447630665526844132E+04    0.705745541285173421E-04    0.280329731551793249E+00    0.948023875884799772E+01
    0.119787592511902230E+01    0.688357915942996890E+00    0.420117108123770504E+04    0.116423878944281467E-02    0.286140640497530907E+00    0.948255957696619056E+01
    0.110748815814559753E+01    0.686658459353910344E+00    0.430361076157216394E+04   -0.808700715116850961E-05    0.285462618702885973E+00    0.948818135743331936E+01
    0.112065596162520009E+01    0.685444439891894519E+00    0.488308718575830335E+04    0.246246953429821299E-03    0.303059764680676302E+00    0.950467032659920541E+01
    0.147482373389845578E+01    0.623134503366954640E+00    0.485201036769780967E+04   -0.112314446952317302E-03    0.734129148680864985E+00    0.950958260884480744E+01
    0.147482373389845578E+01    0.623134503366954640E+00    0.485201036769780967E+04   -0.112314446952317302E-03    0.734129148680864985E+00    0.950958260884480744E+01
    0.112695533401282355E+01    0.687773653055115619E+00    0.497248332530335938E+04    0.124741940305751222E-03    0.296272940030637921E+00    0.950981651270930683E+01
    0.112695533401282355E+01    0.687773653055115619E+00    0.497248332530335938E+04    0.124741940305751222E-03    0.296272940030637921E+00    0.950981651270930683E+01
    0.941074331435094003E+00    0.625444498170613317E+00    0.481735434228910162E+04    0.284476712282447466E-03    0.249787042294222827E+00    0.951794964758914119E+01
    0.112427647757945892E+01    0.653510925323278702E+00    0.472249478252415247E+04   -0.186859450106097028E-03    0.346594049821362771E+00    0.952003257937092329E+01
    0.115784360516835516E+01    0.662785691721999415E+00    0.462286033142267024E+04    0.563387033382601999E-04    0.287429832237925786E+00    0.952428542004795986E+01
    0.111682985712565763E+01    0.678448948822427789E+00    0.426331965616539765E+04    0.166054267276339739E-03    0.318922646282606248E+00    0.952444174280181954E+01
    0.126110519001882548E+01    0.675010583617069559E+00    0.408454260261472245E+04    0.368092743691105645E-03    0.663867384590456355E+00    0.953068055293242189E+01
    0.120968087218552189E+01    0.708356539527149720E+00    0.456877063396993617E+04    0.877082524710294558E-04    0.304506457712939382E+00    0.953541233172794733E+01
    0.122772694428853768E+01    0.695287401325134669E+00    0.495666435604604885E+04   -0.373254305063769711E-03    0.413210524362407350E+00    0.954216984388442313E+01
    0.124028569842464442E+01    0.691305687012780279E+00    0.472898682149208435E+04   -0.488362569567223569E-04    0.565163379471867344E+00    0.955010158386111030E+01
    0.124028569842464442E+01    0.691305687012780279E+00    0.472898682149208435E+04   -0.488362569567223569E-04    0.565163379471867344E+00    0.955010158386111030E+01
    0.119881040850279996E+01    0.678123566318549531E+00    0.463057418430385405E+04   -0.318551871217283462E-03    0.321741038837698445E+00    0.956337261467384536E+01
    0.120947556354327901E+01    0.698666176384374671E+00    0.475023315225676379E+04    0.198459185987213591E-03    0.298048232131295443E+00    0.957968255648498435E+01
    0.123999813531402925E+01    0.675803841939226269E+00    0.468709036124680370E+04   -0.276419364361582705E-03    0.621493864693910991E+00    0.958919960141446026E+01
    0.121069821130692779E+01    0.682191448528848610E+00    0.490956440521431978E+04    0.406813756765561413E-03    0.367387063428697369E+00    0.959076100441986057E+01
    0.135682994691796588E+01    0.647834691803618190E+00    0.413626492774493545E+04   -0.226790198723891525E-03    0.798147005398719411E+00    0.959432748018361181E+01
    0.106044349432654839E+01    0.650131943548994284E+00    0.454665862041254513E+04    0.289690138125693174E-03    0.259891056986799596E+00    0.959723205460391249E+01
    0.112051650459198360E+01    0.676975791369347824E+00    0.479905294115770539E+04    0.799903754727543810E-04    0.282368576149222061E+00    0.959881519778495473E+01
    0.107194803159414143E+01    0.660181634020079233E+00    0.454496197364450472E+04    0.223053553681284456E-04    0.270538416202207144E+00    0.960422392628153077E+01
    0.119911655122105199E+01    0.651895417069843774E+00    0.470559845381126615E+04    0.114703414100000088E-03    0.485013501187034568E+00    0.961005970174320900E+01
    0.126616871167792633E+01    0.661400467057535968E+00    0.459984956800676900E+04   -0.124090270096101314E-03    0.630584682020342902E+00    0.961193718179894496E+01
    0.111815684939139781E+01    0.675051587274247966E+00    0.471251925204576582E+04   -0.336722072028389837E-03    0.285707844364827934E+00    0.961303913171981961E+01
    0.122637698515744686E+01    0.674458044640918630E+00    0.482946438388078150E+04   -0.115563020029808041E-04    0.582387375447954936E+00    0.961405523904574011E+01
    0.124358853954931226E+01    0.665749591788747153E+00    0.469374148813365537E+04   -0.474202580778987956E-03    0.561521443386918229E+00    0.961871183012986464E+01
    0.135833616853596650E+01    0.673822605764353266E+00    0.421165150357042057E+04   -0.100882006147826186E-03    0.848100732270615221E+00    0.962541762501086673E+01
    0.126181565069335222E+01    0.655042212437176197E+00    0.407719629018802743E+04    0.382487983868947995E-03    0.599828267133353465E+00    0.962973387847660689E+01
    0.117850992853505154E+01    0.692217588567243469E+00    0.444246255403746090E+04    0.212521894831806357E-03    0.289673022061960939E+00    0.963164419849647402E+01
    0.119894104459104467E+01    0.704397275879689810E+00    0.489654960100518110E+04    0.489686046111518711E-03    0.432110459696163240E+00    0.964075869789974682E+01
    0.119566539444323139E+01    0.677759529892980717E+00    0.419173862080082927E+04   -0.405094790412707556E-03    0.299268015363434725E+00    0.966153872336223429E+01
    0.114605949107739491E+01    0.681104078039164729E+00    0.432904084060752211E+04   -0.300465455667142396E-03    0.329499658534201934E+00    0.966620137037534732E+01
    0.104869376747892162E+01    0.648602669265077036E+00    0.487246920547947047E+04    0.200942143523480632E-03    0.260045498720002044E+00    0.966703308767417546E+01
    0.104305573593314205E+01    0.676837237700401828E+00    0.473946620680117394E+04    0.107345720699693488E-02    0.271808019100314602E+00    0.967097823285405944E+01
    0.127829577389037397E+01    0.686929391683641977E+00    0.495965433356762060E+04   -0.284586381962637167E-03    0.697756826269420150E+00    0.967118136622906022E+01
    0.111967473590303390E+01    0.687790140873269618E+00    0.445997194384394152E+04    0.459701321278857693E-04    0.280696780299730553E+00    0.967430369612827690E+01
    0.119270357535124116E+01    0.686511056409798037E+00    0.490948865347161609E+04    0.275617512419509955E-03    0.337066918843742735E+00    0.968205723177252153E+01
    0.118757600652230044E+01    0.699801677330774585E+00    0.475037180977967091E+04    0.186998235223906746E-03    0.293047054856742983E+00    0.968676895497431900E+01
    0.134143628477331234E+01    0.633494701659297665E+00    0.450614852856621019E+04   -0.318460383938674971E-03    0.745108261962132312E+00    0.968996511242439773E+01
    0.110394125299027968E+01    0.683065855514850329E+00    0.473123616049559132E+04   -0.229725267122644818E-03    0.270236437786797790E+00    0.969122246052576486E+01
    0.133592387787299405E+01    0.633538719469217471E+00    0.490345448964138814E+04   -0.101645504365095363E-04    0.715903356755544840E+00    0.969335947051885150E+01
    0.133343009836294035E+01    0.611324994656126997E+00    0.484770708955989903E+04   -0.190503857884267438E-03    0.704656903205623797E+00    0.969518491490718048E+01
    0.122703592015777918E+01    0.686711559230743007E+00    0.457305695154847035E+04   -0.408350494739347992E-03    0.601893147233391823E+00    0.969880148374720363E+01
    0.133958971340478095E+01    0.669134544505684214E+00    0.493913546395271351E+04   -0.165383286430407860E-03    0.791683621609880150E+00    0.969900846578260456E+01
    0.110385056502675916E+01    0.662721656165379147E+00    0.482305391825618335E+04   -0.208431294907715216E-03    0.325513546038603274E+00    0.970061675336238949E+01
    0.108443895632557030E+01    0.646762371561981242E+00    0.494828442136182548E+04    0.144792837109698053E-03    0.265177487825130787E+00    0.970623086220732567E+01
    0.142178552931024793E+01    0.605444731039622486E+00    0.467672910641280214E+04    0.834789903276370103E-03    0.693538731282343113E+00    0.970650017849196800E+01
    0.141914768455162532E+01    0.598783405245332911E+00    0.497430671299381993E+04   -0.110294532942233238E-05    0.663808963945409669E+00    0.970944559866490842E+01
    0.131568967789396107E+01    0.626059476343376886E+00    0.477244337234000886E+04    0.653132985137386740E-04    0.721345310972548059E+00    0.970950668273311379E+01
    0.131347654611873144E+01    0.665065197776906869E+00    0.446063243504816637E+04   -0.257893737736274609E-03    0.730195798933879647E+00    0.971073241477194138E+01
    0.132314261190053273E+01    0.641845551344491394E+00    0.482585574471641576E+04    0.193095685683522912E-05    0.752493014330580134E+00    0.971816049351829392E+01
    0.134441448164239441E+01    0.617058360422988228E+00    0.449866020872552690E+04    0.464645157431008247E-03    0.698671144782801901E+00    0.973756267582245627E+01
    0.116780501943726955E+01    0.691341039052721817E+00    0.495009777495247545E+04   -0.435534913918407899E-05    0.292714043941573965E+00    0.974781238942139971E+01
    0.110770758394994506E+01    0.673647726782284684E+00    0.496054921269593524E+04   -0.548032688274485420E-03    0.275335756297289347E+00    0.974946802303920990E+01
    0.112075906403182568E+01    0.693369904817941363E+00    0.489564704482206434E+04    0.245786692121361208E-03    0.276551000407554037E+00    0.976395278789933130E+01
    0.129215694455459751E+01    0.666034352380032724E+00    0.487340682252293482E+04   -0.108653178027703424E-03    0.688853878285681787E+00    0.977130417412673680E+01
    0.100450845406982125E+01    0.632389888345265438E+00    0.494815918072212207E+04   -0.125585081513333977E-03    0.248573710265835551E+00    0.977248439194089080E+01
    0.139247776750596275E+01    0.658342539307028463E+00    0.483627887502618159E+04   -0.172836634897042353E-03    0.862177729163951523E+00    0.977259868787473707E+01
    0.118459022467352804E+01    0.697918369955515594E+00    0.490276565353650858E+04   -0.112055177927779156E-03    0.409678522904799225E+00    0.978080007719744593E+01
    0.132021296200286642E+01    0.648271276666942398E+00    0.490255130984221796E+04    0.103751225181153011E-03    0.818277418137080992E+00    0.978445499024422816E+01
    0.131452387422121131E+01    0.614468792876017633E+00    0.492915877342858312E+04    0.673449766649329668E-04    0.690230451663377265E+00    0.979406968795143484E+01
    0.114737657941069671E+01    0.694453703079888962E+00    0.473181621285501751E+04    0.288599704774169261E-03    0.307664062579235065E+00    0.980096510350344730E+01
    0.104038049310458525E+01    0.666018904288407376E+00    0.444382334133914264E+04    0.324950861946796826E-03    0.261908393532069406E+00    0.980521421088570477E+01
    0.112870847403599561E+01    0.674811716070055745E+00    0.466365437489899159E+04   -0.236994597894970893E-03    0.296008644226379347E+00    0.981377076268312010E+01
    0.130654860217656754E+01    0.674951864312226868E+00    0.444951094697204644E+04   -0.583384105341214969E-03    0.685493048138248184E+00    0.981539244139294986E+01
    0.110887941941157875E+01    0.683830775532464519E+00    0.478287866864220541E+04   -0.556639957446240083E-04    0.283773097118826423E+00    0.982252411417357152E+01
    0.123519961780798537E+01    0.687188829793584866E+00    0.482871702882054706E+04   -0.614487370695441777E-04    0.597415164776215590E+00    0.983923538165355005E+01
    0.121632855530710038E+01    0.669713738586150353E+00    0.492568330812510885E+04   -0.914931697522390527E-04    0.515674697161540019E+00    0.983954701212475946E+01
    0.115175251883553087E+01    0.689661409731216590E+00    0.474728478699193874E+04   -0.812141551716170771E-04    0.273072408627925534E+00    0.984121831019880844E+01
    0.115011688903408915E+01    0.665220683830004322E+00    0.484112680455575173E+04   -0.232696199304475250E-03    0.274189198911649279E+00    0.985056156653569559E+01
    0.104517282734614714E+01    0.662471356363971919E+00    0.473123426050722082E+04   -0.528936542897548564E-03    0.260633244451520141E+00    0.985086365434702493E+01
    0.141037844761721409E+01    0.634957677564474299E+00    0.468312531959569787E+04    0.522938276816362502E-03    0.771452036413836639E+00    0.985585089419911675E+01
    0.129643329961358966E+01    0.668659107602415759E+00    0.477813272812441846E+04   -0.116991613172787710E-03    0.816058135878248048E+00    0.985634283648532872E+01
    0.129131377699241989E+01    0.670572805387968596E+00    0.485595463033506621E+04    0.143664005005878713E-03    0.698387294732566888E+00    0.985726763616096058E+01
    0.117233234835883304E+01    0.687338339330720749E+00    0.450357631672036496E+04    0.400139557202809865E-03    0.339320136440097675E+00    0.986031834660877671E+01
    0.126848712294131727E+01    0.692699047636467724E+00    0.486470772679891252E+04   -0.847376965504576299E-03    0.341896992319479787E+00    0.986402556328800983E+01
    0.134547719076434236E+01    0.672315710261047972E+00    0.479959628422396872E+04    0.346170915240891620E-03    0.832030343584098331E+00    0.986512877822664436E+01
    0.110188064606997971E+01    0.657221159279807177E+00    0.434403894275409402E+04   -0.277480796778750325E-03    0.258133448925519982E+00    0.987127653589315379E+01
    0.120908635993645808E+01    0.690902594346238241E+00    0.449771470883488291E+04    0.188731502453064377E-03    0.379144614916742673E+00    0.987131658384414123E+01
    0.138346460149943895E+01    0.645910575137699228E+00    0.495738048828107094E+04    0.196849651565988201E-03    0.787258961780137656E+00    0.987292185339724071E+01
    0.149136488647925725E+01    0.657635144749941780E+00    0.496064492340807283E+04   -0.515634269864861743E-03    0.854921377171118158E+00    0.988220917407884691E+01
    0.122353319315832465E+01    0.672794109877757007E+00    0.467239196930548860E+04    0.889524873363009371E-04    0.470824407259541555E+00    0.988232571580685004E+01
    0.112513022613689917E+01    0.655829430054360452E+00    0.488946912911711661E+04   -0.288229048188935462E-03    0.271774093584254139E+00    0.988316469810073528E+01
    0.113939656912747567E+01    0.682748028050656597E+00    0.480865008332787511E+04    0.534827950886044580E-03    0.349258795606481320E+00    0.988456881749643124E+01
    0.113497358623664790E+01    0.671755867311964239E+00    0.497099912942577430E+04   -0.159027235862561016E-03    0.275404971578229851E+00    0.990681134572340838E+01
    0.157470633178059116E+01    0.650654051954373314E+00    0.484944859103668477E+04   -0.639564882381666883E-03    0.819325776607706224E+00    0.991174659792608281E+01
    0.140980186732288781E+01    0.631274483989621493E+00    0.499703201476673621E+04   -0.168602163080265556E-03    0.750133902766824789E+00    0.992818739013430474E+01
    0.113558250724410392E+01    0.658785054582906371E+00    0.493220426536846026E+04    0.240313768545309615E-03    0.299413464380360761E+00    0.993498252569525064E+01
    0.119756926328098379E+01    0.694611568112627698E+00    0.490717269142642272E+04    0.580512595916948858E-03    0.361643022903914424E+00    0.993545626210559263E+01
    0.130925925827154210E+01    0.636809765599527289E+00    0.493745704970951283E+04   -0.244436376556332884E-03    0.744146445682147051E+00    0.993563681563523637E+01
    0.112168735012092435E+01    0.680674156356217086E+00    0.482864553743341094E+04    0.541387012032112989E-03    0.294987974724282842E+00    0.993678982877610295E+01
    0.132290145577113805E+01    0.640973921153945136E+00    0.494240374785111908E+04    0.687285337079173429E-03    0.753779184863823226E+00    0.993954197995874367E+01
    0.101251140993989175E+01    0.663576201050767756E+00    0.493670640673489379E+04    0.687858384312534202E-04    0.257210692630118976E+00    0.994108763611448509E+01
    0.116629628089675164E+01    0.670372724595461045E+00    0.485985055729373653E+04    0.364038563067716544E-03    0.311322894560155494E+00    0.994234349415828511E+01
    0.117738006348899260E+01    0.671206560234832494E+00    0.430691995298484380E+04   -0.261444100662237009E-03    0.285162833502886126E+00    0.994335093011484794E+01
    0.130300586380941485E+01    0.637528976021108584E+00    0.494694013586997698E+04    0.568137859394056378E-03    0.755152626108502423E+00    0.994789383989235176E+01
    0.139830281305329107E+01    0.650823532648172720E+00    0.485369979728507496E+04   -0.153457895532061990E-03    0.791963273143496682E+00    0.995149609941515934E+01
    0.112178908144546052E+01    0.665997647586845543E+00    0.488972606920371527E+04    0.196192216666404878E-03    0.271760055638355702E+00    0.995631300713043998E+01
    0.134010951802528444E+01    0.629961776860665457E+00    0.466394562836404202E+04    0.395679869658312937E-03    0.731242367789062375E+00    0.996445023478032255E+01
    0.134617573697045878E+01    0.661402285296169734E+00    0.481064840106765405E+04   -0.132610543309906334E-03    0.788589812183878358E+00    0.996871963111638770E+01
    0.125544647581663016E+01    0.645328983852846649E+00    0.478879329670730476E+04   -0.367004914260727765E-03    0.699817822428474123E+00    0.996943750291903896E+01
    0.985546104730120831E+00    0.659000336025046152E+00    0.481731271204017958E+04    0.559188585200439173E-03    0.265865237842380364E+00    0.997187793418677160E+01
    0.129217830835632874E+01    0.690292883432278570E+00    0.495811101827336279E+04   -0.835255956803603386E-03    0.418552537388686474E+00    0.997242939817967766E+01
    0.126279721716469195E+01    0.686616631264584276E+00    0.498320483970543137E+04    0.413188338243828334E-03    0.496861806105860948E+00    0.997710728023074012E+01
    0.114584747695893907E+01    0.687697881859926863E+00    0.450195303177196001E+04    0.132700884732588542E-03    0.315392823621678753E+00    0.998348304514154350E+01
    0.111463636451692194E+01    0.683543550070452421E+00    0.496918276445521860E+04    0.185011731842143481E-03    0.276014249371211551E+00    0.998377335092035878E+01
    0.132287908654179365E+01    0.687147328627932819E+00    0.486561504625560246E+04   -0.152794622343869216E-03    0.633772588483346166E+00    0.998377436679193231E+01
    0.145317233192097506E+01    0.677445546843404744E+00    0.471996248827616364E+04   -0.228010083920867550E-03    0.900335864526898066E+00    0.998656384367152228E+01
    0.142783134335644002E+01    0.651345569760909071E+00    0.469875051569347943E+04   -0.305635147109062355E-03    0.812002698532407585E+00    0.999003931157298197E+01
    0.113772041948330793E+01    0.674782686736872472E+00    0.446618933542035847E+04    0.105312987732792852E-03    0.358695111908561737E+00    0.999138807638137116E+01
    0.137767844392810579E+01    0.671391558240514774E+00    0.482108378519461803E+04   -0.187622567028406407E-03    0.818989435524171583E+00    0.999217942628321509E+01
    0.145765288757536249E+01    0.647136943949264909E+00    0.497857048659910924E+04   -0.636703512645899302E-04    0.828634842548475969E+00    0.999616768355359220E+01
    0.125677102953168585E+01    0.696969542116442353E+00    0.442452260119967013E+04   -0.465959612025084369E-03    0.317655161556729182E+00    0.999975163922005272E+01
    0.131768049643077867E+01    0.622884694943017125E+00    0.460969200544212981E+04   -0.264377695748792827E-03    0.714930172330742075E+00    0.100147427945802150E+02
    0.118124984739926298E+01    0.679830561337737782E+00    0.488798352674061334E+04   -0.164980655369302809E-03    0.328334643009979943E+00    0.100148795455640460E+02
    0.111090473791390187E+01    0.670874286769049255E+00    0.487427246172512605E+04    0.149377954353501888E-04    0.284569122623738013E+00    0.100208378626600858E+02
    0.120022741351937379E+01    0.661519533549367544E+00    0.498141553368899349E+04   -0.229445911452830442E-03    0.471130037967848359E+00    0.100333305441049419E+02
    0.121110252247769923E+01    0.653023673488547174E+00    0.494890740817995902E+04   -0.286383957237084112E-03    0.456708556774262864E+00    0.103204546560277066E+02
    0.120993272358115944E+01    0.669374289846377035E+00    0.489641180297048049E+04   -0.244173709758450561E-03    0.423827270733381445E+00    0.101265041690116284E+02
    0.119635111669376215E+01    0.678170709641755076E+00    0.499938607168842100E+04   -0.161678126996781370E-03    0.448033652346760514E+00    0.105052757826256080E+02
    0.116576659527363580E+01    0.667529320158089856E+00    0.494840807569729441E+04   -0.247773145734857194E-04    0.332526214086949601E+00    0.105580711919551149E+02
    0.117431385413607359E+01    0.675608019945953209E+00    0.491559071926209162E+04   -0.379567334373852454E-05    0.357360284298378128E+00    0.107267194388720171E+02
    0.122904788780756058E+01    0.658894075576364480E+00    0.497456828567892262E+04   -0.229916598739007198E-03    0.484397208864823625E+00    0.104086613247869462E+02
    0.122904788780756058E+01    0.658894075576364480E+00    0.497456828567892262E+04   -0.229916598739007198E-03    0.484397208864823625E+00    0.104086613247869462E+02
    0.120291303736801103E+01    0.671620849350617277E+00    0.482836726981376614E+04   -0.107715050840809991E-03    0.439116507007009604E+00    0.100872330418864387E+02
    0.118591162412383611E+01    0.676696800033474988E+00    0.488960227134948036E+04    0.482647110200148759E-04    0.334100827566096936E+00    0.102545142759498411E+02
    0.123050497583251439E+01    0.693019266742506246E+00    0.489570162154075842E+04   -0.384109431113620597E-03    0.304538203032397814E+00    0.107648389503176976E+02
    0.123336875521464728E+01    0.677957306396464010E+00    0.474112112895595965E+04   -0.526972119851760429E-04    0.354849973213325343E+00    0.100483659709085664E+02
    0.120292517033934443E+01    0.672513072356056840E+00    0.480402426082452621E+04    0.303719588193422789E-06    0.332156696777870464E+00    0.103549492852658727E+02
    0.120995753298659481E+01    0.690293766279967080E+00    0.479432842887902916E+04   -0.189700861448378021E-03    0.316516247081649549E+00    0.101785573907515321E+02
    0.115077953249415410E+01    0.687539523840771549E+00    0.473132193771359471E+04   -0.936318666359097081E-04    0.296488911090325047E+00    0.103752942875310126E+02
    0.107212157349167758E+01    0.679483178949310762E+00    0.478427073315267899E+04   -0.154495146730703180E-03    0.276830028496242886E+00    0.100798273019065565E+02
    0.115294339017000569E+01    0.685369959081243429E+00    0.476040692250713164E+04   -0.210336594511962893E-03    0.313428499923854742E+00    0.105263423741085376E+02
    0.112513629800590298E+01    0.677010134234491190E+00    0.486959373593300916E+04   -0.287039325104440873E-03    0.273234454000684079E+00    0.106107014642521236E+02
    0.106879218407609011E+01    0.675428072601953144E+00    0.480437302835498122E+04   -0.506840020606036455E-03    0.274305546624215080E+00    0.100928744152746503E+02
    0.115746832781451880E+01    0.670326336120418587E+00    0.484751504475329330E+04   -0.427508529595115700E-03    0.385457789960219177E+00    0.102428735524514423E+02
    0.115434379393685327E+01    0.669293685370800473E+00    0.494823359173615154E+04   -0.609517452592233506E-03    0.328452683512519938E+00    0.104591711412060171E+02
    0.114794830285790228E+01    0.680652486447898664E+00    0.481929259261195148E+04   -0.480574785177002745E-04    0.317472979303966396E+00    0.100562138361201718E+02
    0.116676390900989513E+01    0.676168579888012489E+00    0.476022591212681982E+04   -0.844936256440481848E-04    0.330542140986172239E+00    0.106481871705592965E+02
    0.116676390900989513E+01    0.676168579888012489E+00    0.476022591212681982E+04   -0.844936256440481848E-04    0.330542140986172239E+00    0.106481871705592965E+02
    0.114620914095790605E+01    0.690292940488893447E+00    0.486933452402139028E+04   -0.323348280777377797E-03    0.284246890452686196E+00    0.103140009632115497E+02
    0.121996439267413503E+01    0.683073624761815212E+00    0.473753505142808626E+04   -0.201521383363330092E-03    0.389868731160687543E+00    0.107324529294927373E+02
    0.121488984344726658E+01    0.689743235279917100E+00    0.485381801302135864E+04   -0.267329170647440583E-03    0.307261932893180489E+00    0.107244666956456012E+02
    0.113592150102729583E+01    0.688965647476879162E+00    0.481156591080274575E+04   -0.152211139710064234E-03    0.288822107610935686E+00    0.104493519243406841E+02
    0.116690061856646987E+01    0.682733574860807102E+00    0.474351007343159290E+04   -0.508721056187147122E-03    0.311173182667862536E+00    0.101916756354384734E+02
    0.120103101873959894E+01    0.668242840921512204E+00    0.488810505596359599E+04    0.119487948727827110E-03    0.438985154317943493E+00    0.104081268099004678E+02
    0.123914847847063214E+01    0.671684037817653623E+00    0.483713130646934678E+04   -0.111255367197108431E-02    0.531721805420182658E+00    0.105084242214755257E+02
    0.123953574439369207E+01    0.666305010154865096E+00    0.473091252282499954E+04   -0.152805020527005685E-03    0.503060411685451681E+00    0.101281047142006031E+02
    0.122353682412891063E+01    0.679924669492457112E+00    0.489252794712100058E+04   -0.185952551878280730E-03    0.477362507316575202E+00    0.104463401329655845E+02
    0.127211236589873367E+01    0.677516576968580142E+00    0.495525059406432047E+04   -0.431050007901332517E-03    0.392825755106762653E+00    0.100850986252339361E+02
    0.127627107548703500E+01    0.698570635670854978E+00    0.495857229482199818E+04    0.237103547641936502E-04    0.399370048824460200E+00    0.105484258326630354E+02
    0.126568917976218343E+01    0.688336641720888265E+00    0.495587532329991063E+04   -0.995969850955073500E-05    0.387463687102424958E+00    0.109046112428591897E+02
    0.126568917976218343E+01    0.688336641720888265E+00    0.495587532329991063E+04   -0.995969850955073500E-05    0.387463687102424958E+00    0.109046112428591897E+02
    0.123904642253752573E+01    0.671856512357074553E+00    0.493162585935806328E+04   -0.248954680069907813E-04    0.496114931644224377E+00    0.101269880471060887E+02
    0.121789406293607838E+01    0.670383979618724091E+00    0.495270869938145188E+04   -0.169826400370169814E-04    0.568418055626860763E+00    0.101566223866379985E+02
    0.125718179122738993E+01    0.684124986889772968E+00    0.499752668633020676E+04   -0.494120500491464698E-03    0.482903715801190292E+00    0.105948038236830051E+02
    0.124131654596858843E+01    0.679502135238638449E+00    0.481092330538338229E+04   -0.152958570834670922E-03    0.423766397022246333E+00    0.101130157234963782E+02
    0.120898571156140866E+01    0.681850008767747484E+00    0.488247856889958621E+04   -0.252914090203179207E-03    0.434073480511749876E+00    0.104181160434995626E+02
    0.124451652194096862E+01    0.682540667562970826E+00    0.498995986400346010E+04    0.504355761114843383E-04    0.577530771084959538E+00    0.104233842826349914E+02
    0.124838341040766831E+01    0.683260702264442576E+00    0.497524213461747240E+04   -0.101061177684041133E-03    0.465561230419527794E+00    0.101528989382026111E+02
    0.111407168567441794E+01    0.678406254261445074E+00    0.488604522559430734E+04    0.392654210029013046E-03    0.302370204802385134E+00    0.104068149675336095E+02
    0.114276566330376395E+01    0.671974128917845692E+00    0.466815017616499790E+04    0.365064040026916690E-03    0.279196787036381400E+00    0.103560550509405722E+02
    0.109750928007131154E+01    0.686180863134453589E+00    0.476024148468215208E+04    0.490342833243272397E-03    0.289344924698942574E+00    0.105260990223623914E+02
    0.113244417414047338E+01    0.688896903195993837E+00    0.481148445229190656E+04    0.308719030502258810E-03    0.294715704279110646E+00    0.108611531743705854E+02
    0.113244417414047338E+01    0.688896903195993837E+00    0.481148445229190656E+04    0.308719030502258810E-03    0.294715704279110646E+00    0.108611531743705854E+02
    0.117368091542908615E+01    0.694578751330450994E+00    0.483764018135980405E+04    0.387301020057667438E-03    0.342208489872439903E+00    0.104050264682444542E+02
    0.110770330707003128E+01    0.681178372580649061E+00    0.483250168161002875E+04    0.609745242398063939E-03    0.271361918485336417E+00    0.102467417486907024E+02
    0.109015877972154507E+01    0.679774804664068810E+00    0.481733085039869184E+04    0.461566727599331376E-03    0.281343485109930458E+00    0.109179643736923655E+02
    0.109015877972154507E+01    0.679774804664068810E+00    0.481733085039869184E+04    0.461566727599331376E-03    0.281343485109930458E+00    0.109179643736923655E+02
    0.112026991534733700E+01    0.702026045305455204E+00    0.479743961701000808E+04    0.304687029661904543E-03    0.296288319676368039E+00    0.101879121839743565E+02
    0.118850112531734897E+01    0.689655963898475388E+00    0.497534793871031434E+04    0.500039348697257566E-03    0.325366973854511521E+00    0.108805762072609138E+02
    0.119320138269464238E+01    0.691658379079406749E+00    0.470434694332472009E+04    0.261440482360072556E-03    0.328301151207220809E+00    0.100871193888548021E+02
    0.120421325974928872E+01    0.687212285080887608E+00    0.488997460670869896E+04    0.145941430676835087E-03    0.392251141552841465E+00    0.108522585434546031E+02
    0.125034815407507893E+01    0.690554223511800513E+00    0.486580478957981268E+04    0.230936620332333623E-03    0.379219695209935148E+00    0.101054711114135003E+02
    0.122090740471659553E+01    0.683937020106115567E+00    0.490152363785204307E+04    0.780289242476591522E-04    0.332478917291196108E+00    0.105716809068566526E+02
    0.116460665000215768E+01    0.676767199599960456E+00    0.491896079865019692E+04    0.432842116016513142E-03    0.444901531582901744E+00    0.102137540894591776E+02
    0.117842856358952952E+01    0.677540739192760588E+00    0.493663035226775628E+04    0.292515098816543029E-03    0.357947037359115205E+00    0.109478703888380764E+02
    0.113076111606050977E+01    0.673495271319810351E+00    0.492510122427359511E+04    0.910823230487854880E-03    0.298124142400620185E+00    0.103001734091018839E+02
    0.120057001524935614E+01    0.701768422724828755E+00    0.477742637740912141E+04    0.302125968181377557E-03    0.366171703988605879E+00    0.101336932089573075E+02
    0.106280983221286474E+01    0.650774969358618227E+00    0.494136708412716325E+04    0.152367692963176932E-04    0.261777066444067563E+00    0.100753386260712876E+02
    0.107630870891660146E+01    0.673934139532238352E+00    0.491531528833063385E+04    0.192230729967466838E-03    0.275827483551134345E+00    0.103511273312745402E+02
    0.102817291310328152E+01    0.660107535041523197E+00    0.498957150856772569E+04    0.331180860449456732E-03    0.263713398467323445E+00    0.101030751181418452E+02
    0.111874293330376773E+01    0.675619782788935308E+00    0.498921431202390704E+04    0.271876375584819753E-03    0.287437075096284411E+00    0.105822381382597470E+02
    0.110516673203881366E+01    0.662658304814697230E+00    0.488264434995688953E+04    0.164025054105083792E-03    0.271821536399834973E+00    0.101091580222294866E+02
    0.111815004089448733E+01    0.672005072904693135E+00    0.497493982308940303E+04    0.294406185428223869E-03    0.289285590684467353E+00    0.100495292368522229E+02
    0.121563688518281010E+01    0.691147900452320996E+00    0.450976805658835929E+04   -0.677302557804430969E-03    0.335420721909515662E+00    0.102820005613963659E+02
    0.127938042484519521E+01    0.712151353820385746E+00    0.458017171948058785E+04   -0.249400862363354382E-03    0.351217814304448928E+00    0.101258837751526301E+02
    0.124536297881069236E+01    0.696832532090979062E+00    0.451006038604028981E+04   -0.402877478598315003E-03    0.332458686645772050E+00    0.102003745220948083E+02
    0.115244202673336726E+01    0.687326959350216593E+00    0.474136919345361093E+04   -0.593130563043361373E-03    0.286171322556448615E+00    0.105895560435636966E+02
    0.114470549364738838E+01    0.687524564038861197E+00    0.468358037527109627E+04   -0.517614004969592454E-03    0.290266008644838813E+00    0.102235826356227477E+02
    0.117995944169005629E+01    0.678458761205502747E+00    0.466394063062830173E+04   -0.239487014272364763E-03    0.342679879900265494E+00    0.102081950196211579E+02
    0.125197501897063468E+01    0.697445920080337567E+00    0.430037949629078867E+04   -0.408150398732207652E-03    0.301725045139355552E+00    0.109039375622053356E+02
    0.125197501897063468E+01    0.697445920080337567E+00    0.430037949629078867E+04   -0.408150398732207652E-03    0.301725045139355552E+00    0.109039375622053356E+02
    0.113744437700836087E+01    0.687013674472794822E+00    0.474190937342255438E+04   -0.258918620587229083E-03    0.283962978373317576E+00    0.105666600824406203E+02
    0.110797520066805566E+01    0.681874007051758491E+00    0.489517370734404994E+04    0.287280834981527334E-03    0.269143843950607753E+00    0.103243618842745555E+02
    0.118581842567084461E+01    0.677721979992501722E+00    0.460542925311562612E+04   -0.536417754936186384E-04    0.298999154727860095E+00    0.102330283495453216E+02
    0.114383476234887738E+01    0.681170261590602233E+00    0.454462325439178858E+04   -0.114497694229584855E-03    0.328311415785814908E+00    0.101241597999133077E+02
    0.113873161397668143E+01    0.660340485808619260E+00    0.444331218128024921E+04   -0.271429291551554837E-04    0.314253986531824958E+00    0.103124026902218038E+02
    0.113525452936076343E+01    0.688877914546911385E+00    0.449839736754036039E+04    0.317077319836199002E-03    0.347705752625420139E+00    0.101370631465205427E+02
    0.118792530046300815E+01    0.691939870506566912E+00    0.430068623138001658E+04    0.327055700815959062E-03    0.289661725103362688E+00    0.106292835960175935E+02
    0.114692447528660657E+01    0.690776126497669063E+00    0.434402684833624335E+04   -0.257103341012161388E-03    0.276994264338211005E+00    0.105850731155385152E+02
    0.132392550342378668E+01    0.669952851599092791E+00    0.478462190261251271E+04   -0.195472431778479942E-03    0.714062399366063971E+00    0.106915604936225463E+02
    0.131963209365392853E+01    0.658584479614753859E+00    0.488788308365539979E+04   -0.174881972658983922E-03    0.728515886000927759E+00    0.101633090183693824E+02
    0.143768448012665395E+01    0.633189567615404569E+00    0.495706324997050706E+04   -0.349056433877702958E-03    0.747243104067573327E+00    0.102514227438315828E+02
    0.141056761988719970E+01    0.667692060515778896E+00    0.479428556751597444E+04   -0.230364139099427389E-03    0.885980696879911656E+00    0.105877016318731449E+02
    0.145712168993999458E+01    0.664167881975587737E+00    0.470909045777788833E+04   -0.393206490924306363E-03    0.857687287964348677E+00    0.101196227063000883E+02
    0.146718535444143816E+01    0.678796154579485389E+00    0.480681837858355993E+04   -0.445490594726952248E-03    0.927202463789838394E+00    0.103414564001977176E+02
    0.136085704626096993E+01    0.647055257822572893E+00    0.462933863989243855E+04   -0.294323006254845363E-03    0.790204637231180174E+00    0.100608728846657787E+02
    0.123971173033685100E+01    0.661067815567580874E+00    0.468728400319036609E+04   -0.383583099231174930E-03    0.617800318325304909E+00    0.105191050813503111E+02
    0.128625016481120258E+01    0.666792347977307465E+00    0.466382552378561741E+04   -0.477385275007204709E-03    0.673790330282485361E+00    0.106918365840736698E+02
    0.129441469580347146E+01    0.685087635854015886E+00    0.466969422340793517E+04   -0.533170375906814810E-03    0.605826567653111381E+00    0.100445330731633291E+02
    0.131096251409726960E+01    0.712967647653430570E+00    0.466815037560755263E+04   -0.276732865037805458E-03    0.725115173867893925E+00    0.108845604466281145E+02
    0.131096251409726960E+01    0.712967647653430570E+00    0.466815037560755263E+04   -0.276732865037805458E-03    0.725115173867893925E+00    0.108845604466281145E+02
    0.132007030034819817E+01    0.710408097413940509E+00    0.466866987162990699E+04   -0.216614168806814484E-03    0.769983680564876427E+00    0.107038917649084944E+02
    0.134772421452341096E+01    0.634435612100870294E+00    0.490248474843740769E+04   -0.764952336045060245E-04    0.752085888011957859E+00    0.106993479464036252E+02
    0.136103792748073760E+01    0.642923342565231759E+00    0.488972308157817315E+04    0.213497036247648796E-04    0.768940828900749995E+00    0.101883868155033710E+02
    0.133372099936317889E+01    0.627743100882553584E+00    0.491888490742545127E+04   -0.137254043780406855E-03    0.727589883533637849E+00    0.105819370370353987E+02
    0.131527597579580391E+01    0.680935847196368238E+00    0.483686650615798953E+04    0.694469547738302138E-04    0.710250484783842784E+00    0.109023036974725382E+02
    0.131527597579580391E+01    0.680935847196368238E+00    0.483686650615798953E+04    0.694469547738302138E-04    0.710250484783842784E+00    0.109023036974725382E+02
    0.119740723767785995E+01    0.652710257924180248E+00    0.492982861304647213E+04   -0.310439169212214526E-04    0.602737867980704278E+00    0.101783086297524150E+02
    0.125311959622566138E+01    0.661639647135754405E+00    0.485771753655677821E+04    0.315516266951422003E-05    0.693607476965024228E+00    0.102214726235410200E+02
    0.126998771836984070E+01    0.634362369175745622E+00    0.494863560503127610E+04    0.186275602238148254E-03    0.658916560347996061E+00    0.103587629270466479E+02
    0.124485989640633243E+01    0.658255361858906207E+00    0.497470951362949381E+04    0.696034200895408216E-04    0.562369019806656101E+00    0.104013286727228653E+02
    0.126500917095842080E+01    0.672873043446315156E+00    0.499205273547098477E+04    0.153598840872873842E-03    0.575592188868137122E+00    0.107731982396642323E+02
    0.128467192036735134E+01    0.650048204403903207E+00    0.485772334912941642E+04    0.222057101571714640E-03    0.765052276364211692E+00    0.100847327852772359E+02
    0.138461339700371955E+01    0.644791325495445045E+00    0.493746643495941407E+04    0.440459733885720890E-03    0.806399737047496235E+00    0.106923743305889651E+02
    0.138461339700371955E+01    0.644791325495445045E+00    0.493746643495941407E+04    0.440459733885720890E-03    0.806399737047496235E+00    0.106923743305889651E+02
    0.131585603795768913E+01    0.654216969554874073E+00    0.496136175437852580E+04    0.372420431436258344E-03    0.776578170753126962E+00    0.102365637730581849E+02
    0.134583728347577880E+01    0.630740667184737758E+00    0.496113868986755369E+04    0.557777360396355414E-03    0.747159038718354096E+00    0.100861479635877664E+02
    0.131333356674445678E+01    0.660997812101032256E+00    0.496193289884324713E+04    0.398548388281376757E-03    0.788511687282228535E+00    0.101656612650122078E+02
    0.132612042709168421E+01    0.645094893808426884E+00    0.488926504191143795E+04    0.779591550370731462E-03    0.771821362132570687E+00    0.102154449602031931E+02
    0.134157859753492792E+01    0.651631342156214544E+00    0.485931717374244272E+04    0.709906560215586109E-03    0.788122192440288138E+00    0.102530193043767888E+02
    0.130113242930836703E+01    0.640469902025584847E+00    0.494837989024376202E+04    0.445669715920185756E-03    0.753719417593403440E+00    0.101915236109393383E+02
    0.134827548210754289E+01    0.637491668479783558E+00    0.490380441580970728E+04    0.235286965151824533E-03    0.780792744982619746E+00    0.101170536023473971E+02
    0.132387017674336893E+01    0.655545927325907885E+00    0.497577186779558633E+04    0.664046259822434243E-03    0.702952096940140381E+00    0.105249859178655036E+02
    0.132387017674336893E+01    0.655545927325907885E+00    0.497577186779558633E+04    0.664046259822434243E-03    0.702952096940140381E+00    0.105249859178655036E+02
    0.138179921374981030E+01    0.640165844101124648E+00    0.491135541586572162E+04    0.129313562517251028E-03    0.775909762247168455E+00    0.100447494578983090E+02
    0.127714052399683364E+01    0.647611208649797820E+00    0.462360062387857124E+04    0.514097453888261443E-04    0.739715517855359272E+00    0.101531638884739959E+02
    0.133195846721484301E+01    0.642267749858927983E+00    0.466308127252923623E+04    0.132746366393799218E-03    0.744771780722447763E+00    0.108650605345362514E+02
    0.133195846721484301E+01    0.642267749858927983E+00    0.466308127252923623E+04    0.132746366393799218E-03    0.744771780722447763E+00    0.108650605345362514E+02
    0.131069298698488024E+01    0.643052257475765776E+00    0.446370244246545371E+04    0.288555563816312774E-03    0.758008281232917192E+00    0.100831352029628967E+02
    0.129519145891334619E+01    0.647123552562440363E+00    0.462360474785337192E+04    0.212598759852940429E-03    0.762761274271280598E+00    0.100394563384923856E+02
    0.137195683092323417E+01    0.646136769856866078E+00    0.473700875878295665E+04    0.327738423622181061E-03    0.783652945224191155E+00    0.102287756288637368E+02
    0.132207388113725655E+01    0.658079481004000488E+00    0.473131126221665545E+04    0.194804543937632268E-03    0.758347953618392356E+00    0.104518852460756690E+02
