    0.120191476049587176E+01    0.794623737705542843E+00    0.458934887141583658E+04    0.616129051488840734E-03    0.771342092330189022E+00    0.219375982260009650E+01
    0.119993579013676643E+01    0.721611776270005834E+00    0.425980963651452385E+04    0.357125768059484143E-03    0.886730549587317340E+00    0.284736588344962005E+01
    0.109850780499064093E+01    0.696539321364065156E+00    0.496857531997440856E+04    0.182707473735452177E-03    0.780425554006444200E+00    0.434746857466363501E+01
    0.103418510232420791E+01    0.696199301221163136E+00    0.417876779558730505E+04    0.177875593374624149E-03    0.751246958187959835E+00    0.452705228858895303E+01
    0.128904617893017015E+01    0.737965885869560356E+00    0.469087629652704891E+04    0.971247133871814140E-04    0.894234660650313762E+00    0.471440110399592882E+01
    0.112256217577054795E+01    0.759484774260171247E+00    0.445757890098366170E+04    0.369353121144106423E-04    0.877793640546198795E+00    0.481448857273638620E+01
    0.879157407640169364E+00    0.648077728905155359E+00    0.429459094583951992E+04    0.156571886875876741E-02    0.634947350516672504E+00    0.514236867068937542E+01
    0.127103064867153015E+01    0.773712105435228503E+00    0.405350062440364172E+04   -0.123883355963116005E-03    0.945647780329532894E+00    0.518811675276096196E+01
    0.120593619100944394E+01    0.718246750949405932E+00    0.453619232266858035E+04   -0.188529219898413792E-03    0.735881014548889323E+00    0.528091660068208490E+01
    0.108289117436004467E+01    0.701599260554472082E+00    0.443407875428179250E+04    0.105930586780855940E-04    0.733754215805338950E+00    0.530693338500741518E+01
    0.125859150755561688E+01    0.729364023005037776E+00    0.402367583835786718E+04   -0.179492322313532968E-03    0.846370902454564922E+00    0.533119606327077378E+01
    0.115377745323645642E+01    0.697102054457369613E+00    0.460583258451006077E+04   -0.306075123792520613E-03    0.809614518490993307E+00    0.567532258527720757E+01
    0.106649672005396257E+01    0.690870023574780667E+00    0.497156124598553379E+04   -0.678781149028658709E-03    0.729172077964577836E+00    0.580882244918072388E+01
    0.113158720286929371E+01    0.709433924433860663E+00    0.450687130619364143E+04    0.149627050022994179E-03    0.789246445272113073E+00    0.585948581892301590E+01
    0.102905397137548094E+01    0.692382162956809433E+00    0.476340756118511399E+04   -0.308704782867309801E-03    0.712334684775025817E+00    0.587116919784668934E+01
    0.121844652171931966E+01    0.714518172970574850E+00    0.455237550336789536E+04   -0.421723775871165438E-04    0.932861780984966193E+00    0.594568568240280282E+01
    0.113930136218856459E+01    0.717468538203506867E+00    0.478492772960642014E+04    0.484613466507014594E-04    0.729752127690579400E+00    0.598598035079085022E+01
    0.102927146337822273E+01    0.739862156808826610E+00    0.425114245866463989E+04    0.798243669500652638E-04    0.769991728559161315E+00    0.619160899979750656E+01
    0.970939789008474774E+00    0.677995712325259348E+00    0.420191843155688639E+04   -0.272139601582519223E-04    0.662607993796191841E+00    0.626466483942189711E+01
    0.111460895233895485E+01    0.744719511878872087E+00    0.499370869106658029E+04    0.361188073710027148E-03    0.731037332272654883E+00    0.632874664204265258E+01
    0.104563629795836910E+01    0.739311749018733311E+00    0.482325899263940573E+04    0.112333476578844297E-03    0.680343165373912040E+00    0.634890893253928734E+01
    0.917060205428184005E+00    0.699605236072772363E+00    0.439778450120302023E+04    0.423067149671543341E-03    0.602493360721722326E+00    0.635788924029920199E+01
    0.858804078162774043E+00    0.659258106597805371E+00    0.489432431682177594E+04   -0.199873502937901411E-03    0.566058840659748430E+00    0.637384595212844474E+01
    0.935787097837279647E+00    0.654483995152956632E+00    0.427201061585790558E+04    0.805419846215944086E-04    0.642965604558935366E+00    0.637980158365229588E+01
    0.980548398524212383E+00    0.697514520930195836E+00    0.479520420884258874E+04   -0.507277207734491272E-03    0.587681190119384356E+00    0.642591032466426704E+01
    0.117594828737742962E+01    0.745530832381058661E+00    0.494850953179932185E+04   -0.129485394758362365E-02    0.900588720980460611E+00    0.648268145210859359E+01
    0.854557355852104461E+00    0.634798339709195858E+00    0.435491406822366753E+04   -0.860883179167343726E-03    0.599475081334707949E+00    0.653514477079766731E+01
    0.888783639278837301E+00    0.668260709108073003E+00    0.442006504112625316E+04   -0.455000282793560380E-03    0.594580528710620504E+00    0.658062526342796694E+01
    0.119006438475351817E+01    0.806615478353933879E+00    0.442723232496984838E+04    0.581384996637218543E-04    0.857994916766786964E+00    0.659831412694021502E+01
    0.117927681171468124E+01    0.744111223573539871E+00    0.426796300154477285E+04    0.130511345004500159E-03    0.960154028885500166E+00    0.672475584792626435E+01
    0.113236160903022709E+01    0.734855421102305839E+00    0.479587503120625388E+04   -0.319276313778842004E-03    0.976054642147782925E+00    0.678180082925082495E+01
    0.102682459218608058E+01    0.724866672948415891E+00    0.493438912149050157E+04   -0.364198320765256789E-03    0.627587013629035129E+00    0.679704813052934043E+01
    0.107234046954641493E+01    0.747467548802956960E+00    0.462297401239787450E+04    0.325535616970653555E-03    0.793027512279491864E+00    0.684415742895113688E+01
    0.105257513374883271E+01    0.775936001934286024E+00    0.471131409717203042E+04    0.879735948182324519E-03    0.770825481951572300E+00    0.686130629484187082E+01
    0.109344047418698143E+01    0.727725156608927004E+00    0.427297445815790161E+04   -0.462504853002897350E-03    0.775530831497779571E+00    0.686923344957337445E+01
    0.969531994019073751E+00    0.674444572561438749E+00    0.405663116533970606E+04    0.552268267276738358E-03    0.649465910557842863E+00    0.688994040252102025E+01
    0.102735508108253337E+01    0.675128531119601138E+00    0.467753480148793096E+04   -0.465835260535757845E-03    0.649287300311292448E+00    0.690311322785535175E+01
    0.121304616809325538E+01    0.794369919054299101E+00    0.451048137303763451E+04   -0.283309309717806287E-03    0.856280960264093283E+00    0.691127086863940043E+01
    0.109589580840550571E+01    0.737378363867553954E+00    0.441386245466697073E+04   -0.672277502182780970E-04    0.650668714622794520E+00    0.692641770836113935E+01
    0.114313546441656833E+01    0.771986945843499694E+00    0.426758442021105839E+04    0.787196317551263377E-04    0.789531243986854925E+00    0.693200278552069271E+01
    0.106687668151516912E+01    0.755394179371304597E+00    0.490785949795538181E+04    0.783468675826491260E-04    0.768468691331120168E+00    0.696531330680083283E+01
    0.106000649428407456E+01    0.718202667851547183E+00    0.489919500157360289E+04    0.780707260520652961E-03    0.781845409799993840E+00    0.701404712340723435E+01
    0.937676466430806155E+00    0.661541542919741432E+00    0.472661162377852907E+04    0.310850984266584029E-03    0.572775355129373720E+00    0.702612344586548332E+01
    0.111494961355232425E+01    0.716933242655392045E+00    0.454682646053728422E+04    0.106263358434782013E-03    0.707589400755835207E+00    0.703169282891562375E+01
    0.120009207625082892E+01    0.742912158626920061E+00    0.461179015214542142E+04    0.258017198674201202E-03    0.800002694179950069E+00    0.703869623654593735E+01
    0.913346878346283586E+00    0.683091457144006209E+00    0.423367038509013128E+04   -0.285234055138159324E-03    0.622702417160830968E+00    0.705135924983772178E+01
    0.114704312721528656E+01    0.722557155957521902E+00    0.422744669949904983E+04   -0.220452538985414049E-03    0.823682540474375391E+00    0.709549649414981864E+01
    0.104453281271726750E+01    0.743557047136373717E+00    0.443033605138822531E+04   -0.204547036837568062E-03    0.696002133100223297E+00    0.709591039315778893E+01
    0.106580974467617695E+01    0.690672559290098076E+00    0.406053210527692090E+04   -0.112773300987444183E-03    0.674067635534318921E+00    0.710840077241253976E+01
    0.119372636270235488E+01    0.763324204339453694E+00    0.463800198133413960E+04   -0.583208158873887127E-03    0.940850035227978498E+00    0.711211895652768522E+01
    0.101005565292381516E+01    0.660344907321409269E+00    0.458177339249968099E+04    0.126388288714604345E-03    0.659011667688001568E+00    0.714290196703178104E+01
    0.100829399335601666E+01    0.708219031698311241E+00    0.425965009321863181E+04   -0.162867938146457604E-04    0.711876533498385866E+00    0.718027512400611378E+01
    0.113095843529773354E+01    0.779838303604568184E+00    0.498050995468548626E+04    0.426338109797275286E-03    0.881316970276670109E+00    0.719304861909788329E+01
    0.978410879273105327E+00    0.702500632844268003E+00    0.476367163398067169E+04    0.567676524227818358E-04    0.623268097828069356E+00    0.720013708728935597E+01
    0.882455381653240334E+00    0.640121502550872523E+00    0.481680338009820844E+04   -0.631981454130979450E-03    0.610551400367604913E+00    0.725333080288644005E+01
    0.949240365309382272E+00    0.682051830242026869E+00    0.429625866117031910E+04   -0.176432280677476426E-03    0.628555396864743043E+00    0.725424112266998300E+01
    0.107574633118775553E+01    0.713243438107751482E+00    0.448242425715913578E+04   -0.199093192103799427E-04    0.730799146607221894E+00    0.726787568648961635E+01
    0.114566720849899073E+01    0.782974385120377314E+00    0.496266825710898866E+04    0.307090390313008194E-03    0.844087693653428728E+00    0.726805972738691963E+01
    0.113092326402589860E+01    0.737011887427947876E+00    0.484679644131065288E+04    0.178887869645292028E-03    0.833070339028161522E+00    0.729018098284241844E+01
    0.100479408731185527E+01    0.726817712684088124E+00    0.402004656724383722E+04    0.280055960565273672E-03    0.656716737695395403E+00    0.729348835927600270E+01
    0.113422868219599193E+01    0.756109403479970132E+00    0.456062378912122313E+04    0.595835385867025035E-03    0.723252941955223161E+00    0.729362390245490655E+01
    0.953597793140680938E+00    0.707868404460537004E+00    0.462334454585896128E+04   -0.256064995423168934E-03    0.605841459243728120E+00    0.729536774815377065E+01
    0.108573778452480507E+01    0.752461120775996695E+00    0.469369342570312074E+04   -0.175707258129496859E-04    0.817275141599534516E+00    0.729996607699447608E+01
    0.114735233273436532E+01    0.779415934515670483E+00    0.498249191382446134E+04   -0.230088024308860382E-03    0.827807494678011957E+00    0.730152632265747759E+01
    0.104828887669895199E+01    0.728724801480864381E+00    0.494563442432974534E+04    0.311663406322343719E-03    0.727522645528043688E+00    0.731029132570837259E+01
    0.114586157349530238E+01    0.752044937499106170E+00    0.405674266997278892E+04    0.584022394505439614E-03    0.708835439257826772E+00    0.732669351649125744E+01
    0.113444574813591359E+01    0.728368122560003162E+00    0.474757773223910135E+04    0.216399491544485222E-03    0.682648502828422266E+00    0.741040365179323324E+01
    0.105743360500458405E+01    0.728934046688548998E+00    0.405222382341950151E+04   -0.742679830679355809E-03    0.659756160154865268E+00    0.744278624121142407E+01
    0.127208187965585284E+01    0.767143913239312081E+00    0.442408328153031107E+04    0.596919161774193252E-04    0.913820120962853588E+00    0.744481095477938926E+01
    0.110019313952073805E+01    0.729075124402097874E+00    0.477933824730244305E+04   -0.674419438583004219E-03    0.783355795616365036E+00    0.744988004502387646E+01
    0.907974166401356642E+00    0.675040557690649745E+00    0.411033396993957103E+04   -0.272084800128777815E-03    0.578139708373671679E+00    0.747124356984275195E+01
    0.103908571534214245E+01    0.710502891544380288E+00    0.455550786753258217E+04   -0.530743681889222683E-03    0.715004242812858237E+00    0.748946575951074855E+01
    0.900802705112298208E+00    0.668857320478157713E+00    0.418648436644690901E+04   -0.688948863639685257E-03    0.577258207604866236E+00    0.749983587929183582E+01
    0.110968190114710907E+01    0.723039126210368366E+00    0.399005488188960271E+04    0.256162918762736075E-03    0.731664222016455534E+00    0.750487754545479113E+01
    0.104037408363488137E+01    0.729561516715118930E+00    0.399899963318227219E+04   -0.139097316477854258E-03    0.674093351146715869E+00    0.751092777478479512E+01
    0.111498996955525032E+01    0.768484112684706067E+00    0.499472767623065829E+04   -0.186820471962655430E-03    0.745574860035370879E+00    0.751448490475464403E+01
    0.119725290677446039E+01    0.739116750934507238E+00    0.445437046834771172E+04   -0.664113624590244761E-04    0.811059994340226353E+00    0.753636848281904825E+01
    0.111087672487443623E+01    0.757490515777922813E+00    0.464986858663648673E+04   -0.186419583181297340E-03    0.737230334051795499E+00    0.754108548538020163E+01
    0.115013509662481606E+01    0.744930985445232063E+00    0.482781846450134253E+04   -0.412988419218885826E-03    0.902843567956359783E+00    0.754248241101390970E+01
    0.982508891003050722E+00    0.688063750460926160E+00    0.494770373182875119E+04   -0.848007442878031978E-04    0.601761239076790799E+00    0.755339097012566008E+01
    0.879792073368304228E+00    0.636751288366925849E+00    0.430619090845988012E+04    0.467419007169395616E-03    0.549666601578385317E+00    0.761140488039151730E+01
    0.116808980097084825E+01    0.733911640399233733E+00    0.430344205558746398E+04   -0.226294058669790934E-03    0.918230902927574810E+00    0.764476316900412201E+01
    0.116808980097084825E+01    0.733911640399233733E+00    0.430344205558746398E+04   -0.226294058669790934E-03    0.918230902927574810E+00    0.764476316900412201E+01
    0.966287019691804305E+00    0.715127900545231010E+00    0.495975988887431140E+04    0.408341308440005957E-03    0.629367886630214590E+00    0.764698259945992120E+01
    0.126136732693294573E+01    0.767861005830382304E+00    0.393678055101988457E+04   -0.324775108573289214E-03    0.937657489764391672E+00    0.765573093737311439E+01
    0.114092234469644005E+01    0.730878533140102205E+00    0.421192121851972115E+04    0.450852081670051702E-03    0.740134560534544406E+00    0.769336006146739670E+01
    0.107609574127473495E+01    0.729292164883576621E+00    0.419553776583049239E+04    0.731513406898648606E-03    0.675887690848915312E+00    0.770998738941289652E+01
    0.124148015438551784E+01    0.758410665527275984E+00    0.423492996547879829E+04   -0.209438177561693914E-03    0.890601614720288870E+00    0.777327457203129413E+01
    0.120567454821071829E+01    0.773059752072142947E+00    0.402328477436601679E+04    0.479874327312721503E-03    0.878562727643973473E+00    0.778071372625213442E+01
    0.116622364302605241E+01    0.730393487312605560E+00    0.407769169342556688E+04   -0.133580182125172912E-03    0.816613913219374821E+00    0.779425910921311438E+01
    0.104864482641644940E+01    0.712714725322367904E+00    0.480611038321274464E+04   -0.153451804811444354E-03    0.705717225979481055E+00    0.779782021970304662E+01
    0.104864482641644940E+01    0.712714725322367904E+00    0.480611038321274464E+04   -0.153451804811444354E-03    0.705717225979481055E+00    0.779782021970304662E+01
    0.994163972439934041E+00    0.716245126671978261E+00    0.489824071149733390E+04   -0.337596656653729016E-03    0.668033148952725808E+00    0.781109886701015199E+01
    0.119473468517979109E+01    0.743339975292195310E+00    0.471710616868339639E+04   -0.445108984950836110E-03    0.797757125583733684E+00    0.782056357513252642E+01
    0.910259989699288896E+00    0.680019897510310112E+00    0.446627612606131515E+04    0.629132103878519088E-03    0.631733670835268768E+00    0.783078005887015749E+01
    0.910259989699288896E+00    0.680019897510310112E+00    0.446627612606131515E+04    0.629132103878519088E-03    0.631733670835268768E+00    0.783078005887015749E+01
    0.120886659390650864E+01    0.722412963228443394E+00    0.465545057290830391E+04   -0.563612164579510837E-03    0.946755495641339873E+00    0.783404761255633453E+01
    0.120886659390650864E+01    0.722412963228443394E+00    0.465545057290830391E+04   -0.563612164579510837E-03    0.946755495641339873E+00    0.783404761255633453E+01
    0.975637928009707833E+00    0.720999154838354417E+00    0.432907158219148278E+04    0.888094423937525274E-04    0.641182120037802727E+00    0.784580928703963565E+01
    0.112750060665861285E+01    0.748312880819115844E+00    0.444749512349294127E+04    0.397194256969524183E-03    0.817111845920446500E+00    0.785214182475044442E+01
    0.115721319482489071E+01    0.756412401759066100E+00    0.438216540368948154E+04   -0.435803648185248654E-03    0.900035211350720843E+00    0.785492463241885552E+01
    0.127751618168731484E+01    0.743022484270994821E+00    0.405632156235460161E+04   -0.498978498505289530E-03    0.942589107196425191E+00    0.787853329086178888E+01
    0.109042808861877139E+01    0.724844938196773980E+00    0.452169542103244657E+04    0.415780437207781894E-03    0.784004808252386609E+00    0.788144031257740973E+01
    0.124306837364439215E+01    0.784938080305904617E+00    0.413577679959958368E+04   -0.264256188560837340E-03    0.964446874474633953E+00    0.790785491609623392E+01
    0.124306837364439215E+01    0.784938080305904617E+00    0.413577679959958368E+04   -0.264256188560837340E-03    0.964446874474633953E+00    0.790785491609623392E+01
    0.115047399986136734E+01    0.757516521015756394E+00    0.450981222567892837E+04    0.950799496538159328E-07    0.876174249011551942E+00    0.792243157282140587E+01
    0.100528002721564635E+01    0.697647227862799091E+00    0.482934771519167407E+04    0.122750000707636127E-03    0.662421729412795646E+00    0.792394354884851371E+01
    0.100528002721564635E+01    0.697647227862799091E+00    0.482934771519167407E+04    0.122750000707636127E-03    0.662421729412795646E+00    0.792394354884851371E+01
    0.119083352698526435E+01    0.767088583555942893E+00    0.495898492921534307E+04    0.714281523895342270E-04    0.765826849052952841E+00    0.792499752870216945E+01
    0.108726102981328054E+01    0.740663495663142712E+00    0.454460746906606437E+04    0.806571936956894300E-03    0.843875243345089121E+00    0.794593845983783797E+01
    0.125714750314427715E+01    0.779394127029259809E+00    0.434498199490607749E+04   -0.298021330772203449E-03    0.875829746365081929E+00    0.794697392874170028E+01
    0.125714750314427715E+01    0.779394127029259809E+00    0.434498199490607749E+04   -0.298021330772203449E-03    0.875829746365081929E+00    0.794697392874170028E+01
    0.108178322346574229E+01    0.761136567841992573E+00    0.485769753030959600E+04    0.524894996563632390E-04    0.803062875375020413E+00    0.795811607170587987E+01
    0.112991598193302667E+01    0.736365782920552769E+00    0.444907879358241917E+04   -0.134301316241210872E-03    0.825445337009715896E+00    0.796009809693921433E+01
    0.112991598193302667E+01    0.736365782920552769E+00    0.444907879358241917E+04   -0.134301316241210872E-03    0.825445337009715896E+00    0.796009809693921433E+01
    0.117635241115667899E+01    0.738101973828844016E+00    0.430596410455943987E+04    0.191478165959754374E-03    0.792406615271346482E+00    0.797124916393945426E+01
    0.107882400884011176E+01    0.713836004121005230E+00    0.409370654999756107E+04    0.665113414502491927E-04    0.725243515498505076E+00    0.797536888608806027E+01
    0.109150997048125808E+01    0.765139470673447786E+00    0.498826472865685901E+04    0.497463740572059586E-03    0.817199229774324021E+00    0.797769519807542782E+01
    0.982750741619961676E+00    0.693463331249506543E+00    0.414364604867898106E+04   -0.236326885753868445E-03    0.605194163554388709E+00    0.799504225157998327E+01
    0.982750741619961676E+00    0.693463331249506543E+00    0.414364604867898106E+04   -0.236326885753868445E-03    0.605194163554388709E+00    0.799504225157998327E+01
    0.113090798064634535E+01    0.779896019824242726E+00    0.467696142491134287E+04    0.485470389268014414E-03    0.868142287371954646E+00    0.799975917163031625E+01
    0.119899725749928665E+01    0.754737023475995583E+00    0.409845446127104424E+04    0.191834006807257659E-03    0.904227949935076047E+00    0.801048185684767056E+01
    0.115867730079483877E+01    0.717240964292674921E+00    0.455135206225893035E+04   -0.826923545898450817E-03    0.755855608738448703E+00    0.801422952394439747E+01
    0.115867730079483877E+01    0.717240964292674921E+00    0.455135206225893035E+04   -0.826923545898450817E-03    0.755855608738448703E+00    0.801422952394439747E+01
    0.113259407523392186E+01    0.744528024915475317E+00    0.490632459738048965E+04   -0.103108638440104904E-02    0.849412990242486954E+00    0.802562901198094636E+01
    0.108069769860754405E+01    0.706791313177929537E+00    0.497010925230032262E+04    0.884726573150194100E-05    0.713296829410605460E+00    0.803359765354455746E+01
    0.997153516773227167E+00    0.692041761770140873E+00    0.470895730389553592E+04    0.503843122730806685E-04    0.659279824798972847E+00    0.804490694565629560E+01
    0.997153516773227167E+00    0.692041761770140873E+00    0.470895730389553592E+04    0.503843122730806685E-04    0.659279824798972847E+00    0.804490694565629560E+01
    0.112492591911987461E+01    0.722882244837801946E+00    0.487333924605243737E+04   -0.234958142024201382E-03    0.791761942438615085E+00    0.805121072595263243E+01
    0.108873684916014613E+01    0.730594898654856051E+00    0.462353414247731052E+04   -0.952406618740831725E-04    0.715449402859662520E+00    0.807627504234797300E+01
    0.106091129838669884E+01    0.735256200439323937E+00    0.463819859607347553E+04   -0.254409250806301925E-03    0.701338801381764632E+00    0.808022626994119442E+01
    0.109408792907041530E+01    0.723454700640707937E+00    0.495222545092560085E+04    0.162349505281305241E-03    0.743151518925670107E+00    0.810181212986317156E+01
    0.109408792907041530E+01    0.723454700640707937E+00    0.495222545092560085E+04    0.162349505281305241E-03    0.743151518925670107E+00    0.810181212986317156E+01
    0.117389182044968154E+01    0.751140985246581017E+00    0.473105363566598771E+04    0.843788707398166051E-04    0.967448183529206140E+00    0.811181379955738358E+01
    0.109603961031682462E+01    0.746530039313012095E+00    0.474270849041056317E+04    0.934243417957349224E-04    0.767841393338704825E+00    0.811462507644127307E+01
    0.101676061743320467E+01    0.711186808290480532E+00    0.481065395691552021E+04   -0.293284157882724790E-03    0.631223220051592149E+00    0.813015529279244475E+01
    0.118616363614375331E+01    0.742538947477715205E+00    0.430360042440506277E+04    0.213148411331322247E-03    0.946427764656991966E+00    0.813575874307650793E+01
    0.123540814512044905E+01    0.768315303295114327E+00    0.425604010270491654E+04   -0.269943430392995034E-03    0.947146191068816590E+00    0.813702212942550496E+01
    0.922521732876183664E+00    0.651795685309130901E+00    0.440503863038387226E+04    0.986075566676270030E-03    0.580828253874362432E+00    0.814039032516452288E+01
    0.112014816726664534E+01    0.757564838812367025E+00    0.406571273690567932E+04   -0.554405287446820078E-04    0.738534705421274085E+00    0.816415406401280919E+01
    0.116498341775400949E+01    0.772929571443747299E+00    0.419787794776864939E+04    0.822854801477518826E-04    0.986217696692302415E+00    0.816430647423708322E+01
    0.943574888924662680E+00    0.686451338962867585E+00    0.452406217827467663E+04   -0.268099591176715704E-03    0.644434222967719683E+00    0.817136419769937383E+01
    0.102372013349479785E+01    0.724561332353774401E+00    0.454408452921907701E+04   -0.911250210612182897E-05    0.748721179629855849E+00    0.817177761790305013E+01
    0.102372013349479785E+01    0.724561332353774401E+00    0.454408452921907701E+04   -0.911250210612182897E-05    0.748721179629855849E+00    0.817177761790305013E+01
    0.116928449244686994E+01    0.781584048897611905E+00    0.421924390650056648E+04    0.497897339327698610E-03    0.821431521623111061E+00    0.817763449929900332E+01
    0.116928449244686994E+01    0.781584048897611905E+00    0.421924390650056648E+04    0.497897339327698610E-03    0.821431521623111061E+00    0.817763449929900332E+01
    0.107981572882847399E+01    0.744537170161026496E+00    0.493926120927358079E+04   -0.397988305040879497E-05    0.682394668693816042E+00    0.818838116306728558E+01
    0.117318625235362828E+01    0.778595903121554134E+00    0.435266363664666642E+04    0.490056557910702986E-03    0.878765967372243995E+00    0.821179393530330515E+01
    0.110518118499696194E+01    0.722947530304419494E+00    0.493015043123976648E+04    0.729065476275583520E-03    0.760190602329275267E+00    0.822264613502998110E+01
    0.117208644250244221E+01    0.745296196464458993E+00    0.473258488572361784E+04   -0.352559803433365583E-03    0.927377091509615337E+00    0.825487925524940280E+01
    0.117208644250244221E+01    0.745296196464458993E+00    0.473258488572361784E+04   -0.352559803433365583E-03    0.927377091509615337E+00    0.825487925524940280E+01
    0.117881634412683756E+01    0.779232120642590176E+00    0.475637011781894489E+04    0.448570523044858587E-03    0.829420123015002897E+00    0.825888521470965564E+01
    0.119396631844191248E+01    0.776153475839029383E+00    0.496997014567061069E+04   -0.642810832334025243E-05    0.871580587487834735E+00    0.826065472606957130E+01
    0.119396631844191248E+01    0.776153475839029383E+00    0.496997014567061069E+04   -0.642810832334025243E-05    0.871580587487834735E+00    0.826065472606957130E+01
    0.108909614848263114E+01    0.716992811749193937E+00    0.499468654172570314E+04    0.939465704149512331E-04    0.767812205111638391E+00    0.826931928592562748E+01
    0.110058239729373142E+01    0.731789501373361739E+00    0.413984691349215882E+04   -0.423344051683324102E-03    0.722876532242035630E+00    0.827169009806208777E+01
    0.110058239729373142E+01    0.731789501373361739E+00    0.413984691349215882E+04   -0.423344051683324102E-03    0.722876532242035630E+00    0.827169009806208777E+01
    0.124267513579435240E+01    0.763797515778887770E+00    0.412096511109748189E+04    0.674817402447640182E-04    0.960057373597692276E+00    0.829682020964544442E+01
    0.112422987820317344E+01    0.744566170242169201E+00    0.493758867769061726E+04    0.336513695739445041E-03    0.906681720678347514E+00    0.830978749435883302E+01
    0.114002140037290856E+01    0.764269214387665152E+00    0.422031376805815216E+04    0.706979184994493515E-03    0.871940393446820172E+00    0.830985516961447246E+01
    0.102474830275437689E+01    0.705514051067624548E+00    0.464187745129574614E+04    0.786707377718183216E-03    0.683314576889035963E+00    0.832682052428905628E+01
    0.102474830275437689E+01    0.705514051067624548E+00    0.464187745129574614E+04    0.786707377718183216E-03    0.683314576889035963E+00    0.832682052428905628E+01
    0.947260159266451351E+00    0.690971389677210057E+00    0.485732954354950289E+04   -0.198751907704480856E-03    0.656621832634684544E+00    0.833148143607481728E+01
    0.947260159266451351E+00    0.690971389677210057E+00    0.485732954354950289E+04   -0.198751907704480856E-03    0.656621832634684544E+00    0.833148143607481728E+01
    0.935842366460362340E+00    0.698079791402601124E+00    0.449795485747706152E+04    0.121565536299648481E-03    0.622579765862399825E+00    0.833856185676981099E+01
    0.114282885953875790E+01    0.767760252423697831E+00    0.491574944794175099E+04    0.106671654234538857E-04    0.841877690070491180E+00    0.834272732842563869E+01
    0.114282885953875790E+01    0.767760252423697831E+00    0.491574944794175099E+04    0.106671654234538857E-04    0.841877690070491180E+00    0.834272732842563869E+01
    0.112798131749290853E+01    0.773792040134783088E+00    0.444334473059077300E+04    0.201364678116117910E-03    0.862174698790242333E+00    0.836425481842641005E+01
    0.110464429951619314E+01    0.719018921395684241E+00    0.474741249279996555E+04    0.738097318996996845E-03    0.743937645068528219E+00    0.836713721166385938E+01
    0.110464429951619314E+01    0.719018921395684241E+00    0.474741249279996555E+04    0.738097318996996845E-03    0.743937645068528219E+00    0.836713721166385938E+01
    0.103564355605019864E+01    0.746679257442045663E+00    0.418688667458896180E+04    0.717563268136529853E-03    0.769548536999624888E+00    0.838839462749563047E+01
    0.102854931260435278E+01    0.730586124107359680E+00    0.490238562905387607E+04   -0.275758080012490311E-03    0.754874262615086944E+00    0.839154082203332763E+01
    0.955500492398467571E+00    0.695385042846017654E+00    0.482701551010663661E+04   -0.280829084817512135E-03    0.603769403263094251E+00    0.839846279859617439E+01
    0.103604410316064444E+01    0.689721569695692649E+00    0.497712154223880771E+04   -0.233360638461841991E-03    0.668218590553398384E+00    0.840565694745567704E+01
    0.112072899738779985E+01    0.736890093045433181E+00    0.443841564116226527E+04    0.172463008511639126E-03    0.746305111195507354E+00    0.841114644891525032E+01
    0.105206874372343617E+01    0.714526523548199677E+00    0.444925246625612272E+04   -0.111647391744694338E-03    0.715596463133631566E+00    0.841161760422244598E+01
    0.108009422672866728E+01    0.776847998602806067E+00    0.456179529742867999E+04    0.933506040406796795E-03    0.791240594112647688E+00    0.841322165145415468E+01
    0.122372355990348614E+01    0.797979445936372933E+00    0.470988642845836421E+04    0.264635284050719133E-03    0.929819729564027475E+00    0.844379558084963122E+01
    0.976453550759241340E+00    0.688412774047147957E+00    0.451173477210350120E+04   -0.622549057187119859E-03    0.641345882977448545E+00    0.847660507532898855E+01
    0.102286565372437566E+01    0.713840301633826169E+00    0.495479753597903164E+04    0.371268688886549215E-03    0.733698038342554093E+00    0.847803357967293714E+01
    0.113155361006612853E+01    0.716861001820782384E+00    0.488797739816583817E+04   -0.484447588917281198E-03    0.749910667721693791E+00    0.849985440951078175E+01
    0.102901561374496087E+01    0.717127474984588731E+00    0.477907124547780404E+04   -0.176146218715750186E-04    0.643960320558950361E+00    0.850751889593597177E+01
    0.989954768584255462E+00    0.709712543420055186E+00    0.446709582153044266E+04   -0.537004550263453723E-03    0.655608284496282279E+00    0.851046602882253644E+01
    0.126277802736319233E+01    0.738490404157123637E+00    0.423696666886685944E+04   -0.435131037436818462E-03    0.934649336804121322E+00    0.851407431451866437E+01
    0.108914683365497100E+01    0.755098108711443783E+00    0.445932811573197796E+04    0.242286535329454652E-04    0.722980412824724805E+00    0.851524721278076768E+01
    0.119004891000116242E+01    0.741031267710595687E+00    0.452436888612522307E+04   -0.850453941809415108E-03    0.887518744462161391E+00    0.852465617119180052E+01
    0.128377642643799050E+01    0.787739977108319112E+00    0.398525642614626577E+04    0.212704304343067568E-03    0.923970836066457357E+00    0.852774644223835487E+01
    0.128377642643799050E+01    0.787739977108319112E+00    0.398525642614626577E+04    0.212704304343067568E-03    0.923970836066457357E+00    0.852774644223835487E+01
    0.111690762125499066E+01    0.722136746254155248E+00    0.478703368395505458E+04    0.780481265258875951E-04    0.885021820542491455E+00    0.853009799826036286E+01
    0.104456616772667443E+01    0.721481000212493395E+00    0.450210387644382263E+04    0.746900566386208544E-03    0.694186676542925651E+00    0.854338747595230252E+01
    0.120609286581672848E+01    0.756426541372389738E+00    0.472006166891672274E+04   -0.851735808713791087E-03    0.819704491408089986E+00    0.854916719045942486E+01
    0.120609286581672848E+01    0.756426541372389738E+00    0.472006166891672274E+04   -0.851735808713791087E-03    0.819704491408089986E+00    0.854916719045942486E+01
    0.889429105188347835E+00    0.666897282415819359E+00    0.490222142544882718E+04   -0.256360463971887784E-03    0.580078920322088187E+00    0.856357155496130673E+01
    0.112486086565374355E+01    0.770950499223635899E+00    0.424870898822618983E+04    0.216168222354412099E-03    0.808050928331904172E+00    0.856441543537204097E+01
    0.118311160773059143E+01    0.742737650700067031E+00    0.413423288455014244E+04   -0.264847187146177590E-03    0.846493720899325730E+00    0.856667179971710446E+01
    0.987650614081634681E+00    0.689749794846027275E+00    0.468737170610913017E+04    0.180084644056344341E-03    0.674979255445341098E+00    0.858009014277655524E+01
    0.117564203620547159E+01    0.740466021869029323E+00    0.405610535204080497E+04   -0.243635457816516923E-03    0.811510965945395624E+00    0.858130790213462724E+01
    0.115987368357730602E+01    0.738925772689810856E+00    0.458524044021316968E+04   -0.762493365394092851E-03    0.710994010827833312E+00    0.860056676983705870E+01
    0.115987368357730602E+01    0.738925772689810856E+00    0.458524044021316968E+04   -0.762493365394092851E-03    0.710994010827833312E+00    0.860056676983705870E+01
    0.109122766597490939E+01    0.734856045152893600E+00    0.461660893749772004E+04   -0.434144825158594688E-03    0.807303549627290562E+00    0.860213888654803682E+01
    0.951292633405204535E+00    0.673905186231779862E+00    0.497518389534750077E+04    0.136842949327416376E-03    0.641938815175071120E+00    0.860406515715786746E+01
    0.106979510341835726E+01    0.730734557270611651E+00    0.499348317537667481E+04   -0.380873905679025263E-04    0.750379320668761229E+00    0.860412635227675970E+01
    0.106979510341835726E+01    0.730734557270611651E+00    0.499348317537667481E+04   -0.380873905679025263E-04    0.750379320668761229E+00    0.860412635227675970E+01
    0.117007206143696729E+01    0.735569461204670261E+00    0.463386950869354132E+04    0.404978617093492907E-04    0.767754743347924706E+00    0.862067896613221407E+01
    0.107481920811782672E+01    0.713013869686071944E+00    0.492334965385779014E+04   -0.247346541507700998E-03    0.739128793698443198E+00    0.862251141484034811E+01
    0.111572595855097312E+01    0.746602578564321773E+00    0.424434363246027897E+04    0.468466279616326143E-03    0.803283502050470055E+00    0.862363732979604869E+01
    0.107660785896680600E+01    0.720043296579478520E+00    0.442987746800803961E+04   -0.467446869570979293E-03    0.762221006064026319E+00    0.862412977857629315E+01
    0.107660785896680600E+01    0.720043296579478520E+00    0.442987746800803961E+04   -0.467446869570979293E-03    0.762221006064026319E+00    0.862412977857629315E+01
    0.985257775869130659E+00    0.726492113019773567E+00    0.490882945798231231E+04    0.255969305687479658E-03    0.679010780878672060E+00    0.862766164241526212E+01
    0.105510009871985067E+01    0.732139058503810558E+00    0.432970017839588581E+04   -0.490415547132510969E-03    0.688314044336546971E+00    0.863323236915936221E+01
    0.114497855100836787E+01    0.739105917878290941E+00    0.451359005707919005E+04   -0.293498211499256694E-03    0.968483732503275130E+00    0.864096792243100076E+01
    0.101109266435867040E+01    0.697525844152748320E+00    0.493895206227371546E+04   -0.404074499020481330E-03    0.666213981439103042E+00    0.864478346560936473E+01
    0.112891972223414339E+01    0.784530210941856376E+00    0.483231149136639579E+04    0.927875993559612827E-03    0.807715136661763866E+00    0.864567682286960704E+01
    0.106163895514289375E+01    0.708124002667295249E+00    0.475755253769951105E+04   -0.695130341802537087E-03    0.712766216746692272E+00    0.864889356681556265E+01
    0.103736327420794083E+01    0.729781099399331556E+00    0.461887629460622611E+04   -0.943705944228282129E-04    0.663137433441722490E+00    0.865045169508761269E+01
    0.103736327420794083E+01    0.729781099399331556E+00    0.461887629460622611E+04   -0.943705944228282129E-04    0.663137433441722490E+00    0.865045169508761269E+01
    0.114115937916136501E+01    0.738488651908435489E+00    0.473946330880889491E+04   -0.287388453169839707E-04    0.821994423676266628E+00    0.865233897576677613E+01
    0.114115937916136501E+01    0.738488651908435489E+00    0.473946330880889491E+04   -0.287388453169839707E-04    0.821994423676266628E+00    0.865233897576677613E+01
    0.944240941414446477E+00    0.694391262102398210E+00    0.481120221927528837E+04   -0.851289504734153887E-04    0.630467425335694220E+00    0.865327020250516021E+01
    0.985097596144912102E+00    0.683103517887225342E+00    0.480295005216906065E+04    0.372513876733090765E-04    0.662719063203526804E+00    0.865368999171366937E+01
    0.115631333190737751E+01    0.728815170710823246E+00    0.489180792117971760E+04    0.111771045743397051E-03    0.743164687018385894E+00    0.865388147372507177E+01
    0.115631333190737751E+01    0.728815170710823246E+00    0.489180792117971760E+04    0.111771045743397051E-03    0.743164687018385894E+00    0.865388147372507177E+01
    0.108914727046381832E+01    0.724182549822160460E+00    0.432405226307486555E+04   -0.323781097886408976E-03    0.730409726815077098E+00    0.865894083028149453E+01
    0.108914727046381832E+01    0.724182549822160460E+00    0.432405226307486555E+04   -0.323781097886408976E-03    0.730409726815077098E+00    0.865894083028149453E+01
    0.122915197630493078E+01    0.741781329357961816E+00    0.496077589330259252E+04    0.150070468469632611E-03    0.909833418429575547E+00    0.867240414392543713E+01
    0.117780570870647860E+01    0.751562211516878187E+00    0.445948699771571228E+04   -0.728369535663826316E-03    0.919860782774789887E+00    0.868131196138298122E+01
    0.956763799385287550E+00    0.680897561127743467E+00    0.496013877613787008E+04    0.678532592292563656E-03    0.611866820892464025E+00    0.868631865642575107E+01
    0.106765157716026060E+01    0.723003911338945371E+00    0.447659011073093097E+04    0.353779704197392593E-03    0.699806979329178791E+00    0.868701788247074091E+01
    0.111922974167333522E+01    0.745230324497730301E+00    0.399260137103277475E+04   -0.412334815173636966E-03    0.756031991922691216E+00    0.870907293422759388E+01
    0.110716163858019612E+01    0.747516250750500877E+00    0.490300917106332236E+04    0.411929426791939524E-03    0.862047901762774904E+00    0.873925928268938890E+01
    0.110716163858019612E+01    0.747516250750500877E+00    0.490300917106332236E+04    0.411929426791939524E-03    0.862047901762774904E+00    0.873925928268938890E+01
    0.103672409093767115E+01    0.713896599904740414E+00    0.497711227211837650E+04    0.121043034924843385E-03    0.692971893792416083E+00    0.875166448079628445E+01
    0.101192814475228321E+01    0.713163118264350970E+00    0.414200345761782046E+04    0.395012609835364178E-04    0.674715655027805172E+00    0.875781027511464316E+01
    0.108482528346865292E+01    0.731946619055238390E+00    0.479510171956897193E+04   -0.955856928473621789E-04    0.807165615754348309E+00    0.877003016406681368E+01
    0.114206350305692883E+01    0.755727933739775870E+00    0.485568040657563324E+04    0.246587016757217890E-03    0.774690422763663733E+00    0.878174356660202982E+01
    0.104473367753280488E+01    0.736868657927394310E+00    0.469576551326727713E+04   -0.357285250150990571E-03    0.711800194518132034E+00    0.878454102803405767E+01
    0.104473367753280488E+01    0.736868657927394310E+00    0.469576551326727713E+04   -0.357285250150990571E-03    0.711800194518132034E+00    0.878454102803405767E+01
    0.101843768070137974E+01    0.715954590074742936E+00    0.481087324201689080E+04   -0.550566574761495939E-03    0.689222122317741159E+00    0.878749408770055851E+01
    0.117366582631783167E+01    0.761202866098434350E+00    0.422973804215603195E+04    0.280828224053327380E-03    0.756334385298838563E+00    0.879921650463514737E+01
    0.109915019778223133E+01    0.739346915070470345E+00    0.482022990321111411E+04   -0.111770877838149340E-02    0.791690663133515216E+00    0.879962003402144077E+01
    0.109915019778223133E+01    0.739346915070470345E+00    0.482022990321111411E+04   -0.111770877838149340E-02    0.791690663133515216E+00    0.879962003402144077E+01
    0.113399765082587156E+01    0.736420079369924707E+00    0.466259111661324005E+04    0.361497845021329072E-03    0.785477108803932289E+00    0.880010370633755734E+01
    0.117543253980653328E+01    0.771989988238620861E+00    0.459854380441874673E+04    0.730509819387202249E-03    0.783945733684774715E+00    0.880703150579815031E+01
    0.120019922631713971E+01    0.747277075696917592E+00    0.441660972238742215E+04   -0.409664298416517476E-03    0.856770779376832436E+00    0.881342683982352781E+01
    0.120019922631713971E+01    0.747277075696917592E+00    0.441660972238742215E+04   -0.409664298416517476E-03    0.856770779376832436E+00    0.881342683982352781E+01
    0.116376591162902354E+01    0.754530967502933803E+00    0.470928280753867512E+04    0.547915820701107566E-04    0.719296147293313926E+00    0.881777508262892873E+01
    0.120330526260260595E+01    0.775427737045709220E+00    0.484082090366269404E+04    0.237253153207600598E-04    0.931879198172586465E+00    0.882722520103135011E+01
    0.120330526260260595E+01    0.775427737045709220E+00    0.484082090366269404E+04    0.237253153207600598E-04    0.931879198172586465E+00    0.882722520103135011E+01
    0.110344037173595311E+01    0.755731875175944312E+00    0.416826769780513314E+04    0.193802721137681226E-03    0.730982089172508953E+00    0.884428876226483496E+01
    0.110344037173595311E+01    0.755731875175944312E+00    0.416826769780513314E+04    0.193802721137681226E-03    0.730982089172508953E+00    0.884428876226483496E+01
    0.109323339058286284E+01    0.746099497588800897E+00    0.423382114379129143E+04    0.108794761484731759E-03    0.805121255742892061E+00    0.885128716897876089E+01
    0.117134530429994022E+01    0.775707994554787561E+00    0.477376579955351008E+04    0.117528104774913345E-03    0.787417316266102452E+00    0.885806254157321327E+01
    0.121120649197150265E+01    0.769589219597112462E+00    0.491120476214457995E+04   -0.497728175544311958E-03    0.933351854776773182E+00    0.885910487546315650E+01
    0.117322962809158970E+01    0.745157735556103429E+00    0.417654136314927382E+04   -0.389182224607117317E-03    0.927775724498111520E+00    0.886406783982046420E+01
    0.122045207652011434E+01    0.786070461759567740E+00    0.473351513662730849E+04    0.327177917102827167E-03    0.997777291264269395E+00    0.886647085968371762E+01
    0.108418159889781807E+01    0.746471368296710125E+00    0.460425447091546539E+04    0.613569774507293376E-03    0.787787786035628601E+00    0.887371523609377277E+01
    0.108418159889781807E+01    0.746471368296710125E+00    0.460425447091546539E+04    0.613569774507293376E-03    0.787787786035628601E+00    0.887371523609377277E+01
    0.101886819715453858E+01    0.712344235054152231E+00    0.490716459400052190E+04   -0.712692822686223330E-04    0.686638448328856899E+00    0.888060160125267473E+01
    0.100043748348178618E+01    0.717878563409378501E+00    0.472166216516096574E+04   -0.216143774620787172E-04    0.671510990556015264E+00    0.888454747588553673E+01
    0.110121901250267706E+01    0.757225623736804243E+00    0.481726825451423520E+04   -0.292109041634560848E-03    0.823390003970484896E+00    0.888880097758390164E+01
    0.110288788677233884E+01    0.721881184666231968E+00    0.451943024185193462E+04   -0.109591529923570142E-03    0.797247143293039029E+00    0.889380366434888714E+01
    0.115456457136195523E+01    0.773136229211920822E+00    0.485246759301155271E+04   -0.387508376037753511E-03    0.816590337777653885E+00    0.889940093168260304E+01
    0.110661209340718902E+01    0.754179738639888630E+00    0.436632269464056571E+04    0.619412647539411805E-03    0.758704973341539857E+00    0.892283634005888970E+01
    0.966468962827499944E+00    0.684782665955004477E+00    0.494853198904413694E+04   -0.129928134287017046E-03    0.586358364901241824E+00    0.893134906695791742E+01
    0.106757548520420653E+01    0.736515119728768486E+00    0.495019662119060740E+04    0.827975134564256331E-03    0.735539530868651092E+00    0.894005454074547323E+01
    0.112464541240294968E+01    0.772136360653407294E+00    0.464598392011165288E+04    0.131950498891650900E-03    0.832742456866828462E+00    0.894055663455980465E+01
    0.122666903957310636E+01    0.743437200793066855E+00    0.463438691002647556E+04    0.155400708876715285E-03    0.897036920914932812E+00    0.894310278787009594E+01
    0.122666903957310636E+01    0.743437200793066855E+00    0.463438691002647556E+04    0.155400708876715285E-03    0.897036920914932812E+00    0.894310278787009594E+01
    0.123662210057336019E+01    0.760819580873037693E+00    0.399268582692977498E+04   -0.622625043268136709E-03    0.996668107062067099E+00    0.894658923531964945E+01
    0.123662210057336019E+01    0.760819580873037693E+00    0.399268582692977498E+04   -0.622625043268136709E-03    0.996668107062067099E+00    0.894658923531964945E+01
    0.111045836482654980E+01    0.754642214526387245E+00    0.459886847659384784E+04    0.162813442647346391E-03    0.787000134947294372E+00    0.894844566095450489E+01
    0.121628810067443682E+01    0.742546318182913279E+00    0.479664239532085412E+04    0.464700053820556430E-03    0.985671471622181272E+00    0.895204635295863760E+01
    0.119661491858653690E+01    0.759879407210081848E+00    0.446203327077837093E+04   -0.582321697822836377E-04    0.892147684903047411E+00    0.896361333234427349E+01
    0.122713512796193092E+01    0.766039006697938785E+00    0.444079242835982313E+04   -0.187020023327280844E-04    0.953753012686889501E+00    0.897298002723091770E+01
    0.122713512796193092E+01    0.766039006697938785E+00    0.444079242835982313E+04   -0.187020023327280844E-04    0.953753012686889501E+00    0.897298002723091770E+01
    0.108341550124633734E+01    0.731872623406582656E+00    0.475544416568874931E+04   -0.316007729068972822E-03    0.698248500134280636E+00    0.897453694437344396E+01
    0.109879171729946346E+01    0.721577625111298415E+00    0.423555195367756187E+04   -0.500798848786101976E-04    0.859004673988394085E+00    0.900032355356216840E+01
    0.109958583951843081E+01    0.732774393005941382E+00    0.492343612183054938E+04    0.555831157859746879E-03    0.801791124496660235E+00    0.900391416094464248E+01
    0.117400150046601603E+01    0.749473933094254141E+00    0.461888417703340747E+04    0.392151983235738413E-03    0.789955684750523135E+00    0.900728570374349680E+01
    0.108603380154885665E+01    0.720290900639121823E+00    0.470829465912086198E+04   -0.437629549059425401E-03    0.702436590919427895E+00    0.901191104147331501E+01
    0.120450809183894658E+01    0.757619085974679973E+00    0.403992070019090443E+04   -0.482954601621047371E-03    0.843348818335505790E+00    0.901882252796043460E+01
    0.120450809183894658E+01    0.757619085974679973E+00    0.403992070019090443E+04   -0.482954601621047371E-03    0.843348818335505790E+00    0.901882252796043460E+01
    0.109150705240642187E+01    0.735575427882797506E+00    0.496209947219770584E+04   -0.868671895128369083E-04    0.686934024716806868E+00    0.902310908370375842E+01
    0.109150705240642187E+01    0.735575427882797506E+00    0.496209947219770584E+04   -0.868671895128369083E-04    0.686934024716806868E+00    0.902310908370375842E+01
    0.116171061306264267E+01    0.742785149488694119E+00    0.419748250175994326E+04    0.606688470906977667E-04    0.934707776379524735E+00    0.902750559080971193E+01
    0.103424282752686691E+01    0.722594752603396229E+00    0.464598574444605765E+04   -0.473145250642501068E-03    0.708498960897118724E+00    0.903918398051676952E+01
    0.115125809858593620E+01    0.756531792358267174E+00    0.456981066734077103E+04    0.291588630155440626E-04    0.751140098890140773E+00    0.904571667194185736E+01
    0.109997653206476609E+01    0.734091460900114345E+00    0.477925454877959692E+04    0.330023475136074617E-03    0.769637291976059901E+00    0.904582335237155100E+01
    0.117600803305100943E+01    0.767517504184806687E+00    0.482715517568691121E+04   -0.444530385588486895E-04    0.986929743929492176E+00    0.904698960003035957E+01
    0.106184527714183585E+01    0.727470335915282873E+00    0.403936983546783404E+04    0.777961396546713571E-04    0.668952618619886530E+00    0.905391609798464536E+01
    0.107502463502251033E+01    0.737453619744992128E+00    0.452475311086420606E+04   -0.283004016888906997E-03    0.696951519601779923E+00    0.905505513411227980E+01
    0.115255517477382785E+01    0.724945285747432666E+00    0.478843959035231546E+04   -0.539835801469435318E-03    0.932030118724490486E+00    0.906008500203178180E+01
    0.118674421018775189E+01    0.738615339292779005E+00    0.436226832832161199E+04    0.221086129954457328E-03    0.882371674638125381E+00    0.907354500570764344E+01
    0.106116806501396566E+01    0.731236967650359393E+00    0.497237658548390846E+04   -0.370765778808314556E-03    0.699890702741806425E+00    0.907773988695012157E+01
    0.110761721551651560E+01    0.747511081440092262E+00    0.439571504139942499E+04   -0.201049166924586342E-03    0.714995123435143598E+00    0.908112936989162378E+01
    0.116798394226939650E+01    0.746106247514433552E+00    0.420139231003326950E+04    0.249223221321389515E-03    0.773953375446866598E+00    0.910222088369592086E+01
    0.114366279862824261E+01    0.741186923469131287E+00    0.479066068050819558E+04    0.774157386580497792E-03    0.813398520973855232E+00    0.911552144668552700E+01
    0.118314361399598145E+01    0.774129489522670466E+00    0.431653893638917089E+04    0.338111366899425218E-03    0.901996599781803576E+00    0.911651562112179548E+01
    0.109081077075710842E+01    0.734792202052605647E+00    0.461830702693703915E+04   -0.301962449154762286E-03    0.747410898873723806E+00    0.912205427550388137E+01
    0.114576696488070429E+01    0.754597363595245541E+00    0.462137336390099790E+04    0.237663830538656259E-03    0.801657290231692521E+00    0.912281242650555946E+01
    0.105902935590859104E+01    0.715961279869494205E+00    0.436844027217952771E+04   -0.434306647249502298E-04    0.686890850467163916E+00    0.912830641516058172E+01
    0.105902935590859104E+01    0.715961279869494205E+00    0.436844027217952771E+04   -0.434306647249502298E-04    0.686890850467163916E+00    0.912830641516058172E+01
    0.117821889039861083E+01    0.743209438731320171E+00    0.419928910078450826E+04    0.326178037775747530E-03    0.790588864408998448E+00    0.912843183871110142E+01
    0.115782180396364298E+01    0.777515646449386755E+00    0.487285732725985508E+04    0.378010271858478242E-03    0.810917799062078393E+00    0.913199004557976934E+01
    0.116126717581120920E+01    0.743139169973267566E+00    0.487326728916014781E+04    0.480333640944106000E-03    0.868034277287810241E+00    0.913313460167828950E+01
    0.120634098546793966E+01    0.749999938373554387E+00    0.395560824033468589E+04   -0.176015370192325187E-03    0.863878839573730906E+00    0.913330387523303067E+01
    0.109672759182732049E+01    0.727516311541979266E+00    0.472159999512715694E+04   -0.257263607409540939E-03    0.799238442536747140E+00    0.913592196795906730E+01
    0.115708797931267027E+01    0.733474612696128236E+00    0.454488866239438448E+04    0.490865424566283549E-03    0.990942074023092756E+00    0.913637859609239200E+01
    0.118223047471078702E+01    0.771722709530854423E+00    0.495677343865449620E+04    0.334566930495483190E-03    0.918411603557824474E+00    0.915739048111895571E+01
    0.120356543030710217E+01    0.747506828566801618E+00    0.498295636935773473E+04    0.102800221061844128E-03    0.919872181792933397E+00    0.915860606029068691E+01
    0.120356543030710217E+01    0.747506828566801618E+00    0.498295636935773473E+04    0.102800221061844128E-03    0.919872181792933397E+00    0.915860606029068691E+01
    0.103312951733208114E+01    0.725861466950466161E+00    0.452140776920518601E+04   -0.202824848100883949E-03    0.684004830889994087E+00    0.916033596324488286E+01
    0.100353445943465491E+01    0.702649396791981018E+00    0.482141032275732778E+04   -0.234013438578457064E-03    0.622450730123967455E+00    0.916140007976150628E+01
    0.100353445943465491E+01    0.702649396791981018E+00    0.482141032275732778E+04   -0.234013438578457064E-03    0.622450730123967455E+00    0.916140007976150628E+01
    0.125285741682525886E+01    0.777962643480339167E+00    0.477463541569447898E+04   -0.207698071290130865E-03    0.852951973670581509E+00    0.917627510232372501E+01
    0.108741744270898955E+01    0.729346400316885246E+00    0.494279348104704604E+04   -0.113764110918310280E-04    0.759098464627176561E+00    0.917729835194113441E+01
    0.112915758126379040E+01    0.767368197099105198E+00    0.413985902800375061E+04    0.570821459442063606E-03    0.916283231070661341E+00    0.917957407045087059E+01
    0.119169052224724692E+01    0.760705088928739892E+00    0.421139570564361293E+04   -0.353403088628519038E-03    0.857838554899779449E+00    0.919390967100120449E+01
    0.110710193140364010E+01    0.725390441503539707E+00    0.475118123601830575E+04    0.307251674234371421E-04    0.717751500701279355E+00    0.919524780191952829E+01
    0.117770426348173984E+01    0.767481178530401209E+00    0.414074607766082863E+04   -0.211709447642111992E-03    0.769940089633414093E+00    0.919661213269944611E+01
    0.131874711372594633E+01    0.783551934433595387E+00    0.415302038181093303E+04    0.938723622894539555E-04    0.975873384924992759E+00    0.919705305870449408E+01
    0.115105928414991787E+01    0.760959791259073426E+00    0.463440084374300659E+04   -0.696635364787396183E-05    0.816710741465396017E+00    0.921169612499225110E+01
    0.124061590445434256E+01    0.784051310710534688E+00    0.412094517396975789E+04    0.368285933096793071E-03    0.965568967921460075E+00    0.922215487667036626E+01
    0.110793548932404873E+01    0.748008665935895212E+00    0.416297745751228831E+04   -0.181484980999190666E-03    0.724543638447197935E+00    0.922249033758560799E+01
    0.106552637915410564E+01    0.734705473217188820E+00    0.425954486191663182E+04    0.634633109749348207E-04    0.696731826938663867E+00    0.923285150748830574E+01
    0.110791096234493347E+01    0.737569965389661464E+00    0.416946605552955043E+04   -0.297238720644315071E-03    0.720009221778814434E+00    0.923321945225884733E+01
    0.123149091198302973E+01    0.786932750545277671E+00    0.475124221742671216E+04    0.746993503105444995E-04    0.962748130971900595E+00    0.923882469683496765E+01
    0.114375191873970583E+01    0.731250091079658882E+00    0.448403371089491793E+04    0.475503713038630531E-03    0.897830700891070199E+00    0.924086968627896432E+01
    0.114375191873970583E+01    0.731250091079658882E+00    0.448403371089491793E+04    0.475503713038630531E-03    0.897830700891070199E+00    0.924086968627896432E+01
    0.113768745582871622E+01    0.732570850808727858E+00    0.476134456334765036E+04   -0.437504768047059943E-03    0.862693781159600936E+00    0.926169636781138017E+01
    0.103860376777868546E+01    0.697086638853015472E+00    0.499229036691332021E+04   -0.108255404153780483E-03    0.680816896377185343E+00    0.926482404166198137E+01
    0.100680989215800132E+01    0.708681278717162466E+00    0.496679972508408264E+04   -0.525475943268767748E-03    0.627046426087639164E+00    0.926801175398255594E+01
    0.101820842582122029E+01    0.710582749388549262E+00    0.494730507968521579E+04    0.528417143817790243E-03    0.668809973954030745E+00    0.928741446768226275E+01
    0.113775031477668542E+01    0.748338195870943967E+00    0.456795966328839495E+04    0.283013132634834629E-03    0.984373564058742323E+00    0.928772604461019213E+01
    0.112888922819617155E+01    0.745277077990542991E+00    0.470035006028520638E+04   -0.587433073538997535E-03    0.760720332690942191E+00    0.929446348281512869E+01
    0.116173884963927954E+01    0.749408350302019244E+00    0.474523062571134597E+04    0.470700500778608092E-03    0.974521307779750545E+00    0.929886013089653218E+01
    0.106133374737447372E+01    0.725808539805108510E+00    0.405378703571671531E+04    0.484998412452241408E-03    0.664759799388816464E+00    0.930032902300965780E+01
    0.124789887575576453E+01    0.753438697366331067E+00    0.408066247081236634E+04   -0.381113623179798382E-03    0.850519122909184633E+00    0.930111871793733158E+01
    0.119332124440198406E+01    0.751141888684652703E+00    0.425921418084066772E+04    0.339433988916101176E-03    0.918659634747172271E+00    0.930928820349989472E+01
    0.988678740237652787E+00    0.710750053545663452E+00    0.468754587459768754E+04    0.254056441609103643E-04    0.661057354036753697E+00    0.931151559820664687E+01
    0.118508460609525645E+01    0.757820732445450562E+00    0.472772852414384852E+04   -0.143416867793567552E-03    0.917034064805929972E+00    0.931769804356711262E+01
    0.118508460609525645E+01    0.757820732445450562E+00    0.472772852414384852E+04   -0.143416867793567552E-03    0.917034064805929972E+00    0.931769804356711262E+01
    0.111965878828572585E+01    0.739878565345601147E+00    0.499381607639336380E+04   -0.215396227484062860E-03    0.774195675831704011E+00    0.932690889999346773E+01
    0.112986030261642245E+01    0.740945670383645338E+00    0.445380571901549592E+04    0.673612005899299360E-03    0.837217343481425180E+00    0.934111146646503698E+01
    0.112986030261642245E+01    0.740945670383645338E+00    0.445380571901549592E+04    0.673612005899299360E-03    0.837217343481425180E+00    0.934111146646503698E+01
    0.124362918080884821E+01    0.750534114545641007E+00    0.414290438611798982E+04   -0.500791290914423217E-04    0.900962074285201586E+00    0.935132841962848005E+01
    0.116671584826653518E+01    0.739703175492882670E+00    0.469550219059535539E+04    0.115518095694767812E-03    0.859094895148316051E+00    0.935752300110485180E+01
    0.110296077413670690E+01    0.753223370315140195E+00    0.479458075540619393E+04   -0.142632385826372115E-04    0.789968925427520730E+00    0.937743475487988221E+01
    0.120969014422506493E+01    0.768480933235722308E+00    0.419100466543076709E+04    0.976921953907692101E-04    0.906983704866363150E+00    0.938634087705641917E+01
    0.107874703501453184E+01    0.749900363268513170E+00    0.480142045154340667E+04    0.485967516575854972E-03    0.808007648428179959E+00    0.939237824583045722E+01
    0.116924629173985872E+01    0.752814272070870594E+00    0.456189234788034901E+04   -0.343049091552475129E-03    0.868120850614261474E+00    0.939816292191821390E+01
    0.120440776251344683E+01    0.741165774981352499E+00    0.473969344960328363E+04    0.213429068738833560E-03    0.916681760575273730E+00    0.940852734071343022E+01
    0.120440776251344683E+01    0.741165774981352499E+00    0.473969344960328363E+04    0.213429068738833560E-03    0.916681760575273730E+00    0.940852734071343022E+01
    0.116997617781226193E+01    0.741834217296217346E+00    0.458091930717936702E+04    0.503144714430181646E-03    0.784154359603109419E+00    0.941596088656918973E+01
    0.121230489785059836E+01    0.754705604508687955E+00    0.414216186197195202E+04   -0.923537527906388272E-04    0.854439697093651973E+00    0.943000412856823189E+01
    0.111702499091040464E+01    0.731884807194645326E+00    0.489585504589004813E+04    0.651253803639895591E-03    0.697400641433590818E+00    0.943232745281690832E+01
    0.109104159058267980E+01    0.752642636282620181E+00    0.441068066571672171E+04    0.980709930279624999E-03    0.812996772642609056E+00    0.943802616859663424E+01
    0.112600302591471313E+01    0.766951850867349738E+00    0.480175729977910578E+04    0.182682871604640469E-03    0.887697523674160438E+00    0.943805924608016866E+01
    0.111004112525984988E+01    0.739108965287459063E+00    0.449756655108233917E+04   -0.432997630620009786E-03    0.756893715339094886E+00    0.944605559837300035E+01
    0.113565971382619679E+01    0.740533338117227768E+00    0.414263016966935447E+04   -0.617382276901622053E-03    0.728063616364495791E+00    0.945190999792449382E+01
    0.109939348024713723E+01    0.769358101866583377E+00    0.488687563103674256E+04    0.228395272511257346E-03    0.818562905806735186E+00    0.945423677191455347E+01
    0.112265925926477572E+01    0.745822605998538335E+00    0.490131493445353135E+04   -0.760967449199098146E-03    0.757173421481432851E+00    0.945916437917288455E+01
    0.112265925926477572E+01    0.745822605998538335E+00    0.490131493445353135E+04   -0.760967449199098146E-03    0.757173421481432851E+00    0.945916437917288455E+01
    0.110167734294995068E+01    0.745788131375720753E+00    0.472732776277879384E+04    0.482430182840128509E-03    0.745784205291196822E+00    0.947012951762130761E+01
    0.117508211692461528E+01    0.756207240182214857E+00    0.497281728528747954E+04   -0.164334847727354293E-04    0.974099424276332670E+00    0.947440234294711559E+01
    0.101729722439023562E+01    0.710867878853634338E+00    0.481177472845442117E+04    0.456223374712791245E-03    0.689122061613676284E+00    0.947440582671660714E+01
    0.126436092080748530E+01    0.763088593232916779E+00    0.420174615512665514E+04   -0.966869402880385549E-04    0.869290436983123471E+00    0.947515194448173403E+01
    0.114424652185202524E+01    0.739695874133555531E+00    0.492066245703132790E+04    0.160316303404833675E-03    0.794268128161319198E+00    0.948027085412125281E+01
    0.117462693822964948E+01    0.733433038315952746E+00    0.494259432347360962E+04   -0.416255415703485325E-04    0.982862376775308855E+00    0.948208338796906425E+01
    0.102292281608361324E+01    0.719338113981669913E+00    0.475266082076330986E+04   -0.249540215332870105E-03    0.686954466266386454E+00    0.948450395602633201E+01
    0.108993808921758450E+01    0.738266395006457854E+00    0.472838459114744455E+04    0.391716606246102163E-03    0.770850357242636064E+00    0.948743092152033896E+01
    0.126551443827779675E+01    0.774332860440058557E+00    0.489590328251713163E+04    0.145211728780136759E-03    0.979472774826457115E+00    0.948930167730522989E+01
    0.112413512766568724E+01    0.745372806985265535E+00    0.497757831548183185E+04   -0.518835791227555414E-03    0.748380506815695346E+00    0.949005368353635426E+01
    0.108117536711230522E+01    0.763006445959387491E+00    0.466384753875009665E+04    0.902624404850622844E-03    0.836709246543559049E+00    0.949254130731373635E+01
    0.117247065659417871E+01    0.740538985279006523E+00    0.452266995888766542E+04   -0.267214706080682034E-03    0.882030799526679399E+00    0.949486635491108544E+01
    0.118355852049450605E+01    0.781186532992557248E+00    0.470074384106588877E+04    0.114785455468983488E-02    0.956521183777282014E+00    0.949897637102122516E+01
    0.119300456660541743E+01    0.762118682445183881E+00    0.463252643553200414E+04   -0.400611163662639041E-03    0.765329048533104017E+00    0.950153438686509944E+01
    0.119865763209233411E+01    0.757263612657948504E+00    0.490981414910843341E+04    0.393559673043423922E-03    0.995989121347947370E+00    0.950228415979233887E+01
    0.114345054771973587E+01    0.765983197860204745E+00    0.498012468346940841E+04   -0.386662937194497686E-04    0.822790972625918604E+00    0.952222863102314321E+01
    0.112770301565163722E+01    0.748757164938723019E+00    0.498131493870480335E+04    0.372788773898277042E-03    0.825015406597111145E+00    0.952579472233275304E+01
    0.115259109508307089E+01    0.725838853249653582E+00    0.496215039410826557E+04   -0.456687425917199838E-03    0.808348475043783266E+00    0.953370894625331999E+01
    0.995514676114212071E+00    0.724123855958378693E+00    0.497410565592435159E+04    0.351080906640282794E-03    0.677735714880165041E+00    0.953733111347323614E+01
    0.995514676114212071E+00    0.724123855958378693E+00    0.497410565592435159E+04    0.351080906640282794E-03    0.677735714880165041E+00    0.953733111347323614E+01
    0.113700328510474535E+01    0.734072498721920486E+00    0.491326711124689245E+04    0.498537574518112948E-03    0.801890618920755638E+00    0.954176877373678423E+01
    0.118236499231077263E+01    0.745243700624404370E+00    0.459249121671458852E+04   -0.872092084288922770E-05    0.798511228458567923E+00    0.954984569571593056E+01
    0.114181874977287801E+01    0.720911729601419360E+00    0.448910286300434018E+04   -0.475363278900710383E-03    0.873673639832249549E+00    0.955293161265271529E+01
    0.109638097808276003E+01    0.733442753254094804E+00    0.435233869141313971E+04   -0.130292675182297230E-03    0.716930370772913439E+00    0.955451445476293593E+01
    0.123447206155303224E+01    0.763443552038781892E+00    0.430622493879927060E+04   -0.306998609909973008E-03    0.975603962977196204E+00    0.956584371687535651E+01
    0.110829760634263730E+01    0.739691999639528808E+00    0.435818613719887526E+04    0.670649451679658352E-03    0.884044123250598224E+00    0.956922087719695114E+01
    0.111175402762830622E+01    0.745989333284652001E+00    0.497468310513905180E+04   -0.583905694289168923E-03    0.798021468558471780E+00    0.957709033031879642E+01
    0.112599844053742748E+01    0.749338500938917296E+00    0.488725199279307981E+04   -0.260797091933623478E-03    0.739012635758818037E+00    0.958147350427108790E+01
    0.110347866422148932E+01    0.739993839465052927E+00    0.488157519927637713E+04    0.539256856942938825E-04    0.775870075630421097E+00    0.958206649101596497E+01
    0.128756010218918293E+01    0.765948966630654260E+00    0.410586537544379280E+04    0.158929054399605903E-04    0.896693578935230384E+00    0.958466116029645931E+01
    0.110077711576149317E+01    0.739894115884901504E+00    0.473451708225759921E+04   -0.577077708099527097E-03    0.731882010824526530E+00    0.958680828090017911E+01
    0.121725209650056931E+01    0.774505300725103596E+00    0.439563770406637559E+04    0.378959487895578161E-03    0.918624443396688251E+00    0.959061265578065658E+01
    0.116861914117905918E+01    0.757720305209568679E+00    0.468566107760823706E+04    0.261872221336776126E-03    0.842734161346800681E+00    0.959224541095168171E+01
    0.125213686372414013E+01    0.741970981807812402E+00    0.442449273785289279E+04   -0.346188169678712690E-03    0.882712235293896974E+00    0.959253010371720372E+01
    0.119106438220816147E+01    0.740170122125973107E+00    0.483682882263878946E+04    0.285160720533090130E-03    0.863687717239549735E+00    0.959337267655320858E+01
    0.117106516166669739E+01    0.753849839621524298E+00    0.420486821760293242E+04   -0.476160911141253640E-03    0.777087303714950384E+00    0.960195976451626976E+01
    0.125096947138367143E+01    0.748572330034491751E+00    0.427235265956324292E+04    0.167563077661125762E-03    0.991634901676590186E+00    0.960308237283939015E+01
    0.111316803549080268E+01    0.743199485629444601E+00    0.483081292655621473E+04    0.264990722218177511E-03    0.953523010369467183E+00    0.960834354204425622E+01
    0.117866186368883863E+01    0.727294042977865707E+00    0.478245621764543557E+04   -0.543323697291714131E-03    0.870574579913577784E+00    0.961346848753975891E+01
    0.106569095109094025E+01    0.734112368885577959E+00    0.493909844802433417E+04    0.367498538127835191E-04    0.686339727134176791E+00    0.962001869177365521E+01
    0.120007861969988605E+01    0.746401509472596980E+00    0.461819423748200279E+04   -0.116533067450010709E-03    0.843421813416129984E+00    0.962145849499896677E+01
    0.120913261799782146E+01    0.757441239295417068E+00    0.497881922832775854E+04   -0.642445941661165228E-03    0.956342961028105565E+00    0.962455941516554248E+01
    0.120969874739517369E+01    0.763997976710312998E+00    0.467112336312375828E+04    0.635073852856769035E-03    0.976117262973102751E+00    0.962591449405969080E+01
    0.116325276453774018E+01    0.733360862475485709E+00    0.451933702394027023E+04    0.198627591601155103E-03    0.905755963595310076E+00    0.962695357902752491E+01
    0.115597824767430724E+01    0.743087036251927513E+00    0.473278029516279457E+04   -0.166172212922905402E-03    0.837181916437899409E+00    0.963444636024191681E+01
    0.119070453678016985E+01    0.772665902946499061E+00    0.477597354026805806E+04    0.544071518852134612E-04    0.873708208120430263E+00    0.963747308549604398E+01
    0.102018647368374826E+01    0.710296559739167166E+00    0.489907954085102210E+04    0.186858615043931860E-03    0.656535680193438553E+00    0.964077632104330995E+01
    0.115784005791015621E+01    0.751675198400965305E+00    0.441319347006877251E+04    0.376788297729678339E-03    0.792585314415579445E+00    0.964205080265687897E+01
    0.127312202703764155E+01    0.779710170544444581E+00    0.464332485988222015E+04   -0.544956410233471303E-03    0.941897798986523704E+00    0.964398537663437949E+01
    0.113492433297571127E+01    0.744036475377141904E+00    0.436241192816406419E+04   -0.105040377611235287E-03    0.806470306409624138E+00    0.965398986079068777E+01
    0.103288563809648792E+01    0.724202670122701675E+00    0.489882465171722015E+04    0.324308958785666298E-03    0.678879294904586539E+00    0.967158042473816337E+01
    0.105338186790200727E+01    0.744006456881120104E+00    0.480907916157783984E+04   -0.181841514301508007E-03    0.754523900110292911E+00    0.967399620105448221E+01
    0.104212421476810491E+01    0.743666104888607515E+00    0.455628277776946197E+04    0.175848278549461533E-03    0.722537665820641495E+00    0.968872499350986338E+01
    0.108905823460890394E+01    0.759234595798639722E+00    0.488210068715035231E+04    0.107632233174511806E-03    0.792845702459768265E+00    0.969604816915665069E+01
    0.108678221224064853E+01    0.726060179449789622E+00    0.492615759321525729E+04   -0.548037078960250052E-04    0.675767126493264647E+00    0.969640743344332279E+01
    0.124173604031742713E+01    0.744770549078440647E+00    0.485337463951623886E+04   -0.535625724801617130E-03    0.908726876968477870E+00    0.971205720908619696E+01
    0.116586684078057568E+01    0.772780754602085951E+00    0.467492480232923936E+04    0.515979341337450412E-04    0.783668475833181777E+00    0.971283792366643262E+01
    0.112011348552994372E+01    0.734388929449712902E+00    0.497708018888210881E+04   -0.263944835239109923E-03    0.747351636740864356E+00    0.971939898111481426E+01
    0.118121815604953073E+01    0.762887794486148074E+00    0.436835210056732649E+04   -0.763483544250100467E-04    0.852362997046280824E+00    0.972417298374017314E+01
    0.112631820354409240E+01    0.759984238951357916E+00    0.468369721954876786E+04    0.478394508706545029E-03    0.829407238111226963E+00    0.972424994699376199E+01
    0.112659183020924125E+01    0.730130093284326764E+00    0.495747710252273282E+04   -0.210950473430645278E-04    0.771886596225785149E+00    0.972710337154526883E+01
    0.122864269929074954E+01    0.745622817055464071E+00    0.486542692498646102E+04   -0.293932947866492175E-04    0.946750184157652441E+00    0.973010980518911062E+01
    0.121446605804049312E+01    0.773024125306358001E+00    0.430696366554027827E+04    0.103127501985685255E-03    0.930269565305693269E+00    0.973205501189874056E+01
    0.109471423065325180E+01    0.749833575395615348E+00    0.467438011818493032E+04    0.300373999369515031E-03    0.740664251308757127E+00    0.973298679535345457E+01
    0.112530858381676535E+01    0.756111232465495053E+00    0.482883017087815915E+04    0.669682843456893416E-04    0.840732433902818599E+00    0.973332316524005137E+01
    0.116366771928435053E+01    0.733489192579619198E+00    0.490254293759960456E+04    0.196935305224618797E-03    0.996755265896571041E+00    0.973364031049993450E+01
    0.103457085480747857E+01    0.706464664494559691E+00    0.498033870025868509E+04   -0.551572838395189167E-03    0.648864461957214256E+00    0.973743920753031844E+01
    0.110700138641698498E+01    0.744708411071777654E+00    0.470903412473668141E+04    0.154622833024242181E-03    0.698259629569989104E+00    0.973999504934156235E+01
    0.123284766215423636E+01    0.774712432198747747E+00    0.489920124577387560E+04   -0.107016138563174206E-03    0.946632606483704508E+00    0.975073490841143453E+01
    0.103358804733684306E+01    0.728251597453652422E+00    0.479743527095135050E+04    0.295069208300400925E-04    0.720160748632484582E+00    0.975227148379413578E+01
    0.116607280491085175E+01    0.772257089313643563E+00    0.494155210866953803E+04   -0.982389775237989298E-05    0.862557029633358674E+00    0.975303489886187691E+01
    0.114788833578347127E+01    0.738722951842420983E+00    0.443846409683372076E+04    0.564363447121891517E-04    0.830872819322003520E+00    0.975409467668481511E+01
    0.110577117847132689E+01    0.733117583510639936E+00    0.494752371948725704E+04   -0.242315209689487453E-03    0.756885788864073983E+00    0.975453699528273255E+01
    0.111008356953702458E+01    0.766452164068693653E+00    0.476801259055789615E+04    0.594778796685374806E-03    0.829094124205703387E+00    0.975956911724058074E+01
    0.110312547448834741E+01    0.738666556660439344E+00    0.464598113685936278E+04   -0.354336945905622672E-03    0.749709780153840599E+00    0.976278260450922986E+01
    0.114286036807095703E+01    0.731371884848701415E+00    0.488673554449316816E+04   -0.812058304959937020E-03    0.925925232396803244E+00    0.976374298637512439E+01
    0.109713364141179515E+01    0.726088391111826104E+00    0.435845481928663685E+04   -0.808825448736901907E-03    0.783310357549191094E+00    0.976398872313560595E+01
    0.105615871272771100E+01    0.737981063340860555E+00    0.446342270178866238E+04    0.354638677886003802E-04    0.717984750423674600E+00    0.976674528306241108E+01
    0.121226692941505032E+01    0.764446876606338033E+00    0.416836244850513049E+04    0.392515631348584054E-03    0.890400479141419621E+00    0.976808684069544597E+01
    0.106298595009370134E+01    0.738787940411670729E+00    0.483799941188045068E+04   -0.282612623483205179E-03    0.704432499230605913E+00    0.976810318073833983E+01
    0.117077387817665302E+01    0.753759841153795684E+00    0.492136281353733921E+04   -0.543298796229799109E-03    0.806984332280762273E+00    0.977450613535972579E+01
    0.104258467409846767E+01    0.740014512181233930E+00    0.449855594824378386E+04   -0.207825915117166577E-04    0.720509604548027371E+00    0.977521419638911837E+01
    0.115592590731905864E+01    0.736627179437878032E+00    0.481953775985220909E+04   -0.338975083626449881E-03    0.864256306205684610E+00    0.978616310434206227E+01
    0.110429881785750617E+01    0.733629229582532960E+00    0.481537950469852785E+04    0.410923374453078512E-03    0.743790475821828112E+00    0.979185835127492510E+01
    0.117174059918959594E+01    0.766943690851312643E+00    0.487722412557207917E+04    0.208611365521963431E-03    0.845940327041350471E+00    0.979207544100245286E+01
    0.109408986029357225E+01    0.739313412219819721E+00    0.489966856132719204E+04   -0.306278424315016497E-03    0.694353112004705175E+00    0.979414642729957485E+01
    0.111913053068550150E+01    0.740578929888983661E+00    0.436250785169992287E+04   -0.578960065058795441E-04    0.767128487013570615E+00    0.979500693391673138E+01
    0.118114650267929999E+01    0.764518543453562072E+00    0.458566397437132946E+04   -0.200229741770350964E-03    0.793137696486907906E+00    0.979577933425259673E+01
    0.116657408671018392E+01    0.769553604281667747E+00    0.480557511960268130E+04   -0.260550467763075036E-03    0.895652536101152474E+00    0.980200685198197696E+01
    0.109868001098632528E+01    0.736341600114290618E+00    0.449129033653499027E+04   -0.234637462805490542E-03    0.725506828715541952E+00    0.981005194787979562E+01
    0.123141584351060995E+01    0.775506896851054450E+00    0.442713352527376173E+04   -0.471654031350030544E-03    0.914585053118387226E+00    0.981730109081119195E+01
    0.118474327484709696E+01    0.753139272911809377E+00    0.469164747279296353E+04   -0.320680507068580293E-04    0.939025594098258920E+00    0.985319479654001995E+01
    0.119721812092769975E+01    0.758075724407362594E+00    0.474324292193582914E+04   -0.373378654482863360E-03    0.945245974607077155E+00    0.985550305131324578E+01
    0.114623081036286023E+01    0.782440928195497598E+00    0.492248516000649852E+04    0.890456538521825196E-03    0.861237215982282422E+00    0.985650894342354711E+01
    0.113967224042327286E+01    0.752749120058979648E+00    0.497032968738488762E+04   -0.218326475281410280E-04    0.778852166133282120E+00    0.985979032173932524E+01
    0.114353738196293686E+01    0.757450370878312129E+00    0.451153173534251164E+04   -0.279269309853061587E-05    0.775043434379417584E+00    0.987507304099031558E+01
    0.123738152373909105E+01    0.752017412846276989E+00    0.477648569749770922E+04   -0.249162925412910999E-03    0.890407013502068079E+00    0.987720928153596311E+01
    0.114138817586430807E+01    0.755993289368494081E+00    0.485805258364449492E+04    0.189933026360064534E-03    0.862316534894060904E+00    0.988843431092896452E+01
    0.121278526197338099E+01    0.762897497239987676E+00    0.451244264725046560E+04    0.843543659720600154E-04    0.874978193234451140E+00    0.989041373649214250E+01
    0.115672186684506806E+01    0.767572865775422275E+00    0.424988093965699863E+04   -0.116037321461857039E-03    0.788903503433471154E+00    0.102064601540968418E+02
    0.115442279466331188E+01    0.754361207679518975E+00    0.427060641417098668E+04   -0.111169301806009281E-03    0.802351411288249272E+00    0.101993430579499531E+02
    0.111691367956459287E+01    0.739897830652876731E+00    0.448465729363473565E+04    0.387395620113172956E-04    0.800849027623038667E+00    0.990397571729120330E+01
    0.111489929033103707E+01    0.742596057272157495E+00    0.434439535316390356E+04   -0.192857122396989218E-03    0.696431930788613429E+00    0.991399175974982505E+01
    0.112552941305400100E+01    0.747074468216899046E+00    0.457341393335343128E+04   -0.248113358102935012E-05    0.830127501694635450E+00    0.100432311693923495E+02
    0.116041396113638107E+01    0.746646197157444291E+00    0.438593980544006718E+04    0.803882021780981192E-04    0.754197391275983176E+00    0.997961179807209220E+01
    0.116921637718754301E+01    0.753512682627860531E+00    0.442749841375300912E+04   -0.124015478654376603E-03    0.779396538780381620E+00    0.999222090422082410E+01
    0.116822490915228028E+01    0.757196782110832523E+00    0.453904329130534370E+04    0.755120414006740434E-05    0.954112822277051631E+00    0.991007703263417561E+01
    0.123967876088750306E+01    0.761700571779579283E+00    0.435290340143383219E+04   -0.891537132268806367E-05    0.877469175344871788E+00    0.992954420595874510E+01
    0.126548876192575577E+01    0.777534826113274180E+00    0.452638771111503411E+04    0.185937537220529352E-03    0.963775648127188855E+00    0.106786608393508118E+02
    0.126548876192575577E+01    0.777534826113274180E+00    0.452638771111503411E+04    0.185937537220529352E-03    0.963775648127188855E+00    0.106786608393508118E+02
    0.126678750500938064E+01    0.758844309029531816E+00    0.453693085541711389E+04    0.754367665576741490E-04    0.944907338448630840E+00    0.104448675076950561E+02
    0.121551807789490196E+01    0.765375198510443777E+00    0.442423689050042594E+04    0.884292055494340632E-03    0.851051013567994286E+00    0.101385473327524931E+02
    0.123973708286155526E+01    0.768197816267101929E+00    0.440522257055046794E+04   -0.202206570611905621E-03    0.835279904172150700E+00    0.104093214891283150E+02
    0.107516600198191070E+01    0.723939929837136398E+00    0.466863144598048802E+04   -0.451782033985913929E-04    0.691344679246317040E+00    0.100717481608951402E+02
    0.109819229439107779E+01    0.736398814417704162E+00    0.488279345350970380E+04    0.525902690957892675E-04    0.785338774319410682E+00    0.990778159644283818E+01
    0.111056562138871850E+01    0.733987589587289269E+00    0.495548712198044177E+04    0.220041984664997138E-03    0.740688751048945271E+00    0.101561172215945916E+02
    0.112460089075012393E+01    0.736505246618734732E+00    0.490206198471949392E+04    0.265747577376526623E-03    0.835594128900985722E+00    0.101170294875581526E+02
    0.106602103712242546E+01    0.737780291689536627E+00    0.494133839468225506E+04    0.469534754699118650E-03    0.731132034256334551E+00    0.100931335607133974E+02
    0.112893636030965605E+01    0.749382689008345371E+00    0.484919722352159897E+04    0.804730399681010105E-03    0.765535534965190778E+00    0.102206213233903291E+02
    0.110975178375142303E+01    0.735682907890808702E+00    0.497510460000543662E+04    0.299436091114288949E-03    0.767040847113182322E+00    0.997123075168760487E+01
    0.111114197074706489E+01    0.748126395944056610E+00    0.488269740022090809E+04    0.478041898192960613E-03    0.780733560417942618E+00    0.105068187863345699E+02
    0.101000936710451761E+01    0.721240175000039230E+00    0.493788154111170388E+04    0.311767216444322655E-03    0.686772867333914627E+00    0.100709843287330436E+02
    0.112497862130523818E+01    0.753763981324412025E+00    0.485329766133574867E+04    0.244347312391292911E-03    0.749488262394923277E+00    0.104214032286137552E+02
    0.112497862130523818E+01    0.753763981324412025E+00    0.485329766133574867E+04    0.244347312391292911E-03    0.749488262394923277E+00    0.104214032286137552E+02
    0.114334470115003195E+01    0.744082656823618294E+00    0.487436107198402442E+04    0.478987655408122007E-04    0.830569864210340403E+00    0.101873719336579640E+02
    0.108634242046197160E+01    0.759039406173121933E+00    0.491828777596145483E+04    0.564454778064837494E-04    0.826627331067047444E+00    0.100212184965453268E+02
    0.117577577637683661E+01    0.761125901560164020E+00    0.489138984400847767E+04    0.277044288630698205E-04    0.797102651895635783E+00    0.103075687994191441E+02
    0.114578265398855161E+01    0.762137170797617225E+00    0.480303688803310069E+04    0.878383428606597529E-04    0.803048126354882430E+00    0.104564901633926830E+02
    0.114578265398855161E+01    0.762137170797617225E+00    0.480303688803310069E+04    0.878383428606597529E-04    0.803048126354882430E+00    0.104564901633926830E+02
    0.108071807273255938E+01    0.745240730585509104E+00    0.478458589972032951E+04    0.521960728158724530E-03    0.749629419535951858E+00    0.102004231469761670E+02
    0.110662313181186400E+01    0.742140592536410626E+00    0.493810181659064438E+04    0.385600934657322073E-04    0.723447002550959062E+00    0.994511067770265456E+01
    0.111752062243445183E+01    0.745573940565126270E+00    0.463666392925005130E+04    0.556496514592237711E-03    0.734043437899052686E+00    0.105046842574040014E+02
    0.111757075856837007E+01    0.755141676060838929E+00    0.490125555954023093E+04    0.287455925506911823E-03    0.757517106633457948E+00    0.101216000423285344E+02
    0.113823630173826085E+01    0.749383159639609997E+00    0.498446133416369230E+04    0.267083119398761539E-03    0.812155534355945008E+00    0.104196881990788413E+02
    0.103898548466437646E+01    0.724007252711364235E+00    0.453630997704906531E+04    0.985617493012915045E-03    0.676565382511938429E+00    0.996423135847919994E+01
    0.118974405254595239E+01    0.741121677677206381E+00    0.480680236967998371E+04   -0.485352894452692940E-03    0.768557495525024947E+00    0.101512118621233434E+02
    0.117690752869257809E+01    0.751250234919024096E+00    0.499736878368007547E+04   -0.718795280796191683E-03    0.807748153386600665E+00    0.100844495482718273E+02
    0.115899738832414601E+01    0.721949577984954183E+00    0.490210146916080339E+04   -0.110386040021571747E-02    0.902087199556488639E+00    0.101898377948094350E+02
    0.119418595863633970E+01    0.740860305239632977E+00    0.492134631857937620E+04   -0.301880163085306466E-03    0.820741877201812686E+00    0.990351330381923844E+01
    0.114160045438811708E+01    0.732960554144104437E+00    0.493710793964739332E+04   -0.496006888392406631E-03    0.855226176758814294E+00    0.102168146116160372E+02
    0.116459189636582705E+01    0.742496876334504896E+00    0.498537313145147255E+04   -0.311144124680597946E-03    0.756569019017482303E+00    0.103513239280803120E+02
    0.116430649770843742E+01    0.733324268291237868E+00    0.499211419881398524E+04   -0.516541510136697452E-03    0.830339475311338004E+00    0.102214008657138944E+02
    0.117826021085024868E+01    0.745506266478474178E+00    0.495578921446116874E+04   -0.508032984286745808E-03    0.769112394320535464E+00    0.107186372551682254E+02
    0.117826021085024868E+01    0.745506266478474178E+00    0.495578921446116874E+04   -0.508032984286745808E-03    0.769112394320535464E+00    0.107186372551682254E+02
    0.120463594700965348E+01    0.758493171609874395E+00    0.486948568364019957E+04   -0.919576263330785311E-03    0.810733978104094533E+00    0.102071319314308155E+02
    0.120264377552011936E+01    0.737124026812405408E+00    0.467741947057358266E+04   -0.402813776995367969E-03    0.862929518486556413E+00    0.100135717309039656E+02
    0.114907341952113051E+01    0.747182473470863417E+00    0.473924475692907345E+04   -0.110579520477414463E-03    0.763804773888163813E+00    0.100238995964465332E+02
    0.111456625335448312E+01    0.748458918459028677E+00    0.453643424487887114E+04   -0.320154616879975444E-03    0.719855896987793287E+00    0.101382789105251057E+02
    0.113101970137611785E+01    0.732534847422367408E+00    0.480530954335834667E+04   -0.114405099374871220E-02    0.770545299870952549E+00    0.996724882029092818E+01
    0.115109651070628982E+01    0.751933913473616489E+00    0.482202635109539551E+04   -0.100018698107565506E-03    0.769842952140284087E+00    0.101141616452015040E+02
    0.111778899145069821E+01    0.744952979861492781E+00    0.483796310137155797E+04   -0.365251239137640168E-03    0.747075166634883492E+00    0.100624645770826824E+02
    0.106212992949283791E+01    0.715608973371218315E+00    0.495751387593290110E+04   -0.215285598748063807E-03    0.679303790242742123E+00    0.100431296892198638E+02
    0.110063523333330693E+01    0.739952888296892208E+00    0.497574299073770362E+04   -0.603287039333798167E-04    0.762002877647260601E+00    0.100525805371038945E+02
    0.113546017606034511E+01    0.743418626443593467E+00    0.488280759745513205E+04   -0.753001152309103314E-04    0.797966965063629519E+00    0.106018039287496570E+02
    0.110412818833237170E+01    0.726785935168478003E+00    0.495718941486344011E+04   -0.397178152893546278E-03    0.722702867781042757E+00    0.100548658823697536E+02
    0.114668430193849802E+01    0.752774884231518837E+00    0.484033855681183741E+04   -0.427658391104979976E-03    0.756816804880377392E+00    0.990540894071976474E+01
    0.111791887142328239E+01    0.753210321454826581E+00    0.496115374430555312E+04   -0.150841257942172695E-03    0.795829565027556862E+00    0.100937027963798407E+02
    0.112940964832321256E+01    0.751830904695478086E+00    0.492609452036902258E+04   -0.294954532155247381E-03    0.734462496737500192E+00    0.101262632878529288E+02
    0.114841735362833797E+01    0.736626477525377465E+00    0.442891722080114960E+04   -0.446221200343110817E-03    0.733535622575535062E+00    0.100211592616459821E+02
    0.103581866486931862E+01    0.735507913655745638E+00    0.490206036055755612E+04   -0.420602668364918216E-03    0.695467356297746475E+00    0.995377141129623944E+01
    0.112361482385485667E+01    0.734263407357502174E+00    0.482417573392241866E+04   -0.533071351297189017E-03    0.744121354963335757E+00    0.998075246441450759E+01
    0.116766114918829178E+01    0.750814857132352076E+00    0.452646987730591809E+04   -0.695656169714267388E-03    0.772654320869522238E+00    0.103707260491213162E+02
    0.116755998249682857E+01    0.754742354359909662E+00    0.459073023767025097E+04   -0.404968565950155571E-03    0.782197073853516223E+00    0.102579358388502193E+02
    0.120997391618978112E+01    0.754667186630975872E+00    0.464314399568898261E+04   -0.322055464847828218E-03    0.761378247302189060E+00    0.108563289776793432E+02
    0.120997391618978112E+01    0.754667186630975872E+00    0.464314399568898261E+04   -0.322055464847828218E-03    0.761378247302189060E+00    0.108563289776793432E+02
    0.116872545982749898E+01    0.753867652357040341E+00    0.473650553710196891E+04   -0.508274404458897437E-03    0.936863454166477538E+00    0.100634368679658337E+02
    0.123331483206506665E+01    0.749597773828112879E+00    0.481454630623946650E+04   -0.468527139364913160E-03    0.889934911896990255E+00    0.100723751328751945E+02
    0.128376930809084655E+01    0.757786100213574954E+00    0.464329436238695871E+04   -0.310599701996638661E-03    0.927124425925941242E+00    0.102822148442984602E+02
    0.121474832993219284E+01    0.742419963928836690E+00    0.440335855537095540E+04   -0.283069467494160513E-03    0.983162518940868035E+00    0.100269691832134988E+02
    0.118333062400212818E+01    0.751442766032131448E+00    0.483269206506566206E+04   -0.257079197164471879E-03    0.869137689174320771E+00    0.105056245293528967E+02
    0.122804411100788813E+01    0.772841291909120875E+00    0.477406310731973463E+04   -0.206790779644208667E-03    0.827311324583140495E+00    0.993624739106124899E+01
    0.120424413358115867E+01    0.751423134653023572E+00    0.486246218347195827E+04   -0.308700503576420928E-03    0.886744842232536135E+00    0.100415292056664978E+02
    0.122814905260605634E+01    0.756346579117312623E+00    0.492187579903701499E+04   -0.253101216836086563E-03    0.945617683179643009E+00    0.100966103477721454E+02
    0.121504989082216319E+01    0.761233353367883447E+00    0.495500407324475145E+04   -0.298343101007141249E-03    0.910361943183732647E+00    0.106095925423558715E+02
    0.122349477338442902E+01    0.776798711556518473E+00    0.480342128973622312E+04    0.579573040662339641E-04    0.894939803337392314E+00    0.106000761325372697E+02
    0.123105187091272317E+01    0.753286744294529798E+00    0.481571081518471874E+04   -0.818724405598868351E-05    0.932289656186615634E+00    0.105607601135938616E+02
    0.123105187091272317E+01    0.753286744294529798E+00    0.481571081518471874E+04   -0.818724405598868351E-05    0.932289656186615634E+00    0.105607601135938616E+02
    0.118087880692289549E+01    0.765074336933718957E+00    0.486995480267265702E+04    0.337037189535618854E-05    0.840944577587736886E+00    0.103568021169137516E+02
    0.118087880692289549E+01    0.765074336933718957E+00    0.486995480267265702E+04    0.337037189535618854E-05    0.840944577587736886E+00    0.103568021169137516E+02
    0.122449219336211934E+01    0.759908624823266932E+00    0.487741111853961957E+04   -0.727171619898017149E-04    0.898506211226784646E+00    0.101271187303192534E+02
    0.116675476967950709E+01    0.734743874406887709E+00    0.491549237070387153E+04    0.489607458492212095E-04    0.975580660655581022E+00    0.998027341650734101E+01
    0.120423653827258681E+01    0.751072925821425819E+00    0.499729879683000581E+04   -0.808424906027839393E-04    0.985611690449986866E+00    0.101893441142777839E+02
    0.118829975018496237E+01    0.746878867368185873E+00    0.499400743866533776E+04   -0.603696492748178606E-04    0.918072661544295010E+00    0.105591399352641950E+02
    0.118829975018496237E+01    0.746878867368185873E+00    0.499400743866533776E+04   -0.603696492748178606E-04    0.918072661544295010E+00    0.105591399352641950E+02
    0.120277003624062351E+01    0.751168247557176039E+00    0.490157615098403767E+04   -0.325695095813665302E-03    0.875642542963168014E+00    0.102887817495779021E+02
    0.115142731156356914E+01    0.745597126169758262E+00    0.490266468194443132E+04   -0.239470013487192194E-03    0.943617565137708558E+00    0.101657367760107356E+02
    0.121257264345976656E+01    0.777495294541600268E+00    0.489501574081083800E+04   -0.138763477729389359E-03    0.837338797988972705E+00    0.992357642124891903E+01
    0.121640389780204372E+01    0.759833037583147464E+00    0.481524692914619391E+04   -0.181389382136771670E-03    0.925446137511527045E+00    0.103228614135971295E+02
    0.117833601659067111E+01    0.762746942114716275E+00    0.488412072250078199E+04   -0.159255189967124787E-03    0.965197916171836257E+00    0.100535789583566988E+02
    0.121964710430405354E+01    0.753496269077506886E+00    0.494300470954538469E+04   -0.160156631073918331E-03    0.907770587045994115E+00    0.996146479326037948E+01
    0.116452209912339399E+01    0.758037552026935901E+00    0.480587485524762269E+04    0.411932849619148845E-05    0.865692519729385324E+00    0.104075767659889564E+02
    0.118049014718094059E+01    0.757243798219556563E+00    0.483605571473966847E+04   -0.113245940141381185E-03    0.870153215846659833E+00    0.105862141720876544E+02
    0.120141150166406452E+01    0.753634520262280061E+00    0.485398443152023265E+04    0.199911810735346794E-03    0.850661904599463559E+00    0.104411933485990609E+02
    0.115176452170874954E+01    0.760618281810077290E+00    0.488204485742663837E+04    0.600060321050892818E-03    0.922636001114875204E+00    0.103817592779201942E+02
    0.113521425624058736E+01    0.760897285212102314E+00    0.479582606252421374E+04    0.455027566333881801E-03    0.902743084289957198E+00    0.993683766004593139E+01
    0.119651810324780672E+01    0.746296993352257743E+00    0.486982538172572549E+04    0.261397738889634825E-03    0.837002590308285610E+00    0.100465433255223857E+02
    0.112831370657457231E+01    0.748208456216934437E+00    0.493769275162324084E+04    0.327345445425347367E-03    0.853386703120584844E+00    0.103895104878268505E+02
    0.118703839751454665E+01    0.759179853877759991E+00    0.489566457630435616E+04    0.423835775950717644E-03    0.852012315753924776E+00    0.995455483872234126E+01
    0.113929815447060667E+01    0.757741492332065336E+00    0.492790320739645540E+04    0.150663527867038374E-03    0.832557724569986890E+00    0.101791510059516455E+02
    0.114735140329991614E+01    0.764204384912235302E+00    0.473206271111978003E+04    0.509025962584720021E-03    0.828508769902886355E+00    0.100278195739544209E+02
    0.118622376342822644E+01    0.757126573301452055E+00    0.476728411039691764E+04    0.410421141269728831E-03    0.865659863077472003E+00    0.989850621780862028E+01
    0.116532374712983589E+01    0.753286457157460676E+00    0.499230583207861309E+04    0.364687488111265531E-03    0.883073477200204238E+00    0.104751266007500341E+02
    0.118792995357001496E+01    0.744690328352801245E+00    0.484865266414785310E+04    0.201908728297666822E-03    0.910510231364807021E+00    0.101560818326845599E+02
    0.123807157197327999E+01    0.792908070692690314E+00    0.484936203970345741E+04    0.286129787018354930E-03    0.996990151639881139E+00    0.101527790060204843E+02
    0.118747412148803488E+01    0.781152865578175981E+00    0.460748329454418763E+04    0.110261915708499670E-02    0.880275399484792276E+00    0.993615444270319514E+01
    0.126819672625068147E+01    0.774952419129732006E+00    0.480679475984356577E+04    0.419101260579887757E-03    0.978651588999987609E+00    0.105467522117692774E+02
    0.118493066573680217E+01    0.747037868550100459E+00    0.490575253008478285E+04    0.645713208299159946E-03    0.947912959356343343E+00    0.103862714167518391E+02
    0.119668987260728121E+01    0.759508339784085940E+00    0.485000694989088788E+04    0.510441794107558506E-03    0.798354800593964464E+00    0.992187565849976494E+01
    0.116801533621507558E+01    0.742086610871870112E+00    0.499711885542385971E+04    0.198221300110934583E-03    0.834415186170726297E+00    0.100362053133227960E+02
    0.118697551063637463E+01    0.770190783246254673E+00    0.493385896012769535E+04    0.131575821369033565E-03    0.842003267141730682E+00    0.102088402368968900E+02
    0.110912532026830801E+01    0.759831656214727480E+00    0.495253213008948023E+04    0.590425316390259152E-03    0.844465534931722717E+00    0.100179044149124969E+02
    0.116932564091730407E+01    0.754879480581079454E+00    0.490533735814350166E+04    0.389734235150976090E-03    0.914943667305065045E+00    0.104152890221799090E+02
    0.119569688724823209E+01    0.762309774822210962E+00    0.483616337331278919E+04    0.177802548541056913E-03    0.901615372651859981E+00    0.108525971243141583E+02
    0.119569688724823209E+01    0.762309774822210962E+00    0.483616337331278919E+04    0.177802548541056913E-03    0.901615372651859981E+00    0.108525971243141583E+02
    0.116395584775218142E+01    0.766509858950724876E+00    0.489874864230236199E+04    0.400460696376455738E-03    0.972974895390091632E+00    0.101488768469476121E+02
    0.119145512227676442E+01    0.776557355686485762E+00    0.485386660199028029E+04    0.385562369661870768E-03    0.878729373667838431E+00    0.105379360647516034E+02
    0.119652824802265734E+01    0.767070457897692237E+00    0.464328028855247976E+04    0.209154835608187919E-03    0.809427148273279218E+00    0.106594484998747525E+02
    0.117252607537027331E+01    0.758876223569138642E+00    0.479692174584665554E+04    0.792130000594095459E-03    0.870598018679432428E+00    0.102098914154497820E+02
    0.121675885397850592E+01    0.766942415244893372E+00    0.467765065497618252E+04    0.385075771676392784E-03    0.989162865671774139E+00    0.103199142057405453E+02
    0.115999459640750846E+01    0.751948824211671751E+00    0.493733645977493325E+04    0.400369838482057306E-03    0.977649556176968693E+00    0.104933775288078870E+02
    0.122229414580235463E+01    0.774898464245442509E+00    0.490179949844728708E+04    0.614914724724014350E-03    0.992812218770097843E+00    0.102159494313533976E+02
    0.111868435470089023E+01    0.776837624045316533E+00    0.486813058649801133E+04    0.143055670128447291E-02    0.913105979863132688E+00    0.100214807784414557E+02
