 F
       16148      138685           3        2048
    0.190497145029872428E+01    0.555696954657834130E+01
 T
   2
    0.200000000000000000E+01    0.300000000000000000E+01    0.857910156250000000E+00    0.142089843750000000E+00
   0
   0
 T T     0           0
    0.000000000000000000E+00   -0.100000000000000002+101    0.000000000000000000E+00
 T F     1        1757
    0.842825728796122906E-03    0.175900323267823966E+01    0.556699969945700701E+01
 T F     1         291
    0.187210677141068821E-03   -0.914914045678489468E-01    0.549314802378949008E+01
