 F
       15410      175020           3        2048
    0.738147592951537757E+00    0.354445420108614639E+01
 T
   2
    0.200000000000000000E+01    0.300000000000000000E+01    0.484375000000000000E+00    0.515625000000000000E+00
   0
   0
 T T     0           0
    0.000000000000000000E+00   -0.100000000000000002+101    0.000000000000000000E+00
 T F     1         992
    0.934769204703049116E-03   -0.231956577213685775E-01    0.348252657155706125E+01
 T F     1        1056
    0.585887583298212462E-03    0.108841211136023394E+00    0.359872192074486508E+01
