chirp_mass mass_ratio EOS alpha zeta
1.160483455657959 0.9659401103854179 4616.605201900005 -0.0001745095969965454 0.3815246820449829
1.1565222263336181 0.7482695952057838 4306.831564843655 -2.898670125885246e-05 0.19924527406692505
0.8669301986694337 0.7952153459191322 4836.533693611622 0.0004306058586498529 0.4333829879760742
1.966076636314392 0.7653662711381912 4519.018249332905 0.000430079131666771 0.6986251473426819
1.6378588676452637 0.945617601275444 4307.839382886887 9.15314938443627e-05 0.79633629322052
0.8081987619400025 0.40312208235263824 4519.4459981918335 -0.00012004123455842682 0.024187147617340088
1.9782896280288695 0.7204568237066269 3931.240643084049 0.00011405151392709701 0.4872702956199646
0.935066032409668 0.2954983115196228 4890.300383806229 -0.00031957721682866427 0.5270810723304749
1.859556245803833 0.38201601058244705 4984.734812378883 1.9057157345626004e-05 0.5338777303695679
1.3086232900619508 0.43472932279109955 4843.8677235245705 0.00034214978346765754 0.06516700983047485
1.1185720443725586 0.793782152235508 4395.967273056507 -0.0005971135717103214 0.2683869004249573
1.393222737312317 0.7427715137600899 4259.656380236149 0.0001524149342579698 0.010043084621429443
1.279381775856018 0.910550981760025 4519.904151499271 0.00027386171437305157 0.21378439664840698
1.250406837463379 0.28621066361665726 4869.400604367256 0.000273567683267913 0.28433626890182495
1.3151578664779664 0.24685025215148926 4621.663667500019 8.525294326242436e-05 0.25897854566574097
1.2774540185928345 0.9252409562468529 4291.989722728729 -0.0005642103762212902 0.8323301076889038
1.179833984375 0.5458550304174423 4147.0570821762085 0.0001666948459854579 0.10051983594894409
1.7102931022644043 0.13360422104597092 4712.910398304462 0.000632405467807507 0.29439282417297363
1.726836895942688 0.3343893364071846 4308.995944261551 0.0002566291257987755 0.23269963264465332
1.4043671369552613 0.8394067883491516 4046.722104012966 -0.0002784041704699971 0.4566112160682678
1.205264687538147 0.47725819796323776 4921.748718380928 -0.0004923700310699564 0.805166482925415
1.743138074874878 0.2861563190817833 3985.5754791498184 0.0005356510636140353 0.14050251245498657
1.7142251491546632 0.8833095580339432 4615.256973266602 0.00026445556920759585 0.4950077533721924
1.0805546283721923 0.3803718015551567 4759.070610880852 0.00012733748349283704 0.28756779432296753
0.8308680057525635 0.4680977538228035 4947.675962805748 -5.5559729656813954e-05 0.43004554510116577
1.0323185682296754 0.5548464432358742 4634.745032429695 -0.00024949995609677156 0.5257583856582642
1.0369215250015258 0.34349366277456284 4425.886740803719 -2.531640428451807e-05 0.64531409740448
1.3301965475082398 0.6537502110004425 4160.027858376503 -0.0008660450731807478 0.3491860032081604
1.36953125 0.653513066470623 4657.6810156702995 -0.00024547835093841384 0.43520164489746094
1.8446463823318482 0.4207395687699318 4532.166980981827 0.0004972896112329464 0.6543436050415039
1.8170659065246582 0.5976828709244728 4451.137933373451 0.000600143962638433 0.272908091545105
0.8230438232421875 0.45088519155979156 4023.202474594116 -0.0005685736564334876 0.6347243189811707
1.4902913093566896 0.5333369597792625 4957.740729510784 0.0006428484212295868 0.2358388900756836
1.0179967880249023 0.5935826227068901 4739.027223408222 -0.00017763150491774537 0.41967612504959106
0.8956665992736816 0.3379194363951683 4487.598828792572 0.0007467017354708361 0.5330686569213867
1.5963988542556762 0.6201009303331375 4493.570620179176 0.0005311516413979117 0.6458299160003662
1.3241443395614625 0.9126204550266266 4727.776385128498 -0.0004320749568747506 0.7112092971801758
1.1919480562210083 0.3808801993727684 4589.516328692436 9.067933181020956e-05 0.07803261280059814
0.8100676536560059 0.4343383237719536 4149.379445493221 -0.0006056599429405342 0.5100473761558533
1.5096490621566772 0.44231627881526947 4803.0354434251785 0.0006268496258673822 0.39178407192230225
0.982626748085022 0.18167368322610855 4980.772695422173 0.00040665608076859307 0.8389737606048584
1.1359459638595581 0.43264196068048477 4798.221703827381 -0.0005160478965015733 0.08708888292312622
0.8488029003143311 0.8338553011417389 4645.370492935181 0.00012323268165308145 0.6944299340248108
0.9407599687576295 0.9969860687851906 4310.064571201801 1.8479752462114302e-05 0.6826382875442505
1.6745068550109865 0.7335831671953201 4610.190161347389 0.00011734078742771251 0.5848540663719177
1.8454694986343383 0.6845496892929077 4622.844373583794 0.00025794369367528 0.14658492803573608
1.4357395410537719 0.5679119229316711 4734.499643325806 0.0010616651447876847 0.3980792164802551
1.9550923109054565 0.5039647296071053 4827.4132533073425 0.0005842384708375692 0.3334677815437317
1.3043386220932007 0.9720360338687897 4537.11873292923 0.0001358044082724277 0.12701117992401123
1.55678448677063 0.30476102977991104 4465.36214786768 0.0008747045070394787 0.006228208541870117
1.4630218267440798 0.9957546070218086 4703.682350099087 0.00018767209446044798 0.8679502606391907
1.6658674240112306 0.20807459205389023 4528.004254281521 0.00032243651479449084 0.20439642667770386
1.0259635210037232 0.4392452910542488 4622.974933862686 0.00012450789839940494 0.9999879598617554
1.8873028039932251 0.47083985805511475 4204.373938858509 0.00027816886452615316 0.47937166690826416
1.562300968170166 0.30039531737565994 4141.414672315121 0.0006478043633465549 0.613211989402771
1.3674130201339723 0.5700680240988731 4035.5126992464066 1.614257394911062e-05 0.18275517225265503
1.3913357496261596 0.9860274568200111 4798.602057516575 3.5156979600326305e-05 0.8936478495597839
1.0379700899124145 0.6785020083189011 4334.901726722717 -0.0002412357799960423 0.5733389854431152
0.9416420221328736 0.6783788204193115 4964.023123204708 -0.0002564510355992478 0.7508701682090759
1.5437865734100342 0.47193092107772827 4351.05483520031 0.0003235515483100916 0.48178166151046753
1.748222327232361 0.21500075608491898 4693.65812265873 0.0005471131584429633 0.7728310227394104
1.2227283000946045 0.34879037737846375 4035.472458064556 4.3735553221031885e-05 0.11262977123260498
1.6214044809341432 0.6739979833364487 4781.028584361076 0.00026594358295438494 0.2031646966934204
0.802971887588501 0.3570807874202728 4857.784912705421 5.5098572834028896e-05 0.2950827479362488
0.8365677356719972 0.3882683962583542 4382.306435108185 -0.00032792433513608447 0.1180868148803711
1.037723970413208 0.4499180465936661 4095.0985624194145 -0.0004445668047265565 0.6908465027809143
1.297280979156494 0.9130026921629906 4262.156997084618 -0.0004935151726705481 0.7954099774360657
1.471932053565979 0.6041710451245308 4968.892604291439 3.0128652657294982e-05 0.27748703956604004
0.8672873973846436 0.13265079259872437 4441.359624266624 0.00041665871017700014 0.7845938801765442
1.1826045274734498 0.6903869286179543 4173.21593695879 0.0004989158067277177 0.9068129062652588
1.3499104261398316 0.7309336885809898 4765.305609405041 -0.00010390168972298175 0.6847623586654663
1.3267786264419557 0.1515667587518692 4199.337531387806 0.0007102579268081791 0.8109757900238037
1.913488245010376 0.4506950378417969 4236.965122997761 0.00033034513567413513 0.9607162475585938
1.0248291969299317 0.9307371601462364 4443.029186189175 -6.0531860109018026e-05 0.3790113925933838
1.0565579414367676 0.9056468829512596 4878.574997663498 -8.6999548888538e-05 0.7348700761795044
1.0383384466171264 0.7647415697574615 4980.543171644211 -0.0013104671007630154 0.9671509265899658
1.1533361196517944 0.6368400901556015 4107.991240918636 3.634933747017449e-05 0.0011540651321411133
1.5157365322113039 0.5299941450357437 4073.900402069092 4.398410179520829e-05 0.7958478331565857
1.805004620552063 0.7331050708889961 4137.806677758694 0.0003901864209661924 0.4849501848220825
0.943081545829773 0.1669534593820572 4601.818207025528 0.0001474033217761648 0.2747092843055725
1.0366106748580932 0.16425563395023346 4182.010274648666 5.6575027394233415e-06 0.9879005551338196
1.5960729122161865 0.6712489426136017 4910.479100883007 0.000175493966335955 0.16030240058898926
1.0200506448745728 0.9046365544199944 4434.68823248148 -0.0002840095917487353 0.3678686022758484
1.267668318748474 0.8382500633597374 4053.7801092267036 0.00037848280006285323 0.213897705078125
1.0088512420654296 0.8046288415789604 4744.687518239021 -0.0006713618075426758 0.3881422281265259
1.610716986656189 0.9758845865726471 4515.4397649765015 0.0003949089764562799 0.5286443829536438
1.5075732469558716 0.8591626435518265 3934.020563542843 0.0007720218401454995 0.0295792818069458
1.490149188041687 0.28719162940979004 4901.757793486118 0.00011655152917306469 0.3154507279396057
1.2756957769393922 0.7425116822123528 4141.850767493248 2.561146943526463e-06 0.2443426251411438
1.0948571681976318 0.649154968559742 4565.903995513916 0.00034833198829300826 0.15559500455856323
1.6164563417434694 0.45017537474632263 4162.632804214954 0.00022994240600240104 0.7545955777168274
1.8198542594909668 0.21936625987291336 4215.747289180756 0.0006476389537876117 0.3269021511077881
0.8026671171188355 0.6059682220220566 4707.100167810917 0.00034229972710792195 0.9788619875907898
1.2231584548950196 0.48738114535808563 4780.297685265541 -0.00043490318421012203 0.5621910691261292
1.0619317293167114 0.9680557921528816 4102.9041593670845 -0.000742361874361661 0.1973809003829956
1.7399452447891235 0.3969385400414467 4113.731720030308 0.00017940231572310527 0.801939070224762
1.1250551223754883 0.6596595793962479 4460.164775669575 0.00031256133709498343 0.06959110498428345
0.9318958044052125 0.7921423763036728 4730.400110185146 -0.0003491752915037987 0.27338093519210815
1.090045428276062 0.7783862203359604 4424.856268465519 0.00030411531519006294 0.5545486211776733
1.6882543563842773 0.6243875250220299 4643.747730016708 0.0002652719364892767 0.6368229985237122
1.3589441776275635 0.6006220653653145 4884.827284991741 0.0004308572791487736 0.823266327381134
0.9966559886932373 0.5413315519690514 4161.363567531109 7.153375866985662e-06 0.682807445526123
0.8679986476898194 0.9875588566064835 4541.442722439766 0.00029348386666783226 0.9970973134040833
0.8426375389099121 0.7614383399486542 4871.152437150478 0.0002048635516137831 0.407664954662323
0.9442199468612671 0.6199379488825798 4259.489155769348 -0.00037168274488778397 0.8157144784927368
1.426727819442749 0.9531787410378456 4866.9217475652695 0.00041421771007373265 0.6155217885971069
1.1580277681350708 0.24840934574604034 3982.360357761383 0.00047313240193429886 0.8534464240074158
1.812577247619629 0.8198584541678429 4876.251442015171 0.00023210603423495004 0.490975558757782
1.2687203884124756 0.6944635510444641 4504.15613758564 0.00011237745072264631 0.7812272906303406
1.9392449617385865 0.8919576928019524 4807.536792218685 0.00022094282907995515 0.9033560752868652
1.349617886543274 0.7438417673110962 4470.701407492161 0.00014532208462752138 0.09936493635177612
1.123648500442505 0.9296661242842674 4101.3472727537155 3.1629816435396216e-05 0.6453680992126465
1.065937876701355 0.26766692101955414 4593.906790673733 0.0003089675193286547 0.19991958141326904
1.4698708295822143 0.8883258402347565 4568.433526396751 -0.0006615484309300616 0.9821732044219971
1.7770905494689941 0.6433989331126213 4038.1173470020294 0.0008404022242124336 0.15230870246887207
1.3534178972244262 0.8653087913990021 4414.024534642696 -0.000999439083952103 0.7776881456375122
0.9180285692214967 0.31910308450460434 4136.693934559822 0.0002246003724729667 0.4321669340133667
0.9448118209838867 0.4862523749470711 4914.260877728462 -4.3863553020547294e-05 0.7922353148460388
1.7901552677154542 0.25931376963853836 4800.256715297699 0.0005070955637389561 0.2757744789123535
0.9880455255508424 0.4484267011284828 4017.2771841287613 -0.0007853873361587182 0.6403185129165649
0.959707522392273 0.764224462211132 4465.056314885616 3.573883839824428e-05 0.9145431518554688
1.170050072669983 0.6752382591366768 4803.41430670023 -0.00013531488409223468 0.8028011322021484
0.8102182865142823 0.1972775012254715 4449.530074596405 -0.0001801580015605094 0.26833516359329224
1.8739687204360962 0.2594263181090355 4402.265167057514 0.00013999781493290333 0.06466388702392578
1.574200177192688 0.6658962666988373 4733.180626809597 0.00013532171856453276 0.384838342666626
1.9806866645812988 0.13386285305023193 4308.820075392723 0.0005365836609985916 0.38084250688552856
1.642615032196045 0.142887644469738 4914.792061328888 5.220952304961372e-05 0.9525046944618225
0.977663803100586 0.7676311135292053 3992.7422845959663 0.00025253813682424173 0.3299104571342468
1.3514247655868532 0.6115540266036987 4878.965188086033 0.00023470312674524695 0.794036865234375
0.9725067377090455 0.8683303892612457 4863.182000398636 -9.822189250335813e-05 0.7287954092025757
1.863761806488037 0.7200356796383858 4196.021956086159 0.0003299651287998559 0.7812715172767639
1.277577543258667 0.849258117377758 4584.058134019375 -0.0007669510737543104 0.2554699778556824
1.8016346931457519 0.9333182647824287 4076.3494505882263 0.00035213876377813443 0.3550090789794922
1.2098824501037597 0.8743270635604858 4739.9164044857025 -0.0006105706466627955 0.7187660336494446
1.8512158632278441 0.49029457569122314 4584.652213096619 0.00079996462195218 0.5097886919975281
1.885518741607666 0.12976135313510895 4427.061187148094 0.0004731860566253536 0.3184993863105774
1.7089992046356202 0.6413377523422241 4838.854864597321 0.00019777245938531283 0.23844647407531738
1.8140202760696411 0.4045594483613968 4127.838489890099 6.462248328323614e-05 0.05026054382324219
1.500745487213135 0.6292472928762436 4603.76766872406 -0.0003442903503828047 0.12963753938674927
1.9626209497451783 0.31698255240917206 4764.4587560892105 0.0001317304781846586 0.7339991331100464
0.9509040117263794 0.7105841636657715 4938.065474331379 0.000254525895975427 0.4410048723220825
0.8127816200256348 0.48989053815603256 4253.3486495018005 -1.09136000381039e-05 0.9152488708496094
1.6926578998565676 0.28967520594596863 4797.064248204231 6.90162973480741e-05 0.9088541269302368
1.8034857749938964 0.653940312564373 4556.138802051544 8.272117639294175e-05 0.3762129545211792
1.4050073623657227 0.4625666067004204 4909.61555492878 5.3878062818619957e-05 0.7226238250732422
1.0879112482070923 0.6027123481035233 4597.060805082321 -0.0007144779470028039 0.6904934048652649
0.8850340366363526 0.26451994478702545 4336.856255829334 0.00046457142129807265 0.4159865379333496
1.9045674324035644 0.4689519330859184 4916.009729683399 0.00021936797632644367 0.0014961957931518555
1.3489705801010132 0.7158955857157707 4195.910473108292 0.00017792881663662323 0.19011276960372925
1.186069869995117 0.4553601145744324 4987.867960989475 -0.00010702082123850612 0.19115793704986572
0.9986845970153809 0.6511239930987358 4298.796146035194 -0.0003238692878634793 0.08143454790115356
0.8835204124450684 0.5358603820204735 4318.048421680927 0.0008403299911670365 0.8368219137191772
1.2713695526123048 0.7623764872550964 4866.6543672680855 0.0001655614402110008 0.9214122891426086
1.1657200574874877 0.9003946036100388 4682.65230846405 0.0002865076312842419 0.13375473022460938
0.9861594676971436 0.765467032790184 4839.42569321394 0.00028072647139953873 0.6284469366073608
0.9181552410125733 0.8312177136540413 4557.518329381943 1.9882201778870546e-05 0.9784339666366577
0.9680940389633179 0.9411810636520386 4731.4308806061745 0.0007307974080693438 0.1779194474220276
1.5791938066482545 0.9874993488192558 4380.631507694721 0.00011166182388021664 0.2357347011566162
0.9635099649429322 0.1968051940202713 4257.355180799961 0.0005642275071759175 0.4104212522506714
1.3219050168991089 0.27339427173137665 4046.8142116069794 8.420378201688283e-05 0.22932034730911255
1.0255584001541138 0.45502643287181854 4816.987806379795 0.00018496450160991121 0.07439637184143066
0.8510814189910889 0.14343202859163284 4647.036477863789 0.0004607581992093132 0.2546260356903076
1.8370229005813599 0.16671229898929596 4380.546852171421 0.00014642789943482038 0.9537335634231567
1.6385470867156982 0.4963003247976303 4623.5630512833595 0.00033374748788612865 0.35468947887420654
1.1524734497070312 0.35720981657505035 4835.7816306352615 0.00024572239459681863 0.3856746554374695
1.8500145196914672 0.2524523288011551 4424.022828876972 2.359602950065237e-05 0.7760494351387024
1.4164408683776855 0.25260456651449203 4790.979781508446 0.0007436090688031627 0.35453349351882935
0.8485012769699097 0.20835836231708527 4489.463038802147 -0.0005666708489852843 0.04652047157287598
1.326562833786011 0.7524096891283989 4987.647379696369 0.0003833587027106801 0.3809358477592468
1.5854560852050783 0.8427237346768379 4320.74189811945 0.00048354983064807767 0.992324709892273
1.9861375570297242 0.6512496843934059 4103.0624413490295 0.00022866020604877312 0.47185951471328735
1.4207773208618164 0.6640876159071922 4351.749964356422 0.00047081150938977105 0.23667991161346436
1.359298086166382 0.8826267048716545 4495.965119540691 -0.00021370507998295116 0.03847748041152954
1.2128076314926148 0.6533030420541763 4068.9540156126022 -0.0002952775479666866 0.066417396068573
0.9603460311889649 0.8039041087031364 4336.398698687553 -0.00010757070591285607 0.34633439779281616
1.1308323860168457 0.5775975584983826 4146.451974034309 0.000641696191163226 0.23431503772735596
1.9846421718597411 0.26239941269159317 4834.573202848434 0.000746643380806309 0.14434057474136353
1.296913480758667 0.8122495412826538 4793.131939530373 0.00037019968942972667 0.20472049713134766
0.9091432332992554 0.7386370003223419 4465.727895498276 -0.00010188912187967341 0.883341372013092
1.1489474534988404 0.6478657200932503 4690.430779874325 -5.987616967309045e-05 0.005472302436828613
1.3282608509063722 0.8603121191263199 4882.350514769554 -1.4799359087581849e-05 0.7161674499511719
1.3960691690444946 0.37490715086460114 4750.381496429443 0.0007773287608456308 0.2738373279571533
1.7142632007598877 0.4183409512042999 4039.8849781751633 0.00018561364523504793 0.4572209119796753
1.704825186729431 0.3180905133485794 4351.597345948219 7.831736720647794e-05 0.6169076561927795
1.5848190069198609 0.7601794451475143 4744.291664242744 0.00011219506047168642 0.6394205689430237
1.3232802391052245 0.32871779054403305 4427.367914378643 0.00023569656018277888 0.9917819499969482
1.2603081941604615 0.2928857058286667 4217.668731093407 0.00013854899663347727 0.6467797160148621
1.5463264465332032 0.3148230090737343 4912.352551460266 0.0004131833792339488 0.28475421667099
1.343642282485962 0.6106133237481117 4024.21595621109 0.0005177239246290284 0.3823873996734619
1.9506143808364869 0.4010983482003212 4235.878611087799 0.0002215518383115344 0.9552770256996155
1.7001358985900878 0.4606876000761986 4511.787654161453 0.0008120874630082332 0.3904021978378296
0.8862303018569947 0.24071020632982254 4453.185464322567 -0.0007340917892021418 0.3959161639213562
1.7951574087142945 0.5896261110901833 4594.628449201584 0.00011865167731711694 0.8026571869850159
1.3200737476348876 0.6272462457418442 4836.465730726719 0.0001445679477312927 0.9223674535751343
0.873563551902771 0.3791195824742317 4101.893360495567 0.0007432850028916946 0.8199739456176758
0.9059363842010498 0.864118792116642 4139.8342371582985 -0.00011783126310868292 0.16496866941452026
1.2665884971618653 0.9305639043450356 4706.876605689526 -0.00010433685462171534 0.02838820219039917
1.4731685161590575 0.2899659648537636 4173.595396399498 0.00020191911685550474 0.6949062943458557
1.8673185586929322 0.9851240962743759 4706.042271852493 0.00012234060626184823 0.6131393909454346
1.3334071159362795 0.18597649782896042 4544.9350608587265 8.25775630168158e-06 0.7084325551986694
1.134643268585205 0.7264794185757637 4629.486851334572 0.0015521382548616118 0.5448351502418518
1.2776531457901001 0.6287596002221107 4405.767342209816 0.0003149159672083646 0.23510390520095825
1.0145384550094605 0.5742032676935196 4522.023818492889 -0.00022638158295232793 0.2824040651321411
1.5789191484451295 0.7361154034733772 4012.3489807248116 0.0001916254329927423 0.8222228288650513
1.6847745656967164 0.5443018823862076 4747.944669306278 0.00022300844118418466 0.2357082962989807
1.8601454734802245 0.25292588770389557 4701.8196305036545 0.00018237084759803587 0.23003947734832764
1.892464804649353 0.4115651473402977 4386.155280590057 0.00016707044536123269 0.4611669182777405
1.7065508842468262 0.783717930316925 4930.954708456993 0.00037749605125980495 0.5550841689109802
1.035792636871338 0.7415510043501854 4641.516281962395 0.00015657401525942917 0.6952275037765503
1.139461874961853 0.5419213622808456 4451.89029443264 0.00035473507270571337 0.33685368299484253
1.9136654138565063 0.7634070515632629 4741.200843393803 0.0003102788470665492 0.9093971848487854
1.224741530418396 0.9214646890759468 4243.610283493996 0.0001285338223644237 0.07244926691055298
1.1478379487991333 0.8855624049901962 4949.200954556465 0.000742538886128562 0.8554670810699463
1.6163416862487794 0.5707447752356529 3942.222312569618 0.00019887852475523413 0.6408757567405701
1.7047362089157105 0.7165653482079506 4462.222143352032 0.00045481568509149944 0.6631981134414673
1.7077080965042115 0.28587891161441803 4830.028632044792 0.00013124986791522916 0.49799442291259766
1.4179555654525757 0.4484988823533058 4559.263306260109 0.0005151823802630331 0.14610588550567627
1.1664665699005128 0.5521831437945366 4468.7489649653435 -0.0004629245420445136 0.3888339400291443
0.8275315523147584 0.6934574469923973 4591.114350736141 -0.00019754396088275317 0.42387324571609497
1.2756893396377564 0.8279283568263054 4076.768555045128 0.00011359050061421522 0.22792983055114746
1.0862672328948975 0.29173993319272995 4471.537529826164 0.00013504122123013295 0.0013821125030517578
1.9056237936019897 0.45723484456539154 4847.012795448303 0.0004466406596529189 0.5283524990081787
1.226373314857483 0.6636098325252533 4363.84705978632 -0.00012896200298496928 0.4508724808692932
0.8656403779983521 0.6394570767879486 4709.071389555931 -0.00031312252898057385 0.9346864223480225
1.9293208599090577 0.22871539741754532 4837.670879602432 0.0001997995693007001 0.6173925399780273
1.8812033176422118 0.48063887655735016 4894.529881060123 6.38250163244585e-05 0.743410587310791
1.569462537765503 0.7441001906991005 4557.9198469519615 -1.5194847547242189e-05 0.09970974922180176
0.9182291984558106 0.93303631991148 4762.680692017078 0.0006623842318961901 0.29224061965942383
1.3031827688217164 0.5901436880230904 4783.55841332674 -0.00025372910521461204 0.3675652742385864
0.9736014366149903 0.32828089594841003 4652.812428832054 0.00020408437337793607 0.7940105199813843
0.9341113090515137 0.23130792379379272 4225.740814089775 0.00018165156375588818 0.6165585517883301
1.0237025260925294 0.174271821975708 4458.243333756924 0.00025340792433366883 0.7495726346969604
1.0864071369171142 0.6888069212436676 4433.922457695007 -0.0007195808535004762 0.5919797420501709
0.9914673805236817 0.1802375167608261 4519.2397248744965 0.0004385926711222716 0.14314419031143188
1.153862476348877 0.518271267414093 4822.658236026764 -0.0003548920191608463 0.059265851974487305
1.3901170253753663 0.6788659393787384 4833.197252511978 -0.00010680646071724927 0.6193846464157104
0.8981308698654176 0.503816768527031 4168.976006805897 -0.00013700357134049476 0.23667484521865845
1.2862400770187379 0.5985317826271057 4383.882100939751 -0.0004922200202227843 0.5435823202133179
1.4613686561584474 0.9530032426118851 4986.0466749072075 0.0005863409442127962 0.04266172647476196
0.9907891035079956 0.3277726545929909 4189.384247660637 -0.0002596127061587927 0.16726958751678467
0.866268014907837 0.888671986758709 4826.907108664513 0.00014154479483539334 0.5923555493354797
1.0414823532104491 0.6051639020442963 4806.5879945755005 0.0004451926565030001 0.9809499382972717
1.9102246761322021 0.9935354515910149 4574.145687639713 0.00019520904790264738 0.4586910009384155
1.9104440450668334 0.15046067535877228 4229.703229129314 0.0001782049091344014 0.05767464637756348
1.2204683780670167 0.5054905489087105 4381.900744378567 2.8175206570122675e-05 0.4621887803077698
0.8107002973556519 0.333874836564064 4406.102387309074 1.3860721775258626e-05 0.6549918055534363
1.3902667284011843 0.1762823611497879 4408.036646783352 0.0005340509053933379 0.05755317211151123
1.8205882549285888 0.5869522243738174 4894.046986877918 0.0002954032878415818 0.41033750772476196
1.2798650026321412 0.4126333147287369 4056.8366505503654 0.0004796752511806987 0.1858503818511963
0.9563198566436768 0.9159853830933571 4956.265815675259 -0.00048301118818799875 0.5434072017669678
1.2840808629989624 0.9179478883743286 4126.930231511593 -0.00024449026541659635 0.9136108756065369
1.475842499732971 0.2197144404053688 4537.834131717682 0.0007443764671979789 0.9696757197380066
1.3935420274734498 0.7644450217485428 4629.689845740795 -0.0005564782773034882 0.4952559471130371
1.169506549835205 0.9431738182902336 4733.037547051907 0.0002340710503863921 0.8423434495925903
1.2813138246536255 0.5589271858334541 4144.507877826691 -0.00021100537324581837 0.030451714992523193
1.230411434173584 0.44716978818178177 4711.891849279404 0.0004818005823789868 0.49357306957244873
0.9632092714309692 0.7362875640392303 4135.63782709837 -2.4045344422044353e-05 0.14713513851165771
1.2039036273956298 0.860995702445507 4984.635550796986 -0.00019083506010833306 0.5447416305541992
0.9685344219207764 0.8189048692584038 4580.140431404114 6.430541524008974e-05 0.1339394450187683
1.4725692749023438 0.9253767132759094 3956.2029933929443 0.00044335347925565725 0.529382050037384
1.2264422655105591 0.7141301184892654 4654.239649415016 0.00014545124009742773 0.9409464597702026
0.8235463619232178 0.5027347281575203 4834.760100781918 0.0006845721772344112 0.8594005107879639
1.3323323726654053 0.9801273718476295 4281.803636312485 -0.00018043220391990764 0.5766578316688538
1.5450844764709473 0.5295060351490974 4386.646521091461 4.9352099441417555e-05 0.5607089400291443
1.0594542264938354 0.6925608143210411 4823.779027462006 -0.00032600882202672807 0.11846339702606201
1.7450372219085692 0.8916512355208397 4249.409484922886 0.0008954352721835402 0.9981809258460999
1.2155956983566285 0.502020999789238 4916.28992754221 -0.0004858881474959702 0.8677076101303101
1.140500783920288 0.5244125649333 4525.458626925945 0.00013569007917379062 0.570918083190918
1.9183433294296264 0.2533799931406975 4197.131718456745 0.00012199577949057965 0.03743964433670044
0.9742436647415161 0.27875878661870956 4434.09325915575 -0.0003873124560211141 0.38145697116851807
1.1394178867340088 0.9731369540095329 4211.35861569643 0.0004327198453206342 0.17561858892440796
1.2667051553726196 0.7874207645654678 4189.392892062664 -0.0003044273075262303 0.12214875221252441
1.0104868173599244 0.36036206036806107 4848.865082144737 -0.00023876961959761337 0.22568821907043457
1.4342085361480712 0.7831729725003242 4304.809669017792 -0.00024571445560558913 0.4538199305534363
1.1456866025924684 0.5573350265622139 4286.077845990658 -0.00015881685197240673 0.5237735509872437
1.5847783088684082 0.972987063229084 4556.56923365593 0.0004899931734958692 0.6275006532669067
1.300720286369324 0.33884402364492416 4120.147356748581 0.0002637130080331635 0.2954750061035156
0.8544283151626587 0.29503007233142853 4904.4146057367325 -0.0010722706964148517 0.7407830357551575
1.1926078081130982 0.8538450673222542 4219.056902825832 0.00013048666773659803 0.4288311004638672
1.1833669185638427 0.7099103331565857 4329.501360118389 -0.00023588505298367923 0.9051690697669983
1.5564196348190307 0.20775139331817627 4350.623807430267 0.00037918618307040947 0.448322594165802
1.1063544750213623 0.9984505549073219 4507.171543478966 -0.0007254071662959388 0.4372454881668091
0.9516249895095825 0.6289020329713821 4994.695548176765 0.00024267643454564314 0.2244357466697693
0.9671815872192383 0.639034315943718 4342.490617454052 -0.00030481881697038 0.8866211771965027
1.3239771127700806 0.13301242887973785 4993.58757430315 2.106675512946095e-05 0.4307253956794739
1.8926640748977661 0.5244790613651276 4322.0165002942085 1.6700689652590633e-05 0.4397563934326172
1.44781813621521 0.36525432020425797 4403.844707965851 0.0003604993188777881 0.4368952512741089
1.6890186071395874 0.8247992172837257 3926.0706945061684 0.00037497262599390596 0.23928529024124146
1.0431122779846191 0.8935245051980019 4450.6341733932495 -0.0003322791121621092 0.8339501619338989
1.2878503322601318 0.8051980510354042 4765.244800508022 -0.0005024009074259561 0.4782984256744385
0.9454277992248535 0.8927795886993408 4138.699733912945 -0.0002134471862313635 0.22058546543121338
0.9119024753570557 0.6400322839617729 4966.303754925728 -9.4628679002909e-06 0.17837786674499512
1.3666136503219604 0.6065286695957184 4501.849870741367 0.0003480312770829417 0.21949374675750732
1.5451655864715577 0.8962628021836281 4240.21571624279 0.00026502164813605605 0.6688939929008484
1.4782639980316161 0.2765577808022499 4935.554424583912 0.0001870035274262504 0.07873255014419556
1.0289841890335083 0.5765265747904778 4664.902370274067 -0.00026831947693255187 0.5737095475196838
0.9346094846725465 0.35974961519241333 4254.472421765327 0.0002690610144750616 0.521227240562439
1.387728500366211 0.578114353120327 3931.4075694680214 -3.796540703649091e-06 0.11612081527709961
1.4972819328308105 0.4641406685113907 4646.132392644882 0.0003206710197428317 0.7556769847869873
1.4581002950668336 0.3694944456219673 4496.771731674671 0.00040314195873090454 0.3473268747329712
1.5509181737899782 0.4610656648874283 4761.961716234684 9.337813008990586e-05 0.31524181365966797
1.3014416217803957 0.9352711737155914 4791.310057282448 -0.0002577763335056136 0.6116065382957458
1.4926527976989745 0.5883320644497871 4600.752262830734 -0.00045658880385317295 0.7611586451530457
1.3835559129714965 0.7083782032132149 4191.501828074455 -0.0006993901383347651 0.21273303031921387
0.8547855138778687 0.331525556743145 4219.62206786871 -0.0002404651440621327 0.07481247186660767
1.755487036705017 0.47862692922353745 4224.323728322983 0.0002010189504696384 0.12028950452804565
0.9874013662338257 0.8932514786720276 4718.101808845997 0.00026700984797672293 0.8634389638900757
1.69794921875 0.1370823234319687 4649.235434889793 0.00038471916803483377 0.7059940695762634
1.0523272037506104 0.5356697589159012 4296.956676900387 0.0004038610336062045 0.3854714632034302
1.0478233814239502 0.830903485417366 4381.131094515324 0.0003857136652075123 0.7894723415374756
1.544421648979187 0.686449870467186 3981.913531601429 0.00010111042570410032 0.20426088571548462
1.0581774950027465 0.7898529693484306 4605.668841004372 0.00017596186131844612 0.34895867109298706
0.8183386564254761 0.8576030805706978 4727.065159499645 0.00028148790030025776 0.0794571042060852
1.1207879066467286 0.8811892867088318 3998.6780079603195 0.0006446183623836846 0.6238157749176025
1.5662928819656372 0.6646842062473297 4947.7996671795845 9.702646173728143e-05 0.5460034608840942
1.7286423444747925 0.6776299923658371 4719.148973822594 0.0004774312774290655 0.8717938661575317
1.7367577791213988 0.998816728591919 4941.56168782711 0.0005135088150294508 0.6830863356590271
1.062173843383789 0.8991954773664474 4138.4693158864975 -5.975614647529936e-05 0.36116015911102295
1.4384799718856813 0.5413607582449913 3934.951476216316 0.0003374240239567042 0.760674774646759
1.8755477905273437 0.8328441381454468 4593.056956529617 0.00011701408879921354 0.16065794229507446
1.9960542917251587 0.9145535975694656 4579.069419801235 0.00025941244307112204 0.22666949033737183
1.7718905687332154 0.19722633808851242 4896.731520831585 0.0007192477355806708 0.5281438827514648
1.4065014600753785 0.972961038351059 4244.087514102459 0.0001811008988942947 0.012685894966125488
0.9474546909332275 0.3361453115940094 4712.463870227337 6.191884970373212e-05 0.5744724869728088
0.9255967617034913 0.4294787645339966 4471.1297525167465 -0.00024655183115283375 0.7681149840354919
0.9881453037261964 0.4444102644920349 4487.331746578217 -6.313151785563847e-05 0.6547549366950989
1.8989990949630737 0.604083739221096 4142.312497794628 0.00042176504959192144 0.9271570444107056
1.166520857810974 0.3860876262187958 4853.5741946697235 -0.00039156149959448494 0.4903169274330139
0.9696678161621094 0.9142475575208664 4649.492680370808 0.00010477950301247806 0.26644980907440186
1.1999560594558716 0.2853763550519943 4625.931915521622 0.00020599437152323306 0.11388742923736572
1.4740729570388793 0.3014676570892334 4961.7243084311485 0.00039949774941153366 0.2979215383529663
1.3070756196975708 0.6550863981246948 4889.6878235936165 0.00046565697983340755 0.6069499254226685
0.8902217149734497 0.29750504344701767 4866.8120530843735 -0.0002480149023179281 0.5879125595092773
0.9671828746795654 0.13051581382751465 4421.144541084766 0.0008910545397896641 0.7788436412811279
1.071659779548645 0.5210172832012177 4950.409382343292 -0.0005272368381748009 0.17044812440872192
1.8155087232589722 0.24048849940299988 5000.18533962965 0.00044047997361535335 0.35041260719299316
1.553183674812317 0.5011833533644676 4547.177836060524 0.0004691157789508231 0.1426013708114624
1.625559687614441 0.9442851692438126 4441.918529570103 4.739663868729482e-05 0.5508030652999878
1.6675052881240844 0.2555743232369423 4678.275856375694 0.0008613402790350541 0.20874840021133423
0.8395164489746094 0.23278779536485672 4934.5102404356 7.312977915641098e-05 0.4014659523963928
1.226266098022461 0.7052261680364609 4649.268224000931 0.0006257383919209927 0.6497256755828857
1.0224875926971435 0.6906559392809868 4801.639521539211 0.00013751225035731114 0.09371858835220337
0.9564967393875122 0.3879527077078819 4816.983335137367 0.00010611670147133714 0.9353575110435486
1.3241042137145995 0.5497901067137718 4137.378332734108 3.4423252246542426e-05 0.694033682346344
0.9984373331069947 0.8608228117227554 4641.097177505493 -0.0006570986335644503 0.5204980373382568
1.1754303693771362 0.4860440194606781 3931.0173790454865 0.00013815245612914411 0.23841869831085205
1.1754218578338622 0.9542785137891769 4755.512694239616 -0.0011734555045585181 0.007696092128753662
1.9850827693939208 0.5777217373251915 4580.327925503254 2.649805791932995e-05 0.13654202222824097
0.9197416782379151 0.7574310302734375 4864.712357640266 0.0006961366928859761 0.8644158244132996
1.2024455785751342 0.9008844867348671 4926.3740696311 -0.0005579266349896795 0.5975391268730164
1.3834769487380982 0.4936520978808403 4630.7098851799965 0.00020871470927027043 0.2252063751220703
1.023739004135132 0.7398310676217079 4544.506715834141 -0.00018985143448023165 0.15895789861679077
1.3176736354827883 0.46926652640104294 4819.513164103031 -0.0001464176748132301 0.6661497354507446
1.1589257001876831 0.6646092087030411 4848.429583132267 -0.00014554503575326972 0.21493566036224365
1.6697273015975953 0.2745687812566757 4244.1432555913925 0.0006217121625750848 0.30311012268066406
1.1963347911834716 0.24213917553424835 4957.356202661991 0.00015194431694995762 0.7249575257301331
0.8651374816894531 0.6686734184622765 4737.095646679401 0.0005812629935626275 0.19914543628692627
1.1154009580612183 0.8998288363218307 4496.24978864193 -0.0007459654482767828 0.4357452988624573
1.4675577640533448 0.6987584382295609 4620.190542161465 0.00010736060322778248 0.35328352451324463
1.3759987354278564 0.4688456952571869 4461.704671561718 0.0006539775860643044 0.9590447545051575
1.7572972059249878 0.7897758856415749 3998.229095220566 9.262787420826512e-06 0.7143108248710632
0.9413884639739991 0.5732190683484077 4624.778334975243 -0.0005001688341388369 0.8202027678489685
1.1857099533081055 0.4715185910463333 4706.536791265011 0.0002169894066588416 0.8194942474365234
1.1850183010101318 0.6081783026456833 4585.9125072956085 0.0003313600044536256 0.6456294655799866
1.2330882787704467 0.4046003371477127 4149.347252547741 -0.0004998832032188314 0.9221413135528564
1.3280039310455323 0.8621347472071648 4987.851268351078 -0.00013022978970232994 0.5105594992637634
1.4218379020690919 0.5664973482489586 4856.868606090546 -0.00021261896975183916 0.9558055996894836
1.3076085567474367 0.9782899841666222 4604.026404619217 0.000323838931262237 0.6373465061187744
0.9379927158355713 0.9040917009115219 4600.072335898876 0.000573606900539218 0.4886407256126404
1.1945329904556274 0.5617817863821983 4089.5300770998 2.1944981201119383e-05 0.006929337978363037
0.9962401390075684 0.6729013919830322 4403.284908413887 -0.00021390934910431116 0.8640227317810059
1.4377758741378783 0.891265295445919 4698.820321083069 -3.828873779689044e-06 0.9419471621513367
1.015416932106018 0.7027758657932281 4381.498928725719 0.0001896068610606788 0.28045976161956787
1.1648805618286133 0.13961461186408997 4920.845825493336 0.00028582379123071467 0.8139923214912415
1.4465619325637817 0.4802301451563835 4841.4052612781525 0.0007051363033105978 0.26518934965133667
1.0480238676071167 0.9237740188837051 4565.488766133785 0.0008010492625045855 0.07027345895767212
1.0663083791732788 0.5855871960520744 4801.2380039691925 -0.0005410696759224504 0.12254154682159424
1.2072532415390014 0.5675411075353622 4895.447380006313 -0.0002703415983286158 0.43396884202957153
1.5435601949691773 0.8936760127544403 4630.930764555931 0.00014668022230053933 0.7648953199386597
0.8216859817504883 0.3366032764315605 4321.283514618874 0.00023773850326788926 0.19134140014648438
0.9606266975402833 0.34587131440639496 4371.961768627167 -1.5580781572230776e-05 0.46204137802124023
1.40792875289917 0.27350953221321106 4454.014730751514 0.0006559066217769456 0.11931025981903076
1.7961539030075073 0.6555368527770042 4408.6903424263 4.4674126035493405e-06 0.6450628638267517
1.569353747367859 0.5691148042678833 4622.047598183155 0.00019023291542946143 0.8470874428749084
0.9629464864730836 0.24104128032922745 4162.241123378277 0.0005473189766534929 0.1474705934524536
1.0836696386337281 0.35078709572553635 4817.85582357645 -0.0004451329306148834 0.6222525238990784
1.1553447008132935 0.2555530443787575 4485.056778430939 0.0003671155845226159 0.1264427900314331
0.9574841499328614 0.7663565203547478 4647.082084536552 -0.0002465817496506144 0.1513584852218628
0.8743276596069336 0.45556408911943436 4259.018184900284 0.00044950042222566424 0.7642495632171631
1.3223384618759155 0.9670458287000656 4646.725279390812 -0.0007822362887909906 0.15941673517227173
1.1291741371154784 0.4333144351840019 4165.121497750282 0.0005659232547128028 0.90272057056427
1.0049330711364746 0.38504887372255325 4200.39125418663 0.00013009380978337644 0.214186429977417
1.0917013883590698 0.3841681480407715 4383.549142420292 -0.00023013066615716867 0.9737526178359985
1.2506523132324219 0.8962341174483299 3992.748246252537 0.00015598181863015766 0.98675936460495
1.5214783191680907 0.32123133540153503 4613.952860891819 0.0005950630957663239 0.8640023469924927
0.883825969696045 0.8322788402438164 4221.077606320381 0.0002684539814995767 0.41261208057403564
1.8155057907104493 0.6694497838616371 4496.878147244453 0.0006436973451872226 0.8977198004722595
1.661412811279297 0.33342406898736954 4990.1003032922745 0.0001896978739460739 0.6432541012763977
0.907632327079773 0.4817160665988922 4790.599427819252 -0.0004524869055559085 0.17965668439865112
1.2992271900177002 0.7935996651649475 4122.55914491415 0.00022335960829152196 0.0362209677696228
1.8439813375473022 0.34502798318862915 4566.00802642107 0.00030341307158455446 0.9755597114562988
0.887467908859253 0.8775453865528107 4103.331013977528 0.000688301149806597 0.5152283310890198
1.8789855241775513 0.6416226178407669 4657.34418207407 7.854826413644416e-05 0.39135825634002686
1.9700955867767334 0.7766141816973686 4829.3335028886795 0.0005253819777096292 0.6468148827552795
0.9758624315261841 0.7469907253980637 4929.871773540974 -0.0005326906707155721 0.5042334794998169
1.587806487083435 0.542658194899559 4168.041517138481 0.00045351791214352837 0.5678809881210327
1.2763341426849366 0.451089583337307 4133.7780883312225 0.0006109473965624641 0.9970043301582336
1.510458731651306 0.9168678298592567 4458.675255775452 0.0005028177011357046 0.761143147945404
1.1837285518646241 0.8190476670861244 4861.317492306232 -0.00020540298194051388 0.8732636570930481
1.3315422296524049 0.7158870324492455 4143.309882938862 0.00015904371836191278 0.7889271974563599
1.2584511756896972 0.34588075429201126 4065.0410823225975 0.00012638776578710053 0.5745313763618469
1.960982370376587 0.9839666932821274 4835.8221698999405 0.00010347264196760681 0.8048149943351746
1.3678230762481691 0.6160166412591934 4012.5683696866035 -1.061689043825434e-05 0.639582633972168
1.5743840694427491 0.5237391516566277 4778.2245191931725 0.000368820154282235 0.8713178038597107
1.9877093315124512 0.27292686700820923 4562.228038072586 0.000590075932893593 0.3893822431564331
1.8263862609863282 0.880675308406353 4703.4245084524155 0.0005954772614715847 0.10972768068313599
1.8722579717636108 0.3985673114657402 4799.08495169878 0.0005622205382816618 0.5098684430122375
1.9529624938964845 0.8081111684441566 4288.173666357994 0.0007065058799171182 0.08222925662994385
1.370150089263916 0.5373280495405197 4833.996710658073 0.0003986189422141602 0.282853364944458
1.1937432050704957 0.7589369267225266 4642.334519326687 0.0001800133600319357 0.08695930242538452
1.6467351913452148 0.29058998823165894 4535.654550075531 3.1087839081079726e-05 0.0887521505355835
1.653788685798645 0.8521881327033043 4709.030254125595 0.00019264805829963616 0.000686943531036377
1.169819188117981 0.9836697801947594 4266.876542508602 0.0007111115767029914 0.7455989122390747
1.4193300008773804 0.39165303856134415 4073.3713050484657 0.0004500543837225446 0.16000264883041382
1.9339155197143554 0.28721316903829575 4329.411637187004 7.01383961325373e-05 0.6313941478729248
1.7136364936828614 0.8551114201545715 4195.909578859806 9.466356898830155e-05 0.21276473999023438
1.2878777265548706 0.7272844687104225 4910.144055783749 -0.0004743919230858296 0.7693440318107605
1.7233665466308594 0.9687527790665627 4748.413553595543 0.00021650871966768492 0.08950775861740112
1.7214116096496581 0.29981155693531036 4844.10976678133 0.00023342652025181142 0.6750050783157349
1.2822582483291627 0.9216043055057526 4884.858285605907 0.0001230713862487198 0.7214526534080505
0.8704498291015625 0.5043154656887054 4773.575917482376 0.00015496341518113715 0.09483474493026733
0.9031277179718018 0.35460837185382843 4914.954516470432 0.0001382784461048315 0.7051309943199158
1.8057603597640992 0.8950430750846863 4750.907314538956 0.0004778704271181277 0.32286691665649414
1.4842479705810547 0.9351658225059509 4496.499582052231 0.00019633542123860523 0.9645055532455444
1.6661022424697878 0.5628467723727226 4766.579913496971 0.0001613685007871359 0.7968493103981018
1.1874449491500854 0.9563333839178085 4352.798619747162 -0.0008913176632830892 0.4874504804611206
1.4644209384918212 0.906400091946125 4161.069061696529 0.00014060761959706393 0.6390815377235413
0.8474566459655762 0.34118005633354187 4948.018459975719 0.00033521816740607883 0.5113680958747864
1.2476880073547363 0.5084380879998207 4629.567035615444 -0.0002957308037906303 0.9098577499389648
0.9590029954910279 0.45320552587509155 4332.879830896854 -0.0008290290927888853 0.18131685256958008
1.669250726699829 0.8723385855555534 4596.539458215237 0.0004016361657486985 0.5405752062797546
0.9398730516433716 0.2739124745130539 4169.698559582233 0.0002564563203141481 0.37332475185394287
1.5523752212524413 0.9431820064783096 3941.42345058918 0.000292400009411933 0.19436585903167725
1.318325448036194 0.2646549195051193 4265.778703451157 8.447423706501675e-05 0.5106020569801331
1.3377186775207521 0.5498491451144218 4416.817570745945 -0.00038683797936920955 0.3832377791404724
1.9520074844360351 0.732714019715786 4644.053264915943 0.00052234382211125 0.7543804049491882
1.8804615259170532 0.4812222197651863 4253.418102800846 0.0006613919807823006 0.7655912041664124
1.4049557209014893 0.7540835738182068 4655.491597294807 0.0005258249223660302 0.5650185346603394
1.4083077669143678 0.44218526780605316 4663.784261584282 1.3129467868146631e-05 0.16480028629302979
1.8300875663757323 0.9182009920477867 4935.512096822262 0.0002480743691270767 0.9124501347541809
1.1455444812774658 0.8948733136057854 4999.035336077213 -0.00026775686258553833 0.09159845113754272
1.150507354736328 0.3427089527249336 4495.052389919758 0.0002088846904299338 0.3395231366157532
0.8084155559539795 0.6813704296946526 4890.595783889294 0.0006019574952629447 0.1819341778755188
1.4052510499954223 0.17517059296369553 4115.9706201553345 0.00032858857455186696 0.7933169007301331
1.508387064933777 0.6104883626103401 4963.967977881432 -0.00036456210234905205 0.07667595148086548
1.8084808349609376 0.39580705761909485 4138.933132767677 0.0003211780255776539 0.8948943018913269
0.883929967880249 0.36321984231472015 4468.631818413734 -0.00021889801651357122 0.8495065569877625
1.6233126401901246 0.7444192171096802 4488.80904507637 0.0005591534738817796 0.33962035179138184
1.3318779706954955 0.9076626375317574 4354.409161269665 -0.000604344054783843 0.7951862812042236
1.5492810964584351 0.9231594353914261 4506.0841373205185 0.0005705219734235534 0.09136337041854858
0.8734405279159546 0.39524953067302704 4821.998876810074 0.0006522912260524147 0.40571796894073486
0.8257982730865479 0.4729298800230026 4305.258283674717 -0.00038803547911791413 0.7508668899536133
1.4211716413497926 0.5809124708175659 4176.848374307156 0.00036444361104414464 0.3302246928215027
1.2874824762344361 0.9719146192073822 4699.563739657402 -0.00026924140875315793 0.6476147174835205
1.3680378675460816 0.8368915021419525 4346.761548221111 -0.00025196936283777404 0.3956785798072815
1.7057039499282838 0.5486069396138191 4332.477120995522 0.0007563945144049798 0.008680880069732666
1.4677955150604247 0.6896693408489227 4579.053919494152 0.00012524467528417726 0.2332196831703186
1.8971444368362427 0.27650270611047745 4192.154927551746 0.0003856600121969564 0.7955697178840637
1.1436895370483398 0.7254926115274429 4918.343718230724 -0.0008013495741094057 0.6286050081253052
1.8939509630203246 0.17684724181890488 4399.298050582409 0.00016761229562404245 0.09286075830459595
1.0443021774291992 0.3641209080815315 4745.590113043785 0.00033323582749444485 0.9748370051383972
1.1718022346496582 0.29248469322919846 4243.315777659416 8.559206076238885e-06 0.9033987522125244
1.7802232265472413 0.9322373196482658 4806.720939517021 3.3010351894950534e-05 0.214974045753479
0.9715041637420655 0.3890341743826866 4790.307306647301 0.0005063277786948461 0.06530863046646118
1.0519404649734496 0.3401178866624832 4616.811177134514 1.9603368279271135e-05 0.7786094546318054
1.5340493679046632 0.6093428507447243 4633.177116751671 0.00019751000221825092 0.6778467893600464
0.8109726667404176 0.24676357209682465 4220.809033691883 -0.0003824234129159376 0.13993942737579346
0.8401296377182007 0.29182739555835724 4846.630951344967 0.00019433320477081997 0.37406355142593384
1.4905033111572266 0.2895238548517227 4087.351985871792 0.0003722036630702958 0.12520480155944824
1.0933742284774781 0.9261745661497116 4527.999783039093 0.00013372156467078393 0.2451760172843933
1.9418849706649781 0.5414950549602509 4077.7796519994736 0.0004967211142087751 0.6486300230026245
1.0234631299972534 0.3248357027769089 4485.019816160202 -0.00017567381649243914 0.22262698411941528
0.8391392230987549 0.22849901020526886 4605.343632638454 -0.0008375254816712268 0.40444666147232056
1.5961009502410888 0.5785719528794289 4819.073491930962 1.0758458978694972e-05 0.5276080965995789
0.9912528038024903 0.6694514006376266 4907.126861393452 -0.00013730025794007983 0.18239742517471313
1.4555355310440063 0.736343264579773 4818.540519833565 -1.9478015987417403e-05 0.9882631301879883
1.4338386058807373 0.42942968755960464 4260.694006562233 0.0005499674548892959 0.9288063645362854
1.820689606666565 0.28891313076019287 4837.78832423687 0.00021516127788433732 0.9040091633796692
1.077006459236145 0.9460057318210602 4655.235842227936 0.00023759355021651577 0.5959826111793518
1.1926191091537475 0.6590582430362701 4701.0306052565575 0.0005296873539039296 0.8078233599662781
1.452123832702637 0.5109215080738068 4786.261726498604 0.0004446624644653745 0.21506285667419434
1.1858904838562012 0.9150913581252098 4563.328559875488 0.0003084431771988216 0.8739248514175415
1.3065310239791872 0.7690598741173744 4502.509229958057 -0.00025587944954396784 0.24963247776031494
1.0731407880783081 0.27163052558898926 4752.191157281399 5.1788598810225844e-05 0.449024498462677
0.9842438697814941 0.588649109005928 4932.289821445942 -0.0005164679449877273 0.07511794567108154
1.1238866090774535 0.7436750829219818 4994.392994105816 -0.00012215781860698595 0.8952426910400391
1.6578416109085083 0.6985947266221046 4105.693320393562 5.29064507472482e-06 0.24553543329238892
1.1598122596740723 0.4098249226808548 4835.371766746044 -0.0002519846673447258 0.8271198868751526
1.5103866338729859 0.30063918977975845 4496.756827533245 0.0002639233773438378 0.009370625019073486
1.875887107849121 0.7931335121393204 4741.89090514183 0.00035839877610646903 0.5983739495277405
1.469868040084839 0.1577814370393753 4250.558892309666 0.0005326874794705244 0.32029008865356445
1.430700922012329 0.9284043610095978 4731.72419410944 0.00020664262055001132 0.36336737871170044
1.8650447607040406 0.8842094242572784 4212.376270473003 0.0001072566471239782 0.6176496744155884
1.4494442701339723 0.5011947229504585 4799.671876788139 3.800766931616286e-05 0.9242843985557556
1.9365794897079467 0.3329797685146332 4691.951300382614 0.000758179097066591 0.8257666826248169
1.9648073434829711 0.3605235815048218 4488.562232494354 0.00023983751756194574 0.037520647048950195
0.8800002813339234 0.6250932216644287 4671.957096576691 -9.913130467165063e-05 0.6417741775512695
0.9605699777603149 0.800499752163887 4064.339693427086 0.0002042218190763861 0.0766037106513977
1.1276786088943482 0.9124875664710999 4648.929005742073 0.00013568906634096151 0.04950582981109619
1.3977590322494509 0.5394468083977699 4882.091778874397 -4.019903747010492e-05 0.9649683833122253
1.4323530912399294 0.6711327955126762 4445.229633629322 0.0003702850819492802 0.9375948905944824
0.981559157371521 0.9326344728469849 4783.716099143028 -0.00023281162012941736 0.7991087436676025
