 F
       15854      137346           3        2048
    0.186967158907843611E+01    0.541867960623410294E+01
 T
   2
    0.200000000000000000E+01    0.300000000000000000E+01    0.873535156250000000E+00    0.126464843750000000E+00
   0
   0
 T T     0           0
    0.000000000000000000E+00   -0.100000000000000002+101    0.000000000000000000E+00
 T F     1        1789
    0.992232660941267655E-03    0.174103100712011316E+01    0.542702969727660545E+01
 T F     1         259
    0.197265392199845100E-03   -0.244692229955788126E+00    0.535785492310127687E+01
