chirp_mass mass_ratio EOS alpha zeta
1.3370029816525855 0.7284914942054774 4046.9213436729888 -0.0003690447828092216 0.028913709624426673
1.1236103868132794 0.5942074192777816 4549.256884017765 0.0003663870765613941 0.006846164810236143
1.4269872891401556 0.5664591608535583 4858.938656761471 0.00025763539185040036 0.018459141775101492
1.2008037665973446 0.6206627418752078 4893.955222105657 0.00025081134868530197 0.01272395610464902
1.3228070380574384 0.590718628862107 4552.3694848266605 -0.00042763726563987357 0.014290386086385732
1.3411937177530833 0.7350789896325656 4324.802894390475 -0.0005233110820413667 0.015814636391951905
1.4204744449583557 0.6139723192121636 4488.877549160012 0.0005302735764373264 0.020177161679792537
1.4350332958209882 0.622858070963957 4873.077394227388 -9.359852133744197e-05 0.01520928109573353
1.2504534537993548 0.714022326284384 4995.228240202155 -0.00027476893322871213 0.02572557876404874
1.3903546212410107 0.6030421126781798 4384.664445806628 0.00028758375867101983 0.012766662012475418
1.0091382710035708 0.7040198678472946 4772.967552967726 0.0001474872513842446 0.007047066693900331
0.976356539413304 0.5862544345509761 4284.870105319793 0.00046534666668306325 0.005854976970086752
1.3070491544771765 0.6978327956440696 4403.532722402198 0.0008842302672595308 0.02364615061581233
1.1180747874546229 0.7359282028770916 4735.321788957003 0.0004193563216909986 0.011539415911616602
1.1220537672143984 0.7230186826667712 4894.628327155964 0.0004729642431806042 0.009045924552595062
1.490162372310271 0.7013429035811545 4526.11861856797 4.052976476700203e-05 0.03379123681174748
1.386527407543519 0.6427891560208981 4651.063899244903 -7.659799535462217e-05 0.022977777894028367
1.361284390331703 0.6155908629207115 4794.493091460821 -0.0002973773316652836 0.019212931800571622
1.2564616862321516 0.5747715992642866 4994.334342554261 0.00010988522695450485 0.012933029704577246
0.9623051176933833 0.65970989727347 4816.492175982138 -0.0006624681049273824 0.0058795326267106155
1.419858000722185 0.7050895005598392 4899.092566164132 -0.00020963582206757803 0.029820710502658086
0.826132456572202 0.5510721717639631 4869.682688802757 0.0007626937309810116 0.005377783709425926
1.2673860717822865 0.6997981249781176 4878.344762211101 -0.00023534794205619735 0.011077048137438742
1.2643840697176685 0.6331798437540995 4711.672298129854 -0.0003413477189934623 0.013479087343594001
1.1252118992805975 0.7253194263559246 4863.999972509422 -3.8106877001766114e-05 0.008754989517804675
1.447528563721748 0.6803707932286284 4776.61221958095 -0.00019454826996844106 0.025323327131453674
1.2430795380663442 0.7463445718330937 4654.168622783068 -0.0006018272672127339 0.009981484206034771
1.6306618655162537 0.6125912809511727 4130.174283850292 -0.00012353946812693046 0.015642297436328945
0.9636797863897861 0.626890453683499 4987.731225905386 -0.0002857533878739261 0.005376461855378012
1.4060478692383263 0.618874360764222 4211.3273959629705 -0.0005700600912996985 0.0202594302586602
1.1428423028130468 0.5945822404971899 4957.624149086437 -0.0003650399425429723 0.005449614914042307
1.3433748881968626 0.617816473875618 3994.4534487577475 0.0002342505338265501 0.019703461190110804
1.283069450355238 0.5836001191716964 4544.084641530727 0.00026177931882524866 0.016458173837412878
0.9531802769766546 0.6473117081157463 4337.8480470398235 -0.0006183001837069579 0.00691649669500912
0.9817286297618749 0.6343538827351494 4606.933956171692 -0.0001783998731285626 0.006168284973365374
1.438997893253452 0.6041388058679262 4531.450848308217 -0.0002723307576259818 0.01888607044706532
1.201432268588903 0.6418932017984609 4969.557063165797 0.0006857686276038359 0.007203500990361072
1.4599855190799274 0.7158316430495679 4199.845229492013 0.0005477156854199614 0.026253212666461165
1.3881590694895383 0.6129031072736684 4607.880505207463 -0.00019250095841387795 0.016691098659495127
1.2939706947762197 0.6889622210188385 4990.176398220129 0.00018117952434684476 0.02259191692780936
1.1788067748737538 0.6979815937878793 4323.850086352705 -9.399062186679971e-05 0.006204761655778014
1.0681843436910614 0.6252207953145907 4487.5880779257495 0.0003439619348327967 0.0060175392523915735
1.195006203022051 0.672257101224964 4986.978964395073 0.0004254161002326575 0.008090753130014004
1.4809006186271532 0.6875619449347873 4164.38740364598 0.00010293932688511179 0.022898075455009534
1.1267275689035738 0.6821382764331286 4380.519423137935 0.000979434202265459 0.0071686681514377725
1.31632226454804 0.6492267833759985 4573.1524789969735 -0.0001686453848711289 0.01625453876482896
1.1218749244623516 0.6383520279503458 4839.444993291133 -0.0006584303315692654 0.00720051014939744
1.3889398682481349 0.5905849330372221 4905.50621084412 -0.0002652670019554998 0.01371796179818342
1.4403986364546886 0.6007097691987974 4546.922237939545 5.400123179238128e-05 0.014558628875802688
1.375071938626726 0.6277726432800468 3955.5911329565583 -0.0005547829600318353 0.01631550347515752
1.3785806639774059 0.6438401307309233 4891.5997572663755 0.00016640731600960253 0.01551199817431096
0.916098679722707 0.6013244203635288 4995.589983569272 -0.00027016418235648515 0.005214456174791858
1.344396654686565 0.6967732059873997 4052.916919167005 0.00021025634697500545 0.023192840346044925
1.3793567907976763 0.7006364592371903 4774.634724775807 -0.00036245145029452965 0.013617787356510737
1.3344495551692814 0.7046844425115977 4160.098408798551 -0.0006528425019047974 0.010427943348300378
1.275376894739315 0.6582812605711295 4977.755079360798 -0.00010355418647686495 0.013149317339689853
1.0762773752529307 0.6764546116625917 4988.90206582454 8.866347195935836e-05 0.0055928711445126875
1.1488713657129186 0.7056047422303974 4107.044952556955 -0.00018124627359462556 0.007990820590585618
1.5249918933708677 0.6165293727870135 4371.080940897229 1.0313671849510112e-05 0.018515729043513444
1.290152140465942 0.6928909000434492 4086.5729259549184 0.0005868751099519249 0.014208407292613995
1.2918171678178334 0.572967770073866 4666.87414200453 -0.0006884408781625516 0.015973787226738704
1.438629605040768 0.5933985683420929 4390.826659855947 -0.0005652216163673352 0.017459560855692766
1.2672487072632268 0.6554350146101974 4937.306415218145 0.00025333463784039717 0.013988219414475348
1.1264215888253726 0.6943720710919732 4070.332585957154 -0.00022287253593299567 0.007267908318247831
1.4455899794989961 0.6342754639503286 4096.567457114553 -0.0001308593778624959 0.01658663859251559
1.2923683051724326 0.6241513806713488 4806.658088638575 -0.0001322982859572863 0.007582653046493516
1.3851234559680738 0.699746631920069 4153.562799228721 0.00020102570592062287 0.013947512131667544
1.2855443641893742 0.6932228553095087 4454.595853691056 -0.0003731571161457626 0.016840126662291215
1.4420720688181443 0.5234026157847816 4874.495506444302 6.474701830847889e-05 0.014795318294058519
1.0531981735136546 0.6958736555272438 4852.414911711745 -0.0007853872521325912 0.00688576745320231
1.402915808217072 0.62955311323546 3998.185298597515 -0.0004224868260628938 0.020191364564130333
1.2691424908492204 0.671827502883378 4588.434334286754 0.0004982234778948079 0.01600404267622636
1.3901829045097878 0.6465929454017019 4580.026271996405 -0.0001794802841007237 0.013124200160456161
1.3821329673819764 0.7072918217629788 4850.93067186418 0.0004535772325617906 0.017193221999073544
1.181453684073444 0.6258484870054292 4300.884491849023 0.0007241872292813652 0.006714655066733588
1.348826738272334 0.6360230538436813 4240.176474099573 -9.744326331236267e-05 0.02013004847862023
1.348826738272334 0.6360230538436813 4240.176474099573 -9.744326331236267e-05 0.02013004847862023
1.3016925375674804 0.5698880464424148 4740.965274375838 3.898680652601332e-05 0.013729407185528213
1.273455095572134 0.6678515398050638 4037.4577547531976 0.000914199228963283 0.008263487505216625
1.2134676669939637 0.6805135673848739 4999.224566697497 -0.0002053096427335501 0.010764718170474565
1.3391036267071272 0.7211213689680294 4204.151410068691 -0.00026369378717841946 0.02335094679935768
1.5735970496858296 0.5993767082068981 4039.9917533949083 -2.9097822788897123e-05 0.015042083202799705
1.3821267887972204 0.6234170047324512 4020.9413408319692 0.00022106265575944564 0.017976649976491614
1.3476223314410372 0.6461523203268899 4093.434587170728 0.0012894865098182122 0.013354342522966973
1.3533828367179455 0.5860479425715226 4567.18411773618 -1.636304741965378e-05 0.014285403623513453
1.3533828367179455 0.5860479425715226 4567.18411773618 -1.636304741965378e-05 0.014285403623513453
1.3311130253972128 0.7353791036594616 4053.934730442841 -6.738128957716857e-07 0.017676346156125976
0.9298826947521162 0.6112170476108394 4722.642983039768 -0.0009689718745373123 0.006352684676243562
0.9298826947521162 0.6112170476108394 4722.642983039768 -0.0009689718745373123 0.006352684676243562
1.0675597822350995 0.6394258934287204 4487.773009505909 0.00016258812455816085 0.006133025986034284
1.5555743222770437 0.6453049214273023 4537.488815573701 -0.0002831637199120379 0.021158355752441474
1.2428678571076914 0.7090801113786217 4946.075176099458 0.000746411823655254 0.02237360663953598
1.3485982075110334 0.664574577076219 4576.818242553452 2.4759987014587738e-05 0.01972020469303222
1.194815819837745 0.723513665145955 4524.01631715379 1.551223095635026e-05 0.008539057243250684
1.4264237884105964 0.6333373836920494 4798.950570299153 -0.00021052716169607877 0.020240712378320903
1.4264237884105964 0.6333373836920494 4798.950570299153 -0.00021052716169607877 0.020240712378320903
1.090341075522984 0.6717539116503599 4211.478137259681 -0.0007941276304840547 0.006136528512360092
1.4913998573253386 0.7024376598196921 4527.225705264347 0.0007434395553617629 0.032640069512350406
1.3306009921577262 0.5871738612114007 4684.322064967857 -0.0001658772667528484 0.015768001623962732
0.8854132899951727 0.5755878934156098 4805.205018134769 1.2968110747386034e-05 0.005649604411582349
0.9092559600653659 0.6086424536854486 4818.301923031125 -2.4630665713199735e-05 0.005661387760356735
1.3875758916177796 0.6585831759975491 4144.92382404534 1.7575907229257458e-05 0.01809784289029215
1.4191159080502616 0.6672932088309538 4492.097445642372 -0.0005841034503728657 0.016791315355802833
1.510800189449518 0.6754383138934824 4864.470438863328 2.8757799713935873e-05 0.02516601757876298
1.2577176670655927 0.6382738942489592 4254.804363906844 -0.0008818790734639915 0.018551067946342356
1.2489133423276626 0.7081449011909119 4552.540072259588 5.659526093282834e-05 0.008799381506648161
1.2489133423276626 0.7081449011909119 4552.540072259588 5.659526093282834e-05 0.008799381506648161
1.409106146220827 0.618994043118464 4993.667617479359 -0.0004868134165161172 0.017359727229848725
1.3233235592067323 0.6896360627411721 4162.021300587088 0.00044565652915186914 0.023579837182500514
1.3233235592067323 0.6896360627411721 4162.021300587088 0.00044565652915186914 0.023579837182500514
1.437413153618922 0.6435910669877575 4683.772883384464 5.779133509034876e-05 0.018545507707459725
1.363544115376519 0.6466208059258345 4706.1938067622195 0.00018936365975280838 0.02058396629405979
1.363544115376519 0.6466208059258345 4706.1938067622195 0.00018936365975280838 0.02058396629405979
1.3962189262176699 0.6629329222218057 3936.427988532845 0.000751246427542372 0.01647007500084395
1.302991784114665 0.6541116961949407 4382.818576041781 -0.0005459938723184144 0.019679369776730495
1.254799409008924 0.6707976572164087 4486.80388616671 0.00015685393520761565 0.013176886539850287
1.254799409008924 0.6707976572164087 4486.80388616671 0.00015685393520761565 0.013176886539850287
1.0563717932258516 0.6273815792649976 4781.114078610313 2.6092797818615182e-05 0.005845838307524344
1.4076612844430214 0.615589430011227 4408.2150335931565 6.814641374679128e-05 0.01688091578048532
1.4076612844430214 0.615589430011227 4408.2150335931565 6.814641374679128e-05 0.01688091578048532
0.9807412967603619 0.6104072843070867 4365.119257519835 -9.020526196147726e-05 0.005573725171885721
0.9807412967603619 0.6104072843070867 4365.119257519835 -9.020526196147726e-05 0.005573725171885721
1.3341997661188172 0.7044468730496244 4234.468132890613 0.0001389912980068136 0.010828277900065315
1.3341997661188172 0.7044468730496244 4234.468132890613 0.0001389912980068136 0.010828277900065315
1.605246568550354 0.6100310116182764 4160.416162498631 -0.0003491037253619174 0.01639376011463385
1.268603173168589 0.6759179072198921 4842.5729184084885 -4.709201235939183e-05 0.020207411485077174
1.0775836798672014 0.6712761675216368 4733.015446560625 0.00013480968799305072 0.007151535339461359
1.3359865172078598 0.670481695163351 4064.658865874797 -0.00024402332462644953 0.016720590543978415
1.3359865172078598 0.670481695163351 4064.658865874797 -0.00024402332462644953 0.016720590543978415
1.368392551157791 0.5783405218636106 4915.030208215007 0.0004532165798205054 0.016381070292612807
1.4654900053009356 0.6282032825460908 4832.719984268215 -0.00043235286517565036 0.01746762137708499
1.394162515609949 0.5955214112886519 4920.209860538026 0.0002485661299804329 0.018760944860295333
1.394162515609949 0.5955214112886519 4920.209860538026 0.0002485661299804329 0.018760944860295333
1.2981088537150383 0.6823721707410325 4574.678919111079 -0.00035917511230054017 0.02150104197877266
1.3646882220046135 0.6506976871249202 4404.16298199441 -0.0004908447725219278 0.0172185435149765
1.5483610221938515 0.6288087491063138 4849.055927175193 -0.0001711817073973012 0.02088397272241116
1.1750632601070519 0.6503811608203263 4532.49908219073 -6.67397955465828e-05 0.00623428513753455
1.5037628651532244 0.6493191512314713 4305.430409876828 0.0004348927525338984 0.02030681099310144
1.5037628651532244 0.6493191512314713 4305.430409876828 0.0004348927525338984 0.02030681099310144
1.2858314493639513 0.6512869404990045 4762.630605925541 -0.00036306602845450313 0.01781806605252853
1.5189954429967518 0.5749922901378383 4524.6692734948265 0.0001465592024258488 0.014546792590986778
1.5189954429967518 0.5749922901378383 4524.6692734948265 0.0001465592024258488 0.014546792590986778
1.376375297645041 0.5594391390242797 4471.991321132984 4.065707312691238e-05 0.014111121524840807
1.1489113057584082 0.6312336889472858 4772.908822014039 0.00021541908898725708 0.007278060074390783
1.25612334686356 0.6263787368475205 4136.3066783224485 0.0001224453858624142 0.012710269924617393
1.1083557557953272 0.6587121196243871 4801.134528495289 -5.1211222762286395e-05 0.006134079060112511
1.1083557557953272 0.6587121196243871 4801.134528495289 -5.1211222762286395e-05 0.006134079060112511
1.1849047453521115 0.6107058636311494 4904.5932450739465 -0.00027601026805741056 0.013815771164807315
1.1433578492491887 0.6896027740504489 4623.15007074838 0.00044561831367592665 0.007650328531495403
1.1433578492491887 0.6896027740504489 4623.15007074838 0.00044561831367592665 0.007650328531495403
1.2347148738664144 0.6941562074009274 4308.476808946055 0.0009258690050813131 0.01381723144058522
1.2347148738664144 0.6941562074009274 4308.476808946055 0.0009258690050813131 0.01381723144058522
1.224245555326505 0.663816845260062 4149.190221748317 -0.001002782232731061 0.00935267710550432
1.224245555326505 0.663816845260062 4149.190221748317 -0.001002782232731061 0.00935267710550432
1.0504601405511744 0.6229688532599459 4224.132286686899 -0.0002488114389817381 0.00569335025609602
1.0504601405511744 0.6229688532599459 4224.132286686899 -0.0002488114389817381 0.00569335025609602
1.3209327736141048 0.6678210773857558 4077.285425462512 0.0011994770207218173 0.019424985828853658
1.1481049781840533 0.710416332149501 4552.866679266426 0.0001689199226814489 0.007544809555383603
1.2862907043658622 0.6990738091676117 4827.655598355025 0.00013315825118539928 0.016419269048393352
1.540990146019332 0.6083462886161781 4598.4185788954355 -0.00010426518075834132 0.01860405580519276
1.540990146019332 0.6083462886161781 4598.4185788954355 -0.00010426518075834132 0.01860405580519276
1.3278619261297113 0.5894384734570044 4298.036112770123 -0.00025861080591070616 0.015266896103127639
1.1530233786328117 0.6667016118750522 4217.9797073707605 -0.00012767027616196475 0.006923659870561745
1.15864582268885 0.639412765330145 4584.397806448839 0.0001554459816016521 0.008928135372952036
1.4773701452773853 0.6386441116646371 4304.268202072751 -0.0003465511353430553 0.018681537369680565
1.3585780844836242 0.6236630209890017 4839.966606432903 -0.0007464206542595617 0.01873070725504235
0.9391168749434805 0.5849611583293925 4884.504420980447 -7.801124738977664e-05 0.005546470757942761
1.011898872405681 0.6264220216575134 4765.7430695772455 -0.00034097015335846716 0.006244385353692791
1.232589488148931 0.7088734081769399 4685.00019486534 0.00028395087592275657 0.011817396993917222
1.3025270450932118 0.6206565163784097 4666.640362955304 0.0011819205438463154 0.016054102965648475
1.145858086829079 0.6556231239388604 4825.254289110144 -0.00032862921623835647 0.006736137639124711
1.142860214036555 0.6826261236404211 4656.355974467442 0.0001802178527505723 0.006744137258276647
1.303430323199911 0.7273049499793771 4751.821054342832 5.1430544467809075e-05 0.012982254866053826
1.303430323199911 0.7273049499793771 4751.821054342832 5.1430544467809075e-05 0.012982254866053826
1.366262069693767 0.6064747548473535 4920.995632982044 -9.135339676395178e-05 0.01890879834521381
1.105962850261847 0.6584066864071767 4217.299685901121 -0.0007957489199355454 0.006118631601298491
1.105962850261847 0.6584066864071767 4217.299685901121 -0.0007957489199355454 0.006118631601298491
1.3146053856713056 0.6874628632282829 4663.513751144443 -0.00023407055470327576 0.02163870356823363
1.0697213919745034 0.6547047953173225 4868.388572468757 -3.30408658214585e-05 0.00733328659721958
1.477225868174738 0.5975669578226561 4191.580017235912 -0.00018885632885933838 0.017464749980619504
1.477225868174738 0.5975669578226561 4191.580017235912 -0.00018885632885933838 0.017464749980619504
1.303619368921943 0.6267131232460871 4178.440997945109 0.00047804547053858934 0.016436857870943147
0.9884544074545831 0.6429773568415205 4740.526983634914 -0.00034768559280189853 0.006207435417731604
1.2653630293045568 0.6809426831634047 4676.918112119975 0.00011147776282557696 0.01285186136685144
1.2921883296871508 0.6722812814852036 4200.7672557272535 -0.00014407587580960013 0.01917730965461118
1.537723713145796 0.6594467583069678 4379.057231690648 0.0004598213658456875 0.020840098273508093
1.41688496590283 0.6752214340877704 4126.981789947783 -0.0009617680096375321 0.020780106869413534
1.2233614816673737 0.7048652519776637 4574.227426373706 -2.1767644056096033e-05 0.0129120787620549
1.1837343513694636 0.6498865632469452 4332.547095824681 -0.0007701449773737301 0.006864761495351121
1.1837343513694636 0.6498865632469452 4332.547095824681 -0.0007701449773737301 0.006864761495351121
1.374232140504779 0.6466960063140459 4605.944919546291 0.00010561032903269623 0.016856520103590147
1.374232140504779 0.6466960063140459 4605.944919546291 0.00010561032903269623 0.016856520103590147
1.2794061138300092 0.6435961008512074 4808.9268453637005 -0.00016537104770114906 0.020538141392858526
1.2794061138300092 0.6435961008512074 4808.9268453637005 -0.00016537104770114906 0.020538141392858526
1.1944691000081322 0.6457505484861058 4616.153604210315 -0.0009482734138258936 0.01493376127753359
1.1944691000081322 0.6457505484861058 4616.153604210315 -0.0009482734138258936 0.01493376127753359
1.0471112770290807 0.6573049226957081 4404.6428501129185 0.0006280659584287365 0.006712772400432483
1.128509089322199 0.6992314285358077 4972.192981650093 0.0001273101319002543 0.007574723685466844
1.1463930378106322 0.6984004182250291 4306.650118903494 0.00020804251670583873 0.006410585028285065
1.4010060239167086 0.6160344654666501 4858.910379955275 0.0011442833468605599 0.015865009784502032
1.4547424643824405 0.6403834377418705 3992.8641001395895 -0.00044621482362528457 0.019569477517437813
1.1355360351403498 0.6943699098431318 4951.8899875494035 0.00013535664905624465 0.008037168980271505
1.4439068590319528 0.6308713720351337 4655.817524234489 -0.0002577583186711708 0.01888393060251482
1.4439068590319528 0.6308713720351337 4655.817524234489 -0.0002577583186711708 0.01888393060251482
1.2364428400496172 0.6356001810046887 4872.830063251344 -0.00029601665507956494 0.008163460424871634
1.3173218025398978 0.6451939676119762 4548.828676540223 0.00024161441383316592 0.016070189262679696
1.3340753778940302 0.6423784584665775 4269.786727844247 -0.0001532379379317228 0.015560957198673269
1.3302171623167356 0.6131249378954347 4588.324093930206 -7.383895993165727e-05 0.016846992134327884
1.3302171623167356 0.6131249378954347 4588.324093930206 -7.383895993165727e-05 0.016846992134327884
1.474853349459146 0.6421470132115757 4095.8673508950155 0.0007029224549479259 0.01890376493049407
1.3184615823208494 0.6711574178937307 4425.415547585746 8.179850978302901e-05 0.02110599710640126
1.3184615823208494 0.6711574178937307 4425.415547585746 8.179850978302901e-05 0.02110599710640126
1.381284428099983 0.6443287989871443 4810.526980283329 0.0004489529551534547 0.017354543030427952
1.381284428099983 0.6443287989871443 4810.526980283329 0.0004489529551534547 0.017354543030427952
1.3372913951422605 0.6186628500348049 4459.053377285589 -0.00018204251725452027 0.015173488769573026
1.3372913951422605 0.6186628500348049 4459.053377285589 -0.00018204251725452027 0.015173488769573026
1.2794871983692009 0.6524523937832317 4967.067634062526 -0.00045297674990127823 0.016695828400227743
1.1001376374346623 0.6934699304656905 4799.358008031397 4.125822378103563e-05 0.0069320479193318366
1.3930413596658742 0.6612794340735555 4774.121651230471 0.00017135300363330284 0.01541086896271019
1.2364220178436194 0.637916086436867 4656.7366153485045 -4.98905182952545e-05 0.010038067900775358
1.2364220178436194 0.637916086436867 4656.7366153485045 -4.98905182952545e-05 0.010038067900775358
1.1435649027820507 0.695892202654546 4492.726087090714 -4.506097454682332e-05 0.007070850015679938
1.2769670338408083 0.6784901412507819 4863.881642372146 -0.0002663790746639941 0.016829852157770036
1.2769670338408083 0.6784901412507819 4863.881642372146 -0.0002663790746639941 0.016829852157770036
1.0669771703671604 0.6435570885377572 4761.5873747229025 0.000159344194541509 0.005963249228339484
1.0669771703671604 0.6435570885377572 4761.5873747229025 0.000159344194541509 0.005963249228339484
1.33075307382081 0.7020480515464129 4281.12084536198 0.0004044628913829154 0.017952007650531142
1.33075307382081 0.7020480515464129 4281.12084536198 0.0004044628913829154 0.017952007650531142
1.1852858873849463 0.675991789781467 4448.412064004932 -0.0004868414645912263 0.009744503394051036
1.1852858873849463 0.675991789781467 4448.412064004932 -0.0004868414645912263 0.009744503394051036
1.4253857700797572 0.6585483486948067 4725.328581800692 -2.1525091158466787e-05 0.02108553031193785
1.4253857700797572 0.6585483486948067 4725.328581800692 -2.1525091158466787e-05 0.02108553031193785
1.3482792042626082 0.6556714739929822 4503.61108440486 0.0005001001008374434 0.01941676116530009
1.468770629641376 0.6338234862295588 4568.488571423218 -0.0007356237268528488 0.019416957363961394
1.468770629641376 0.6338234862295588 4568.488571423218 -0.0007356237268528488 0.019416957363961394
1.3072290413702978 0.6594668336795255 4719.611042912155 0.00038316559353156166 0.00856585929392892
1.3072290413702978 0.6594668336795255 4719.611042912155 0.00038316559353156166 0.00856585929392892
1.3671861336182063 0.6027110555946138 4993.807939921685 0.00025652486796931865 0.015693776538913073
1.3671861336182063 0.6027110555946138 4993.807939921685 0.00025652486796931865 0.015693776538913073
1.3175345919150845 0.7323394778539742 4413.437806102463 -0.00011894012045165115 0.01276502411085284
1.2936027151477825 0.6216856459994041 4147.067467524746 0.00016835171830785933 0.015902649843641495
1.1068428150698497 0.6392537842927977 4253.904586911264 -0.0003190330861643839 0.006368208402760123
1.3639327102010403 0.6906719963591602 4585.346863957459 -9.323128539319978e-06 0.013207831922646265
0.9631294979853089 0.6000681002453573 4817.002346653133 -0.0001183786086272218 0.005906475158005847
1.3694965300170825 0.5912530663299949 4522.039608960751 -0.0005218102919846877 0.015877146589435932
1.3694965300170825 0.5912530663299949 4522.039608960751 -0.0005218102919846877 0.015877146589435932
1.3555244530173824 0.5734407692480301 4186.5493444623135 -0.000491547617626012 0.014940285813909486
1.3555244530173824 0.5734407692480301 4186.5493444623135 -0.000491547617626012 0.014940285813909486
1.2304252895063317 0.6269003400669273 4429.440268999085 0.0005509218120024211 0.01651348774180703
1.2304252895063317 0.6269003400669273 4429.440268999085 0.0005509218120024211 0.01651348774180703
1.4489787848327689 0.6651608112126554 4773.538630737689 0.00040190474720127646 0.02280005828143097
1.0700758621177462 0.6373205516555362 4685.13730499976 -0.0002794533224803202 0.005845058020837019
1.279128608094822 0.6786103940199593 4681.10331215994 0.0003256576302430629 0.021636425566508907
1.279128608094822 0.6786103940199593 4681.10331215994 0.0003256576302430629 0.021636425566508907
1.4287114581987534 0.6576486708531879 4853.657180174377 0.0003420652260335258 0.01850389933015802
0.9540690330763621 0.6064020211196719 4949.307360788004 -0.00020991709820918596 0.0061912844463245425
0.9540690330763621 0.6064020211196719 4949.307360788004 -0.00020991709820918596 0.0061912844463245425
1.3136126868390159 0.7007191836596561 4884.208418675503 3.79282146563192e-05 0.026171374277634066
1.247043853338846 0.6948534790707135 4270.526447094002 -0.0004277698877888278 0.010083257020975197
1.247043853338846 0.6948534790707135 4270.526447094002 -0.0004277698877888278 0.010083257020975197
1.2859865151851162 0.6938016990640286 4566.9855257439385 -0.00031704772644445373 0.008558620547323138
1.10418752407382 0.6549786097287393 4249.570134310232 -0.00034898238017075025 0.005709803782016637
1.376981153401566 0.6212732781793626 4966.604968594453 -1.13689667607647e-05 0.019858312091535386
1.356205877314275 0.6017131492546393 4897.904789677584 -0.00038396006695408304 0.016755412250860878
1.356205877314275 0.6017131492546393 4897.904789677584 -0.00038396006695408304 0.016755412250860878
1.3201358535841379 0.6856259241124628 4862.823329942982 -0.00027136005448101123 0.018464802862029277
1.3201358535841379 0.6856259241124628 4862.823329942982 -0.00027136005448101123 0.018464802862029277
1.3158143798067505 0.6739466510558971 4420.600815981354 0.0005157193421290443 0.02196506758833184
1.2643650362940462 0.6275701087681509 4732.089524788014 0.00017483192504080217 0.011784917032877464
1.0638795819133047 0.6241123091286327 4747.358195017564 0.0001362324198834203 0.005760190078541076
1.145907355957295 0.6903308672213966 4801.508722911491 -0.00039029833610622274 0.00802065089033926
1.1246337810776221 0.6675141367773955 4113.627843747833 0.00034644208548638406 0.006359262874829502
1.2010536740251612 0.6152828454828327 4829.333514195527 -0.00040143294080470526 0.00973383737904986
1.2010536740251612 0.6152828454828327 4829.333514195527 -0.00040143294080470526 0.00973383737904986
1.2674808224378982 0.6466868884537632 4623.423478799322 -0.0008406354149666975 0.01965787005377759
1.1795923479840704 0.666563287418431 4558.470993287081 0.0004859699169167084 0.007322063702955218
1.4286103806385904 0.6120775613818495 4560.383223384205 0.0003358076076852798 0.01645990775247087
1.373046595646933 0.6664985685632622 4755.025958884938 -1.321141986601035e-05 0.021291835824075633
1.4307776539621586 0.6365382559155612 4945.479448374529 0.0001643836336432659 0.01861974063449193
1.1411218250615502 0.683408099328245 4295.903122884731 0.00023741124931478633 0.006964639912672166
1.3337452570863908 0.6838609571844081 4060.4377456394395 2.2162809559506915e-06 0.007663511647090584
1.3337452570863908 0.6838609571844081 4060.4377456394395 2.2162809559506915e-06 0.007663511647090584
1.334127153092033 0.6432230564562778 4308.8149114977805 0.00019122928261596823 0.019130069025846838
1.334127153092033 0.6432230564562778 4308.8149114977805 0.00019122928261596823 0.019130069025846838
0.9875454214033462 0.6245183990577594 4814.613532830063 0.00010460505156828071 0.00590631435066554
1.2583806343435766 0.6361176825208275 4875.886365417422 -0.0002599871704904241 0.012004322759214956
1.2583806343435766 0.6361176825208275 4875.886365417422 -0.0002599871704904241 0.012004322759214956
1.2913912966413168 0.7279313395453773 4039.3135708435993 0.00013270356090681337 0.01014989780935172
1.062253385374522 0.6771426070372348 4671.618319872341 4.267042455183533e-05 0.0066456607550029
1.2075972090150988 0.6755468862265048 4189.59908801906 -0.00013684633423664578 0.007065968385191778
1.4274214924987416 0.5937217768172951 4882.995945506104 -0.0002670884040573373 0.015824173565180694
0.9715828653617546 0.6128145232564596 4939.795602654413 0.0004140983434269453 0.00582262288804026
0.9715828653617546 0.6128145232564596 4939.795602654413 0.0004140983434269453 0.00582262288804026
1.1928557176567767 0.7107737077594207 4795.299757744609 0.0007375913152540321 0.012778504550919206
1.4615921249272794 0.6284471802084954 4784.299709641461 -0.0002292543373495121 0.016677354520951405
1.1809058099686593 0.669505259427613 4373.4203527677555 6.830991113725233e-05 0.00883277776493389
1.2531808239962707 0.6706311895658673 4484.3437619249125 -0.00035681410725823604 0.01726965279048369
1.2531808239962707 0.6706311895658673 4484.3437619249125 -0.00035681410725823604 0.01726965279048369
1.4018466050579894 0.6663537375839317 4835.695215980997 -0.00014877164060524332 0.020773470140279485
1.3703713658546683 0.6049023117421644 4986.542452076285 0.00042329176158428653 0.015446013272343042
1.2464616814613774 0.640801297710617 4351.972952564315 8.266071139384275e-07 0.008973594079959638
1.46285689512963 0.7059853607091912 4831.495820133801 0.0002023465128147824 0.028422567536704
1.249294207845645 0.6194490234617012 4905.175475462377 0.0002533970468865096 0.011609427058582394
1.4226721527098003 0.6898728431396245 4899.181604523017 0.0006650018450112433 0.0274318657031138
1.3747218042554414 0.7084330750134219 4635.7993982513035 0.00045886457640767855 0.018682693241702363
1.3747218042554414 0.7084330750134219 4635.7993982513035 0.00045886457640767855 0.018682693241702363
1.4289811341069936 0.6744097479654255 4442.767431039197 -0.00012260599383177035 0.02125281841930333
1.3099993227314792 0.6196221300958165 4362.289845968066 -4.6051988288955274e-05 0.016476712398780395
1.1186480325252386 0.6453629156701904 4201.0719132319855 -0.00035980947524189976 0.0062862117901483884
1.4138809474943166 0.6524320964474818 4236.136653391616 0.00015675227258932987 0.019855642016897903
1.4138809474943166 0.6524320964474818 4236.136653391616 0.00015675227258932987 0.019855642016897903
1.33636735699075 0.585998837983955 4652.500312990496 -2.720700545393081e-05 0.01516667024169065
1.1178424055010734 0.6590872732473575 4963.524874779983 -0.0004943770551572264 0.006269034047660408
1.1468799505482514 0.6720458241176155 4820.620465771501 5.0929227700086135e-05 0.009727737349243908
1.1518197976942264 0.6798073749195976 4143.824095789798 -0.00011117104491479298 0.007049752838758755
1.1600301079898805 0.6928876655124698 4761.672653807025 0.00047546174242816516 0.009722903952429397
1.2557353013806725 0.6147559877753612 4354.531294977233 0.0005941029306436673 0.016564645438238976
1.1204680937653442 0.6801446630500624 4972.599978389312 -0.00013378781207522815 0.007149710761371129
1.1204680937653442 0.6801446630500624 4972.599978389312 -0.00013378781207522815 0.007149710761371129
1.374980730986385 0.63455370261324 4949.859859523158 0.00012951905493878134 0.01649024083176215
1.3628862775276969 0.6601602507425862 4557.561600673256 -0.00024891883152908186 0.013609270609578141
1.3153453637210213 0.6259616193558779 4824.2773825350905 4.8528939850909514e-05 0.01491322236346151
1.2857711643892225 0.5788215750824645 4613.053083077451 0.00011475775118661436 0.01577883265192039
1.4390574091348118 0.6149148651172807 4796.299070414809 0.00028975215456734194 0.01608838911173019
1.28844035386428 0.6566676639993096 4980.168763322984 -0.00012991423397344442 0.015282552829991115
1.28844035386428 0.6566676639993096 4980.168763322984 -0.00012991423397344442 0.015282552829991115
1.361112048746656 0.6909629127112549 4840.411945110096 -0.00035623060256938303 0.022092215748924976
1.2598583296463444 0.6687537458907948 4365.148666352968 0.00017555782402109248 0.008850903001533144
1.2209328448015648 0.7213201079567171 4366.925346713474 0.00032231263219855273 0.008373485474065613
1.2209328448015648 0.7213201079567171 4366.925346713474 0.00032231263219855273 0.008373485474065613
1.087511427764633 0.6712588244891177 4413.8513448678295 -0.00023462889618787607 0.0066418367508663655
1.276987182363692 0.6188316224732688 4286.642238762622 -0.000151908175859817 0.015463460882660181
1.0997049827710574 0.6542341136458669 4140.656088271378 3.96162264378183e-06 0.005870466502007428
1.0997049827710574 0.6542341136458669 4140.656088271378 3.96162264378183e-06 0.005870466502007428
1.3058295120467807 0.5893136088772779 4829.816383056202 -0.00025542717259760013 0.015318580005712104
1.3058295120467807 0.5893136088772779 4829.816383056202 -0.00025542717259760013 0.015318580005712104
1.3441043804757669 0.6471744308076512 4576.536476301701 -3.2871194421207626e-05 0.020082975737116752
1.3086985969819254 0.5747004217187675 4867.432377765705 -8.262132995020119e-05 0.015567586232374182
1.1312421112386646 0.6428236195329047 4767.325582143638 -0.00013694407233835428 0.006513220903734536
1.411599405030529 0.6875059033217935 4105.318877788711 0.0005442093489598866 0.01267587770797515
1.1730335501119349 0.6256000979683255 4138.807818620857 -0.000306171283560423 0.013681711968819277
1.1730335501119349 0.6256000979683255 4138.807818620857 -0.000306171283560423 0.013681711968819277
1.3543552351770343 0.6694316700276055 4605.057588879686 0.0004135332339045194 0.018738436350980416
1.2561799218062402 0.6203721930642235 4482.152397760086 0.0004576508853881036 0.01717418103654035
1.2561799218062402 0.6203721930642235 4482.152397760086 0.0004576508853881036 0.01717418103654035
1.312575232981968 0.6172936288636028 4722.387556503907 0.000935285900123343 0.01708988966137632
1.4118141765085155 0.6111360723325863 4731.575523626697 0.00011107673078595209 0.016420977027682762
1.4536221469405382 0.6639450700489454 4869.187863491696 -0.0005226698704717786 0.02122172102447754
1.421268088677369 0.6027881161655332 4910.632280497379 -0.00041546088174569223 0.01727362849981052
1.013282703056184 0.6130498123411952 4957.832223441806 0.00019822255432789512 0.005591561734707141
1.3421253220958649 0.6057356273285206 4857.611250694214 -5.138339049743198e-05 0.01803026221552651
0.9799677518070378 0.6325454084330621 4731.909237334086 0.00020676205356327617 0.006004569022351779
0.9799677518070378 0.6325454084330621 4731.909237334086 0.00020676205356327617 0.006004569022351779
1.0726504511752206 0.6689728521681028 4886.870114199158 0.00016826810017266385 0.007341415464011058
1.3295117866186357 0.6508902788181704 4371.303658294798 -0.0006586867067982866 0.013234893380200917
1.3086606275875645 0.6445710154632667 4792.45687979574 0.0011305621795630724 0.017125096240640503
1.526211572146337 0.6612686369210207 4850.724422262867 7.678469958883314e-05 0.020683910168893014
1.2960838997077304 0.635037557290863 4951.098570329215 -0.0011552646735413284 0.015344900102068964
1.3029474414273494 0.579689029152881 4619.606916638704 0.0001937356060305157 0.014950863878400462
1.3029474414273494 0.579689029152881 4619.606916638704 0.0001937356060305157 0.014950863878400462
1.1239909250429894 0.6800630320918228 4874.021705539424 0.0003614771606717763 0.007846730308216695
1.350227167856039 0.6210631216909448 4110.862394280887 0.0006278194537222338 0.017623670099641296
1.0566903033382442 0.6487778883415142 4704.8893685470575 0.0006188727495476457 0.00649437683898014
1.368535216236881 0.7197509261271182 4344.014843107174 6.6220233367671055e-06 0.019558974384517886
1.229067978918742 0.6247265915169495 4881.850599870084 5.917909662612323e-05 0.012687769529335504
1.2894199433284739 0.6132399579777699 4973.956917322412 -1.8564201562561015e-05 0.015657389153501025
1.2894199433284739 0.6132399579777699 4973.956917322412 -1.8564201562561015e-05 0.015657389153501025
1.2511193707437165 0.7010004755708125 4511.141784439271 -0.00014910942133634412 0.009956594389106363
1.1898173335259439 0.6600349717045582 4467.034539667319 -0.0002723502511504691 0.007858680925710616
1.3316642260947482 0.6412650169307306 4554.540718029954 0.00036301199679478695 0.0191056375664667
1.3561875395986345 0.6672358188830683 4275.654314443193 -0.00017493811360702916 0.016830975365405558
1.3561875395986345 0.6672358188830683 4275.654314443193 -0.00017493811360702916 0.016830975365405558
1.2381924264196744 0.6159414110131872 4880.25919992043 -0.00038080789064972795 0.015192313696066969
1.1143407536480803 0.6473781465524974 4821.555052031007 9.592589316399733e-05 0.006749150584494393
1.3204994058719532 0.6290333917487925 4652.243823653599 0.00019581325240869735 0.01850943588583626
1.3365945599766187 0.6821164644235601 4822.565418317566 -2.4424638051760405e-05 0.0208015019916878
1.3872196937979537 0.6382744893450419 4940.090744681771 4.734484140466402e-05 0.018082017172764697
1.2346222082148746 0.6292664650051183 4459.952387748063 -5.655056547448968e-05 0.010105359160321977
1.2346222082148746 0.6292664650051183 4459.952387748063 -5.655056547448968e-05 0.010105359160321977
1.4219806233321814 0.6756671788971114 4413.58141571023 -0.0004784671507926529 0.0220766597038037
1.404457362603201 0.5923794158227648 4732.4570733760775 0.00022831441644436326 0.015889839188982492
1.1878408475949875 0.6451284973409428 4710.454413712912 -0.0002901863414494315 0.007626724743257605
1.3540229975686309 0.5993718830455825 4942.73329062583 -0.00043171022566658137 0.016918515138424586
1.2739467559800284 0.6770143976549555 4562.985759582925 -0.0005154348379133775 0.01949103220243743
1.3175050238769812 0.6800021966247574 4937.1708173293155 0.00025984430038930757 0.02493010375546361
1.3430580867458648 0.6564238799703783 4728.286383218047 -9.648359569551263e-05 0.021744306137175845
1.1896874907121826 0.6631369772853264 4463.9876284516395 0.0004359380174012164 0.01007779084954306
1.3891922681060582 0.6210121102558193 4677.613198550846 0.000529491494461893 0.01844998462976026
1.268560044863913 0.6764982889995699 4995.919704595378 0.00017014495806988962 0.018570231588900206
1.5010050122845502 0.6690216242336908 4366.996485788498 0.0004909744490766079 0.022350912035448502
1.4043434897025644 0.6065247479418387 4931.383825183221 -3.957835515672197e-05 0.01702797918414184
1.2697694735355238 0.6704629123412081 4940.472683931097 5.919529000994468e-05 0.009779728538896287
1.1006641153286911 0.6737918118071458 4512.548267948155 0.00020283535063308556 0.006632072750895044
1.1235640512285046 0.6703923680564381 4843.918004026606 -8.385315944330219e-05 0.006698970703010018
1.358138802670718 0.5934437674742485 4981.9612974984575 0.00022303501383779458 0.016017630738396838
1.3176481142057979 0.6068568318327443 4705.00418617746 -6.417867670620762e-05 0.01601060903498175
1.413331471249203 0.6296757782530806 4949.355623504782 -8.884488944440683e-05 0.018820769098453986
1.4002766263905635 0.6773165609784854 4551.807059044168 0.0007583999010160598 0.023132571500143286
1.3126736479552208 0.6748581597171626 4907.352122109296 -0.0005687366057901489 0.020450003720403308
1.1559433840025726 0.6615367808158272 4679.231674630208 -0.00012817414837035221 0.0063941176728410385
1.4066304966236611 0.6316895281549817 4569.3872024549455 -0.00011653450614383456 0.01772116393292366
1.1891796893847777 0.6929226796118918 4552.638347875362 0.000791661403747212 0.007562837700864881
1.2199328291334257 0.6462216155352747 4972.2264760484795 6.451033718420252e-05 0.010575345645041034
1.2236533760326942 0.6799206577219978 4957.5356311052155 -0.000357913859867737 0.009231920417958698
1.0374787737080433 0.6522806306766321 4947.609377949037 0.0007723859053757701 0.006614859219732435
1.3593838747602176 0.6407333081316056 4650.9870530266435 -0.0007000789503903738 0.01766045253243368
1.2071094325451832 0.6317781578879536 4977.1799769247045 -0.0005988196406433547 0.009063736435584224
1.0723231563718045 0.6334441111247395 4300.894539142666 0.00027505158586118287 0.006516650224940435
1.344695405697655 0.654793365453947 4549.850583312075 3.7696940577772426e-05 0.01829489988469416
1.1959068644475548 0.6842208821444499 4962.012042879999 0.00011387379869841757 0.008334905532403947
1.2810368094919902 0.6832170312200875 4366.8547425647985 -0.00033829187596911864 0.00782579255212104
1.221802425701791 0.6731265724226535 4601.09114065699 0.0008649055235400811 0.014423999892128867
1.3158789006129854 0.6562188061323696 4814.138034226798 -0.00017491556738463078 0.011286926754413413
1.3204040847929248 0.6033686973572153 4936.162638626267 3.980957501693376e-05 0.01724991649714602
1.4275772794066137 0.6861785238294987 4636.635882523955 0.0003277455901986711 0.025357840864498698
1.274921195215883 0.615650909038382 4925.959800573359 -0.0005578025672978224 0.01658085043411512
1.2848971546549053 0.6958839218604861 4659.094201105732 -0.00030756233007520056 0.009298624680108537
1.1969295214918187 0.6943303611365628 4403.956923538126 0.00013223522692627359 0.008722820911847503
1.1616970935754218 0.6797823255827733 4736.566240617822 -0.0004088299009484736 0.007492147994804271
1.3327701724694412 0.675904025037207 4901.853755110072 1.811283027358551e-05 0.01703033863593485
1.2315557485069708 0.6951884426974707 4737.622254733325 -0.00034255561761098186 0.011529890252193439
1.1569583500835354 0.6824704442030014 4795.486623187297 0.00031633338343489806 0.009855783767881382
1.3929224797107456 0.6384562564449847 4569.565410540622 -1.8270670413217314e-05 0.01828260630152698
1.357925837953962 0.6136066548261399 4771.646430150939 -0.0003874541729881581 0.017643886842677155
1.3381590435967337 0.6341353937066485 4934.395524059115 -0.0009006267344670341 0.01899207339287664
1.278285725391018 0.6112747754948913 4881.002363272951 -0.0008144324801984129 0.015802439496611892
1.3808525976225967 0.6640631852816918 4933.819254859228 -6.208976768498573e-05 0.019661957575230274
1.1946268961327648 0.706247324631607 4969.25061304536 -0.00014970513553406198 0.007303148250719287
1.1318038521135705 0.6573353311732951 4849.317178989294 -3.8291427156523514e-05 0.005774931110352327
1.0675152109364037 0.652894025795407 4933.399665583033 0.00018046863755082207 0.005996047673210457
1.113374039656479 0.6510304608736078 4449.221187489843 3.373514907758574e-05 0.006292616678962882
1.087833062417798 0.6600411977106901 4830.668556313863 5.300702418500649e-05 0.007229258342859221
1.3736087729812767 0.6022279155773393 4858.177218539811 -0.00010981056379442871 0.016827972815421595
1.3664825744549485 0.6448134814868959 4428.5399875921585 -0.00024357185306304063 0.01864552958151214
1.3939281986998875 0.7058026779878778 4930.9719711946855 0.0005407081953291696 0.024046226841684247
1.1211607912606427 0.6922552118958185 4300.402029081741 0.00034382647730171745 0.007397778084374345
1.3506549970204795 0.6597595049579994 4864.384922128048 -0.00029290198217356766 0.013518357531475043
1.3339520247721794 0.6438001806550346 4746.01293789129 0.00016438348167614438 0.01916858510472013
1.4264813017975269 0.6871914055398447 4747.6475417095535 -2.9423461965644306e-05 0.019854773711300525
1.3322382030159394 0.6005367729647504 4904.2723846777335 0.0003923754173632103 0.01793086256077133
1.2213324250429143 0.7025655132187415 4428.003304738602 0.0005108785474282454 0.008819399696433325
1.2066081718908435 0.6828550063083834 4923.7640719723195 0.00046510171253389657 0.012012215176265911
1.23470383537625 0.7177871463719503 4784.542681981882 0.00036798264173239144 0.010139476813111201
1.2618784108378625 0.6737899143675182 4872.661248971383 0.0002841542590694006 0.011747017202364082
1.1267901013146584 0.6475056205963565 4814.331571659152 -0.0005805747302052555 0.00596667528245036
1.384696727958344 0.6284249118829109 4428.091871462409 -0.000282558506841262 0.016604006215121793
1.379169897871697 0.6630063260448876 4592.578548254873 4.822384762290068e-05 0.019283491346104076
1.2256750888994383 0.6771403855284653 4348.146117446785 0.00023790491983803378 0.008793499520136335
1.3425766061479907 0.591821489973522 4904.039011430826 -0.0004915313449966234 0.01680289416034335
1.0877738935193886 0.6466238314028488 4874.986272489087 0.00058567324675037 0.006087652051539836
1.377750754810631 0.6007108735378179 4887.473361926175 1.0488594130326371e-05 0.01641228332407978
1.2779985794529571 0.6252831888582254 4358.497947533662 0.0004092043263653016 0.017353980945462377
1.3366395578425547 0.6286445517468684 4642.683519945793 -0.000397019801048564 0.01594962024199325
1.2931883698032611 0.633735983044805 4904.87151726572 7.703317232831875e-05 0.01830974988069379
1.4566852223828621 0.61501694720086 4836.122756336602 -0.000670224344399232 0.01860102911637999
1.2455991034087777 0.6258905626271403 4979.825330103713 -6.552295888644216e-05 0.013022150327499055
1.2100202448445714 0.684274979167991 4911.273630455364 0.00015729244064359216 0.007618194292685785
1.1088256722008945 0.6656572282770064 4819.678449510146 0.00011511163421613851 0.007039056741837078
1.1708379391075694 0.6740552493198324 4569.62616020462 3.21149533764309e-05 0.007129766900198534
1.2457184451876266 0.6697004505941202 4932.335823425729 0.0002528013545410361 0.01696008287720453
1.3642986165075257 0.6025437331389762 4874.747544730845 -0.00010952462718833483 0.016399349842917927
1.1807389498292429 0.6848907461424797 4853.271673511671 0.000437403347110993 0.0064553639109457914
1.4364160991477348 0.6647214772054003 4140.38407692675 0.0003163224452754204 0.019454075478285548
1.2322007427101667 0.6814701960377643 4671.766298595078 -0.000757273289156569 0.00879459335763778
1.2007904680935073 0.6965430571350764 4899.3081653519 0.00036237688705423494 0.008435161329112595
1.272939675604525 0.7096227023631497 4270.645991674439 0.0007358535520351837 0.01145670655943611
1.175976993023899 0.6633106867904682 4747.598525923226 0.000641406051431604 0.0061714441280240305
1.2509393461690899 0.6793770454164926 4679.276571001723 0.00026396169376840747 0.01196059229939165
1.1833608051149993 0.6407125509928945 4577.088773630785 -0.00029839730415915256 0.0121327726591185
1.408956051436187 0.6132066909199451 4997.906647891391 0.000397415924827694 0.016412842601782766
1.3892797061052709 0.5977594736600216 4731.462721236557 -0.0003096734749755476 0.01613005539309318
1.1383385548036147 0.6571352493470884 4919.538002835809 -1.55202924377134e-05 0.00680697955870725
1.182853420335238 0.6684059111973697 4946.518733715556 0.0002760229646151851 0.010137822542212602
1.4658643954873396 0.7046119075005675 4806.3106604515315 0.00033441480406371866 0.028096857812473192
1.3828980603281051 0.6538907261742342 4536.838042076899 -0.00021929001111429383 0.01755544991407179
1.3070117987348016 0.6324559373594039 4403.42210366108 -0.0006177138122483211 0.014558359296316069
1.165708723651937 0.6876863080281375 4831.997075373417 0.00030762094925768297 0.00744831053565208
1.5901425085456644 0.633874794087311 4849.217371516316 0.0004935713165655178 0.0199023675288839
1.07425735756814 0.6673637430620665 4947.577073098836 -9.752731511053905e-05 0.006706707230193419
1.2369929619818931 0.6558305604010148 4795.896255596137 -0.00013373038614297484 0.016903481601605506
1.1455058681922285 0.6538284158613358 4704.845046584643 0.00014478493827764025 0.0067863146850519985
1.1714968507629868 0.6511348918781859 4933.052309954956 -0.0002633988114527992 0.006206373543471043
1.150687674812414 0.6501817312925741 4816.684871169674 -0.000345975347837332 0.007783289299683129
1.184950281515019 0.6637985130079771 4438.058274950074 -0.0004527137369291306 0.009816100463228056
1.0786595083314108 0.6501784223744096 4966.03205031373 -8.398879230940966e-05 0.006330578051681323
1.1741183702839109 0.6444672086162168 4590.732975536849 -0.0005859223141965656 0.006072095865874973
1.1630375399214867 0.6657585474381179 4954.434298147345 -0.00038222691679073995 0.007973593025873946
1.130327938580872 0.6499416144614372 4999.087793772255 -0.0004333741139785775 0.006857784006806805
1.1304116111748914 0.6520675666363092 4915.891053845492 -0.00019454623852072927 0.006824437038733616
1.1943850601146333 0.6631533293438427 4668.427757403017 -9.607957276678756e-05 0.007291051055187252
1.1911211814660287 0.6522742382773061 4934.737685159327 -3.88439453520166e-05 0.008805483302695212
1.2099377865013627 0.6563594984027865 4926.807412633277 -0.00036438648591575524 0.006811365197688353
1.1532924911379037 0.6754975090553899 4975.403929718169 0.000126382123436109 0.007168948724239878
1.2190576672178035 0.6630437094208836 4914.04844142685 0.000307079796429755 0.008361468492826846
1.1730593492974053 0.6616737954566254 4764.654926625119 0.00015982540321660398 0.011988756978584586
1.0374483120575517 0.6366887102626151 4899.567819668551 0.0006296832067996386 0.005887807660242475
1.2070311703968897 0.6803986489128375 4891.4637097543755 0.00012460726463079508 0.008205895809474643
1.219629856166395 0.6556719258424023 4872.023704288213 0.00018324012275568657 0.007710607696988638
1.199990670119422 0.6495348148298842 4979.391453005775 0.0004829846924087456 0.008793892810523346
1.0729986929599162 0.6371493118536382 4882.961822449741 0.00016343286392898196 0.00618494631616957
1.1065779609189248 0.6899527405862073 4903.7541293805625 0.0001670458212031675 0.0068743102887653795
1.156282841576026 0.6424418503567462 4752.914341411666 0.00011073445395102444 0.010058472207054298
1.1000131910062478 0.6626843360875138 4948.266614630267 0.00010572702424725911 0.006346118498187461
1.2476500747322454 0.6639889316965579 4955.2927860326645 2.511835663257009e-05 0.008488771745251714
1.2476500747322454 0.6639889316965579 4955.2927860326645 2.511835663257009e-05 0.008488771745251714
1.2001228213712376 0.6968631147155928 4991.910296348207 -6.034037977181904e-06 0.009027197148479132
1.2099246424628007 0.6953138565394028 4988.75921979944 0.00020964533576814395 0.009794619704434224
1.1409009186954822 0.6663128390063866 4852.581635624021 0.00047203403245180885 0.0070611598641679395
1.1519791882804167 0.6758328633100992 4937.192574275728 0.0004434048874762788 0.008485523576462654
1.2883032377379129 0.6928292026884997 4802.177132467492 0.0003769463915163932 0.009322323338621413
1.204445458483982 0.664912813723779 4784.895379940681 0.0007425468567002024 0.007168838452095292
1.1199232536646444 0.6791696200062168 4809.7299068110415 0.0004985470473451804 0.008427966056527644
1.2199922377231247 0.6976707326381018 4958.831784126488 0.0003865365666355013 0.007676686668464754
1.1138380859093142 0.6851620146245301 4936.983720269897 0.0006003297193871139 0.0070143790132885615
1.233617284898646 0.6914040240322304 4802.431965490923 0.0004185096667719184 0.007986830105061836
1.243802640509629 0.6788536312757043 4975.599068916326 0.0004175107010637171 0.010693246890503813
1.202631096594045 0.6901418716428694 4831.9289554361585 0.0002807795411061638 0.007687558759963281
1.204744690062429 0.6490997003337965 4888.221518814547 0.0009155058034692323 0.010408930230350454
1.2163767341926468 0.6433075071047639 4758.697969605247 0.00045083654867370904 0.015826586101905363
1.263169998378626 0.65681146295882 4629.768801359578 0.0002905032981578109 0.015461176165800911
1.3048469787930732 0.713535232983894 4891.3409682964575 -2.1210743425607076e-06 0.018402123339346994
1.3048469787930732 0.713535232983894 4891.3409682964575 -2.1210743425607076e-06 0.018402123339346994
1.3013817680067916 0.6964992815911679 4872.25722936072 -3.282719583981115e-05 0.01779932199350627
1.2855576098529464 0.6657571905303927 4986.040739446239 1.4306212102265742e-05 0.01974365249702503
1.3335029898914421 0.6766619648696908 4849.7946437715045 0.00010371976427141688 0.013026152830349184
1.3335029898914421 0.6766619648696908 4849.7946437715045 0.00010371976427141688 0.013026152830349184
1.2880334686350619 0.6639367207722837 4847.890017936063 0.00038224322540244366 0.02129822353839997
1.2957701284428826 0.6655220891629947 4804.183744558621 4.949288501017427e-05 0.01520224882100666
1.3347142020678031 0.6977540985963111 4803.7210274349445 0.00027339526541781344 0.01508873565637691
1.3526780123077837 0.681139550111135 4853.777894274096 0.000592800178259671 0.017384455621349992
1.292919500420041 0.6736483661663626 4927.275534668127 0.00013705897815658005 0.019379016391160946
1.4047051913518145 0.7095429392806557 4806.597248954505 0.00031164284164104716 0.02308844716814668
1.3962173866417364 0.6956643646582943 4805.901307437508 0.00035955682542175495 0.026404034204908347
1.2945683856790906 0.7098124960266997 4805.2189573259275 0.000535694850319228 0.020916452817194734
1.3859580297597685 0.6988365090842994 4895.386874117345 -7.712020164408061e-06 0.021422646478714787
1.4041656642456968 0.7115777221386521 4895.045519302965 2.7406722628726285e-05 0.026535363199003313
1.4233851582874586 0.7042145674300052 4895.117281133683 0.00037537064940116086 0.02600850719718248
1.300535862108807 0.661055612386654 4677.530776687478 0.00043929287609228605 0.013381596662664575
1.305216242363491 0.6461759582973752 4910.87010646481 0.0005361487108664359 0.01676930991727615
1.154993637160405 0.68901704070139 4344.165604304412 0.0003805162459268953 0.006756123956569741
1.1223442401449675 0.6777271079826899 4463.28580755484 0.00016215376259545448 0.007623737359268421
1.4424740700635617 0.6759554108228095 4643.9110705112935 -4.418259592436661e-05 0.019743258615351554
1.3094865194559944 0.6551280426521925 4743.754529589213 1.1893798989918451e-05 0.01844303105469711
1.3775371108512227 0.6580636251982692 4784.640183410059 -5.2615165487184506e-05 0.019935800344611634
1.402481445386925 0.6754388602033367 4427.225181128213 0.00016247730498931406 0.02049530934393751
1.3704076260583755 0.6657296621883961 4891.956097448507 9.485763463431449e-05 0.02195512129406777
1.5580018686533454 0.6400273885926561 4300.6913158042325 0.0003207462026182964 0.019735301083088665
1.5144657266467036 0.6610389221864326 4806.987195478866 0.0006708724575344312 0.02071179689759224
1.446802393399647 0.6421191518936444 4794.52940600278 0.0002461863439835013 0.019391484445037743
1.3978461147424088 0.6359070350194986 4784.960471205111 0.00038674232616406546 0.018406702616993193
1.334190514347069 0.6116892946682722 4816.417974559433 0.0006127469880344088 0.017502964732944673
1.375145520498926 0.6114472276420928 4989.9954145669235 0.0005355435306412036 0.016699269798824114
1.443227032040645 0.6394682932657165 4794.7439639150025 0.00023866280272204988 0.01928051216259333
1.299132031820537 0.6343601309779221 4999.542685403986 7.173569857157327e-05 0.017074881576149246
1.3747754031424333 0.6405079282447745 4911.209239428498 0.00010391006849121716 0.018848597906439498
1.3647007680795293 0.6304643120516924 4777.68801115839 0.00010234335752237618 0.01710126495425026
1.3383466937835893 0.650861875192782 4848.59848748408 0.001049974458314182 0.01917748045554677
1.3301310091299774 0.6174731417441142 4886.516451235115 7.729223052985053e-05 0.017781369037967374
1.2819495042913314 0.6342755239005871 4905.103425289398 -1.19726523956952e-05 0.015140390696178207
1.2826969716250682 0.6071304894199445 4948.808969597147 -0.0002059282503648932 0.0152058177769815
1.4184159136195258 0.6234815123150266 4811.660984617462 -0.0005931738517673641 0.018369870000718
1.301838798996746 0.5994638163205783 4687.429531884749 -0.000834968052224526 0.016405088402102627
1.295255230045218 0.627733389285583 4995.804940345299 -0.0005536604506389264 0.01811895759079638
1.4744048206633562 0.6145224330268377 4955.7115633363965 -0.0002480673379819238 0.017005952835315384
1.371525910374349 0.6397571842266501 4958.354346969584 -0.000831752030583337 0.01612343192464739
1.332003215613895 0.6179687764368833 4777.405641449235 -0.00018575968837657752 0.016558855873231228
1.3291328559857911 0.6418070611935293 4865.326265672879 -0.0001437517465210105 0.014130980855674581
1.288641658256756 0.6515883812424887 4811.507219056501 -0.0006414754568892031 0.015013612023952396
1.2960983050363737 0.6452520498551844 4858.52753033012 -0.00025638010028212246 0.01731116907224459
1.3712368177127492 0.6471643358821665 4852.656522411075 -0.0002117599149449704 0.018586922856439137
1.2915142920636247 0.6359420349749647 4948.939443629998 -0.00030674079727883736 0.017717599456175886
1.34050596464186 0.6370146165062942 4975.799500286258 -0.00018797198485315275 0.017754730138719747
1.282528800903489 0.6617794037874365 4795.881904322427 -0.0003304037487721209 0.019484397865093178
1.3835307768120766 0.5890677364697712 4889.654693431849 -0.0004110785193859063 0.015805776506013905
1.3217778359863748 0.6497997742135367 4947.708904034027 -6.073920807823077e-05 0.01752318881341848
1.2531041552595745 0.646565211777199 4961.490959357726 -4.252737368253909e-05 0.014973424285515948
1.2817476724956438 0.6852605448655306 4994.70365617905 -0.00012117773298534514 0.018716886079095992
1.4386105561919496 0.6600729616473806 4849.857623550459 -0.00025964100069491306 0.020394676222480194
1.4386105561919496 0.6600729616473806 4849.857623550459 -0.00025964100069491306 0.020394676222480194
1.3645168400387595 0.6655703239358853 4811.58689161877 -0.0003686994070604415 0.021445617154170912
1.3645168400387595 0.6655703239358853 4811.58689161877 -0.0003686994070604415 0.021445617154170912
1.3283011180073196 0.6499494335777809 4848.370791759316 -0.0001349910373232655 0.018741147050624237
1.2911827052008287 0.6737959838286777 4994.240856808297 -0.0004456591753595875 0.0189795829727597
1.2573420029476785 0.633339037519991 4752.071001312151 -0.00015094245605053609 0.0170751247844758
1.3461259526689675 0.6372682768017097 4663.91933932998 -0.00036871670900059787 0.01803253233149408
1.314382253066523 0.6355086319200458 4902.737069538878 4.6966249343281696e-05 0.018542026224410153
1.314382253066523 0.6355086319200458 4902.737069538878 4.6966249343281696e-05 0.018542026224410153
1.3518230397085973 0.641777979710117 4677.331808169446 -0.00012197995401756473 0.017171661648293667
1.2578915727747513 0.6434124319496294 4162.250285366821 -0.00019894158505168449 0.011909875260940497
1.2791232396040744 0.6430841267320048 4574.659091564595 -0.00029452081577085933 0.015450589446053462
1.4179890538795354 0.6697058222953449 4709.388919624391 -0.0003840346874129315 0.020013960960326864
1.4179890538795354 0.6697058222953449 4709.388919624391 -0.0003840346874129315 0.020013960960326864
1.282439650110145 0.6602346110009617 4737.513454123556 -0.0005563121365391247 0.014962241023667534
1.3034958079874728 0.6682105756962743 4804.382710853645 -0.00010786365481688055 0.015571830586394293
