chirp_mass mass_ratio EOS alpha zeta
1.3785468594387273 0.8987190825551065 4824.168519014609 0.00021343930854971524 0.8926655886170359
1.355366084997237 0.8642917973322711 4183.58934716251 -0.00038015936262951233 0.44633653199953227
1.453053639771162 0.8922140868035777 4030.4190134976784 -0.00017134916050588983 0.7678631208345768
1.365229720440826 0.8734308923250607 4327.565933190028 7.86888806270154e-05 0.6712539653858524
1.429675931779729 0.8608565426503987 4897.369572746298 0.00029423407204148686 0.4297961334912186
1.6451171794862272 0.8400515610424819 4023.605618537231 0.00042904588473022915 0.342359645361581
1.4955014389230965 0.8601024150998298 4112.421354777815 -0.00028983388810484826 0.4504843265894863
1.5287205270162754 0.8755242607698318 4193.398504021786 -2.7126990979614992e-05 0.9366487963751047
1.4863289768755448 0.8816042750849522 4204.143986165802 6.318144091088224e-05 0.9793872298335292
1.2741433820096688 0.9229343842813216 4520.2222724579615 -0.00018447891007603799 0.8589499533868287
1.4633555483736398 0.8321317484459246 4976.122153876688 -0.0004596373322912377 0.18543442765636503
1.4908169230217958 0.8787861081854782 4363.531279485057 0.0015149300664587344 0.7107320570792351
1.4302344838612355 0.8957823215734262 4637.028443273231 -0.00023639725592063444 0.7351166390863608
1.3167399260836934 0.8893941252528769 4176.510866184259 0.00010317585064474606 0.5656551279426623
1.3324828380829186 0.8459757221519387 4292.247099019449 -0.00022640386877559426 0.26565872941570323
1.4465233924791372 0.8216443700652623 4990.587629232425 3.3352954477558434e-05 0.149354476484375
1.3725546886813036 0.8657544841180301 4972.201907445459 -5.6337672328098034e-05 0.4639595381213842
1.3331247923596155 0.8854174708467203 4291.65949856537 0.0005493399942529619 0.9595721458042284
1.5480544294708833 0.8766385013042928 4039.536565119816 0.0003666496067032032 0.8000975223693781
1.3045771305776723 0.8994611541141027 4291.319330933202 4.0024384855622666e-05 0.9458762993711182
1.3599028851657797 0.875952793569734 4867.285642405949 0.0005160538570716139 0.5619307670292126
1.4377029061317446 0.8855624049901962 4949.200954556465 0.000742538886128562 0.8554670810699463
1.4769069958236591 0.858102624641957 4700.711632691488 0.00016917463363434195 0.5606359047460641
1.36867974035883 0.894614459098023 4855.909603210513 -0.00023969171592609135 0.9122833448410465
1.4925481370718772 0.8793715349107393 4324.381487414713 0.0003669339269456527 0.7187112241077926
1.6049692819858972 0.8576834717524942 4147.3186547805135 0.001123863453288099 0.5287964067620127
1.3611803687222048 0.8467205669854072 4350.833523628815 -0.0002589346196477383 0.3561511356881338
1.5832212190528545 0.8413705210656157 4164.488577113597 0.00045414049080646097 0.3327302548101064
1.4586224046022007 0.8060254841458725 4832.932651600467 -0.00047404092001610075 0.09805330795528922
1.3930670167997987 0.8691911169032863 4848.594162116087 -0.00016918338284319283 0.49702651422351046
1.422661363629593 0.7940858465387469 4240.705893370009 -0.00030478345137788465 0.11340876647394858
1.3985105865224607 0.8319691966479226 4645.2266083030245 0.0003233088102586462 0.1811288849758254
1.5046932431586852 0.8822632084885582 4100.327232580125 0.0008265021164595114 0.7470438361765808
1.3041646500197615 0.8738640994605584 4800.372414747486 0.00032168076775672795 0.5147524427014383
1.367183382914778 0.8697784092592336 4162.0374456551135 -0.00016434197136446882 0.43158372569367615
1.5018702288578551 0.8505744798316229 4803.9561905896135 -3.6398573136072245e-05 0.4319466370180972
1.6624022167823687 0.8695448607801406 4751.263396486032 0.0012357727658427796 0.6141616208002343
1.324383932810774 0.8882005529220076 4519.481207698215 0.00039016235630962975 0.6122455569432009
1.405151623454025 0.8806615692984353 4677.457353146948 -0.0003623350327289128 0.6868733272747175
1.3316268605470514 0.8733425332674056 4925.453671237132 0.00012759212849761174 0.5174816488714847
1.388111162185669 0.8811892867088318 3998.6780079603195 0.0006446183623836846 0.6238157749176025
1.3888456413005708 0.8866080913628084 4977.4490263638345 -0.00031008438138468053 0.9637395774398786
1.3467141681765429 0.8947603613465004 4139.44408289595 0.00013388449210730949 0.9470214767110797
1.4450637732750757 0.8856050111601079 4243.750335926738 -0.0005578975706668429 0.7705572299321491
1.4580035490174477 0.8905469829841716 4510.393081889701 -2.271570660433863e-05 0.7934507738106893
1.4021883385426777 0.8038905486075046 4693.212833529745 -5.6043765575830255e-05 0.11064999325691627
1.3372361478485026 0.9085536279181033 4500.748386223593 -0.0001958259842215004 0.8691758211103316
1.3688170234074932 0.8498326099494374 4676.738402526828 -0.0004513994530659742 0.2695027355993664
1.3558752254229351 0.8930444754694603 4310.291875131742 0.0001921736622986386 0.9745885043708148
1.3906119570157605 0.8621714500824648 4481.60216458906 -6.668395949231778e-05 0.4347485441952949
1.4188549368145802 0.834191026464308 4425.109455502792 -0.00045534201764553013 0.21513926790589422
1.4828806081663126 0.8693610497266888 4271.518592625541 -0.00011891380772753848 0.5479679312024961
1.462674087852803 0.8856348535351193 4272.663354028731 0.0008106364557295168 0.9788341014740728
1.3458103175531542 0.858366429913094 4801.246922656367 3.40593959624354e-05 0.353729552283767
1.3309434322745992 0.8358305143544095 4918.588974396223 -0.0004375953427000016 0.23805583453454054
1.3741469583782786 0.8877908048696265 4648.910087619389 0.00019488044979293047 0.9993588675545232
1.3492166737171867 0.8879437419599725 4714.792018149689 0.0003644138159691331 0.8939163095832945
1.441811739546335 0.8764112482879609 4434.305598227317 5.5647729198934306e-05 0.5956604856745277
1.3148848932719528 0.8576393970419763 4456.813622109036 -0.00038040282337792954 0.4208485115048938
1.3410482497326626 0.8826897574264464 4538.319050263302 -2.376361656715958e-05 0.9693535972061326
1.3688127492310391 0.8555497263828311 4781.601722339803 0.00028846731261680315 0.36134892705765753
1.4207596631693513 0.8811702617265965 4572.770620065612 -0.00022853700615141045 0.8584982190630084
1.3812153143870471 0.8898432262735928 4710.530336227763 -8.362834333352481e-05 0.810792834808044
1.5436147078767026 0.8805830394723022 4308.740452127529 0.0011551905723011329 0.9977425931870262
1.4081711552577478 0.8698077156298862 4954.934651929133 0.0002719910716783996 0.7714165220572307
1.4106800779791262 0.8376115976341958 4889.775382861027 -0.0002706620553205617 0.3179671065185595
1.348125776552069 0.8896335147360608 4311.194952305844 -0.0006902400132624842 0.8381341197716496
1.348125776552069 0.8896335147360608 4311.194952305844 -0.0006902400132624842 0.8381341197716496
1.3710194174241437 0.8842976957161344 4966.285815823239 -0.00014940419824494724 0.7181896608107887
1.3938510897240404 0.8163079044875353 4386.781477419108 8.964614157453382e-05 0.1773178172327659
1.3804703653729131 0.8803131361406745 4734.9941030100545 -0.0003232357856431566 0.912460061198487
1.4565570197716289 0.8085765395832583 4491.781878297307 2.9219202929080775e-05 0.14230204505009858
1.3533381296914944 0.8734870103485153 4386.978718851619 0.00033351682641944406 0.7501762384964471
1.3899143165474395 0.8828335765060791 4403.804682053578 0.0002060468739849366 0.7644469960522448
1.384990768197052 0.8541579885458127 4795.069062780044 -0.0003548802915554745 0.34631106537468204
1.384990768197052 0.8541579885458127 4795.069062780044 -0.0003548802915554745 0.34631106537468204
1.4158541845080705 0.8779744330012886 4404.285804934075 -0.000662186538436995 0.7367220958796545
1.4158541845080705 0.8779744330012886 4404.285804934075 -0.000662186538436995 0.7367220958796545
1.3786834895765399 0.8404691229790291 4825.025783510269 -0.0008432127862639055 0.31158068953138623
1.3786834895765399 0.8404691229790291 4825.025783510269 -0.0008432127862639055 0.31158068953138623
1.3788397429765982 0.8820492922753449 4260.077048452542 -0.0001117248673744113 0.6359602496329233
1.3788397429765982 0.8820492922753449 4260.077048452542 -0.0001117248673744113 0.6359602496329233
1.4540048083250852 0.8673374100687881 4988.543107685938 -0.000137969293092783 0.6338953732666763
1.4466556744151529 0.8845847394377063 4157.2942070347835 -0.00038463392603926887 0.8118792313546889
1.4466556744151529 0.8845847394377063 4157.2942070347835 -0.00038463392603926887 0.8118792313546889
1.3467573898822336 0.894064107129122 4728.57018301509 -0.00033913336907169994 0.8040954919259039
1.4619338886804178 0.900926226847931 4536.666801962726 0.00018978918304400015 0.9875359839970446
1.4516251917782788 0.8762077339724988 4871.5918215031115 -0.00047110783050331446 0.8337454844314908
1.3960482605132012 0.8377028658461045 4485.5624846074 0.0009126801362588458 0.2365613611241461
1.299792315658045 0.8667035884994605 4520.851859723574 -0.0007950097565268622 0.4295746248442079
1.3613221129262865 0.8452634422721583 4482.866874368059 0.0004927388790260306 0.3497280257096277
1.3613221129262865 0.8452634422721583 4482.866874368059 0.0004927388790260306 0.3497280257096277
1.2803150392599334 0.8627018823220216 4285.111125535223 2.8816081121525793e-06 0.5263601804130137
1.2803150392599334 0.8627018823220216 4285.111125535223 2.8816081121525793e-06 0.5263601804130137
1.3994352611470566 0.8783519327740528 4828.5401279628195 0.0008469129416482705 0.6848824659611028
1.4755809310935533 0.8700738519830646 4776.379595578648 -3.9767070279561746e-05 0.6858843273981698
1.3140453895551563 0.8827092822183764 4787.79706558424 -0.0005681562444193987 0.7288550996984807
1.3654058675156193 0.8167160474936594 4453.708337020203 -0.0006359347926822765 0.16361929457740856
1.5829091738136074 0.856013697212102 4472.157798927386 0.0004746257811956651 0.4615760385714481
1.5829091738136074 0.856013697212102 4472.157798927386 0.0004746257811956651 0.4615760385714481
1.3203848356148407 0.8466161153796594 4437.569979898463 -6.53765916863939e-05 0.26902133035542286
1.4436921145082384 0.8277819728589887 4558.754409133689 0.0006327254942918903 0.19751910800897543
1.49625204341544 0.8491746089015578 4259.563927361536 -8.263034850817891e-05 0.36945404757474537
1.49625204341544 0.8491746089015578 4259.563927361536 -8.263034850817891e-05 0.36945404757474537
1.3273969255458284 0.8902991725561455 4084.110610453792 -0.0004169956506689479 0.6797107540326724
1.3273969255458284 0.8902991725561455 4084.110610453792 -0.0004169956506689479 0.6797107540326724
1.448072191420653 0.8831371752638923 4030.9014794109357 -0.0005658287621848431 0.7289037896236903
1.4363777990154605 0.8482559303106918 4811.084963297613 -0.0003010747540930926 0.35620186464003495
1.435449655938657 0.8894594231041755 4621.692564818212 0.0001424450091328786 0.9521795395672212
1.4187079147292827 0.8562963191578494 4980.528625075845 -4.650871789028193e-05 0.39705220831881827
1.4187079147292827 0.8562963191578494 4980.528625075845 -4.650871789028193e-05 0.39705220831881827
1.3665319416588764 0.8662494774857021 4898.252475853352 -0.00013326064074259246 0.5813055960492597
1.3374376396252807 0.884937382523164 4423.457231933721 0.00030256089929042197 0.8529993804902152
1.3577270521907692 0.8879120410512275 4902.930929661943 -0.0002826846291255266 0.7608106467780257
1.3735150385608703 0.8852187494940028 4783.225146823747 -0.00032570913410320536 0.7347557556759629
1.3873152822206247 0.9049216237343298 4013.2070784958382 -0.0005089640141398446 0.923036089574052
1.3873152822206247 0.9049216237343298 4013.2070784958382 -0.0005089640141398446 0.923036089574052
1.3738707973516662 0.8590376691500216 4889.3751939977 -0.0005551334135520427 0.3601737366316264
1.4313656372463788 0.8891880319462937 4637.451515266943 -0.0003979380581568867 0.7470789682802923
1.4136121658337726 0.8758796994761667 4873.030711255863 0.00011044056609308734 0.6965520920148739
1.5436334442070971 0.8574727855998626 4140.0464808028955 -0.00025973509322286566 0.5205312630676305
1.5436334442070971 0.8574727855998626 4140.0464808028955 -0.00025973509322286566 0.5205312630676305
1.4948704790634624 0.893642301645909 4659.972691118249 -0.00018126350928265216 0.9148637573608588
1.3481476399140182 0.8617644853603732 4857.958885654407 0.00019108550136247366 0.390503690711934
1.4308673566674328 0.8892761281626287 4476.147665658477 -0.0004662893840927563 0.8811778027444436
1.4308673566674328 0.8892761281626287 4476.147665658477 -0.0004662893840927563 0.8811778027444436
1.5562271242971184 0.886470843769313 4445.751873859337 -0.00027315872585645357 0.9325942069393993
1.4941111894485548 0.8816931217010517 4568.702873164838 -0.0006987764248037849 0.8894504482650036
1.3218951204109661 0.902228405848354 4932.063380745595 -0.00046333363188657395 0.9072396524248666
1.4346666207558925 0.8672855665010721 4959.700411693391 -0.0004932837271047549 0.6714935660648165
1.4346666207558925 0.8672855665010721 4959.700411693391 -0.0004932837271047549 0.6714935660648165
1.4881760247898055 0.8150921754074429 4555.146921361365 -0.0002489926883055086 0.1650641290879823
1.3880982625245069 0.8268550402668718 4902.814015375465 -0.0003648067359390831 0.22639815355194207
1.4807130414088534 0.8921507449068691 4424.785936325689 5.3037116430729594e-05 0.8704160097564088
1.3907451644058675 0.847302260512691 4410.2218658071715 6.754832500383031e-05 0.32002141951518637
1.3079269585398756 0.8675079909047525 4787.328292432596 -0.0007818305160153082 0.41445798063604034
1.418153390533565 0.8584930490198075 4727.402047835538 0.00017133943723928323 0.498948369261781
1.418153390533565 0.8584930490198075 4727.402047835538 0.00017133943723928323 0.498948369261781
1.3644210498535987 0.8611392123348107 4880.732530680857 0.00017169921809517076 0.4558722473035394
1.3663304423638423 0.8966831377825373 4295.540512970651 -3.462128619467369e-05 0.8963921384196342
1.4071848088498764 0.8945430850861124 4621.370130722326 -0.00040762431339507485 0.926975711513117
1.3795272938112153 0.8776096284651653 4162.040841787673 -0.0004118899666062789 0.5905377292803848
1.3732088026107372 0.8694294663871773 4554.202554487458 0.0005834195706747462 0.5807724619874929
1.3438792722046187 0.8645811886525837 4772.176000940931 -0.0002665286832714405 0.452604264400598
1.3438792722046187 0.8645811886525837 4772.176000940931 -0.0002665286832714405 0.452604264400598
1.3174083104885426 0.8852714935590245 4619.779682073472 0.00025321810476901474 0.9060215146593535
1.372143432274715 0.8706522882629243 4795.183543090809 -0.00013622260909285859 0.7502157723192956
1.4056732487917563 0.8806823253707659 4403.5422683757915 0.00010600652088108631 0.7523254714901054
1.4056732487917563 0.8806823253707659 4403.5422683757915 0.00010600652088108631 0.7523254714901054
1.547726395410944 0.8427879344342014 4551.497343986128 -0.00039035543925677505 0.3550224530676497
1.3324438850686082 0.8659959419368319 4423.478705090401 -6.66200155616595e-05 0.4887199602818079
1.3324438850686082 0.8659959419368319 4423.478705090401 -6.66200155616595e-05 0.4887199602818079
1.3798996903494012 0.8868367209024555 4681.497234794455 0.0012340475031153845 0.9435236280763961
1.62032065812074 0.8663775250310287 4519.452616180006 0.0012426724200259804 0.5756806954391825
1.62032065812074 0.8663775250310287 4519.452616180006 0.0012426724200259804 0.5756806954391825
1.369674304366555 0.8509009079270606 4594.062846016326 0.0004413225541884347 0.3718948175946054
1.4060593651190063 0.8614485908633626 4622.805976145457 0.0001499599203950222 0.4042106638231316
1.4060593651190063 0.8614485908633626 4622.805976145457 0.0001499599203950222 0.4042106638231316
1.3504631563256682 0.8618566388103156 4429.408303588067 0.0002236625076858896 0.585972876949054
1.6145378009116431 0.878183554210376 4060.0960506615165 -0.00011522134486407405 0.8312493097569374
1.366201032154364 0.8942350904170422 4734.556456205661 -0.0006076074344976179 0.8901964505492697
1.4134270814236907 0.8772712797957012 4977.500522306608 0.0005599922464536523 0.6782976940357197
1.3477690807819056 0.8602707321411396 4350.8027076814205 -0.00039797983754665136 0.3901280428317261
1.435975801976622 0.8671535415688171 4192.871814821024 7.234150298925561e-05 0.5383301813154959
1.357178719846448 0.8938600920416744 4979.011542452316 -0.00046618463360450444 0.9929051686945725
1.383854816641132 0.8781744926377033 4979.978164867733 0.0004915346609439543 0.7524024173030673
1.3858989599628209 0.8872952936656424 4748.546965083652 -0.0001081186237678001 0.9700887305907052
1.3940720259643933 0.8829020508119585 4897.2099163392595 -0.000502281437826073 0.9442345610646423
1.3940720259643933 0.8829020508119585 4897.2099163392595 -0.000502281437826073 0.9442345610646423
1.451213565799721 0.838108680894315 4998.585979415082 -0.00033884642920230576 0.2682270506394933
1.4928014137355317 0.8741422691873606 4281.3293153191025 6.955069360681026e-05 0.7768629550118605
1.4793002087598763 0.8812789316081666 4753.812372633144 -5.22744512930735e-05 0.9006186057118761
1.3930323945888565 0.8775640897280312 4332.76380687035 -8.265572182848582e-05 0.6903763602762829
1.3930323945888565 0.8775640897280312 4332.76380687035 -8.265572182848582e-05 0.6903763602762829
1.2862160504941769 0.8879366110254923 4466.14639984862 -0.00037105360598408614 0.6873301142930375
1.2862160504941769 0.8879366110254923 4466.14639984862 -0.00037105360598408614 0.6873301142930375
1.4415740665394465 0.8586907014235976 4230.332683982377 0.00011642889015786504 0.467340376730226
1.4415740665394465 0.8586907014235976 4230.332683982377 0.00011642889015786504 0.467340376730226
1.4615276451466017 0.8825472962092611 4416.392125902263 0.00020502653890275806 0.8029681442128123
1.4615276451466017 0.8825472962092611 4416.392125902263 0.00020502653890275806 0.8029681442128123
1.3453757003831384 0.8948510062100496 4888.249359133071 -0.0001407304161021398 0.9015779769091937
1.5010331877042464 0.8780066298581691 4933.315698081435 -0.00013321521956887925 0.7553578515058385
1.5010331877042464 0.8780066298581691 4933.315698081435 -0.00013321521956887925 0.7553578515058385
1.3808751985925465 0.8715660269665646 4147.352931923763 -0.00019863881394054027 0.5849400657188046
1.3808751985925465 0.8715660269665646 4147.352931923763 -0.00019863881394054027 0.5849400657188046
1.3705538815296934 0.8707411905419044 4503.4482252539165 -0.00023501722607090843 0.498165578137541
1.3543415984704483 0.8759314233938931 4825.500572911142 -0.00034024920966561895 0.7238544397608174
1.4336185796696048 0.863456004113094 4239.5145970086905 0.0002460864350904705 0.4745457293492285
1.3461335362278737 0.8580536621184652 4857.728931880934 0.00012816526194587159 0.414759478502421
1.337880874757122 0.9009862934365434 4676.02253813334 -0.0007024739342141317 0.7885555527878346
1.3071802242320287 0.8948815483138193 4619.566090656125 -3.63737082490397e-05 0.9704544163783974
1.4267716641252541 0.8322239521656682 4118.769140709903 4.7105574281962625e-05 0.2266963369877218
1.4102293961851062 0.8375491789858659 4576.396158817618 0.0002288816348972693 0.2633011422570118
1.4102293961851062 0.8375491789858659 4576.396158817618 0.0002288816348972693 0.2633011422570118
1.516433751731416 0.8781730707330404 4221.267610423135 -2.0232041567361483e-05 0.7736132859714028
1.516433751731416 0.8781730707330404 4221.267610423135 -2.0232041567361483e-05 0.7736132859714028
1.3751561763237703 0.8254021512269563 4554.9787665094045 -0.0003551311222227033 0.17976713498328975
1.403052688389596 0.8649458743169429 4549.286260360256 -6.925665116987041e-06 0.43559924743074363
1.458019653963231 0.8796671167324825 4988.443961966629 0.00025695705327787087 0.9592456261253934
1.3358399311666656 0.8532319244358556 4701.751902404058 0.0006301194464360721 0.3699600839809243
1.3358399311666656 0.8532319244358556 4701.751902404058 0.0006301194464360721 0.3699600839809243
1.4339359930326037 0.8001287699118276 4713.249358320483 -0.00039744493357303485 0.10507050428918967
1.4140881841537392 0.8667254372591472 4710.5583456354525 -7.14499605636092e-05 0.6138207614395679
1.5018551777641405 0.8764010348937712 4869.295211052055 -0.000743187088044233 0.6597092952289884
1.436119349052128 0.863498498382131 4202.055375730556 -0.00040870802721661734 0.5116963874455115
1.4372260011019193 0.827372693507833 4949.264562879312 -0.0003165478410434628 0.2300697680600633
1.3636668526429299 0.875031135803626 4881.040047105464 -0.00017631997185056338 0.6005712364435264
1.3559847028996392 0.8866827339059141 4298.989847699478 9.80198498130209e-06 0.9082445424779809
1.3559847028996392 0.8866827339059141 4298.989847699478 9.80198498130209e-06 0.9082445424779809
1.4418549598991832 0.8670340838723204 4922.94755438103 4.674342389798515e-05 0.5133214871407789
1.3477000459601225 0.8414877126148566 4423.516718117704 -0.00014442166124406164 0.3033511432178647
1.453270450961972 0.8085134913966404 4433.201822188658 -0.000680802659771957 0.1367564210314926
1.453270450961972 0.8085134913966404 4433.201822188658 -0.000680802659771957 0.1367564210314926
1.438964476089696 0.850754148697944 4953.517656044763 -0.00017101262720224986 0.3185756659458699
1.3376937071890258 0.8916676621776698 4965.359153909365 -0.0006580360099651712 0.9020727207823703
1.3376937071890258 0.8916676621776698 4965.359153909365 -0.0006580360099651712 0.9020727207823703
1.4876596807911144 0.8632935658966281 4211.984676281281 0.0002702805578940515 0.5018167133954189
1.4559238228294125 0.874134028852178 4988.808316229535 0.00014911607161154818 0.7156618098045805
1.549017834593539 0.8849944987086438 4747.923202044112 -0.0003565096137900422 0.8527078451658695
1.40400670768116 0.8795582173150418 4897.979346833582 -0.00021823115418970272 0.7345895029734931
1.40400670768116 0.8795582173150418 4897.979346833582 -0.00021823115418970272 0.7345895029734931
1.3940064896949782 0.8478587733291336 4916.9655618846255 0.00018215447638487604 0.3447749185625702
1.488457353841031 0.8318854232469098 4548.710656325409 0.00022478869495857375 0.2538252856525053
1.488457353841031 0.8318854232469098 4548.710656325409 0.00022478869495857375 0.2538252856525053
1.3640009539364417 0.8166724279565679 4354.559593874592 -0.00045106949586147884 0.1561672402551127
1.404237310599909 0.8869467976684482 4832.81637402231 0.00016867353666740503 0.8636441682103623
1.447337594771264 0.8822305811890881 4476.586045496415 -0.00014845743116304112 0.7236628265196415
1.447337594771264 0.8822305811890881 4476.586045496415 -0.00014845743116304112 0.7236628265196415
1.278302113676044 0.8985959006998723 4735.415481964285 -0.00010454281874648856 0.905628400617179
1.278302113676044 0.8985959006998723 4735.415481964285 -0.00010454281874648856 0.905628400617179
1.2963441580987687 0.8930772371918612 4758.101372019819 -0.00043548666251614395 0.8240262553970473
1.3114345058060812 0.8806272310122951 4437.549622667033 0.00030246680709838014 0.694687833394746
1.3114345058060812 0.8806272310122951 4437.549622667033 0.00030246680709838014 0.694687833394746
1.4225437093396318 0.8456831813505103 4655.890899190741 -0.00036627522512212174 0.2908146235915461
1.3829033457690518 0.8643938694660622 4745.733225496599 7.325666749752202e-05 0.481037996755435
1.4102324885566173 0.8544476085546966 4807.745535847567 -0.00042999686762463683 0.36536350164514314
1.359015983784129 0.8676484276757502 4672.838418933469 0.00045439434603075743 0.5054977478956065
1.4793344987602353 0.8142798045371836 4911.930700546248 0.000133350560007786 0.13576608466070084
1.5294966360935305 0.8381848014290725 4568.423658472947 -0.0005825610011256758 0.2801041797921515
1.4384066455334925 0.8723468494967141 4984.7001277919735 0.0002463570707095347 0.7730225571748581
1.4384066455334925 0.8723468494967141 4984.7001277919735 0.0002463570707095347 0.7730225571748581
1.5181781739869318 0.8614107171906025 4568.895478652782 0.00020426173837703883 0.4918739933316537
1.334848224409362 0.8868520110116201 4687.048096374796 -0.00031465414873629345 0.7220003643759967
1.447570833031615 0.88529326402633 4884.189621626838 0.00036977882134582726 0.9775789441144325
1.3194097245751273 0.8911735014776434 4535.87352426545 -0.00013735926814453558 0.8584794554365633
1.342117755771178 0.8871603086249926 4453.181291555391 -4.907098254022257e-05 0.8262390654856837
1.3403390082290547 0.8835561651960179 4952.803334488069 -0.0002816574133288288 0.7273498170670573
1.3566372863191098 0.8903633726655322 4712.566537288995 -0.0002266016726093528 0.9651537094945628
1.3566372863191098 0.8903633726655322 4712.566537288995 -0.0002266016726093528 0.9651537094945628
1.3437146549272954 0.8765147198126995 4867.728262100604 -0.0003664761390141783 0.6526800279539844
1.3437146549272954 0.8765147198126995 4867.728262100604 -0.0003664761390141783 0.6526800279539844
1.3604255390882365 0.8755505905706795 4233.281631546565 0.0006882032917293309 0.7245719569084809
1.4277616361927568 0.8659488737070883 4901.956213653722 -0.00019964367764175374 0.5432218511386817
1.456354327936147 0.8611513264164576 4945.314776759796 -0.0003047046629257625 0.4875626119063582
1.4464833501857521 0.8808132753330273 4921.104380444426 0.00023428134287859932 0.704478465625063
1.4745911480834717 0.8499001220585731 4470.007591404169 0.0001705878875575787 0.3784113411855495
1.4398263796142068 0.874551451663752 4707.90570918592 0.0006919354354229504 0.7878039167883245
1.4186723082558017 0.8660819948296745 4944.1712623582 -0.0001829372048147959 0.5491398466676871
1.4186723082558017 0.8660819948296745 4944.1712623582 -0.0001829372048147959 0.5491398466676871
1.3313512639423688 0.8488422317957351 4787.661637751156 1.0915386831538708e-05 0.3271715698304588
1.3695630908485732 0.8697781366024271 4993.70468470881 -0.000163415130963095 0.5964943525134164
1.3773196574917266 0.8931227731790203 4459.713979812115 -0.00014095749061479243 0.9891289726549809
1.453243773297997 0.8897134428425592 4189.116086350322 -0.00021962807077539548 0.8546632551744365
1.3639325889900955 0.8854474389239179 4077.6579338140896 0.0001304408138097263 0.8689331251630272
1.4863832037259082 0.8786948542389607 4142.73277359187 6.0348618197538576e-05 0.6963354443879746
1.4101120919000272 0.8195941217313204 4728.375042013366 -0.0005967536782206427 0.15040624452473933
1.4101120919000272 0.8195941217313204 4728.375042013366 -0.0005967536782206427 0.15040624452473933
1.4280250901866318 0.8384460677575976 4939.794082810522 -5.991043792936409e-05 0.2348140120182127
1.4471534943930764 0.822808197691904 4919.2841013591715 -2.8674381319249322e-05 0.16986047246862182
1.505742926225396 0.8598171821404921 4560.308633249774 0.00040330710588530074 0.49952662054348956
1.4090369871291264 0.8746111908168062 4765.431885839565 0.00024074650962678824 0.7466845543482811
1.5075282989371868 0.8840054274289483 4568.796088651618 1.6703558933199328e-05 0.9136561788640424
1.3941965455736738 0.8806519677064453 4975.823046044579 -0.0005337916248070389 0.6236473964827878
1.3353362383299618 0.8742934855453248 4423.746117898149 6.0910837047234326e-05 0.6990718776463802
1.5111977218411852 0.8812967953911494 4221.818569899728 2.6347724418806263e-05 0.8134586238226493
1.5111977218411852 0.8812967953911494 4221.818569899728 2.6347724418806263e-05 0.8134586238226493
1.487571919949243 0.8738123917765004 4323.316841988672 2.513549347899214e-05 0.6927545612237775
1.3896769701110219 0.8566612919444276 4795.9217569593475 0.00018128668682344202 0.3885004762650622
1.4218099630084917 0.8331402800122937 4622.736250027881 0.000284856812828518 0.21333814409064408
1.428504502333943 0.8837715926825519 4953.371825551443 0.000275697413509301 0.7917464018810509
1.4578205733973366 0.8789400566047918 4865.849837754112 -3.617556776066584e-05 0.6740147883274417
1.3978543632144658 0.8484208814226045 4576.103622855914 0.0004708891780302752 0.3434196025398336
1.3978543632144658 0.8484208814226045 4576.103622855914 0.0004708891780302752 0.3434196025398336
1.4653042793749296 0.8876198929085759 4552.887737749946 3.935684363509442e-05 0.9667993898911266
1.4267803295805752 0.8927213023586814 4921.22332873914 -0.00022826024017802738 0.9229500863725951
1.5536368497544468 0.8774347352566961 4806.061105300461 -0.0005200493140717261 0.7471253521351509
1.4473782408704245 0.887380638438914 4093.977028021773 -8.099366248303381e-06 0.8204346716396516
1.4053461527651363 0.8374703224271327 4576.1965441168395 0.00037964052284629533 0.26561172392425236
1.3953384142431626 0.8484117726183457 4734.8793271175045 -0.00019399521706230707 0.3224098182762629
1.3974758736685513 0.891662584881847 4779.497473614689 0.00010601682194616309 0.9085640854204876
1.41415167418917 0.8565033253310433 4550.6989679528 -0.00035434941000762687 0.3960996412662825
1.4525113806926582 0.8518519715121774 4914.936196526972 0.0005802001537923951 0.40415242673673707
1.3162475778900449 0.8994559387164249 4829.52510715221 -0.0002009407735510525 0.8701718407127226
1.5157582008681352 0.8813655998467524 4926.335292988956 -0.0007004682319983295 0.831575826696281
1.3777585469545577 0.8916632380173888 4941.533649005627 -0.0007723543827840765 0.9056687177810578
1.3468661137959077 0.8388263589977822 4577.160364186213 0.00018421467637700517 0.2818115120888782
1.3401928733919757 0.8877223213331693 4882.489733343379 -0.0001631076678369817 0.8417466188019574
1.3401928733919757 0.8877223213331693 4882.489733343379 -0.0001631076678369817 0.8417466188019574
1.449931034960259 0.8865950034413816 4943.639830350649 -0.0004200522461712357 0.8655082292702854
1.3285760521720742 0.8856391797736292 4544.767095591704 -0.0003533874650078058 0.6982008834952584
1.3285760521720742 0.8856391797736292 4544.767095591704 -0.0003533874650078058 0.6982008834952584
1.5622455977921532 0.8782244948677222 4482.791579405302 0.0015841549052583346 0.8495114292865505
1.398952535292112 0.8496266165551531 4258.956043425206 4.1904231589932396e-05 0.33959136130664697
1.3262338555026782 0.8881161391964888 4386.26385360626 -0.00010053605987534276 0.8992474118159012
1.4748240201377871 0.8122990695522165 4797.239303816339 -0.0006459212737935159 0.16920778586635565
1.4748240201377871 0.8122990695522165 4797.239303816339 -0.0006459212737935159 0.16920778586635565
1.4326367319308129 0.8494074933990176 4953.531660204881 -0.00026567699413702743 0.33046359265501485
1.3675476453770323 0.8592177454204392 4934.279804018372 -0.00014946024192951358 0.421887611675795
1.3834421181939558 0.8725192220659904 4910.167734678347 -6.999222470680089e-05 0.523675721190556
1.5902380610517048 0.8784053268619322 4442.3564364620215 0.00016941080540849588 0.8673380967627627
1.3828465409855046 0.8446941897873848 4771.695087413388 -0.00042797418880443294 0.3295833738959618
1.4353265735114349 0.8774701160518824 4739.009025901192 -7.934391659527113e-05 0.7399791563073748
1.3178728554905639 0.8911394051806526 4623.224347397172 0.0002237085668546786 0.8870606516842929
1.3437157308142416 0.8764192152404159 4530.933807010549 -0.00031328084621990614 0.6606885764395929
1.359793655534618 0.8981221010825489 4858.286216952212 -0.0003823734143367344 0.9911134286707372
1.38121010877935 0.8212299745943461 4760.507147050669 -0.0006379479695957608 0.1506380945707622
1.3394371594768173 0.8808835516987823 4530.81707270682 -2.3646273184477515e-05 0.6495895970161051
1.4251948019588587 0.8786153030365693 4841.024503559395 5.647833211549434e-05 0.6271177730878088
1.3405449340490514 0.8494793898916427 4482.443415917485 -0.000175861435791646 0.38882617512277834
1.3405449340490514 0.8494793898916427 4482.443415917485 -0.000175861435791646 0.38882617512277834
1.4154292444616392 0.855622287459785 4992.60095505301 -0.00039455777436052576 0.4068509039222093
1.3379995458754328 0.8352302230542005 4520.131790994174 -0.0005286985983441386 0.2540982904467163
1.4212822334816466 0.8406907228093146 4975.048068962889 0.00016132341520481457 0.28830265411241757
1.2988530950046142 0.8920934788586995 4520.353627019939 -0.00043118308426788143 0.710424617667951
1.381840695466675 0.8890589939208213 4875.782681704894 0.00027448221165870444 0.9257413756327424
1.339925933803828 0.8892376418102446 4286.386378107031 -3.151941183578839e-05 0.9702028843567166
1.3632297566070672 0.8500584244345288 4567.884255522356 -0.00018925640898661934 0.3955557843784069
1.5769011805805047 0.8817608293764744 4580.22557084508 -0.0003492484145851211 0.8702568412023415
1.367605519858822 0.8813586225667893 4924.643590043297 0.00038225447955400247 0.8805430690262867
1.3919951233963856 0.8714025264379383 4966.004175873964 4.020528750471547e-06 0.6608817853089428
1.3761513607271714 0.888435349205945 4182.138418508241 -0.0002504490026937133 0.8490943464163413
1.40338977551121 0.8898200254219049 4454.174282085409 -0.0004819916708351352 0.926313990889515
1.4993903546266159 0.8724889483069695 4864.987227048511 -0.0008184444482036038 0.6837756209462662
1.3546372981716763 0.8865254817565825 4974.296421014017 4.4535108571294356e-05 0.7454040037035358
1.392312400451902 0.8693211465227354 4893.473070261671 0.0007909254954347074 0.664275448694959
1.3797863381397897 0.8744396952225789 4942.611372758123 0.00025279180061412376 0.7415850233818087
1.3691231208504697 0.8789770363419699 4881.369582857002 -6.047582070129253e-06 0.7557833937455151
1.3691231208504697 0.8789770363419699 4881.369582857002 -6.047582070129253e-06 0.7557833937455151
1.3472456678132105 0.8911573886994644 4672.776385240117 0.00010332377994199884 0.8114433460863038
1.3816012257023407 0.8978659121507427 4832.445831244312 -0.0005710187217982437 0.915387589858151
1.366734526540287 0.8572733695640944 4613.1941763393925 0.00047280790846844484 0.4128672317434321
1.3941047773309707 0.8923548467355025 4248.238967648058 0.0003043594665138855 0.933705473029158
1.2922092041126505 0.8864969706780091 4670.092395878779 -0.0002733967096161374 0.7160547045076944
1.4139985672915594 0.8949900087624605 4572.707189135523 -0.0003619698510321175 0.9879513456608632
1.3563256335653637 0.8870778459978214 4937.246569474115 -0.0005022806995926739 0.772054741909386
1.4333777908995733 0.8789841700058016 4202.23284563113 0.00023211384332727018 0.6654591267054054
1.4388028289279204 0.8590453764439826 4914.029012065615 0.00020012876752018127 0.4961602477752546
1.386734770617827 0.8449145953651143 4539.4894714869615 8.127126802923981e-05 0.2923583639258046
1.3410320043214776 0.8755404337771563 4925.662215067149 -0.0003412973590629686 0.5534733170093498
1.448499986735548 0.8761810789055698 4984.168805382119 0.0003166957653258541 0.830842543489259
1.4108043558237733 0.8742849450908862 4940.243811041394 -0.0008358391890287736 0.5595044254549263
1.4713590311529812 0.8684942883649489 4767.799541683197 0.00025587311580914135 0.6548701044569953
1.5013874883397649 0.8738720147238723 4598.306864387466 -0.00014302106830245886 0.6978207213741665
1.3991056400954034 0.872312959154939 4968.453195395004 1.958654315243429e-06 0.6125682496262749
1.403632380406287 0.8836699304245397 4832.128845194981 -5.684600828003975e-05 0.7252157925958784
1.4082210977728278 0.884276990516823 4992.998182145078 -0.00014862844245185316 0.9975561961583023
1.423857598500998 0.8534301521870924 4710.429947707355 0.00036537473540796756 0.4041706252333568
1.3503050196463384 0.8519988600246322 4819.3926717015565 1.9946787726529718e-05 0.33579375365039943
1.4120502126973742 0.8809193434181812 4779.032449556896 0.00015496361153764134 0.8135373346750028
1.5143298087934403 0.8592808129993398 4592.96577381933 -0.00013158102242532597 0.4932547311016206
1.2926805729060153 0.8759975838472093 4735.527707637124 7.50116067245121e-05 0.6902251841046217
1.3420186277974109 0.8849160826459657 4880.190113740832 -0.0002154011597247278 0.8338503264991024
1.5391852928247947 0.8832593582870899 4405.322218803351 -0.0003453479397523035 0.9029352048071971
1.4148084442622864 0.8526033180430534 4986.9111483411825 -0.00010539857612346473 0.3819556377325778
1.4455956530063072 0.8658245458157379 4679.481859192409 0.000586385374877005 0.5716215897631929
1.4502120022333163 0.8740376202701298 4865.280647515101 -0.00038440179262080366 0.6561128699152516
1.3992653632449743 0.858444499038284 4459.012170441233 0.00028661870808270275 0.4062228174242162
1.43046762604967 0.8830391855696205 4677.205635484993 0.00010975010535547998 0.7709766784607714
1.3923364177672912 0.8908601237776295 4655.342688235091 -0.0003973633008769422 0.9562691073565881
1.350350864952845 0.8763226278134733 4681.206868608404 3.3842785010246415e-05 0.62665882873481
1.3666519896028873 0.8918047072316122 4876.8362022811225 8.586996509229508e-05 0.9666153610230714
1.43336528704051 0.8559561705750826 4980.889474851695 -6.192331226013105e-05 0.40815157019201365
1.4487762880780501 0.8627563967580913 4181.062885230037 0.00018402039468193716 0.4615051770120733
1.3646319258339223 0.8676322611180807 4672.478318808145 0.0003979636230430501 0.4848186948292921
1.5570931089446702 0.8741770812298887 4747.730800700589 -0.00028017972418731176 0.7176207069930342
1.353898418805099 0.886754053789404 4961.1855935463 -8.194817941599361e-05 0.7978897400913791
1.3611368721882662 0.8749590997623073 4438.895947214878 -0.00040049578180928995 0.7287180726831741
1.4301853047691044 0.8705472675473941 4832.585102634147 0.00012112203430683852 0.6628674744728964
1.3104623875475165 0.8815122907332646 4788.944327629851 -0.0004256469522789882 0.648747477023328
1.3976426794954384 0.8870126881828834 4629.677602949977 0.00011060772942671245 0.9844372298297088
1.5157315773365956 0.8735139305029525 4674.376360002745 0.00030158724090940725 0.7370223616806169
1.4506254222034158 0.8803900450998884 4945.103877035269 0.00011795249979081118 0.8780889416871064
1.4906772504186554 0.8675036060900527 4511.515574370681 0.000205159741997299 0.6142051129255807
1.4389535957544188 0.8799873238612514 4739.148355706757 -0.00018999195879400996 0.7408032258460404
1.3962172392083958 0.8744609718098112 4913.181478841154 0.00013931513164631694 0.6294174731684237
1.427975012664597 0.8624435551757028 4824.047902546607 0.0008224069710511281 0.5289921368302398
1.3842457974390028 0.8922588514837011 4351.840138227793 -0.0005538508236072367 0.8299975564617775
1.3251145673416607 0.8829175112936564 4820.955531346715 0.00016469561080113197 0.84130328667773
1.3192688283816565 0.8833797868043513 4608.7573641147455 0.00038199951031441936 0.8622230886894049
1.4435493685134286 0.8709259101216994 4618.315026434403 0.00012227943264385286 0.6137872660831842
1.4483519787526569 0.8714107933830207 4877.1429595714135 -0.0003603431506681554 0.6018837546315382
1.323778982537931 0.901748308177881 4890.994441503451 -0.0006684013819391607 0.8604610477480376
1.4328746442105924 0.8521964882107091 4642.106051679977 0.00020476333227440344 0.41344723348712387
1.335446929561744 0.8741999690961519 4883.194956479966 -0.0005288512270365613 0.6256911994691665
1.4251036239195094 0.8804956089819221 4922.701979239928 -0.0001571560538572106 0.7169027080658255
1.35041365678867 0.9010128429596704 4782.801928481741 -0.0006718880119743566 0.9839469075608624
1.4046373208052794 0.8604742242221046 4892.955436641776 0.00023426127313768243 0.5033471132602142
1.4934300372395393 0.8820236773606396 4607.655131484098 8.546575062351481e-06 0.8794683383578862
1.4403312063364915 0.882774039782796 4970.007741248886 -0.0004426353705003112 0.8890742532117771
1.4538105175162763 0.875621480607342 4784.864120009661 2.857613984350887e-05 0.6844800542542191
1.3771825844666998 0.8536732893441554 4497.351553312304 -0.0005463359672444902 0.3367759499806429
1.4337494969286104 0.8645290882312778 4976.193393549513 -0.0007238773225629247 0.5857932586917276
1.3799560431977016 0.8580311541113411 4882.310865324106 0.0004540155892674555 0.43532711262913015
1.4699820694124184 0.8820405146203536 4871.975251350628 0.0002883302881390388 0.9203647400497967
1.4426732264168196 0.8686013787825414 4884.561364055699 3.6325986818955946e-05 0.5824767298024474
1.3837481384554438 0.8850610661992303 4848.473878683267 1.0951844486752934e-05 0.7805942031515548
1.3987519176555288 0.8706629244617742 4896.37766089705 -0.00015802692311577698 0.6111263345136709
1.4361815011384609 0.8777178045819163 4922.496755989134 2.0711961820956846e-05 0.8116414066965976
1.447107617572187 0.8223063443307785 4949.524288777526 9.49361701619085e-05 0.18772491708118388
1.3651544023266717 0.8784043505114766 4995.815525539271 -0.0001407828079184743 0.8313846584373381
1.4117628678622327 0.8848160677147952 4810.635211856831 0.00031897911729895944 0.9060180967720819
1.407602901202295 0.8169813908162411 4989.356955345251 -6.377438407939843e-05 0.14627306391683567
1.4663358938112685 0.8503212295511462 4865.171828658443 -0.0005119214039071472 0.380644186791273
1.38189995216426 0.8897661468839716 4889.417042439261 0.00028963622090408725 0.9272581314188914
1.446312457812194 0.885614299696546 4899.205405185251 4.210730493690082e-05 0.7832092033900819
1.3813187499794939 0.8557074397404537 4924.578761284157 0.0004847898735883301 0.4294791660717999
1.4257681802943378 0.8898363456816863 4951.811413517978 0.00016983586656933809 0.9677821464922939
1.3040524053340685 0.8805592756424048 4437.959286746594 -0.00014509031718029668 0.8092735003313697
1.4439714288659964 0.8883096162750748 4815.469236683786 0.00030325119386914387 0.8734401091478603
1.491172679943324 0.8805912450445 4955.2589723689525 -0.00040986140485384264 0.8434623725049569
1.369929590969801 0.8713083438574116 4946.561575840815 -1.9972449149954826e-05 0.7096335467437621
1.4089507521350213 0.8764488948385183 4796.895633715603 -0.0001983330406254176 0.7344737280771385
1.3499094363781956 0.8797737415677364 4952.51251632856 -8.701642803392071e-05 0.7809280711930824
1.3454808558877702 0.8885583415227624 4952.660461230129 0.00038876067570202047 0.9288875321326792
1.3763381548714235 0.8470730626604647 4886.059807980424 0.0005247024953447121 0.30451696390271643
1.3982512560581397 0.8838913684892984 4832.246043265046 -0.0003796606151013049 0.7303969473420782
1.3462026925753416 0.8706058998240332 4817.906927114203 -0.0004303900963172338 0.44834011864165574
1.5216767852148085 0.8787646504640453 4526.319138521835 -0.00018810398976710783 0.790374416396896
1.360040005484089 0.8614240283072818 4882.544146657579 0.00014493905898881274 0.42853593376499677
1.3404485128564212 0.8803149253933272 4609.22554623144 0.0004687301106823551 0.8298414962468577
1.3512206856221 0.8660974104614517 4932.386097678128 -2.728084858064488e-07 0.563424260662585
1.4060780238123471 0.8854242260371367 4796.701159357834 0.0002776832334120248 0.8072361973559492
1.3287816704210687 0.8868827146465158 4577.990822726577 0.0002835454756297331 0.9527761869157094
1.4560272714926432 0.8628292589078131 4957.5577694930425 -5.303562979965522e-05 0.4533857722220792
1.421627748794017 0.8809261081729092 4907.226468887676 -4.133736530341242e-05 0.8766078463646139
1.3559995540167393 0.8857959518059522 4924.898686333056 0.00020247061590224105 0.8958989455532947
1.5404097475263225 0.8866015474571476 4405.731982344384 -0.0002844302226049801 0.8812744652372829
1.3867073835837807 0.8817436236410454 4954.750878222405 -0.00020676187624585658 0.8772869333452572
1.402628898840119 0.8891986901435683 4832.133808266025 -0.00022631167725145482 0.9035511453290374
1.3831466238675953 0.8885782292821156 4889.418439738366 -0.00023430181092275244 0.9812245311267305
1.398739717474723 0.8881423242417166 4941.3442856295605 -0.00037756428688478713 0.9745245095217313
1.3418372908069913 0.8889496354175822 4936.946159467899 -0.00022961275425175374 0.8573433017887728
1.3418372908069913 0.8889496354175822 4936.946159467899 -0.00022961275425175374 0.8573433017887728
1.4156425421695071 0.8809966137659305 4938.343970896884 -7.117692648355413e-05 0.7919710025004595
1.3524978582212293 0.8752709737355708 4927.8994536698 -2.7938530450647487e-05 0.6775572702164832
1.3524978582212293 0.8752709737355708 4927.8994536698 -2.7938530450647487e-05 0.6775572702164832
1.3972493965852162 0.8839171739298934 4966.738357852881 9.344779265895476e-05 0.8922359191683977
1.4467962733279278 0.8883745297959253 4957.119541446802 2.789597223684509e-05 0.9612103716716625
1.3475561083462255 0.8814240908592399 4952.6728554332385 0.00012292048117952837 0.7902384451923214
1.3929303187605322 0.8809205429186069 4954.696995883177 1.6797838060596108e-05 0.8723488023938455
1.459721908722953 0.8671491254721913 4865.794135534577 -0.00037830550898175746 0.5360915884825267
1.4506722061821686 0.8712245903634803 4997.914712692022 -0.0003258610547872739 0.6782344480090375
1.4116153102941755 0.8643985874573135 4941.21852471953 -0.0004545039615519739 0.5785172124329305
1.3931747374145498 0.8660464110890066 4910.84456501918 -0.00019207430336908666 0.5334117980068888
1.410881148338647 0.8736110405277584 4984.269985507759 -0.0009965604028689286 0.6637584080417489
1.4040932737268883 0.8676183812652976 4941.886920384802 -0.0005631342815270813 0.5983466324353691
1.417912729920242 0.872375173342028 4949.0532136972815 -0.00014442676566174168 0.6679584022005317
1.401884620015407 0.8772473840540479 4939.603204587597 -4.337213599167232e-05 0.6236107983197586
1.4360158003016448 0.8737485108822626 4797.152451830093 -4.263768615536067e-05 0.7066024067999527
1.397422541395626 0.8678406164437313 4896.026887063245 -8.2382815162574e-06 0.6157584395421694
1.3869247576944925 0.8713443140521798 4887.579427227275 -0.00013851454545944715 0.5865635488862323
1.4157231682079687 0.875704248130559 4992.4933842196115 -0.0002332975303884444 0.7338848225530805
1.36046311004259 0.8779149876735235 4995.75014271692 -0.00021044160690833282 0.7611983557633069
1.3948316643356922 0.8915471792185771 4941.777746478983 -0.0005450875607533114 0.9730680762478046
1.463676478510092 0.8782550354526473 4698.126911245842 0.0005199824227368473 0.7923194383490656
1.4746180347843023 0.8736368185667331 4741.675558318656 0.00020927460692308226 0.7124115246455558
1.387924922640275 0.871562673054876 4876.114697026901 0.0002654890146872213 0.6340292097740428
1.4355189246509519 0.8750956217081656 4922.558012500173 0.00010695382202260433 0.7261545153376716
1.4239970119760637 0.8716148245887212 4777.642042821057 0.0009580987095870337 0.6735738111322856
1.4239970119760637 0.8716148245887212 4777.642042821057 0.0009580987095870337 0.6735738111322856
1.4118708272919698 0.8690690666845406 4892.446669009596 0.0004932555506430807 0.6263349875952339
1.418009707127493 0.8848025380723408 4832.008957859667 0.0003037017949683185 0.8228533683058136
1.4323680924042703 0.873651106496866 4931.098761486085 0.0002332077569543494 0.7176578972219801
1.3687048285339458 0.8745250608706572 4888.144832189654 0.00010710988177317053 0.6623312373930564
1.4349258684142532 0.8647189983979531 4836.157097689353 0.00020393136996793974 0.553038844720516
1.3642082976176528 0.8820077863686351 4927.469198140792 0.0006780111426261679 0.8522419495641109
1.3534323309576912 0.8742455487956382 4857.950163285506 0.0005135124978726862 0.6791242783451898
1.362670862147538 0.8769486109170013 4792.288693664553 0.00036788967961328605 0.720028934688078
1.4228414224463815 0.884454309051851 4832.238640699702 0.0003798992848238495 0.9189752014186179
1.4202733002336179 0.8842019493321558 4810.467814181149 0.0004885532174887712 0.9207039976619033
1.374399922649387 0.8832111476680706 4898.50460007615 0.00034806143143678114 0.835754836573793
1.3585370790203124 0.8817946764032144 4908.541342110758 0.0007558733839884426 0.9080202176911465
1.349901287790789 0.8906707742801646 4927.491612285375 0.0005422038695252812 0.977954163561207
1.3604521076221066 0.8929557586249718 4905.250744224132 0.0003563731543077753 0.9765765334591145
1.4373616393068116 0.880900463987371 4951.157512896614 0.0003525625066296458 0.8471323663851272
1.4124869785423422 0.8821241945093566 4968.575480107115 0.0003049570665638876 0.9388120312374253
1.5128920925447944 0.8765573049130304 4933.11287776501 0.0005844888077560832 0.8071062954256222
1.4223809116870862 0.8800280206415183 4941.3305822055345 0.00039244575451747346 0.7841990891829409
1.3331940158255051 0.8860857856458741 4883.987865692881 -0.00015261420025177726 0.845699425009498
1.3455908883052485 0.8995046957462154 4905.487784466583 -0.0002866003811808148 0.9881124008795386
1.3146527502457432 0.8856319782019453 4918.484217532348 -0.00019782247343222398 0.8104846429027348
1.4007019408629469 0.8901860059765081 4737.539596005251 9.807074385929172e-06 0.9921540981046577
1.3449682767585347 0.8890773013907938 4903.399946019281 -6.968310152248805e-05 0.9610180150434245
1.3474970974275569 0.8903287373099346 4760.225390658983 -2.0817934656666425e-05 0.8769081697226001
1.3474970974275569 0.8903287373099346 4760.225390658983 -2.0817934656666425e-05 0.8769081697226001
1.3840833388693738 0.8756880404145708 4728.805084364962 0.00018970634268170136 0.7279981436021523
1.292528358951555 0.8846840428329129 4823.017032772392 0.0001332693929669754 0.8526341521786793
1.344818745966406 0.8837281825949259 4760.334288768453 3.122043263161597e-05 0.7134877520796273
1.380136632258779 0.8845838386328442 4539.297463239277 0.0004252631007192817 0.9392441536562115
1.3155953744824838 0.8880083689606034 4758.962532046053 0.0003530352435125763 0.9240376308497378
1.3767515515145363 0.8858132721158741 4602.382395995068 0.00010229683211049346 0.9813450981228131
1.3775789809377006 0.8838918655997752 4539.300929273773 0.0002789771565043454 0.8477232894424809
1.5253852580477234 0.8771442878710912 4709.960066075102 -0.0007322095418851476 0.7468144091749243
1.5204619991223105 0.8683481287488266 4719.427702441642 -0.00037146851587571017 0.5703355706571813
1.5502729517796436 0.8791241824883343 4636.825275318948 -0.0003270996448684409 0.8330709931515984
1.4936521218379846 0.8723487022742998 4536.7931573645865 -0.0001099851333475669 0.6419266896252331
1.5089779761986486 0.8843387414188526 4958.9198252399365 -0.0005621501340232909 0.9282500016777125
1.4549686314300598 0.8873438874078337 4814.695520037516 -0.0005162201235632507 0.9189671935420757
1.4812214499356853 0.8798920347638407 4872.080224100194 -0.0005242329686494325 0.8509278445715405
1.4913278199410844 0.8746365582518814 4802.996458982778 -0.00038964342344523044 0.6506037821132051
1.512925057061631 0.8708016320670808 4849.2844719653785 -0.0007430149037020942 0.6482302780018036
1.3940004887340227 0.8803121712165208 4573.970062854657 -0.0006064174949697546 0.8402410237930741
1.3327274198021852 0.8851741148453527 4443.561224414534 -0.0004378066131731018 0.8578940359281326
1.4105463127962437 0.8770696614378698 4491.759869446363 -0.0006932173662385194 0.6828561409274881
1.4306395960174687 0.8698659257832766 4428.116563486645 -0.00045830378607996167 0.5243124504399488
1.3287496403547103 0.8886632157224973 4687.518875966513 -0.0009666990037337588 0.8288255393079003
1.3287496403547103 0.8886632157224973 4687.518875966513 -0.0009666990037337588 0.8288255393079003
1.3099133838278338 0.8892395965514889 4623.567780641102 -0.0005266568067797172 0.7902294840702906
1.3460094832723644 0.8839347253758846 4687.473533247465 -0.00031619516452441874 0.784840851845195
1.335786853859957 0.8710874147321206 4609.368241870508 6.651084797488012e-05 0.6019148686049215
1.3447991564592903 0.8724313106096285 4760.389988664323 -0.0004488914801957194 0.599489894763661
1.3814541330970809 0.8853931832693078 4966.160203376486 -0.00034041234989732114 0.8196436632930069
1.3566553567291746 0.8843103983023602 4989.29828866983 -0.0003835464007137992 0.7798154362678366
1.372858058377005 0.8817634507477271 4887.774885696077 -0.00036590696672341507 0.7237789049310278
1.3625895376887875 0.8946752567833536 4889.666575475362 -0.0007733664381774451 0.9830150162536901
1.3625895376887875 0.8946752567833536 4889.666575475362 -0.0007733664381774451 0.9830150162536901
1.3421778704078755 0.8991453264796812 4905.8402309679095 -0.0005343857677847446 0.8571388678426417
1.3421778704078755 0.8991453264796812 4905.8402309679095 -0.0005343857677847446 0.8571388678426417
1.4001131688903747 0.894802496258186 4841.480242414549 -0.0007668072940636062 0.8677281936556491
1.3333117918794608 0.8881406470516601 4817.053091334309 -0.0008125851982629527 0.697824791180812
1.3705547436160983 0.8799030756992656 4837.665135674145 -0.0007702416269248106 0.7398014032404531
1.3329783221215312 0.8847354964632944 4792.948728396271 -0.0012479723157165347 0.7337425855150097
1.3537147737391402 0.8814531460276045 4825.83166836741 -0.0005665218349121958 0.8145055493920533
1.3417044017458362 0.8846996594976979 4760.810273107807 -0.0004651018409159205 0.7867799725987179
1.335882213189365 0.8754743456877987 4874.275927146249 -0.0003029053376333112 0.4888271569914963
1.3535083477084955 0.8862890047059545 4825.839653136117 -0.0005931204145171976 0.8911824621844091
1.3614001614889992 0.867562369465259 4936.753769636259 -2.462608171168662e-05 0.564155783211995
1.3614001614889992 0.867562369465259 4936.753769636259 -2.462608171168662e-05 0.564155783211995
1.3796436646751187 0.8672817792228131 4989.26399900443 6.627574206239955e-05 0.5250767616816913
1.3607054601747581 0.862250867163 4760.303347396555 0.00012090642996972046 0.41082480647366537
1.3645455905781056 0.8450876072014052 4519.4678519199415 0.0005444419992749188 0.28022692623707157
1.3912498115919143 0.8574104769823351 4771.805752126241 0.00022558227878113362 0.4211313632493003
1.3647342582235886 0.8368976702585502 4519.635807547311 -6.755480453161856e-05 0.24495127692749968
1.4065789350008795 0.835399199957237 4876.21689590373 4.431956493088368e-05 0.24708323293153375
1.4499952800773053 0.8301093479519838 4949.916003078881 0.00010521775784706653 0.21919982453694115
1.3725366879516616 0.8430030246843837 4644.917635192923 -0.00038227022370461254 0.28457075154535544
1.3835248401441684 0.8235389903091841 4915.149669856603 -0.00012108508581376122 0.19827193526023906
1.3966412783482904 0.8224888924388769 4979.9547695351175 -0.00021911684206870214 0.17456674605753392
1.3807773201429034 0.8348161746715986 4817.977560456694 -0.00025534312550790544 0.25228088819121663
1.3774908893279023 0.8287835448414458 4886.775019993467 -0.00015254693578823524 0.2043134695328536
1.32484640995172 0.8483559410311902 4752.9570898470665 -0.00024004952838932092 0.3292624649250604
1.3485710247840306 0.8567610986331564 4816.6878945898825 -0.0005295425958038127 0.4148015953830049
1.3849512814853242 0.8323612075923075 4687.953783716516 0.00020031762078354053 0.23271847384013516
