 F
        1416       25928           3         128
    0.268049302915989918E+01    0.981335690529971671E+01
 T
   2
    0.200000000000000000E+01    0.300000000000000000E+01    0.796875000000000000E+00    0.203125000000000000E+00
   0
   0
 T T     0           0
    0.000000000000000000E+00   -0.100000000000000002+101    0.000000000000000000E+00
 T F     1         102
    0.321626566606240442E-04    0.253681682404453790E+01    0.989122333300086432E+01
 T F     1          26
    0.116155656249318540E-04    0.669321810683591090E+00    0.930940042953328373E+01
