 F
        3558       17733           3         512
    0.803165164549401389E+01    0.103546017961385797E+02
 T
   2
    0.200000000000000000E+01    0.300000000000000000E+01    0.919921875000000000E+00    0.800781250000000000E-01
   0
   0
 T T     0           0
    0.000000000000000000E+00   -0.100000000000000002+101    0.000000000000000000E+00
 T F     1         471
    0.232875447872960602E-02    0.795325653201002059E+01    0.103628097207584613E+02
 T F     1          41
    0.308563008398642547E-03    0.544671646880237059E+01    0.102539527003971092E+02
