 F
       18991      164387           3        2048
    0.191110912380020825E+01    0.639843546240096472E+01
 T
   2
    0.200000000000000000E+01    0.300000000000000000E+01    0.732421875000000000E-02    0.992675781250000000E+00
   0
   0
 T T     0           0
    0.000000000000000000E+00   -0.100000000000000002+101    0.000000000000000000E+00
 T F     1          15
    0.573076669242157690E-05   -0.311700067336806441E+01    0.612122504694664649E+01
 T F     1        2033
    0.251622850517147986E-03    0.190453638868640773E+01    0.640026349403540440E+01
