chirp_mass mass_ratio EOS alpha zeta
0.8378533895017432 0.6065446507780906 4880.472993627479 0.0008834902567205209 0.008067096172874114
1.1379898935218185 0.7267129697211094 4546.340007176203 0.0004704823292089548 0.011405680318004563
1.2960996464075396 0.709202947137678 4913.636570659071 -0.0003663843031393437 0.03238860564125588
1.3339776725914434 0.7342696034702394 4607.52339626652 -0.00044172072862067805 0.019848432832743547
1.35528714762532 0.6287687800973291 4183.623459926803 0.00022531811789198644 0.025567503941264905
1.0361764774063487 0.6378045657420781 4500.148282117588 0.0002417086357608397 0.005689012401709816
1.2736928150959086 0.6875266049368032 4634.648241095197 4.293489313467407e-05 0.015598402734514951
1.3055967797688564 0.7223274400293443 4793.875501177466 0.0001305518250738875 0.038059371453629205
1.6125061313369806 0.6419046339902307 4208.773721088651 -0.0006723687165163233 0.02259393759793346
0.8763152502189512 0.6173513269520833 4849.52041691753 -0.0004280078522236408 0.008193025254200025
1.2523787224961387 0.7108949948566036 4796.36746284119 0.0003065178637524128 0.011761195619164591
1.3814845253814627 0.6961027466658936 3956.0698203651127 0.00036486077497275784 0.024475636293564577
1.402950046352764 0.7098751162768697 4101.045780430191 0.00036306630069435353 0.03268788433499075
1.325770197739617 0.6694915401739977 4751.820153028503 -0.00014671761467780078 0.017593492785322934
1.0054962839424326 0.6342496465657582 4449.304070475588 0.00010967883605178293 0.00804370146133407
0.8949674920171149 0.5944450100541899 4630.715239927735 -0.0002441889886546815 0.0075214486927246
1.2664798376097544 0.6188569257483205 4336.467350345448 -0.00035177614927943694 0.021912550182497215
1.1840594338152695 0.7360508260784772 4310.67397160246 5.023287589329738e-05 0.014901088234603748
1.3914311642556272 0.7205851672258015 4510.354710187795 -0.00015821823867670677 0.029221121544599674
1.3246719661957689 0.6816660907206944 4761.004509588736 0.0001838943168421166 0.025562686286815475
1.0920090856286815 0.6075688118614253 4581.879275171377 -0.000582527904171105 0.006048710505082645
1.114293939121862 0.6202564023346184 4458.7915894517655 -0.0004118727660345038 0.007061607272200003
1.3549073269194556 0.6001544729931834 4710.979002673279 -0.00033247339112011873 0.016354944837124047
1.081802995746612 0.6140238706595826 4821.870415372634 0.00012659573348207322 0.005922321101605283
1.352681565541046 0.6809982871123395 4503.232038063192 -0.0002078726743546104 0.03157732719187553
1.1414989637489787 0.6916695495054839 4260.731867303092 -3.616396551988637e-05 0.009908602778192301
1.4410268235010708 0.6800155921757675 4784.13926079737 0.00041185348930374314 0.023819067272390394
1.2578054007435027 0.7033094725444266 4831.9164342651175 0.0006629496368516733 0.012753710964494753
1.4482089546449215 0.7346066905981274 4023.5694924639897 -0.0003533438116173751 0.037841947027684106
1.0423699822387227 0.6663383172076821 4516.108124526824 -0.00017050482058658634 0.006467327002319671
1.4202308523037472 0.6897018764602718 4508.544327288761 -0.00028734204723068334 0.02875906381853374
1.057817740351907 0.678145109961104 3992.9550927910855 0.00016719487435774196 0.006690365015726189
1.3224161384116773 0.6632352189347925 4142.649753866721 -0.0004837251620814259 0.015231900857682803
1.2743597024118574 0.6880158800162064 4084.0334033049467 -6.915661813270271e-06 0.01988847361935306
1.144958226500297 0.6795742108745751 4735.143354882928 9.117688751970109e-05 0.009852402268602223
1.078947136757867 0.6480803035313898 4572.602706428981 0.0006060794462087999 0.008052968983622729
1.491415424181728 0.5826510432934439 4203.309811748287 -0.00022678923481869175 0.019799636352015773
1.3801435685871313 0.6359028674875838 4700.167689483358 -0.00017748527002760858 0.01747950005668695
1.3950828347999733 0.7463835776355792 4831.278967712192 0.0010141038521437006 0.03779475220860612
1.077488105744962 0.6717096081797118 4419.985762372998 0.00017711483495146346 0.006660923639048218
1.3892299349445612 0.5450183978063529 4138.382606369194 0.00019689852581992513 0.01947436078842285
1.1038031678312146 0.6730677874339136 4738.415080436963 -3.674356567302948e-05 0.008692115112595523
1.3964310059707028 0.6851303475435179 4169.817051919162 -0.0003797537270452813 0.029475176768637548
1.2171806069980515 0.6069044069054015 4800.431881955319 0.0005391613786710815 0.015616411068210805
1.5741327379838133 0.6160337048669842 4384.0163990493 0.0002812537969460877 0.021011890173272492
1.5254333097207435 0.6405291386932581 4690.001143184581 0.00023535898667469046 0.020419527136697035
1.4201002048605176 0.6482188952446009 4259.409410917696 -0.0005504136852622723 0.025733636346292485
1.3022582398595146 0.6859874127955712 4378.096549581345 5.019835136019998e-05 0.02695303425392622
1.3770055136264219 0.5907134209283639 4973.062603987537 -0.0006198248448395588 0.02122394533674779
0.9186358786800453 0.6220224777313399 4281.828629701881 -0.0006147007696333811 0.007233410660872895
0.9235845268319598 0.5791492843099859 4964.404159385638 0.00025030490192204824 0.0062469882673453405
1.2686785997311962 0.7199014672476248 4833.205225583049 0.0006124066006668571 0.02552849176897635
1.3610926532258645 0.6514050996015135 4907.965110525657 -8.395687271232199e-05 0.018661291188368526
1.3675084001093363 0.6149296042039956 4915.119301464666 0.00021584131683633365 0.023097946686446158
1.4469388639432919 0.7021999018961252 4598.929383622486 -0.0001822617951528439 0.03045149140387681
1.4684801861851875 0.654119502830963 4234.973986022669 -2.3671275742764767e-05 0.02066682875955119
1.2150689890393471 0.64677007769853 4454.2397348956565 0.00016295500618614765 0.007673799931137734
1.3653711746713115 0.6361877298495562 4911.26120978263 0.00048488083261606554 0.016774475360831584
1.477301235437511 0.6896253295414027 4895.973623762094 0.0002672083485328608 0.035495971838319006
1.3752825300639806 0.7344393452831753 4095.5839524506173 0.0004150970880216095 0.03629097966306355
1.3117738348189283 0.7009735278807334 4408.267237330592 0.00016705635192374 0.020237092063834214
1.3234886525332012 0.7209397511017648 4531.730633741245 0.00046625239678156307 0.025642822715212676
1.142267925231589 0.6440086757582363 4396.111375003351 -0.00011142510571405947 0.007005911164692491
1.258334754875337 0.7077083810567288 4706.2028747786035 0.00024729262699190195 0.019027788508894018
1.327380752166165 0.6541266082668603 4798.264549803002 -0.00017705724977300132 0.018318309687702587
0.9477184311657169 0.6598661737439148 4443.192289284773 -0.0004885642219072221 0.008330729759890108
1.2651953867064871 0.6377431511282731 4914.914717384673 -0.00016116443484568915 0.010577261895107165
1.4549416635414443 0.7284893073240548 4352.920426203104 -0.00021718230137548453 0.04171764514318183
1.4238240709587062 0.5885411465339687 4855.991949051503 0.00012571203183140767 0.016082803516224695
1.3292420945375003 0.7012654412261676 4390.301795490843 0.00016466516572991827 0.022790600373983873
1.262025768765167 0.686054029822518 4694.798299610345 0.0001440729245760782 0.016761447457157144
1.355596268798379 0.6093410336363817 4971.336820573048 1.4629092889176648e-05 0.018355655762882433
1.2442264796319495 0.6357509538241455 4784.867814967728 0.00017070794311658697 0.009549701168746306
1.0407914764001907 0.6889093339222173 4340.887669826258 0.0009173363100452448 0.009472629667276924
1.2891791289578916 0.6656873342433951 4346.462801696978 -0.0002236228237101894 0.018105742258023496
1.059599687210648 0.6415431341686004 4917.533823160345 -0.000618629954772476 0.007069483628426849
1.2788723474731816 0.623510717246014 4501.644453075676 -6.984167842195205e-05 0.015331071118059347
1.0635900385987433 0.6644038464745103 4755.116621058883 0.0003283043861967354 0.00644098242655118
1.2965739631413147 0.6929099015265445 4791.745395486857 0.00026238843487905357 0.023151237253397253
1.241339038809773 0.7287594770313462 4699.320441269511 -0.00014581887510202514 0.0202079806197475
1.4183904057649266 0.6949472398687102 4130.575250620412 -0.00031523188964676773 0.019715143021623364
1.3748943821524642 0.6887037385956809 4683.229880043228 -9.929852309916758e-05 0.0316011969373398
1.4643036307346975 0.6520276015292251 4767.619432568271 -0.00028133454227080687 0.027142878775169743
1.591093325952405 0.5937977786896889 4773.750727323802 -0.00022522667327779815 0.01786958146170459
1.1074616086683546 0.7157453928242378 4427.987049724979 -0.0005953791195275829 0.008096641312901226
1.5011338317508294 0.653115043633959 4236.000324412042 -0.0005867727009101925 0.02328214804741395
1.1724404483047277 0.664811558754534 4243.727862979705 2.3624366101757494e-05 0.007771237007611901
1.4370466279159604 0.699108688553509 4773.115990761535 0.0003801677797926069 0.029968719194628745
1.2523280868386 0.6957458622626405 4064.128684711985 0.00045097589432928413 0.012290753499564502
1.5374901682907396 0.6840118233946336 4300.85633541031 0.00023901071159856648 0.02467246514773177
1.2692157722312158 0.6543729312726365 4962.250649909105 0.00011665216952697146 0.018695969444025594
1.2692157722312158 0.6543729312726365 4962.250649909105 0.00011665216952697146 0.018695969444025594
1.3545229450841898 0.6341107912398575 4741.465543818402 -0.000423160777353887 0.01620633001158504
1.476936887815048 0.6518075447953562 4719.619025555279 0.0006228614879757892 0.019468257437673074
1.5719330311541135 0.5655010985104276 4238.927956062403 -0.0001932158661753661 0.017832167148415283
1.3327413223682498 0.5893547868283417 4861.256561147921 4.390341436836825e-05 0.020206413308928563
1.332021192147857 0.602901504833386 4886.680201172411 -0.000618375943715566 0.019992365571222588
1.303597998229922 0.6769365018172919 4187.8272345268615 -0.000743151612318082 0.019718783627273036
1.3800515424119641 0.6665441059733265 4592.4679433368965 0.0006228695208211278 0.018818477795957335
1.3800515424119641 0.6665441059733265 4592.4679433368965 0.0006228695208211278 0.018818477795957335
1.393017076978513 0.6591930481278181 4510.923848443759 -0.0002445669325521768 0.02358510262000086
1.393017076978513 0.6591930481278181 4510.923848443759 -0.0002445669325521768 0.02358510262000086
1.38979157838432 0.609897640277282 4939.346971300303 0.0002994797949258031 0.016759152772376537
1.38979157838432 0.609897640277282 4939.346971300303 0.0002994797949258031 0.016759152772376537
1.347293709536174 0.6798369507567772 4508.615453837552 0.00023018938791080707 0.02299118241385574
1.1215423226097516 0.6879805301198988 4152.597575279654 -0.00019591689389438397 0.010571060836026991
1.389917025886068 0.5976402855249188 4760.340003671898 -0.00029035924475517437 0.01600028927301213
1.389917025886068 0.5976402855249188 4760.340003671898 -0.00029035924475517437 0.01600028927301213
1.3684240917351171 0.6538449422633397 4706.8693088170585 7.493723565410835e-05 0.023921000532795694
1.3056706081005471 0.58601716135755 4880.884405480514 0.00032703482227099405 0.018086300575155485
1.4424681102805346 0.6225433372836005 4907.254170568369 -8.067787326041988e-05 0.0232521853197803
1.2761210036922077 0.6997092801704443 4908.946393810053 0.0006070069270706688 0.031684110303296736
1.2761210036922077 0.6997092801704443 4908.946393810053 0.0006070069270706688 0.031684110303296736
1.4035523239890488 0.7203823337035833 4598.578855764546 0.00029161359381992235 0.032932422101853875
1.2704187034330612 0.7037123553857 4660.828839286903 -0.0005496559132522911 0.01751489987828865
1.4736959842169473 0.6423697704661971 4698.436147985369 -0.00017571856892996531 0.02565971270288525
1.4736959842169473 0.6423697704661971 4698.436147985369 -0.00017571856892996531 0.02565971270288525
1.1771168321329477 0.7019462509076825 4115.533122913027 9.248668227304752e-05 0.011043848891953856
1.0351555282817908 0.6666959923996715 4160.419960392558 -5.7014513224689804e-05 0.006882964910201057
1.1315974498688672 0.6216399477743566 4918.067112863126 0.0001513396834478588 0.008915784326583676
1.1315974498688672 0.6216399477743566 4918.067112863126 0.0001513396834478588 0.008915784326583676
1.112802925382782 0.6681847117760338 4139.900583509362 -0.00020941968849337968 0.009026451812062429
1.112802925382782 0.6681847117760338 4139.900583509362 -0.00020941968849337968 0.009026451812062429
1.0235793088860445 0.6387022416207221 4255.000538481828 -0.0002763410652727506 0.006815346689263073
0.9655458944490583 0.6520729719324629 4294.055713546057 -0.0004680048421915565 0.007478120735560505
1.318543691582032 0.6996454479727809 4674.151495342735 0.000274667421001802 0.014408635594315775
1.472479704168854 0.6857852197406338 4717.253934326519 -6.843456923833799e-05 0.0258897035528517
1.0188697473670512 0.6652913905302099 4260.934678760919 -5.9826122710175306e-05 0.007860720358768477
1.0188697473670512 0.6652913905302099 4260.934678760919 -5.9826122710175306e-05 0.007860720358768477
1.4916358700608998 0.6667139543827567 4703.354212207156 -0.0004266026370260883 0.027664271561175874
1.3747686559312498 0.7107754489683002 3990.4123586111846 0.00039577223518856965 0.018001327339685846
1.4427638812753403 0.6217968221587928 4776.96325499282 0.0006978609708817732 0.020265855032600616
1.252646949068598 0.6336799654103213 4567.57472072418 -0.0008728954831657991 0.016510804961872277
1.252646949068598 0.6336799654103213 4567.57472072418 -0.0008728954831657991 0.016510804961872277
1.4035923170442581 0.6298354745226582 4700.525712083619 -0.00037398063284090055 0.02139348400526944
1.0508765872172448 0.6553432591371539 4267.557052619523 0.00035255109032883913 0.0067920073268167595
1.3948781265362253 0.5439826175237648 4711.70583939402 -0.0009369824706216628 0.01583706343331196
1.430998044946045 0.6005923191868787 4972.714964769852 -0.0004820169784949584 0.019210174005921923
1.318319225346135 0.653479926899732 4324.140195732358 -0.00013052179468961292 0.010828609957691198
1.318319225346135 0.653479926899732 4324.140195732358 -0.00013052179468961292 0.010828609957691198
1.2482724294444982 0.6921619886766159 4225.582162208408 -0.0002920316579079871 0.010222989730224221
1.3028761301487597 0.7070680726892201 4700.020129387927 -0.0001346646452710493 0.02259574871073294
1.3028761301487597 0.7070680726892201 4700.020129387927 -0.0001346646452710493 0.02259574871073294
0.9427615483578397 0.6016892209182981 4747.4545970737545 0.0005828652724606685 0.006687349301458756
0.9481186902850809 0.6319714435870205 4354.120160171337 -7.781090297425327e-05 0.0072317245424075045
0.9481186902850809 0.6319714435870205 4354.120160171337 -7.781090297425327e-05 0.0072317245424075045
1.333248244873079 0.5989627456367379 4482.145232493653 0.00044256371130501986 0.019995097243990498
1.2924760960117008 0.6514519297951582 4764.117546193001 0.00034589909760402923 0.026598081778382104
1.2924760960117008 0.6514519297951582 4764.117546193001 0.00034589909760402923 0.026598081778382104
1.377117792850025 0.679252410942355 4728.152574650765 0.0007353963451646835 0.029751205751475752
1.3395266046712937 0.6848020454325895 4945.39203069326 0.0004638769762407492 0.027984565051605195
1.0636150121794632 0.6324871512853854 4884.496042755919 -0.000309139258262465 0.006258691478570312
1.3935149768698696 0.6526093564904726 4997.823022113707 0.0006516976499635585 0.026116043166349714
1.4102824540050625 0.6594476946181548 4679.980037659925 3.247967010599181e-05 0.02747044807570341
1.2722854000486057 0.66653778814375 4238.742399563615 0.0001657045933520017 0.008643049576485462
1.343413436342178 0.6450536636889549 4429.1297187230775 -7.966427854931461e-05 0.024922667675548675
1.3808374759851358 0.596154956201318 4570.159520715854 -9.861546010184645e-05 0.018402342767139816
1.3808374759851358 0.596154956201318 4570.159520715854 -9.861546010184645e-05 0.018402342767139816
1.0500711595653314 0.6570196799354597 4607.229426059652 0.00038185162570100273 0.007780813121562809
1.3257445269225578 0.6180165502161665 4820.693812335123 0.00041662602021415947 0.02217617452029428
1.3257445269225578 0.6180165502161665 4820.693812335123 0.00041662602021415947 0.02217617452029428
1.0040351806154606 0.644366065456536 4238.386659898435 -3.1755981367862486e-05 0.006974512562278114
1.2145306434543803 0.7066156975313888 4544.605576929456 0.0002197098178136399 0.01921245137529316
1.2145306434543803 0.7066156975313888 4544.605576929456 0.0002197098178136399 0.01921245137529316
1.3323644355855875 0.6548284124599845 4592.903429497282 0.0003536259463201596 0.016198455987400828
1.3323644355855875 0.6548284124599845 4592.903429497282 0.0003536259463201596 0.016198455987400828
1.4463483676414528 0.7237425293879848 4321.928055354422 0.00015419181490988325 0.037240396702040844
1.2442588791039733 0.7167137689175476 4452.689105782879 8.194454290077309e-06 0.02145094600310058
1.4086544781766013 0.6334716321657886 4999.973133072413 -0.00019864768620094373 0.024072742745623495
1.2154910724062902 0.675270286516581 4541.677033244742 -0.0002091493844590385 0.019371991192884408
1.2154910724062902 0.675270286516581 4541.677033244742 -0.0002091493844590385 0.019371991192884408
1.3589932720570501 0.6671837727140633 4950.904949625593 0.0005484292411644422 0.02199869544680453
1.3430474598540438 0.6964906187474074 4126.827232088233 0.0008386109968638395 0.01932215560316446
1.1696131810169512 0.6959273450201344 4668.222659087651 9.661242975714506e-05 0.007142287804362883
1.1696131810169512 0.6959273450201344 4668.222659087651 9.661242975714506e-05 0.007142287804362883
1.293796706758057 0.7141682025198799 4362.331351702974 0.00045572489183137716 0.023658604758247145
1.293796706758057 0.7141682025198799 4362.331351702974 0.00045572489183137716 0.023658604758247145
1.4871909950827231 0.681509778082721 4775.865524242555 3.544713427617181e-05 0.03058804130500589
1.4871909950827231 0.681509778082721 4775.865524242555 3.544713427617181e-05 0.03058804130500589
1.1670331928683446 0.7055221796720765 3992.2538193382293 0.00042749660315533425 0.007711956219620375
1.2040060093047857 0.6888348188345819 4722.929233868202 -0.00048291204240559455 0.021200987440452904
1.2040060093047857 0.6888348188345819 4722.929233868202 -0.00048291204240559455 0.021200987440452904
1.3661708210296721 0.633797418616306 4498.6124203512945 0.0006534045101379515 0.02418219486177551
0.8823631749943807 0.6084035962204364 4968.264515308995 0.0004941421564464495 0.006642046539118296
1.217944652534926 0.7203073963839782 4784.776731912659 0.00021884386650934697 0.012530919501534614
1.284347696016852 0.6890083425467013 4021.9845045713932 -0.0005082245591629245 0.021244646036694126
1.284347696016852 0.6890083425467013 4021.9845045713932 -0.0005082245591629245 0.021244646036694126
1.3237323722174854 0.6025839198486238 4258.553292317837 -0.00014985387678619438 0.018134176825020297
1.277639392247429 0.6457514096061716 4146.8399273462455 -0.0002704258081997847 0.020322906616447638
1.3148584403803887 0.6890120630338503 4539.963710604744 0.00034860772181300435 0.027549944590259532
1.4283724919137395 0.6560180791305146 4490.81642951 -0.0001449300776081273 0.02580340257843818
1.4283724919137395 0.6560180791305146 4490.81642951 -0.0001449300776081273 0.02580340257843818
1.5010975569709275 0.6080586616065029 4899.533553576581 -0.00045871545611620736 0.0173462643871427
1.1899362777351579 0.6704081997149004 4788.018879394911 0.0004867725028390292 0.011993458426522639
1.4176530591354113 0.6682699837562551 4990.0711342501545 -8.768882873933259e-05 0.025527512855266003
1.3705544368878018 0.7245083861348038 4674.59378892711 0.0001030015175211041 0.0249101646810016
1.3514040386416588 0.647985188590379 4874.93313052283 0.000517482411616679 0.02573603616526112
1.2249094324137433 0.7046394878260868 4711.416695595728 0.0011653665915044682 0.019645095299142178
1.1915067156547305 0.6951643850595699 4693.379576249138 -0.00020379233784755148 0.01026631011178232
1.1915067156547305 0.6951643850595699 4693.379576249138 -0.00020379233784755148 0.01026631011178232
1.3812818072521749 0.690231020788874 4755.9588315486635 -0.00021724616034333107 0.024731416379113295
1.3812818072521749 0.690231020788874 4755.9588315486635 -0.00021724616034333107 0.024731416379113295
1.2922499995324692 0.7113221939582535 4669.507788527291 -0.0007115081476147485 0.020717191632147233
1.2922499995324692 0.7113221939582535 4669.507788527291 -0.0007115081476147485 0.020717191632147233
1.3112253870185024 0.625167701447302 4927.928871165415 0.000156599322235488 0.020486612383331777
1.3442399637368165 0.6446726539557053 4843.461629409267 0.00016851831569375173 0.018008212233209225
1.4432704379284074 0.6085253884739042 4570.615895835483 0.0007189971217246254 0.01901759273721125
1.4432704379284074 0.6085253884739042 4570.615895835483 0.0007189971217246254 0.01901759273721125
0.9549038757754108 0.6202624911177841 4249.886252968631 0.00024049929002724495 0.006979558034610798
0.9818734163133654 0.6389882299854355 4729.178441204889 0.0001494028807310441 0.006840016112840254
1.2707956400344813 0.6818053976924081 4783.678799281926 -0.0004473389888470611 0.01668944709771533
1.2678491378592645 0.645952723475823 4500.743264779151 -0.00044612155765820207 0.014576933035167557
1.2267017361124382 0.6894469508609931 4182.765042519276 0.00015996419479420563 0.013498127222559535
1.1829551900339017 0.699077356661902 3941.9397842154704 0.0006259991175931109 0.008786985449977962
1.1552184023929088 0.6411012985915291 4888.763677948457 -0.00031822992718925626 0.008947394634497684
1.2581857479603746 0.6786043473759331 4391.257121264322 -0.0009898831381221415 0.0226093637700149
1.2581857479603746 0.6786043473759331 4391.257121264322 -0.0009898831381221415 0.0226093637700149
1.1082389163873294 0.6562176584534509 4826.452342542966 -7.95611366295569e-05 0.006770676428234109
1.2081303667826822 0.7042610119744287 4980.334337101945 -0.0007426170578144296 0.013847373774506736
1.2081303667826822 0.7042610119744287 4980.334337101945 -0.0007426170578144296 0.013847373774506736
1.2977071069502126 0.707988036395289 4959.077544976717 -0.00041731797141792896 0.02382161342403307
1.3384158060003817 0.6960547485603645 4502.348025279487 -0.0001237898605143063 0.02616680504607124
1.310774110245387 0.6439330537317938 4786.351058121407 6.021744210552217e-05 0.021368309551996686
1.310774110245387 0.6439330537317938 4786.351058121407 6.021744210552217e-05 0.021368309551996686
1.4746222722544435 0.6846138942509531 4750.9609029010935 0.0003273049640186043 0.024928928085401675
1.4746222722544435 0.6846138942509531 4750.9609029010935 0.0003273049640186043 0.024928928085401675
1.286228925786029 0.6567649018664019 4669.3046966900365 -0.0004723167311228632 0.01294035542141593
1.334955336950602 0.6217287308818289 4999.69495344511 -0.0002997927064469752 0.02113560028833996
1.334955336950602 0.6217287308818289 4999.69495344511 -0.0002997927064469752 0.02113560028833996
1.2288538046129591 0.6456293201818935 4857.105763651266 0.00022903985968529295 0.017047534573074955
1.3962021890473173 0.6796641048979302 4307.307735093681 -0.0001442945669719709 0.028233704446448467
1.3962021890473173 0.6796641048979302 4307.307735093681 -0.0001442945669719709 0.028233704446448467
1.266881274794055 0.6975936255322425 4260.370818214706 -3.730137975336585e-05 0.019196357818999754
1.1909922147124155 0.6908687985769075 4168.006218386242 -0.0007402176296813564 0.007682894380101827
1.2471167882423304 0.6604033137894172 4839.950984240409 0.0005372459128448074 0.012598086613307264
1.2471167882423304 0.6604033137894172 4839.950984240409 0.0005372459128448074 0.012598086613307264
1.4203301257747931 0.5902402338562304 4944.7828713861245 -0.0005613891261229161 0.01785557931948179
1.4203301257747931 0.5902402338562304 4944.7828713861245 -0.0005613891261229161 0.01785557931948179
1.4278953357893747 0.6320858598190793 4502.334774783429 -0.0002580764280922797 0.0208217281535767
1.4314160163341987 0.6740833971467731 4266.7164897886105 -0.0004967501267725676 0.02256437808213245
1.3312411234088057 0.696128459975852 4428.792292613764 0.0002509524443212373 0.020193554987530008
1.3626232184617726 0.6111915421709466 4729.074066219715 0.0004841010072663422 0.01913490192348246
1.3626232184617726 0.6111915421709466 4729.074066219715 0.0004841010072663422 0.01913490192348246
1.0619502962559864 0.6357651094007757 4997.420469245015 0.0005529156728688687 0.006567785734685163
1.0619502962559864 0.6357651094007757 4997.420469245015 0.0005529156728688687 0.006567785734685163
1.30533971906747 0.6405801678057272 4834.743805394225 0.0007164427286890519 0.023244798302388868
1.0192323339560316 0.6540483776683754 4731.193197236329 5.358750175619233e-05 0.007736563361532171
1.0192323339560316 0.6540483776683754 4731.193197236329 5.358750175619233e-05 0.007736563361532171
1.325608725004026 0.6162094994152374 4887.725338114862 6.79457603671535e-05 0.016763982006180463
1.325608725004026 0.6162094994152374 4887.725338114862 6.79457603671535e-05 0.016763982006180463
1.4036360279379483 0.6649507384340034 4856.8850334902345 0.00026297291939747736 0.024782077010253357
1.396797276793135 0.6688871080030896 4836.140921581777 -0.0001328259272124478 0.022412726746503776
1.0619281996850807 0.672276195139413 4839.569685840747 -0.00042132250052664207 0.007268731267786081
1.2990588283122344 0.6613772659610438 4752.972054243168 8.790220797505151e-05 0.02315777757035726
1.2625544397848465 0.6701649077891634 4775.9049894005175 0.0003928395823694807 0.01040964245075741
1.2484050331098393 0.6864679938390164 4284.727293375946 -0.0003300619008160035 0.015975346373854206
1.3450616107463234 0.6483031858491028 4792.379445174086 -0.000257114907484028 0.022583566436504162
1.1200172335687026 0.6798799902727092 4664.746795150825 -0.0004321903583503131 0.008119718944719431
1.4138341324540096 0.607757737259834 4944.864060551519 -0.00015304094399169258 0.019007128961016785
1.4138341324540096 0.607757737259834 4944.864060551519 -0.00015304094399169258 0.019007128961016785
1.3289374122913005 0.6634265071815355 4948.9943851015205 0.0005906736893520864 0.02314167630733085
1.402961089207875 0.5893178287713823 4888.932862371202 0.0003146976716330216 0.0194805327196291
1.1589480605307154 0.6649572261423392 4465.694732110501 0.00025846243616027857 0.007882561074142239
1.2754604576580761 0.6540004145092002 4425.979562707378 -0.00028223752102138534 0.016873841539262767
1.266302628532314 0.689227730272015 4039.9026678343766 -0.0006124881259576686 0.00955317365208691
1.3220944900168843 0.6907291734728497 3992.008887674959 -0.00044799533467766077 0.018616689953932543
1.3756343357405068 0.6665456523741455 4248.084241894547 0.000775574752418151 0.02532418802551431
1.2756751877892243 0.6835601412958147 4959.08596540711 0.0006894569080423581 0.019531946009043955
1.2756751877892243 0.6835601412958147 4959.08596540711 0.0006894569080423581 0.019531946009043955
1.4183277212197782 0.6634514887289269 4959.687008151541 -0.00017207692252306728 0.024548363812158722
1.342485868888851 0.6787343808040273 4259.18127683944 7.251578762199087e-05 0.024621613053637782
1.342485868888851 0.6787343808040273 4259.18127683944 7.251578762199087e-05 0.024621613053637782
1.44376885256451 0.7082202371955076 4636.036415010062 -0.0008035958693911486 0.03184197029283258
1.44376885256451 0.7082202371955076 4636.036415010062 -0.0008035958693911486 0.03184197029283258
1.348100984483823 0.6260853889923281 4533.776375518813 0.00010765310998258849 0.01973671877386652
1.348100984483823 0.6260853889923281 4533.776375518813 0.00010765310998258849 0.01973671877386652
1.4982678189689436 0.6432734785677163 4814.257613493729 -0.000520322919526668 0.024148388404298032
1.4982678189689436 0.6432734785677163 4814.257613493729 -0.000520322919526668 0.024148388404298032
1.5098522669366976 0.6225850108425031 4169.805180129515 -0.0008250952954891046 0.02007593539188425
1.5398596443009218 0.6472776594257057 4324.326595860221 0.00016113182762454354 0.02236939521391007
1.5398596443009218 0.6472776594257057 4324.326595860221 0.00016113182762454354 0.02236939521391007
1.3224029573416765 0.6646920991060874 4645.185646690102 -0.00025893920258252944 0.025698111449978543
1.2060123130186295 0.6559275320099524 4729.754010566339 -1.9426147388056153e-05 0.011168541871508859
1.2939769973210504 0.6549336413277702 4454.4898604966265 0.00010254348800119327 0.01423945857787335
1.2439578652230032 0.6467362746224875 4912.379962884628 -0.00018471587513803814 0.01835652071782064
0.9460557762909325 0.6485758402703444 4731.181134075037 -0.00010504032158822328 0.0074143171409720675
1.419092164963982 0.7078744798621519 4982.714121937177 -0.00023770321247352637 0.03333604087885276
1.4237534283423756 0.6977489103148773 4142.48210437649 -0.00010041667721626684 0.030241492948682065
1.4237534283423756 0.6977489103148773 4142.48210437649 -0.00010041667721626684 0.030241492948682065
1.3256510874123983 0.6648202738013534 4562.375295377295 -0.00012371174493250168 0.025244220170530546
1.4542736867959234 0.6930652728801181 4603.901285974198 2.3148391453074558e-05 0.02737014964590944
1.49259074886118 0.625682748429004 4814.294957004927 -0.0002462854001749681 0.021523930242535
1.49259074886118 0.625682748429004 4814.294957004927 -0.0002462854001749681 0.021523930242535
1.4213292997753504 0.5982099204631929 4554.354382547449 -0.0006450508933069515 0.018697498244339125
1.4213292997753504 0.5982099204631929 4554.354382547449 -0.0006450508933069515 0.018697498244339125
1.2304472617185753 0.6377364745240633 4995.386569230769 0.00010238314395340292 0.01435644542915275
1.2304472617185753 0.6377364745240633 4995.386569230769 0.00010238314395340292 0.01435644542915275
1.270642552940713 0.6677301163744174 4849.698100886755 -7.175831612113282e-05 0.008320671716599191
1.270642552940713 0.6677301163744174 4849.698100886755 -7.175831612113282e-05 0.008320671716599191
1.1996617962307 0.6477387963754198 4176.1408059413625 -0.0005035944782225279 0.011099680929278743
1.3802594642257713 0.6343278133133731 4727.351008003829 0.00040038900146203337 0.019263678577811322
1.0431206943678921 0.6674627943756444 4352.016087157191 -0.00017230895343551004 0.007069101098000274
1.3268411312525412 0.6874437607578713 4945.033173451696 -3.5616775067611084e-05 0.025568872789992994
1.3268411312525412 0.6874437607578713 4945.033173451696 -3.5616775067611084e-05 0.025568872789992994
1.20510773195159 0.6569724000451513 4294.24836928625 -0.00034503125387462405 0.013387302069089026
1.3713518081043883 0.6767699032332097 4784.8456027383545 -0.0005629131507460226 0.022285565889757546
1.3609872054267094 0.6290325519285179 4684.340314534662 -0.00025301117439996564 0.020353830405853326
1.1037296177474611 0.6441269923994939 4962.68893166812 -0.00020537889222726582 0.007026536176043753
1.1467627948178913 0.6507441308768583 4876.982408880773 -0.00021404467911735048 0.008141351067091452
1.3003419284725357 0.6704821514264064 4683.263276915483 -0.00028433056179898007 0.019482912469367824
1.3803030469266417 0.6978288012438261 4799.161145622604 0.00011226920258609934 0.029315531444118307
1.3950665859071691 0.6743249435858346 4630.187151096113 0.0004187392799594689 0.026668334689229998
1.276871520388151 0.6394854942386207 4666.594245285318 -0.0005430435022068446 0.019918683789219092
1.1804376777864487 0.6584071527979386 4834.249446115647 -0.0007102481874988734 0.01331590260888809
1.225700481405781 0.6708285962651618 4195.65513868253 0.00013669258735435528 0.008116046200761097
1.4124454760570777 0.6206195445904582 4961.119837256471 -0.0003617899890821769 0.019426012060892218
1.4124454760570777 0.6206195445904582 4961.119837256471 -0.0003617899890821769 0.019426012060892218
1.3151531801115681 0.6482482509855139 4867.068665974466 -0.0002717323687555458 0.02410150298123372
1.3057713310613845 0.6510304270490017 4262.785511768581 -0.0006591703373823616 0.022056106411458
1.0752827874370567 0.6835809180872311 4503.176718487347 4.611191141640048e-05 0.007387670183426967
1.0752827874370567 0.6835809180872311 4503.176718487347 4.611191141640048e-05 0.007387670183426967
1.3178296528332183 0.7039037260807384 4720.058069954186 0.00017144281497648802 0.018725365698331824
1.3178296528332183 0.7039037260807384 4720.058069954186 0.00017144281497648802 0.018725365698331824
1.236926373568269 0.6942445703150212 4485.148118948402 0.0010353520766361738 0.01699326560785877
1.4064088651219482 0.6484534742455836 4087.4389778598843 -0.00037925218690911607 0.022132208356700676
1.3349612678035623 0.6518931790539811 4547.658888527867 0.0011156567192996739 0.024209671429627082
1.2074381938139036 0.6913428328672188 4500.552633204089 -8.494862138857886e-05 0.010656447293480954
1.2074381938139036 0.6913428328672188 4500.552633204089 -8.494862138857886e-05 0.010656447293480954
1.0816399172376499 0.646857503731164 4556.090179228595 -7.091898945471756e-05 0.007781979022099218
1.3526348138984694 0.6296073270615598 4182.656524486285 0.0001628222229095492 0.019465718872960922
1.4340217959617 0.6344292626283662 4552.278295934096 -0.00021840358167674308 0.020826937157851826
1.430922641499742 0.7272572376000406 4537.310013635084 -7.81639954405936e-05 0.034879636404420426
1.3028113064138402 0.6371511634391369 4881.531760755369 -0.0004897420212346241 0.021503182089425702
1.2146328685862633 0.6752941692079394 4990.746980952585 -0.00030223210379220117 0.010103054854161728
1.3687355044132363 0.7033731337197325 4104.079000308984 5.0937351697742405e-05 0.020681777982350148
1.2141950652888858 0.6596150053825792 4898.330979878576 -0.0003498575210023279 0.01391800312047451
1.3297806892999668 0.5988044481450596 4757.422828279344 -2.3023731460091518e-05 0.018036980405321083
1.2159457602605657 0.6349387268072822 4946.996218123989 2.3180020528947637e-05 0.014392870613931824
1.3364880685002465 0.6506964542484139 4825.451653175057 9.541024610607718e-05 0.022153023778075355
1.350348959458945 0.6776201199469772 4990.223090154123 -0.0007641596123332404 0.02549339345800693
1.327264810873011 0.6958101120499061 4775.2195409274755 -9.97742568002242e-05 0.018032896157516274
1.3580944780750284 0.6409648714611755 4887.59562594073 0.0005523232083173531 0.022930203452935685
1.1241677938506025 0.7012776257677001 4926.260806501183 0.0004078580944990109 0.00902551038004992
1.2714884780193723 0.7206763719619356 4725.367622196352 0.00043709455620642636 0.015788381302511645
1.2264503619320428 0.6887346942505226 4599.886816746113 -0.00032135947569943526 0.014867570268345658
1.2692037756545012 0.6952626405501715 4607.842226637057 -0.00029597827823181646 0.011555250588972856
1.2544820816373063 0.6723313560948131 4935.531436283536 -6.420840615234122e-05 0.020200432135373276
1.0048075820480675 0.6393404354539703 4566.31223587942 -0.00021874045669443022 0.007030417537007102
1.0048075820480675 0.6393404354539703 4566.31223587942 -0.00021874045669443022 0.007030417537007102
1.4502902354468454 0.7171122856062101 3931.1947525956216 8.182464376273386e-05 0.03215915032084536
1.330427000686064 0.6962841673206037 4526.912935677351 -0.0004949107301344917 0.014145723941632778
1.3842172869933482 0.6612948721953869 4777.415068481172 -0.0006533861203523904 0.02330880591627031
1.282967261088927 0.7355165896056055 4891.73395458289 0.00033373166754603964 0.020616900507002555
1.3018792235020518 0.6629616201124593 4731.650058238556 -0.0003163685774254425 0.01809827355534039
1.4674672106654132 0.64533562250721 4794.874767162892 -0.0008889275035317739 0.024419565255377803
1.4516850702916255 0.6706005971791519 4822.02287081998 0.00027880960040641077 0.024242112346696647
1.4516850702916255 0.6706005971791519 4822.02287081998 0.00027880960040641077 0.024242112346696647
1.1189992123891397 0.6790391237831488 4862.704799183284 0.0002902141767090834 0.008128196532293712
1.3684221920601163 0.6357049282799208 4784.26037815967 -0.00060989695145195 0.019148123733389363
1.402939500175792 0.6810894544861077 4592.744137161555 0.0003539291752937231 0.023439582660654466
1.1313052071349352 0.6600784482577157 4887.131392486585 -0.0013342758106644817 0.008151163440273371
1.2309107717115917 0.673188087679849 4914.192330016954 0.00019576844116063 0.010711548790426729
1.3093702113968833 0.7008078822833121 4569.276545883577 0.00038720814137300965 0.018818788642332572
1.2444644682524122 0.6638022513959818 4625.952431545163 -0.00022759650596085394 0.021888947740868237
1.2444644682524122 0.6638022513959818 4625.952431545163 -0.00022759650596085394 0.021888947740868237
1.3529236187475036 0.707079670272172 4083.9964326382033 -0.00011361108068791015 0.015262882928302534
1.4125634532977616 0.606477320428913 4902.014502945066 -0.000393670876791155 0.021141414798980938
1.4125634532977616 0.606477320428913 4902.014502945066 -0.000393670876791155 0.021141414798980938
1.3030454333454842 0.693968943996425 4442.0170779644 0.0003397041680088146 0.009772565749524644
1.226462082898399 0.6751970428879135 4978.557030987619 -0.0004994431056087611 0.00968839346468853
1.4788471236383156 0.6090996032671327 4449.0824157371435 -0.00046078610375591096 0.019930639681441854
1.292870844559215 0.6941715339708221 4837.771678724234 1.7686232986925423e-05 0.02472824116376652
1.3128308899017505 0.7192857694822762 4826.230758479062 2.739949128710016e-05 0.018996374703035467
1.1840132991175847 0.7193091313676706 4459.303103191522 0.0007975040125402667 0.010888013758288847
1.1090016602292376 0.7056293083756008 4995.878661393735 0.00018288772514140093 0.00941745148429577
1.3101585566607103 0.6906840005043037 4930.7869060119565 0.0002486623167345526 0.013048342861180656
1.2392439767425913 0.6856896715908207 4995.724929491165 -0.0001796295192457257 0.021274383284618795
1.211150054875083 0.6599735218701394 4642.206674034367 0.0004348448333074722 0.009420083179517402
1.3700933081191367 0.6809983748732201 4275.275186654238 0.00026377822315418116 0.021508770933347084
1.3700933081191367 0.6809983748732201 4275.275186654238 0.00026377822315418116 0.021508770933347084
1.2356109384217906 0.6576933040077246 4837.098672433319 0.001084136052274444 0.012613995512366506
1.2536195395975125 0.6656548963072547 4693.80795707562 0.0001246304612257858 0.01616663427605079
1.2109869838371905 0.7433621137824616 4344.90797039005 0.000619554337235168 0.010037775608272266
1.1894490293984976 0.6978093398073791 4371.066738325159 0.00020598085485411054 0.007968648259378222
1.35412846844845 0.6526073687874869 4539.022823117407 0.0010599669281136754 0.025445078092306356
1.1874052801914818 0.7097419107368049 4750.646716063069 0.0004113372679272301 0.00796954125166855
1.2565742149194241 0.690822930374574 4143.916855110884 0.00010319383898402941 0.012607339952637896
1.1908060110587904 0.6600263717584121 4318.94965682944 0.00013774686956758185 0.014516826246847869
1.29063189021671 0.6454838884999763 4322.67283022986 0.0005267824602189309 0.01841950453683766
1.3402854773403092 0.6431654538391223 4549.33093715406 0.00017160144297435342 0.018778822057405962
1.1940119564607672 0.6847395947685069 4830.656173723136 -0.00021824844519043314 0.01981374115884915
1.3779612613439833 0.6759230390029084 4065.926569111108 -0.0003543743555743274 0.020094677346471853
1.2170919144264665 0.6898451359337106 4772.636930600957 0.00020670000355544544 0.019152919787618274
1.219834058856569 0.7020843982038889 4065.2752860790665 0.00016318778528694479 0.008830520970110648
1.457292094800474 0.6720909400910123 4895.863128874609 -0.00018041912974779117 0.023411172747474066
1.1277113603159572 0.6891075174575431 4790.319575919197 -0.0002476970792463794 0.008981529519027061
1.286926545558997 0.6790885488201701 4838.604012334008 -1.1354094059231905e-05 0.01647143468556658
1.1309316943125982 0.6956664670282253 4592.285769198181 -0.00014348667172076177 0.0077836485844372545
1.2705257917033104 0.697888557668142 4767.528203596597 0.00015938821794135114 0.014634123911757231
1.2546319764663532 0.7087848659920548 4633.922556857429 -4.238434953696334e-06 0.008226307117578513
1.2553870922084545 0.652631740826568 4708.087232918318 -0.0006201531537194966 0.016433537317535
1.2258534099137035 0.7305138213103816 4674.454319144543 4.8902686132599054e-05 0.010070844439424222
1.3860021772626046 0.6957079898340774 4891.957495778825 -0.00047654260778853575 0.032704941488301824
1.2393094031139573 0.6931102932295068 4162.033229579457 -0.00032046036738853626 0.014238187829744932
1.313345669250575 0.6631098421796587 4519.600201570293 -0.00011402059077175249 0.02346594659934567
1.2550866008844708 0.6617057581500035 4483.782769292799 0.00011519004185465636 0.017416683231088928
1.1915556980845137 0.6675284684871893 4896.176570509043 0.0004396597320888522 0.009436876985020885
1.2226061355436855 0.6598632352617337 4556.482613430743 -0.0005091558723808067 0.02078835660668548
1.442474239134371 0.6592480868368213 4871.536920307334 -0.00029554578868463483 0.02428593036108644
1.4934400011339535 0.700787123030159 4199.043468409024 0.0009821072794491304 0.03176111721287647
1.4514245725469812 0.6821825347677928 4557.560268447933 0.00047646612293626066 0.02646665274719451
1.225512660521128 0.6663416192201361 4541.970206714831 0.0005741341258158144 0.0176851111201151
1.1808062997921376 0.7041214990392625 4443.621904115745 0.00046350482612715063 0.013567605909099091
1.327158236048898 0.6653875251390795 4884.990692690871 0.00023676238684115593 0.02441387532263162
1.3318671366505601 0.6936973303874518 4747.73654034478 0.0002918630884624648 0.010896419108670693
1.109495798389275 0.6571594169533935 4536.517635681422 -0.0003345261572483952 0.0066754239958569635
1.1545377834482067 0.6794628611403607 4262.843824695984 -0.00023870402052106148 0.009983640642467425
1.2787530722203806 0.665738231075533 4300.785922069187 -0.00010201402227957069 0.008034548995814638
1.1941823486244645 0.6780391640741418 4861.511516019012 -4.470571928735323e-05 0.013084756877419099
1.3003523479091672 0.6665605977372002 4258.872622863827 -9.52421922150387e-05 0.022039792421355953
1.2382596051836112 0.6853925359417049 4802.3454372902015 0.000186417696135517 0.0090652116228635
1.4283436594431769 0.6908875065330623 4869.763009418783 2.1881403629614598e-05 0.02739691315768453
1.1767157392844931 0.71086166230654 4913.598750324653 0.00044461878185664787 0.01085988819102085
1.3186114925449228 0.7269540938982154 3931.871313854093 -0.00015140557998044853 0.01280651495969223
1.2691294677614244 0.6685431674150901 4311.109377153358 -0.0003739504237865844 0.019496350378586325
1.165704010508631 0.6886989927752766 4808.789965232678 8.268478939950735e-05 0.012531295453524051
1.4537719729158678 0.6522388446624863 4511.689410973008 -0.0010553326295574688 0.023075203438605495
1.3380645209606874 0.6776906380838185 4838.795976815834 0.00018953511237009162 0.021362927001224243
1.3718132918064474 0.6974770150992511 4385.037852745645 9.407465067448182e-05 0.022080062162535653
1.263910248308455 0.6298808000236273 4735.846217074403 0.0005146797416703675 0.01935205772131051
1.2870901582131076 0.6870856287221111 4934.312244155835 0.0006862613592537725 0.023120577653681015
1.346951025243012 0.6775118751666137 4933.1343806735895 0.0004950096391912365 0.0171296169487924
1.1328811673506103 0.711007246479521 4920.819829042139 8.82593992595687e-05 0.009405913964744243
1.2805109067886957 0.7038259303659737 4527.055253680734 -5.157128671507327e-05 0.009843934690192211
1.3964959958960868 0.6834417157426926 4306.453798043066 -0.0001445944095547506 0.0271188552109162
1.3935177584452505 0.6214498087249289 4902.590029212043 -0.00010249362206809088 0.02203929716234137
1.2360899013638125 0.6735794707290331 4447.371273385944 3.4367429363819284e-05 0.01988123036820776
1.21191970755959 0.6721519989416225 4429.479505189147 -0.0003437823409649088 0.01958269723322126
1.1542833442852276 0.696907513419598 4981.637218845126 6.773244036679351e-05 0.010625371673278775
1.3720346205167133 0.6430650073683595 4947.396946014701 7.611518431706312e-05 0.021391102850143392
1.3150658248941456 0.666062419336737 4634.235319730831 0.0002902583119698171 0.015883056441871237
1.3025216424392105 0.6148926981451445 4619.17434813813 -8.410749772977887e-05 0.019196408559775783
1.1983156129163042 0.6862159602978352 4874.03885595564 -0.0008948190525844734 0.011013019804922163
1.2753134765744991 0.6651714539245676 4919.675283560956 0.0006577210479158258 0.016771510013098595
1.2652784561444255 0.644952543863644 4989.186921168732 -0.0006223717603856744 0.018036336858712997
1.4145636331625469 0.709470486210767 4140.197850881785 -5.0540585015835165e-06 0.030100525392346877
1.0804495093852926 0.6626240348927017 4926.794952651334 -0.0005780390998239495 0.007619694051433777
1.2280379357716904 0.6691175994413855 4348.074283932457 9.35418030734462e-05 0.009930263689519572
1.349791014181255 0.6194028016650259 4687.723307862183 -0.0005002218318503372 0.019548577037951452
1.3199822074698677 0.6623274138207146 4524.421620514338 -0.00019234288773016121 0.01786314071154253
1.3931189342115708 0.6209174878417252 4778.78098658791 -0.0004938710141513013 0.02107955872020413
1.3460477034761191 0.6469647265641703 4887.354797331519 -9.653135448045968e-05 0.02259571268809393
1.238500212752577 0.6627184263948962 4924.9005021807325 0.00012727122858710886 0.016695906545142948
1.149900289119161 0.6720277318004797 4705.773543537962 0.000177472869051159 0.00912383391993436
1.14425876369334 0.6780815718033648 4272.6435705892545 -1.9071354694478755e-05 0.007588154242541655
1.0778633705416416 0.6784483051262522 4468.301395053022 -0.0002092619284865599 0.007929142969167226
1.2929882422363346 0.6571457232210405 4567.9006398357615 -0.0001969040226132409 0.023472943279452336
1.3243607514763134 0.6494271051919316 4995.780726120055 7.919044114322235e-05 0.02356897644523668
1.2266787327390483 0.6679193206164431 4622.549303857115 -0.00016836454394811355 0.011236435885549761
1.340287749737008 0.6561573250894405 4420.427440573597 0.0002704489996291285 0.022715622785546084
1.3035647466524631 0.6742085134024365 4460.222217825722 0.0002923891774638081 0.019242416904103304
1.2935573599484234 0.6706193411559203 4818.950075482683 0.0001419606157078654 0.016256198136683938
1.3640476878985905 0.6523726147772898 4991.767977397991 0.00030159030836702816 0.02328748175128212
1.2333537072490877 0.6643581461646701 4563.146780444211 6.600345090200409e-05 0.019479324715840785
1.1897403354853353 0.6730031896096603 4176.086813715048 7.599093078735767e-06 0.010597597063609264
1.182938562639527 0.7322442382163634 4306.352741597368 0.0007761465519520378 0.009659540152408115
1.3079873300086098 0.7178486997413462 4659.150893041719 0.00017159120260804172 0.011799561047609184
1.4452580607229093 0.637807153304067 4784.58141952374 -0.00019780226862653124 0.020145485444630306
1.305137537294531 0.7078956297628888 4926.038673265525 0.00023041697728346807 0.015039061451119579
1.4298182069539758 0.6559773118624844 4803.692518818676 4.6446992180070195e-05 0.023719313118489998
1.3376362620380846 0.6622634299653208 4777.486966158106 -3.671953471368158e-05 0.02482902888324394
1.1229904756071343 0.6692670711621063 4728.677128630199 -0.00018985455161107828 0.007402627073034886
1.269287577539491 0.6719634569354669 4506.856838558285 -0.00041714757530193796 0.01958679870533786
1.4292235250039833 0.6821310401622559 4826.033107499727 -0.00026484666544456025 0.028069663313616548
1.3403230561486092 0.6514019619462174 4874.334598993142 0.00023246016022937069 0.021729700711306345
1.2331762676728089 0.6481637353722534 4898.483698234129 3.6732241448472666e-05 0.014378112891490154
1.271485345509614 0.7046071765460464 4805.112204080385 7.089868256026053e-05 0.01553012216985606
1.4140275644097287 0.6452236622033946 4698.52868176588 -0.00010620981208978555 0.021765059754388295
1.3293290044011592 0.6752053768724946 4449.73915561041 -6.144933829043509e-06 0.02356786638189259
1.2967839182271688 0.640090327063624 4310.558184638917 0.0004119640549121089 0.02059586981224245
1.3454052561719485 0.6558627666466279 4903.959836326662 -0.00029312382919768134 0.024305996967415425
1.3308145387373749 0.6893584960229725 4836.804661752769 -0.0004077384890290506 0.021486017460203677
1.1876305439357444 0.6629424837273585 4975.461510435997 0.0006108911094268475 0.007907467672620254
1.31172434037074 0.6684709718796311 4691.399187138384 6.981057670936163e-05 0.02147122683976799
1.4039288843468565 0.6065051432454031 4874.030675844334 -0.00031293009009287614 0.01905987143434581
1.1194315098055914 0.6876253888252234 4731.976489698228 -0.0001678359452620902 0.008553550782805251
1.2113214283336742 0.6932310536326142 4926.842388779725 -0.00022532759473020293 0.009021712968584769
1.0743924726062097 0.6867505840331893 4760.302154218846 -0.00020792731598214266 0.007390019023236635
1.2614801597703487 0.6785691714559224 4730.6864323694745 0.0005669837993987665 0.015660422675359865
1.2178238874902505 0.6613820312528481 4904.123903374522 -9.5032290798865e-05 0.021664089864660344
1.2239145012729966 0.6689999688819415 4734.067791885576 0.00010346987796238217 0.011847681003618039
1.3082883412793134 0.6154130110028714 4929.818934335415 8.212085757253598e-05 0.019202610177801695
1.3448677374422853 0.6242841248602449 4936.691644680584 -0.00015311592714308667 0.018461963943756887
1.43120318893236 0.6414775081474443 4804.688048547091 -0.00014611749648913398 0.02325964021339308
1.407381963553535 0.6172286031114549 4937.473138135151 -0.000533880627301157 0.02001416607327829
1.3979650042783445 0.6238354765245375 4939.507357193675 -0.0009286561847398167 0.019710409241067827
1.333116250046629 0.6334392011815903 4602.057240567673 -0.0005820643586800418 0.02012787363922436
1.276868921837053 0.6400478652025022 4883.69336512423 -0.0003846082577394277 0.0202759932792318
1.4869102804980063 0.708588219273543 4385.480541661589 -0.0001316722349150953 0.03503355872343718
1.4303584825364695 0.7043444245438047 4849.756385511565 -0.00015319322580148914 0.03197753330366257
1.3908340927445875 0.6530693680019838 4911.38091733581 -0.0006234170217216933 0.0230230580788379
1.2733944857975874 0.6433492899774229 4809.135599730588 0.00010522759497709458 0.021246753738833907
1.3160644253254863 0.6819510963035094 4933.84779651306 -3.2917122616999436e-05 0.013627554820732914
1.285370585142397 0.6594664264768951 4992.226330167993 1.813123099195212e-05 0.017747005985071566
1.2795766318673252 0.6527524046908766 4925.939803587446 3.8975282536194634e-05 0.020183546031588687
1.3398103297332593 0.6344376645588717 4979.311911404156 6.494616848548676e-05 0.020827329139915456
1.3348918121263769 0.6838387806074102 4853.63156856301 -0.00013375417825189226 0.017740277589504538
1.302720834659707 0.6558533758123892 4687.943746678629 -5.50440860441449e-05 0.022057553775105383
1.350407786022436 0.6574949980303465 4832.245770046682 -0.00014766707531095792 0.02287109557978234
1.3748394621088789 0.6554298583532404 4743.114131257241 -5.744303760470389e-05 0.02424884419654944
1.3320314682298853 0.6645138202750225 4797.452616374756 -0.0001258007914079254 0.022428354745570443
1.3195732999176124 0.6634480936544036 4859.355268110698 -0.0004599946387489158 0.021676202440261198
1.2617713338468053 0.6769439051017215 4974.974486363051 -0.0006073783355991235 0.019206638947689238
1.220615986811715 0.674792630156741 4577.459127864315 -6.441882022447137e-05 0.020694026280696207
1.3198200821598753 0.6912742160417 4921.4572606613665 -5.842889902587079e-05 0.02079243474875759
1.3730867542379777 0.680695235342996 4840.456674711196 -0.0010151382766115486 0.02205368673919065
1.454382470126903 0.6644891961721097 4872.1459867018175 -0.0004931975812776623 0.02595399322542214
1.3282452549788784 0.7028750564136002 4784.815813772692 -0.00035407547991120813 0.025154523266680197
1.430267228416024 0.710045991170613 4668.058675371506 -0.00038813706604316425 0.033596020815187
1.3561717573533705 0.7190726148980913 4985.955709313806 -0.00020694610766652173 0.028246127799654824
1.2000755511171253 0.6692093412604561 4809.367486597432 -0.00038897005295544725 0.017294311126556588
1.2099828264091246 0.6607311332507819 4932.649620574035 -0.0007688913297719352 0.013436219119705557
1.2047012192188433 0.6841554891629409 4760.859000337515 -0.00027073773058000535 0.012527361667227609
1.2047012192188433 0.6841554891629409 4760.859000337515 -0.00027073773058000535 0.012527361667227609
1.1691959748509249 0.6671157489147495 4858.697636826911 -0.0004057357825696374 0.008429898908518606
1.1389563870261736 0.6857648375560688 4960.5201045271 -0.0005162179351894902 0.007685304712863608
1.087944552874209 0.6869761339358277 4804.174329201547 -0.0004406739665357563 0.007986532768628022
1.2373551223240917 0.6922219371972524 4994.336316554555 -0.0005307224851506829 0.013775459405774952
1.146140788476934 0.653232934359493 4936.253560277193 -0.00038257689039366573 0.007696351698619715
1.1184800010807825 0.6714139986952462 4796.927079129473 -0.0007009588827230212 0.007519240796892698
1.1963701556504622 0.6846988208764878 4934.167935837267 -3.4273500671184174e-05 0.010734509792556015
1.2192264584925632 0.6865948367716037 4859.332325124165 -0.0006397404412976441 0.011181190814449089
1.2791788985638095 0.6690431849357491 4836.401164660201 -0.0005385875615670397 0.013514223822819416
1.2369543154160878 0.6992428616103596 4852.464368389651 -0.0004277261721772475 0.012233547841970394
1.216853052838423 0.688321509904345 4796.670532715536 1.7537617278498507e-05 0.009892688226866552
1.216853052838423 0.688321509904345 4796.670532715536 1.7537617278498507e-05 0.009892688226866552
1.2169354948186297 0.6746511879451904 4536.392127791507 -2.5892953152132683e-05 0.007810064078410268
1.2400155114158076 0.6857628777957043 4509.572375222779 -7.088004708473836e-05 0.01135399809574012
1.3049405644987502 0.7011447327801653 4427.076890212628 -0.00010692413804654507 0.013038075044418118
1.1264379218519371 0.6813380871158533 4556.397729804661 -2.8069404373223574e-05 0.009795421804693779
1.2066905220661304 0.6861775586840733 4663.144003629538 -0.0004024819187166199 0.01209022958040009
1.1844283543201164 0.7094624719596152 4806.023256877744 -0.00022289254161394646 0.00809467573890559
1.2109891865262528 0.7017909124612413 4674.3644077572435 -0.00016470063118006472 0.007858894462841479
1.1440966628792526 0.6851564506198934 4643.519663776728 -0.00010188711607310674 0.00748253252329118
1.1440966628792526 0.6851564506198934 4643.519663776728 -0.00010188711607310674 0.00748253252329118
1.1605877073402013 0.6748256747757615 4668.563816942053 -0.0003750534200695529 0.007905570887236105
1.1601212875310394 0.6822618485357606 4752.239761521233 -0.0002057031133085729 0.012844678373636549
1.2399091952597596 0.6876005540156457 4140.243179600366 -0.00012999884213354734 0.008187962477589752
1.210688195986722 0.6406326012560923 4556.136547568804 -5.6174992973806717e-05 0.01672797342431328
1.1311489359337084 0.6859890946409476 4053.630854233979 -0.00037298639646087006 0.007515070137476206
1.169442632211211 0.6908162572009136 4368.204688295195 -0.0005314645614574583 0.00850446970585938
1.317434250765831 0.6406320319139402 4752.705544760813 0.00031714880591398746 0.022766640461188918
1.2435734645168184 0.6510313694198727 4758.8779598338715 0.00014781015874899866 0.021473992129755884
1.274417693403708 0.6606159165794124 4811.034876703718 0.00043369882983448264 0.01793972106982515
1.3222408976958655 0.676643233495795 4741.826446720304 0.0007457672908920529 0.017723912262671254
1.3765311254304944 0.6752025390446905 4573.996442987876 0.00026806947014588366 0.02656036419362284
1.308851695826204 0.6527177215831589 4902.739480263796 0.0004773523997787601 0.02283377552497268
1.3972888177536211 0.6625608886948902 4821.992782650956 4.78242681547988e-05 0.02183105601860782
1.30746456568289 0.6876274511241519 4797.652196997081 0.0004535628838595292 0.024433201943977835
1.44755791995683 0.677589165388087 4840.507397521905 0.0002833608117140227 0.02666863927330131
1.304770856195025 0.6760525742115764 4898.465746029659 0.00010284100741682417 0.02533082590444448
1.3011786023386964 0.6737439883268654 4938.671894528533 0.00014580419850220702 0.021409089354695154
1.2963816849208702 0.6763996843226686 4927.699470749028 0.00026487653434453356 0.023968319577986574
1.2963816849208702 0.6763996843226686 4927.699470749028 0.00026487653434453356 0.023968319577986574
1.3097170194376697 0.6792054668250143 4889.776809921678 0.00020224213357537214 0.022834910672743847
1.3037565848691646 0.6420426428854948 4920.575911957438 0.00024924280057756436 0.018538260122423822
1.441379310680694 0.6914060007742123 4895.1057054276125 0.00046197208899439063 0.02573622101363104
1.2879994168909912 0.7192943706350374 4784.070657486081 0.00037272686837578093 0.018703145116859787
1.3787114895372268 0.6842790147458767 4590.664212096068 0.00010774018448938625 0.023560025409517557
1.334828051122186 0.7250009171894944 4831.428061397939 0.0006879339639135285 0.020227501411317562
1.3385083592015947 0.6955148029752416 4821.48775083405 0.00019640760495760412 0.020936083085626174
1.3339210443819411 0.7051366109743653 4853.714189781096 0.00016211909046259877 0.02207776869348414
1.2847219161009849 0.7195023355124994 4797.415502411486 0.0003960303441095823 0.02798970964474461
1.3973392943098926 0.688316324901398 4853.908823695439 0.000154797124268778 0.02609369573565575
1.3817053095726444 0.6881281167972412 4891.004057578679 0.00022675520319024765 0.028124356680949546
1.170276859665067 0.6668389351941938 4939.775711974364 0.00013325265281136762 0.00811071089418048
1.1988447023728586 0.711109818459598 4982.700840718616 0.00017505897707623645 0.009122931893036762
1.1769940581289013 0.6746699314376845 4821.183160115827 0.0003510584772098192 0.00742846993275865
1.1409654394419368 0.6934051257662489 4782.910977031879 0.00016167369298684687 0.008058973824929778
1.254094851271682 0.6928715818963908 4941.306654478986 0.0003042915540245497 0.014148334246366426
1.2613866986471778 0.6885516044641875 4951.353161938901 0.00012176324477904392 0.013383200639473791
1.2552103399881165 0.6985024276483183 4871.497044279388 0.0005640341419602209 0.01199324940170457
1.220838386319588 0.6752486882818048 4920.981792769009 0.0002014186248084439 0.012588587517176349
1.220838386319588 0.6752486882818048 4920.981792769009 0.0002014186248084439 0.012588587517176349
1.2933542093527888 0.7360737944355411 4849.308103634967 9.230848714298616e-05 0.013274395491851193
1.2084139866012857 0.6828410924117021 4952.278698111822 0.0003187858010604172 0.014829714455591912
1.2920401455081192 0.696942706801265 4895.259279424211 0.00023903464681004132 0.010059402651495904
1.1942587207818025 0.6907004298544033 4986.699281787077 0.00020339684091451017 0.011424254687540193
1.2420224035886578 0.6984136095195945 4731.2568057982635 0.0007875328179229617 0.01538807490852057
1.2170972390529298 0.6797984471927532 4994.403004738652 0.000648127752439519 0.012175199639025743
1.1438407752348543 0.693320075300486 4999.329989097118 0.0003816851621060903 0.009653799702608056
1.12049071743701 0.6796028801009562 4975.93521401644 6.209049775036378e-05 0.007725708069225522
1.2427043226669405 0.7097033168094298 4677.43272982533 0.00016966791309087586 0.011197311422744886
1.2223164166607279 0.6931957216067142 4585.451204573279 5.607700910903808e-05 0.008096373907401103
1.2516040518387552 0.6944462499936553 4465.409407367451 0.0004115712159296866 0.014014425171308149
1.1634832081091449 0.6762762512018138 4438.366876221316 0.0008236384778496707 0.009656201148401005
1.2923298971963346 0.693058907754013 4511.735254308551 0.00044703805507090896 0.013189078352698742
1.1946545688785302 0.6939732105798148 4491.33692558102 0.00036649748090870394 0.009542158406961022
1.352015175473889 0.7134314946645659 4405.826601957935 0.00019556791502837363 0.012434760258263046
1.2297478279125997 0.6975757060408222 4424.689088118988 0.0003566856563847201 0.00830640613604451
1.1877383117429212 0.705814935807329 4572.3881944523 0.0003163367182670094 0.009363258518788267
1.3111399432393265 0.6763027523770031 4428.590555711098 0.00026741816786444067 0.01652030933364906
