chirp_mass mass_ratio EOS alpha zeta
1.202127727249459 0.8670382181580877 4818.923410116852 -6.541792639569292e-05 0.02609662586618485
1.09776883840517 0.7982415260657724 4908.268967400681 1.9233733323340095e-05 0.0224351406972682
1.0889003216630984 0.9377868208613513 4834.513172320641 0.00042798028789947873 0.02992621431717901
1.3631968530885201 0.8577835662186157 4116.510419683893 0.0006621198033603599 0.4790556424903412
1.558115258936919 0.8325941743874635 4398.772271280106 0.00012444114016712808 0.5125346851725407
1.3666915011992313 0.8578300987335818 4161.630607012109 0.00011680368333893603 0.45162464326432056
1.0932365641562758 0.8459428883841448 4647.50420032824 -0.0008806289034229247 0.02469056498858806
1.314968906348809 0.866618084819743 4911.276701651024 4.1785878481605315e-06 0.21275995157035527
1.2380097059833086 0.8565656988034324 4519.768199056857 0.0007115292961523865 0.17910709808946787
1.278947802326236 0.9105607972163869 4968.410798639443 0.0005272034097218718 0.9138569361799762
1.4885302239784197 0.7280028112014558 4945.018108161189 -0.00025599240424632947 0.06472219600737719
0.9906139436015772 0.8678514054463143 4458.792852869728 0.0006503194143440217 0.02348083887819772
1.1015043195661247 0.819301753136568 4599.75367600802 -0.0002993093479175723 0.01801462597849402
1.3084442997243246 0.791220426828216 4576.610221939145 -0.0006996382378916463 0.11107249377251384
1.356387146808538 0.8227077541506632 4836.223272851899 0.0005105172163609612 0.191026188224347
1.2884104719088452 0.9289297007289546 4994.613799500252 0.0005825737759484831 0.8795969489223509
1.4820755301949278 0.6492902852120768 4622.767244153676 -0.0003221872271030998 0.040759862017846635
1.3802494821148676 0.8225408760824273 4891.069909494179 8.038268854336924e-05 0.30699770330351833
1.113896311141735 0.8774011038362178 4594.018184444763 -0.00035913402052103696 0.029626153492571874
1.2392233839122349 0.9391491714774713 4774.790606141159 -5.626851273544345e-05 0.031375531116289136
1.2561391999641975 0.8623302718324608 4919.574390058395 -6.642581339424684e-05 0.12444264278188784
1.0873461386858754 0.8168648021106497 4843.262035443553 -0.0003544710641421602 0.02523622441530477
1.3424060925551187 0.7775659953378815 4804.80143830375 -0.00027102615621174753 0.0804941936563723
0.940374641947902 0.7900199523053686 4903.507826501581 9.889126235686292e-05 0.021086647789641325
1.1121885885262122 0.8641189253226144 4793.695214900137 0.0004251296330680414 0.03122699745318281
1.2722983695747714 0.8559934124453132 4366.969456693531 -0.0003880894084910147 0.025994117122361562
1.2297200148980347 0.8301053933439001 4718.059956903966 -0.00026896523617219484 0.05104172895357295
1.4888288509184033 0.8259021736598777 4120.592894795787 -8.824471328589804e-05 0.429777407892686
1.427566260577526 0.8181097114542916 3992.6240367293913 7.395171849930976e-06 0.2595350795500369
1.2347867946854005 0.8620338606899369 4793.571863759705 -0.0006569064806468276 0.0942107819245029
1.1182866833275797 0.867755799248531 4944.284769509177 0.0002927677017337162 0.02198674409185958
1.3506134086059909 0.8436712433007535 4978.5433643458955 0.0003097762607349159 0.2112583372602751
1.2802133635677562 0.7412956181332897 4381.147419342933 -0.0005245197166662011 0.09001562229250273
1.2612593130300882 0.8328718595872614 4708.475085570521 -0.00020174152499237416 0.10648557892225603
1.2935361962566883 0.8487211022936684 4680.96473272638 0.00044974301385643055 0.3759279557716005
1.2039246254814282 0.8527029685983667 4405.261315206087 -0.00012717612131636681 0.01962864293008117
1.4037470774553134 0.8125472797114489 4080.863638654373 -0.0007762417872401944 0.13140184493606474
1.5553048756735337 0.7404376963294763 4196.810565923348 -6.1627556384992225e-06 0.08869299151625333
1.4563289426638693 0.8085833840275993 4043.4653601025134 -0.00015897581607207502 0.17517357027265598
1.0723075215081206 0.8251473194481468 4639.681255114271 0.00010014417777561332 0.023934981753945872
1.1843185868408521 0.852005759005332 4754.005983969317 -0.00012905915632377727 0.07928098702018194
1.458717978688807 0.8574192849457536 4654.842329034113 0.00027617515778809214 0.8310986734356792
1.101756351768376 0.84614706248191 4474.87926672821 -7.33949014810574e-05 0.022118388272828922
1.5456035218969786 0.8072680449812311 4632.20107802078 0.0001906824902719954 0.2695398884480602
1.274391758441925 0.9057912454009056 4700.705694973469 -0.00017151260330939983 0.12564218044281006
1.2619931527500143 0.9363760739258958 4316.975227448592 0.00029753399622239657 0.13791160589366083
1.2685221508545594 0.8193899665867357 4169.765916530907 -0.00016519719133052237 0.027142120507393647
1.3536092417685417 0.7618522735128368 4387.309623440139 -0.0005195488255898904 0.08550645148038499
1.1181360642983176 0.8351005675793248 4773.108491420504 -0.0010913134207367634 0.022543268619458733
1.2897428007072387 0.8266827395234158 4558.9429417866295 0.000497676385528269 0.08528928799463477
1.247604462056581 0.8174843899905622 4738.120103148561 -0.0003282778300452432 0.07039317625330119
1.220594255683012 0.8543303760613338 4819.257739077195 -0.00013166190073234801 0.10221646285624333
1.4558600352434916 0.8073163030982038 4930.525172336565 -0.000591511613934235 0.25976245277385873
1.2716394151528885 0.8544222995564626 4665.70765075641 0.0003895624070270274 0.09824960599413572
1.3439809950284303 0.772028496963947 4547.148790116009 -0.00015199775393070076 0.12181781708861447
1.5387094884074113 0.7990609559048976 4060.5418525432333 -0.00045337362239350877 0.20864942812017934
1.5143989160130118 0.7385040186029889 4630.704825145429 -0.0004294364591712909 0.08794115570325138
1.2534862140826073 0.8994696298031708 4971.614829264936 0.00021658993816746849 0.18041404156931562
1.3637023262671166 0.7670876526808574 4523.122606763701 -0.000851817042589826 0.10999534439891798
1.1659924890463187 0.8771212142001893 4637.534612576049 4.290003568550728e-05 0.028862832361534727
1.446847312674699 0.7814576801579816 4157.217155788437 0.00040957900872378485 0.1620976614269924
1.2867116232031934 0.8390747650842769 4322.976579416495 -6.58660376427208e-05 0.2784695209060856
1.2145801924552608 0.8227102766243382 4665.983124833019 1.865723012532222e-05 0.02706234249672612
1.2217231832241437 0.8424485224147746 4595.722623290008 -0.00018380267208333714 0.06276400224182606
1.2858692870778863 0.9298180530368143 4639.93120804525 0.0002233947085728945 0.18084822840597478
1.4292165862346158 0.7999871115465832 4813.155057213179 0.00047413007757629046 0.16844592248165358
1.3438270945532378 0.8401579081923446 4434.935142340304 -6.14935913874414e-05 0.12350412356102321
1.4649806977322375 0.818476809900258 4950.3532411479355 0.00017266895059105683 0.3195268517660542
1.3115802340376346 0.8233221470718947 4428.9902368190105 0.0003544914518991617 0.09777966982179452
1.2428497387245647 0.7986084296241012 4137.519026222262 6.132431848991489e-07 0.0816032139535335
1.2917547308478095 0.8262964029058733 4193.42598370823 -0.000646365763362377 0.04198190210418977
1.2612977467697728 0.7977496393171701 4173.765973075315 -5.752371583777308e-05 0.11376692015480712
0.997881430873845 0.7494700950287466 4737.695994000675 -0.00015046474812588131 0.015391400145107585
1.2682178106781696 0.7533045779124199 4337.928285142202 -0.0003402309280414459 0.07942570258636597
1.309768934701221 0.8036769273891246 4973.163125223944 0.00010199335593958012 0.19676156471834047
1.2540557743606993 0.8749377073258522 4073.10706230751 -0.0001882562437972041 0.07899272686633928
1.1753564463669903 0.8837232186463224 4608.890057074889 8.79781971758877e-06 0.08396558047764331
1.4069529750963803 0.8762812860216265 4709.368480406044 0.00012702317473405086 0.6726032232299872
1.1743923872535738 0.8654702253551269 4826.620938155089 -0.0008494083967774522 0.029464569770078858
1.3559434182740115 0.8560751345535972 4334.868092073117 0.00011066520920048206 0.32800098794216725
1.4111031011854962 0.7879012261071222 4037.6541237958163 -0.00011113752457396405 0.12773190177629876
1.3966139239534114 0.7926653016897285 4907.307416170308 0.0002814961265146148 0.16542585595208537
1.3549497107755448 0.8174173358654322 4157.3870285201365 0.0004430762155935023 0.12144072687838174
1.2662751241391947 0.8029307269172529 4017.933304987599 0.0001635124985937448 0.0720698526424285
1.373472429518123 0.7725113998920896 4742.413837648228 -0.0007459624491581975 0.13361030979507382
1.2524932487224039 0.8010397433141486 4763.427156538206 -9.283171942584616e-05 0.09457791631146269
1.348137872305173 0.7774001655075256 4617.679541131622 -5.008091286936072e-05 0.14784087655588732
1.348137872305173 0.7774001655075256 4617.679541131622 -5.008091286936072e-05 0.14784087655588732
1.4284288856202787 0.7741003027805377 4945.131851530917 0.0002526405502459905 0.12018636023731467
1.3805649886457085 0.7187866319697279 4554.309164615516 -0.00048305398883277396 0.06172725334453909
1.1869745863882046 0.8930976743500566 4884.367258323795 9.366059908524033e-05 0.04939583739313126
1.334737485884597 0.8422474143922363 4127.838503612272 -0.0002811406669757277 0.2200974644086747
1.3222969160742957 0.8566720754590018 4635.245651233497 -0.00011886003033825687 0.05934312177237216
1.4268222334126097 0.8795732129812878 4113.887126962711 7.748647085606087e-08 0.4105846433701217
1.5626624075464675 0.7948170943693489 4385.0529831079075 -0.0003913591028338072 0.18601051570556443
1.265132153342123 0.824464786869904 4463.980874431249 -0.0002997289169162178 0.21697328534571034
1.3470470143280373 0.7771053569205892 4604.5181354096785 -6.285041502461625e-05 0.12009467918556649
1.3154520915470584 0.8833824449648771 4271.695367860123 -0.0003003079940712053 0.08785523650307206
1.3709644185311618 0.8238620083507204 4211.360825204767 -0.0007984914925862894 0.25273221253125056
1.45874302613518 0.8734419274850467 4153.108143027629 0.000410691487412187 0.44832396884171044
0.8492864676388269 0.7129841275110149 4918.119947386759 0.00014607919191100873 0.013359840090104247
1.4327110714127609 0.7864786222200488 4978.420734466368 -0.0005866658997703364 0.18610329632094
1.4247886175571827 0.7971506201678785 4957.020160789624 9.729121778769501e-05 0.20434707608999972
1.2721781509160381 0.9330594580727366 4921.205169403065 0.00043585693283357534 0.10651691308852768
1.5149460845140363 0.7590658750126983 3993.779643352747 -1.9087195767742378e-05 0.11212755475249933
1.3296783256612583 0.8181195360896185 4403.997695381565 0.0001796047855137817 0.1988987699284813
1.4866495851978199 0.713883859138134 4682.233301353442 1.7604642358006006e-05 0.06614179660584038
1.2668348272396626 0.9158484186686868 4509.81453944878 -0.00020781544484093224 0.11575136746693249
1.2286639519697042 0.8493492492833319 4906.737130403086 -2.8895334910051986e-05 0.1295853815433932
1.2502567964115716 0.858879240024975 4887.02387204219 -0.0004620389631476606 0.08835520410149375
1.3598663153363146 0.9069267010733106 4955.599090942117 0.0002545618317997522 0.6869953137969571
1.017945140991345 0.8136651720845474 4562.986081434614 -1.7242524718461462e-05 0.02144340425821803
1.3753571950006382 0.792564894379461 4737.379956297147 2.3235241743400024e-05 0.17012023231729403
1.3395839107634693 0.7386773629596428 4329.4126373590225 -0.0002780115828868313 0.07005362913465267
1.325203940735709 0.9509606883067001 4985.433410576444 8.202847820152198e-05 0.6826716605933045
1.335798790305024 0.7925033412279955 4927.26115469759 -0.00016442780814687025 0.1820978632762398
1.3822038401703707 0.8770225844042558 4526.186314026677 -0.0001155534085291421 0.19648543692442957
1.2412395582485465 0.8214149146430745 4516.914672133312 -0.0002240549123485364 0.06559635316853463
1.2412395582485465 0.8214149146430745 4516.914672133312 -0.0002240549123485364 0.06559635316853463
1.2506066420374307 0.9356042806598058 4941.426512274893 0.0004134589335901758 0.1636662695740117
1.2308143546860206 0.8282555276982067 4758.823017148003 0.00014737757720241168 0.16143683503225226
1.3775822357428558 0.7321245384280428 4506.009834226081 0.00020112736020701938 0.06950061573979165
1.2708010034817512 0.8650075513070784 4945.088385924189 -0.0002287578650260738 0.09104096829355592
1.345135240896362 0.8160817552724243 4966.57535397873 0.00015194350894318564 0.26290678886485236
1.3103495943723498 0.8323266075180602 4189.838164745089 4.792526327691712e-05 0.05164965962440964
1.417838102929836 0.8472755013784006 4612.245544197135 -0.0003951936103832695 0.12958670223865382
1.4144886401204286 0.753352800703494 4404.107133446955 0.0001427797191169458 0.09342939677554558
1.3956905409259912 0.7817610261071659 4818.537735782671 -4.950141846828073e-05 0.1551488364198603
1.3332177588426903 0.8751352347964754 4259.6480656744725 0.00028555059154080476 0.414538516037804
1.3904709460550455 0.8492699181503665 4831.64300379162 0.0001722322235150517 0.3889596538081071
1.3017537620196062 0.8045546282755738 4523.50093570808 -0.0003572100734229952 0.07290883757532939
1.2813764149774192 0.7610630886165943 4820.411695705276 -0.00022202413326342604 0.08788468216974739
1.1266797877673367 0.8327236534245013 4721.960428272534 0.0006323687127174171 0.030326995506003165
1.1266797877673367 0.8327236534245013 4721.960428272534 0.0006323687127174171 0.030326995506003165
1.285572056988093 0.8246032163953977 4077.531570760776 2.3944556615550275e-05 0.143968486134679
1.162867986174014 0.8790123365124743 4487.359333085166 -6.792655813511977e-05 0.027840488757456004
1.162867986174014 0.8790123365124743 4487.359333085166 -6.792655813511977e-05 0.027840488757456004
1.2546997506162905 0.8811641750495325 4824.976209988403 -0.0002504259762841353 0.13496277801727394
1.2546997506162905 0.8811641750495325 4824.976209988403 -0.0002504259762841353 0.13496277801727394
1.2806198463470462 0.8494451851512992 4434.474877922735 -0.0003113768927548387 0.051358772543916936
1.3426194784507874 0.8381287086472847 4580.178601175498 -0.00044316682030294915 0.04987027785886384
1.5309145868982452 0.7750176954111851 4720.0506407491275 -0.001045589076351411 0.1440358640916396
1.5309145868982452 0.7750176954111851 4720.0506407491275 -0.001045589076351411 0.1440358640916396
1.2367114539971678 0.7919295834362916 4457.779277304238 0.00022048086381427155 0.13575070763698627
1.2033876250736073 0.8739880080632507 4863.4050224947 9.415768475806491e-05 0.04134630562685721
1.2033876250736073 0.8739880080632507 4863.4050224947 9.415768475806491e-05 0.04134630562685721
1.2747033628232278 0.7970875574826001 4861.0210662358295 8.571189647441074e-05 0.12287152361613063
1.2840774898564695 0.8381764654152152 4647.449761634148 -0.0007457977699699616 0.10630066534894347
1.2840774898564695 0.8381764654152152 4647.449761634148 -0.0007457977699699616 0.10630066534894347
1.1194761556325141 0.8624716028417457 4768.382000483505 0.0009931741683772233 0.030877224521921466
0.9240227134003086 0.7343090307745084 4663.72353644361 -0.0004028653594448627 0.015298032108920709
1.4587070815756236 0.7998024462845796 4267.2781840557755 -0.00029616502793392544 0.24102113117003565
1.2461354948881873 0.8450420245827572 4945.034871024787 8.091991220006367e-05 0.05540456352796883
1.2461354948881873 0.8450420245827572 4945.034871024787 8.091991220006367e-05 0.05540456352796883
1.4552297852277334 0.8069778536581743 4405.881311582281 0.00015070301692744493 0.14522290656592152
1.3991568397977008 0.7716807050494673 4940.947372214313 4.634919909878319e-05 0.12627363871851735
1.2438382871557403 0.8680284981592874 4941.022535678009 -0.0007036900289281845 0.06752053317004815
1.2438382871557403 0.8680284981592874 4941.022535678009 -0.0007036900289281845 0.06752053317004815
1.4001035481848045 0.8550116953706322 4982.163591929287 6.97094204602001e-05 0.591684630474549
1.4001035481848045 0.8550116953706322 4982.163591929287 6.97094204602001e-05 0.591684630474549
1.2211675709382863 0.8404300355397905 4046.7207196434006 -3.800732754140726e-05 0.02763204529044989
1.2926911471835831 0.9076297032541218 4719.27424203581 0.00019736914700061472 0.05684964900005257
1.2926911471835831 0.9076297032541218 4719.27424203581 0.00019736914700061472 0.05684964900005257
1.263187542384529 0.8778514729912245 4947.548473194037 -9.641722822374064e-05 0.15769906962015756
1.2241156696683064 0.825630174238314 4530.403512904544 0.00013856994456446108 0.07921070631448981
1.2951844137985264 0.8344433907779388 4250.510614839224 5.95675715132604e-05 0.30103574415066736
1.029191791119429 0.8266976137538121 4601.024433306446 -0.000339726152387177 0.022804432808400596
1.029191791119429 0.8266976137538121 4601.024433306446 -0.000339726152387177 0.022804432808400596
1.152737049679583 0.8685784533557054 4666.511898630898 0.0001225855825462091 0.04927201336750421
1.242062683974876 0.8377566315603919 4939.598948017359 2.3628960145820985e-05 0.040871277858764224
1.0416040567969804 0.8064410222868406 4525.593723752487 -0.00014784797009953022 0.019155963702515412
1.357131131231574 0.8820319457650614 4840.155761849876 9.780153078351868e-05 0.4423535457218163
1.357131131231574 0.8820319457650614 4840.155761849876 9.780153078351868e-05 0.4423535457218163
1.2614922755501532 0.8123557694673618 4355.430868979714 0.00033179856499232675 0.11460690796911067
1.3583898478897694 0.8003433450335944 4562.685042093634 -0.0004654007647208146 0.21404622138578708
1.3583898478897694 0.8003433450335944 4562.685042093634 -0.0004654007647208146 0.21404622138578708
1.2158458000703645 0.8399580224668088 4430.890121595957 -0.00012545202655858537 0.05058834545333447
1.2158458000703645 0.8399580224668088 4430.890121595957 -0.00012545202655858537 0.05058834545333447
1.2641355575268567 0.8170947516997619 4500.101074993152 -0.0004546417705077941 0.09180542101610142
1.2641355575268567 0.8170947516997619 4500.101074993152 -0.0004546417705077941 0.09180542101610142
1.2148037508631264 0.8543746753588505 4825.670251259156 -7.546480921841524e-05 0.09287877136702649
1.2148037508631264 0.8543746753588505 4825.670251259156 -7.546480921841524e-05 0.09287877136702649
1.1916618040864668 0.8661537960126634 3982.920609398006 -0.00033075692156827826 0.03055156908239416
1.1672217110550973 0.8213905978739897 4709.588221244281 6.29032057968907e-05 0.019137240761321374
1.349010577496927 0.7928670205034719 4784.185738431882 -0.0004358050973059851 0.12929275262953904
1.349010577496927 0.7928670205034719 4784.185738431882 -0.0004358050973059851 0.12929275262953904
1.2568669315315364 0.8813596723871293 4803.066150603409 -0.0003123044505639885 0.04228962846703064
1.4798340183877126 0.806034848059637 4472.542899392427 -0.000584701091109808 0.24857618194143064
1.4798340183877126 0.806034848059637 4472.542899392427 -0.000584701091109808 0.24857618194143064
1.1579832999940782 0.9067280984044169 4984.62392648829 -2.1374714677342712e-05 0.02807981354196562
1.1579832999940782 0.9067280984044169 4984.62392648829 -2.1374714677342712e-05 0.02807981354196562
1.394942595418955 0.734041197554671 4250.216115219386 -0.0004497313408963911 0.0765751673701125
1.3275181728944005 0.8719438585811632 4160.456049411402 -0.00037996135654362324 0.054542503924795996
1.1643299345175617 0.8558727822048239 4243.597930907765 -8.542549431898828e-05 0.023205487119425695
1.3003452261356074 0.8868930645172034 4971.9126021993825 0.0004660530343499435 0.5663883437315411
1.2540582782981708 0.7997744523661229 4439.666056486175 -0.0002891220840723353 0.17322568968142685
1.2540582782981708 0.7997744523661229 4439.666056486175 -0.0002891220840723353 0.17322568968142685
1.3849683933386967 0.721157985659113 4561.94269437321 -0.00045815062314701613 0.060844435085520884
1.3849683933386967 0.721157985659113 4561.94269437321 -0.00045815062314701613 0.060844435085520884
1.3944357068133542 0.7774000242339023 4215.928893475983 -0.00010170288565211093 0.13420200652630915
1.2853369633590785 0.8485458340258366 3981.7395100670497 -2.0123613763828745e-05 0.1394818204307023
1.2853369633590785 0.8485458340258366 3981.7395100670497 -2.0123613763828745e-05 0.1394818204307023
1.5264872765982038 0.7940330552830711 4365.059112394058 -0.0001796796068958891 0.192681991258232
1.5264872765982038 0.7940330552830711 4365.059112394058 -0.0001796796068958891 0.192681991258232
1.5259372765504682 0.7691971682406754 4709.134245456643 -0.0004966407994844743 0.14771568380174005
1.2675632042368044 0.7960901212348972 4530.023980168178 -2.9091799909750135e-05 0.11400223103216398
1.2675632042368044 0.7960901212348972 4530.023980168178 -2.9091799909750135e-05 0.11400223103216398
1.2536408867379003 0.8497836150479539 4602.716075435095 4.5297045029401096e-05 0.1665711143127052
1.292536036604684 0.8816770282992027 4776.620113811735 -1.979105800473458e-05 0.05828617802744884
1.268866737022091 0.8312083308449624 4017.9357858024196 -0.00020585561832857065 0.10705241759963294
1.193699998084258 0.8231851717504134 4986.718440718944 -0.00046767704216718614 0.040308336736438743
1.2145027861163018 0.8832305496631954 4569.933416698229 4.428794221271887e-05 0.03535752487826907
1.1831153995566017 0.8277283794137394 4577.195945417618 8.415704450712353e-05 0.059081796886702086
1.1831153995566017 0.8277283794137394 4577.195945417618 8.415704450712353e-05 0.059081796886702086
1.3884984737668291 0.7469468125565951 4252.903029416792 -0.00017180924791100684 0.08488582788057675
1.3445657815552905 0.8553934205000628 4212.397482549851 6.41405219994596e-05 0.0803960271487251
1.3212437736563796 0.7912489979959696 4501.416507131885 -0.0007220017967634914 0.1511169963389842
1.27991510126044 0.7694072575148981 4457.717391590271 0.00030078974184553344 0.12443846691878459
1.3641281456666676 0.8391987264355729 4536.475522712102 -0.00019758419895881958 0.1486163416162674
1.3641281456666676 0.8391987264355729 4536.475522712102 -0.00019758419895881958 0.1486163416162674
1.2077768311601966 0.8784100091141975 4662.851016107419 -0.000312903669330086 0.05905550104994847
1.2077768311601966 0.8784100091141975 4662.851016107419 -0.000312903669330086 0.05905550104994847
1.085849527924125 0.8368771486538433 4802.325750950439 0.00018089030787137413 0.019987873536952236
1.0655443569924437 0.7969962511509512 4470.678033028847 -0.0006952930706746884 0.017931018097777744
1.0655443569924437 0.7969962511509512 4470.678033028847 -0.0006952930706746884 0.017931018097777744
1.0871964638612486 0.85143222447204 4935.526402424129 -6.8182374001379795e-06 0.02337118001338807
1.1049787929195034 0.8148867719202075 4441.072224101446 -0.0005823531473746921 0.02267320641001963
1.1049787929195034 0.8148867719202075 4441.072224101446 -0.0005823531473746921 0.02267320641001963
1.1835436636561176 0.8764631248631182 4748.668409501377 0.0004822139648057935 0.05511269076996479
1.2157023243837035 0.8254368532344942 4844.902910559691 -0.00013757258170871286 0.06698014155255688
1.2506540846541743 0.8926404430136149 4933.878461920591 -0.0002977323309134561 0.041679531530777095
1.2506540846541743 0.8926404430136149 4933.878461920591 -0.0002977323309134561 0.041679531530777095
1.4297838130828318 0.8211357669463779 4221.031497039119 -0.0002315992974092568 0.26405995202555366
1.4297838130828318 0.8211357669463779 4221.031497039119 -0.0002315992974092568 0.26405995202555366
1.3068200956615788 0.8649099067374527 4755.85648832839 0.0001816956031687483 0.16896071000358037
1.3068200956615788 0.8649099067374527 4755.85648832839 0.0001816956031687483 0.16896071000358037
1.0373151523670745 0.8320391814567907 4827.467847527384 0.0003948025814962031 0.02113525665084597
1.307296147997148 0.7799162714391951 4429.741969516133 0.0004299912641607987 0.13276884950963735
1.4126147320172642 0.772066147295374 4470.439286188519 -0.0008807245465755964 0.10479786853303412
1.4126147320172642 0.772066147295374 4470.439286188519 -0.0008807245465755964 0.10479786853303412
1.399112341281 0.7821440653632654 4669.441722057176 -0.0003193106502707465 0.13009709130764358
1.3000809243734168 0.8490829512160615 4776.3352798683 -4.600409887616011e-05 0.050129889400610084
1.2410600468186277 0.8743544960772176 4816.77695688592 0.00070422298111558 0.2573370453869227
1.3192550284408686 0.795585827747099 4322.487437066062 -0.00020135011597391896 0.17397522841410828
1.3150425685822604 0.8409486961156591 4703.188954763781 -0.0004977929420640245 0.1743312083251934
1.4114789799918683 0.8099136654448598 4224.478784023539 1.779707026858947e-05 0.22779393836038492
1.4114789799918683 0.8099136654448598 4224.478784023539 1.779707026858947e-05 0.22779393836038492
1.378105605164747 0.885670478466701 4366.841672735588 -0.00031522800690474384 0.28826528768880294
1.4076590530413158 0.7466462482649476 4495.00238093443 0.00013049394032460252 0.0875969185043722
1.4507993933183618 0.8026977506322116 4140.413496869964 -0.0003227009580301695 0.20702326944244476
1.3095813757090047 0.9162326730045782 4204.4249108572485 0.00031629309894496517 0.26912678381402305
1.4800301644281602 0.7996585429160412 4490.3597250383655 -0.00023521295457042273 0.21461595507530623
1.3358399477007057 0.8189286484162552 4346.418954599489 7.842916921391102e-05 0.18185499225099194
1.393234538377449 0.8150882377916777 4552.796856428234 -0.0002647370462718447 0.23334827594540586
1.2055225946962256 0.843603987653081 4678.213615962617 0.0005456175924728353 0.10021187085507316
1.2850208158151073 0.8832838563087269 4959.269574969459 0.00031261118958994354 0.3050409231604817
1.3245805879465014 0.8165579461363928 4491.820306248472 -0.0010271133722241177 0.15788688946655627
1.3588687640251431 0.8518127284349089 4442.55988570027 -0.0004507695375103131 0.07947081973365713
1.3052637718609403 0.8486016300750587 4597.227015764873 -8.226376479919172e-05 0.03417669182256235
1.1456828276697464 0.8376144023793799 4650.466563392886 0.00012962289822171155 0.023410230099568944
1.3804042579741864 0.8456104210674873 4850.4193497951655 -0.0003219465732633101 0.07425415637380044
1.3804042579741864 0.8456104210674873 4850.4193497951655 -0.0003219465732633101 0.07425415637380044
1.3438324597236044 0.8692010526708785 4773.922751957174 1.866984945474636e-05 0.1193583002413567
1.4657351047000526 0.8262363078532844 4199.83768307196 0.0001819214343612259 0.3020452956688018
1.2706702737641333 0.8405666421182085 4562.278786559002 8.651822471937995e-05 0.22821877113030514
1.2706702737641333 0.8405666421182085 4562.278786559002 8.651822471937995e-05 0.22821877113030514
1.2893613525036518 0.8375956711549841 4921.148835156819 -0.00035500772868431597 0.07858736743266671
1.23664850976844 0.8757612935436909 4303.796152224276 0.0007048846267676728 0.07675120441478772
1.23664850976844 0.8757612935436909 4303.796152224276 0.0007048846267676728 0.07675120441478772
1.1860196780350207 0.8419701001611973 4308.731294034652 -0.00011618638008892881 0.029869983617734457
1.1860196780350207 0.8419701001611973 4308.731294034652 -0.00011618638008892881 0.029869983617734457
1.278116166172787 0.8148145581320175 4244.004098029892 -1.765428201494961e-05 0.12822177871686896
1.1433077312698774 0.8638360673910287 4306.9950659416645 -7.539457523816987e-05 0.027773219322906682
1.3335670118467169 0.7921539920085715 4258.201764954775 1.6087616560177502e-06 0.1665639902872726
1.2906167345076403 0.7907319981327839 4714.694797099927 -4.922590396367754e-05 0.11074897486706438
1.2906167345076403 0.7907319981327839 4714.694797099927 -4.922590396367754e-05 0.11074897486706438
1.3095785068981738 0.7852740851736836 4965.623487477276 0.00013518704784024594 0.15197538013561082
1.3095785068981738 0.7852740851736836 4965.623487477276 0.00013518704784024594 0.15197538013561082
1.3474028386811363 0.7893444518340946 4954.04514615253 0.0001539303074207965 0.14727111934415615
1.3474028386811363 0.7893444518340946 4954.04514615253 0.0001539303074207965 0.14727111934415615
1.3289227715943999 0.7568330792385154 4902.926707418026 -0.00034959490545980235 0.09644281881291093
1.3994258515147404 0.8407198008152355 4092.970418444141 0.00021870981438514543 0.265583346229096
1.223733467038479 0.822090738467824 4645.0800567636015 -7.9078978991412e-05 0.048116412308510555
1.3158461576957663 0.7792925584101744 4731.891300686852 4.539635488406495e-05 0.0918447418442207
1.4518021167427388 0.7782333315723746 4257.304080805571 -0.00041061992145414674 0.12145903951483418
1.353464803881101 0.7682462872149133 4728.454185634647 0.000212855023992203 0.12124195273916136
1.362091187390289 0.8402325886824898 4806.262562394596 -0.00032114148586100854 0.09824037445882602
1.362091187390289 0.8402325886824898 4806.262562394596 -0.00032114148586100854 0.09824037445882602
1.3538091122497726 0.8735469990784428 4120.567839472811 -5.181793982918201e-06 0.13216731985385097
1.2618018565103468 0.8744571878189961 4602.966153614688 0.0005630100455510059 0.24352787223230957
1.271120959326917 0.8855371267193561 4988.332715312689 0.0001123657635351179 0.19480182815980188
1.271120959326917 0.8855371267193561 4988.332715312689 0.0001123657635351179 0.19480182815980188
1.307937453592087 0.8273193476920437 4465.21774863315 -0.0005082717294308644 0.17446760956687346
1.307937453592087 0.8273193476920437 4465.21774863315 -0.0005082717294308644 0.17446760956687346
1.3847038924865713 0.7777561232214332 4947.770319541326 -6.029645270545241e-06 0.12507442172385463
1.3536515828222022 0.8600129699984925 4224.717826766349 0.00037189034351833627 0.37921645249359376
1.387773475399806 0.826908137957427 4814.370338107017 0.00025560856757383884 0.20768870323102387
1.4106946857709537 0.8425813875914883 4201.811692217113 -8.938760472925581e-05 0.17279311087607938
1.2787744248312456 0.8403488029166993 4316.503382956756 -7.385498712159264e-05 0.08480954673242004
1.3117675705521015 0.8287491393796853 4449.80252882678 0.0001059983694787777 0.159464263059165
1.2715913230301295 0.8820757021966068 4864.058441421481 0.00028034435034136684 0.04360981949683952
1.376549423792489 0.8109162669059217 4814.614958929031 0.00023407244965317116 0.14023688797459413
1.3224711675094039 0.7855266760376322 4934.266855141174 1.5463814882701167e-05 0.15670973105018213
1.2884304514961744 0.840977310106957 4968.719220055266 0.00022211924912847564 0.24857771597995587
1.1862146857512454 0.7983024812825475 4735.443423385701 -0.0005290478303540931 0.06554168516650347
1.4391084406669206 0.8409458130497605 4895.323792727671 -3.908854363982292e-05 0.46410649084940947
1.2912878776225745 0.791354305845029 4354.60602980744 -4.468620204406473e-05 0.1798461802577335
1.2912878776225745 0.791354305845029 4354.60602980744 -4.468620204406473e-05 0.1798461802577335
1.3002560984415934 0.8625812592823998 4529.377045309443 -0.0006273880622554301 0.15193352449466901
1.2618719208816767 0.8287656778084391 4200.294317947893 -0.00011256633514386659 0.10637252759469039
1.2769945923690342 0.7728007943528703 4768.670540691544 -0.0006758423392494084 0.09049076227792982
1.2430072075930758 0.8150030965010905 4286.221382364118 -0.0002357654216985159 0.10106730342758412
1.2903132786578548 0.8387971486979859 4989.1179286452925 0.00033296501036479714 0.22922843779201305
1.2903132786578548 0.8387971486979859 4989.1179286452925 0.00033296501036479714 0.22922843779201305
1.2899895416008578 0.8546588930773036 4560.70803481248 -0.00015621239059139853 0.08885486876675064
1.1189559571358796 0.8545272937373332 4923.4643710722285 -0.0003224099538255108 0.027641508369035967
1.1189559571358796 0.8545272937373332 4923.4643710722285 -0.0003224099538255108 0.027641508369035967
1.0916860164749702 0.8438066077356359 4252.731517410674 -4.9291399562645455e-05 0.023380804018625353
1.1875617064457427 0.873735540560903 4841.539765959967 0.0005378824397992533 0.03191808805635522
1.3030608138618471 0.8909537647682558 4632.188102491573 6.970689232145079e-05 0.038517335728239524
1.3179270324499348 0.7692142975699335 4819.478414290045 -0.00021225547416212743 0.10361446893987343
1.3765782326961689 0.8419655977119628 4840.190156456811 0.00026607461920093373 0.254095698825106
1.4095177613202041 0.8538359976447093 4352.180164771293 -0.00033866847427204745 0.3005754968169067
1.2339643628205559 0.8079556198537986 4354.0798750155245 0.00011035417335571758 0.13385781961032783
1.369479266739254 0.7767756411760327 4362.845432963982 -0.00015614854185544338 0.1305899801901404
1.2587732287791646 0.8315079311895929 4963.430461944231 -7.824107646948134e-05 0.1029069281276633
1.2587732287791646 0.8315079311895929 4963.430461944231 -7.824107646948134e-05 0.1029069281276633
1.4231250710157648 0.7497401199728305 4270.569469407132 -0.00021869647215868554 0.09137679322929987
1.236640256916018 0.8470136433174539 4967.0601440510045 -0.00016250988001308717 0.10977828499146511
1.178200348125064 0.8573636063103902 4605.210534346471 -0.0003900478027260492 0.0244140683880459
1.2647349434320914 0.8722245572258627 4452.314673303158 -7.574544536308696e-05 0.19802218842918673
1.3600130807526867 0.7830896185879102 4491.373474837307 -0.0002611575576193765 0.11548092576470202
1.3461517434325323 0.87474170902323 4983.960001711042 0.00034203018992079085 0.6417292570890248
1.1178464684535125 0.8794277179069115 4758.259589438957 0.0001329346223017893 0.03510275995012959
1.2184622661417013 0.8809331286211132 4985.885481895934 -0.0006130285365916631 0.03426406747906579
1.2444274247882443 0.8617467924322614 4978.937413933158 0.0001745547750405044 0.03695685024949244
1.1748647192905013 0.8362167899319897 4683.60752966654 -0.00037927846554467967 0.025808786479937576
1.2135724515619266 0.8258593883764005 4386.374242334546 0.00018085318777890562 0.0699289434954215
1.4048613091642372 0.8761541435846304 4895.483261453873 0.00017587507445482708 0.6786863342765576
1.2745920987474115 0.8622694695392391 4371.010104212843 -6.698487364604217e-05 0.04150634186338361
1.2745920987474115 0.8622694695392391 4371.010104212843 -6.698487364604217e-05 0.04150634186338361
1.2799107468120492 0.8354331568352353 4868.054622151778 0.00024259221069500452 0.3299376791517823
1.2667869834364378 0.8582578544978207 4873.820550618234 4.5174709891505285e-05 0.14121867670510652
1.301961237354138 0.769460853040345 4721.176193522345 0.00038518638166338724 0.12804332485420394
1.2034766655674076 0.8531042367576207 4491.2758932179995 0.0001885842049672484 0.02816727481308224
1.2052745838654206 0.8401269856217262 4937.732226830452 -9.356326824520799e-05 0.060464369334737866
1.3163322493770195 0.8306950421413173 4843.186471429728 0.00028427832666987535 0.15891519015632372
1.3163322493770195 0.8306950421413173 4843.186471429728 0.00028427832666987535 0.15891519015632372
1.3509341814324691 0.8712483333369447 4413.875505786171 -0.0003276746427913374 0.13041763836558717
1.3509341814324691 0.8712483333369447 4413.875505786171 -0.0003276746427913374 0.13041763836558717
1.1465526041503915 0.852583390376469 4883.762298932555 -0.0005883328206064701 0.03602310677366474
1.35237091561158 0.8283500296393038 4949.884426140091 0.0003063138234083667 0.2708634806933718
1.1007409966111523 0.8417925789566467 4924.5651546918425 -9.821514349502667e-05 0.023536836256212158
1.2631382557856556 0.8121499781971767 4728.815896862531 -5.4016104780996636e-05 0.08669357093164834
1.1314975874313324 0.8786715437190684 4883.896277773946 0.00029608243786692775 0.03229998669794857
1.1314975874313324 0.8786715437190684 4883.896277773946 0.00029608243786692775 0.03229998669794857
1.2841773518724375 0.8155505559385828 4311.618897311891 0.00023608736148782056 0.1623986330956755
1.5190079315181046 0.8349484729150023 4774.0894250111405 0.00023232563016299662 0.4384240805154198
1.2070318852101911 0.825938398952756 4721.418060063282 0.00028088019737453393 0.12519055181354974
1.1887233266818154 0.8721393341581622 4560.723715701509 -6.440382020074193e-06 0.02993603023889086
1.152568336968863 0.8553603530581385 4457.273906369899 0.0008125193492144419 0.050446860672031545
1.181707951352026 0.8528635588356102 4995.251521988556 -0.0007935110137030744 0.04660584178788127
1.3785097110976394 0.8195514754460881 4236.6265196965205 -0.00014931145080619558 0.1551178196461789
1.215590605280288 0.8521902965954714 4946.595948286572 0.0006091964041637222 0.0998873987886556
1.2450027223345317 0.8258021535326779 4601.0060383589125 0.0003740501906698135 0.10591539511168521
1.2765788719519726 0.7970510926594132 4547.374596674049 -0.0005256747777399068 0.1350362743759348
1.1652412642541223 0.8782240803840429 4956.957424576521 0.00020722655640280442 0.028994062617524297
1.3280620885238341 0.800208496125527 4920.1662339580325 0.0005229922304897436 0.16418140973018217
1.2287145658901717 0.7829885051568964 4809.704981749179 -0.0008941716308845994 0.08519622150316924
1.213623521645064 0.8793946164909919 4490.917818437302 -0.00030644413373670824 0.03178232758155344
1.2397038540324585 0.8647511572106452 4527.412695592297 -0.0001276777851723459 0.030218358230531605
1.2397038540324585 0.8647511572106452 4527.412695592297 -0.0001276777851723459 0.030218358230531605
1.2688759733310973 0.8880398852982636 4840.773443874695 -0.0003829390270044046 0.050861053835545324
1.2656944300714792 0.8747104693149443 4300.561904569273 -0.0005034140345575248 0.03411154718575942
1.264550380692209 0.856698204023804 4838.5876634993765 -3.0318062290786048e-05 0.06372210485261826
1.1587292916025616 0.8470188002940556 4782.275096181022 0.0002264767403901964 0.027155740700088193
1.2899727735833733 0.8201583004191776 4629.594324065335 0.00011018933710846755 0.22320084941822183
1.3891395131277453 0.775030509461965 4804.8582697404645 3.706398024432526e-05 0.1306120990614436
1.3891395131277453 0.775030509461965 4804.8582697404645 3.706398024432526e-05 0.1306120990614436
1.175882969027044 0.882830536095015 4778.830853201642 0.0005091986688836394 0.046296521719431806
1.270176672004556 0.8839938321190024 4560.809152069911 -0.00018178826314124867 0.07829120264030609
1.2687046427616173 0.8169009847047446 4995.593080685489 0.0005211615208319085 0.17527656858843763
1.2514751557768462 0.8407716829077062 4942.3048533566625 -0.00014549510784049265 0.13597937249635797
1.2514751557768462 0.8407716829077062 4942.3048533566625 -0.00014549510784049265 0.13597937249635797
1.27034652412009 0.8597733531472666 4569.392618869088 0.0003510662969599476 0.04697745414119507
1.3708091165681469 0.7703315177607823 4743.147010026526 -3.2069813617951916e-06 0.11721378279490399
1.2045787693134011 0.8551002011583453 4272.3656584364135 -0.0002767867188453383 0.025001244709928042
1.2598450417243858 0.8728496754646844 4976.406256472889 0.0003173958103693255 0.17111048991399572
1.4928977941679733 0.8292118226089057 4806.131349765336 -0.00010354471442045697 0.4083719875875779
1.4089754785173982 0.9279539041817491 4987.771559952534 0.00020112993599865546 0.767959235448107
1.1959084362825483 0.8259881458378546 4892.937934239833 -0.0006178126670461766 0.032195397478975034
1.3382170616219828 0.7778726249633046 4979.216345659027 0.0003263781837341995 0.1376660534367364
1.2156394769407122 0.8607416146013321 4849.047987614128 -0.00023077026798977692 0.030248232318171638
1.185020980646187 0.8187541197758808 4489.524580102052 0.00018260538667728475 0.04720982803393236
1.2693033432936813 0.838518646470058 4574.305243627918 -6.360440866932524e-05 0.1745615966110668
1.2938575600067561 0.7664326109546777 4819.395065763978 -0.0007630116007924214 0.09539781032320724
1.3068626907249932 0.8424445359928632 4984.186350622877 0.0002889389466107337 0.22123876632687794
1.2306963217020037 0.8628831082763868 4420.256155437334 0.00025614570270662726 0.12517930161028548
1.2006773431970843 0.8968083460459505 4962.342375315672 0.00024190755681402745 0.04602881308883743
1.469096196454903 0.8533712580521288 4153.132876168358 0.00016292531083067824 0.3232756930803658
1.4021785860784544 0.7859141732482162 4512.812412929024 0.0001793897924780127 0.13819523197404618
1.1659638884882166 0.8555542178697223 4457.204835930387 0.0006250145047107835 0.06863557733111503
1.192874321881237 0.8468794457941906 4936.500760002194 -1.4125677614051766e-05 0.049284607888200244
1.4400434777469036 0.8055749029439042 4802.5251318078435 4.498481808586728e-05 0.21623195463572673
1.2238166874704635 0.8069425281998119 4894.707128227125 -0.00023338761338336897 0.11271073981294441
1.2651285472358587 0.8224187118050946 4858.491747608998 0.000310909539593594 0.0975750154387606
1.3834436435883162 0.7929212521871849 4671.17817052545 -0.00036597328138722354 0.15335957411084855
1.2823940079041782 0.8832277225304989 4992.720424026538 0.00041297309934752084 0.26152439960168194
1.3326518453080243 0.8403610253925929 4826.795591420247 -3.801352738145558e-05 0.14682122271751946
1.2670344606155286 0.7912281019813077 4354.768541019034 -0.0002652307793100589 0.14869322653531758
1.0698636183458035 0.8167888813759081 4811.7087960496265 -0.00025379299422344795 0.018667119858425806
1.1320268432439835 0.8492314475836934 4918.914733875552 1.445939798854524e-05 0.02972463567675972
1.3109141456237174 0.8752038131089466 4598.480004283651 0.000311363866750103 0.06454667911363639
1.2674586120571862 0.8141391353312444 4376.444774673478 0.0007435373703797578 0.15463370011763014
1.1547976397700623 0.8606537791488332 4168.658551053255 5.009593470750194e-05 0.023795717580659015
1.2682894817937427 0.7970380872642429 4886.27664735904 0.00019737724279830752 0.1350868128095762
1.2924165899733977 0.7821088710228171 4788.5702240969495 -4.1281109262520105e-06 0.13234262465786326
1.3569756915308457 0.8851793384486891 4405.741476708928 -0.0002807586197414722 0.0703921064915921
1.1645507968096889 0.8622806423760554 4497.176007024873 -0.00020082316213459772 0.028867972399630917
1.2898048730549512 0.9151526575626147 4803.592843222209 0.0005179211673661211 0.07083775559805874
1.2689654189440795 0.8395618049472336 4913.976988850899 3.7059635574559696e-05 0.15988201762922866
1.223030243796949 0.9073347221777752 4957.14619726001 9.290010291326977e-05 0.039297259010993346
1.2027170439369557 0.847881554190308 4957.939900052032 4.962640610428136e-06 0.029602015942657312
1.3986862582224642 0.786441542480421 4569.278865514254 1.1340560398477882e-05 0.13586180158135247
1.2192261268025768 0.8683409316473677 4922.184357481393 6.441943924369065e-05 0.042574806948757565
1.2768269986124543 0.8266159017134452 4881.705455840231 -5.9898758485885105e-06 0.17198123304943605
1.3206868251555062 0.87339201974796 3934.681454986285 0.00013739568027894497 0.43684499822751577
1.2552279601924115 0.900213450310691 4884.968853597456 0.00034319306035891225 0.2219339164068523
1.1612351563717314 0.8758437165900061 4732.075264225802 0.0008801694489055177 0.027755702154671383
1.3175222866181677 0.8711154164955636 4933.67111358203 0.0005873158437629012 0.10662842482126092
1.2872396641804766 0.7668357284058901 4809.329640533441 0.00014097282694138397 0.11750670133069378
1.145652180496083 0.879347231270497 4997.309413733293 0.00028029552577401727 0.025844192088516522
1.3326837481491025 0.8725753105300954 4982.625582082955 0.0007196194683214836 0.2813115721131841
1.272969448249675 0.8299185191649046 4889.194475637122 0.00017928043766055984 0.1110535183828838
1.3559162518768488 0.8868876433669517 4747.511498063877 0.0004346498978609991 0.08740083235400797
1.201362802129485 0.8811136405845649 4581.149788817412 0.00042188647687265134 0.028178446879437123
1.3381073373015941 0.7850105173148467 4403.450904687289 -0.0009126755619130109 0.11183115722437484
1.234749205037257 0.8576045405125217 4506.083059116359 0.00044262363205277514 0.0800875621362808
1.2557723823355937 0.8361125744980691 4710.4780786410165 -7.173409037437132e-05 0.07476657381540966
1.2930847308689997 0.7956435316171884 4867.241773820375 -0.00019427766392192687 0.167974607471618
1.3283082724755895 0.7770162248767628 4948.713208160052 -0.00062798165268228 0.11724382040122752
1.1972720505169634 0.8914930018929264 4802.089935038634 -0.00016939711443704928 0.027274160757761918
1.243610060971132 0.8166170470299141 4892.101175655237 -0.0007250554389329593 0.0660536768966141
1.250043161199518 0.8682824503702311 4975.283828684816 -0.00026479996889630555 0.06701407002006261
1.343531541756627 0.8319344936355908 4865.335202656611 0.00019861241394072325 0.14792990340164208
1.3118803362746938 0.814462064902605 4980.192487293534 -3.8250512869710874e-05 0.17583027065408435
1.1926408889994815 0.8455756514245696 4927.4460980498525 4.582586205905428e-05 0.0403511159848626
1.2580133647100875 0.8343841727723043 4691.461330211536 0.00028656017633414926 0.08624018981469031
1.2462253838670239 0.8221807893426076 4887.229672793296 -9.179222516891835e-05 0.053406604426454465
1.3753141069342378 0.868742048110931 4442.9523439915265 -0.0004914145455239098 0.14700551959143118
1.130958003969213 0.8412914006629768 4941.363048433741 -0.0001931856575173325 0.026280477903597936
1.3960028072055266 0.8787331197418864 4300.6223501432205 0.0003261445537987248 0.2539668962834009
1.337914788059562 0.8103173726376687 4824.134901157977 0.0005653352426497665 0.20799925774478828
1.191748633388036 0.8496643869188981 4898.456786225887 0.0004648026037607671 0.04441537351811416
1.2386793706836445 0.8676601039729123 4962.526556624641 7.138772518612671e-05 0.07561162041889391
1.183995341707166 0.8549062487827545 4795.911050736766 0.0004749631308940428 0.053481248697644444
1.3493958421622896 0.8052835997323299 4922.2425251962995 -0.00022071187300984484 0.17123920952162652
1.3114646321274663 0.8394812984058632 4642.144948407039 8.044213175883136e-05 0.21239248228454594
1.3133169751570366 0.7943053177633803 4801.989396455062 0.0007341688640475125 0.180524352263542
1.3001280943180418 0.8602572790545481 4794.8672108129385 -0.0002975435371541921 0.14028811627702759
1.1683425314241782 0.8792669592248996 4410.394922099634 0.0006474903816990244 0.05336913451938663
1.2648855491473951 0.7928239086132185 4829.1736563118 -5.36569681764811e-05 0.09822208765517726
1.2968202012565824 0.8763988784511492 4901.0289700698895 0.00043534531942073163 0.1265316994687266
1.3046864215210103 0.8341351478564708 4841.789547748924 -0.00012789932663289958 0.09094491891875527
1.2178724070609344 0.8713592667676897 4566.03878561375 0.00023304485402488996 0.026983354430978598
1.3834383971694617 0.7864324155413013 4862.7576936316445 4.539750112401315e-05 0.14086312657635872
1.3885857276157796 0.7784857432966896 4938.017866580537 0.00023295597034424438 0.13283157674626264
1.3170382803562828 0.8078471730072535 4937.699034454519 -0.0002705586719349363 0.20873367745450813
1.2823282416975716 0.8654712796078966 4865.403620403198 -0.00039117257660481285 0.06746151876889503
1.114043585939388 0.8417444967975284 4939.736626765421 -0.00018580207409205445 0.02437371228291277
1.153516538902017 0.844633034277015 4668.082052949306 0.0005933335727716029 0.025112839783042195
1.2043940131079434 0.8602620470397002 4875.250654925112 2.705958469102891e-05 0.042680135485755014
1.1403936227340892 0.8402645819645551 4925.453607677848 -3.963833820941646e-05 0.027584596077837534
1.2537229582901426 0.8154802585257191 4989.554581302211 -0.0007158852868534479 0.09412510009397831
1.198611822160004 0.8267597424858287 4915.143980157609 0.0001156898566688759 0.04222118275042472
1.2370015869857567 0.7936966377361431 4904.270436419958 -7.951090939219782e-05 0.14324786358176442
1.3311604952646534 0.7989629537600116 4966.678871699032 0.00014686794779079503 0.17923921871261003
1.4058700384319525 0.9103218156504336 4987.754935545759 0.00019809581255849986 0.5663799591628663
1.3679828075422549 0.8677997986152615 4985.655728128646 0.00036696848476078616 0.5344818208880601
1.4060644445940607 0.8417499354155744 4869.0285770803175 0.00019153819177914502 0.4081981382428013
1.4060644445940607 0.8417499354155744 4869.0285770803175 0.00019153819177914502 0.4081981382428013
1.2485983495355442 0.8611376944568796 4669.202083675454 -0.00037337402191685325 0.04928618581264636
1.3870153769566995 0.84659697121934 4344.434368708623 -0.00020883464976738584 0.1701332641490083
1.349274725560876 0.8514052891567843 4344.467081580672 -0.00019202619068919936 0.08300853553680013
1.3233694864235643 0.8836295388121324 4385.104584822525 -0.00019856396345849795 0.10073417987687458
1.2074770603398473 0.8557428372926373 4427.9736542598375 -0.0005275311649068211 0.025044970455659427
1.2241814892856395 0.8635827106887671 4468.269749220216 -0.00040679918004278434 0.02370154037798443
1.326596468923338 0.8313555381903538 4270.82048212085 -0.00040916427019401235 0.10931922006149768
1.2000123493832768 0.8312958517317648 4623.58577381079 0.00013023855807534225 0.06083638954043945
1.236354363853041 0.848979197665764 4663.4660576083215 2.5202604898262743e-05 0.0653155352513827
1.236354363853041 0.848979197665764 4663.4660576083215 2.5202604898262743e-05 0.0653155352513827
1.4225878101478746 0.7200025549075648 4663.543987496375 4.814462607553174e-05 0.06827541013355627
1.3521926921963274 0.8016051686788142 4677.144095741165 -0.00012453733011967983 0.1378797425106354
1.2816903583980963 0.8446574284485158 4629.623049676186 0.00018640787988035605 0.2862618616951855
1.2301593559540511 0.8094951092042955 4456.824784505813 0.0001333902515252717 0.11171146684745939
1.2586693337766646 0.8152883131143854 4544.444194894251 8.572493054414523e-05 0.1430037992739896
1.3035842652945555 0.8688774411408309 4509.229174169847 4.424740551390598e-05 0.18901272171987643
1.3520099854627816 0.8123851320095039 4992.045327711364 0.000310908303349502 0.22645396431340584
1.3520099854627816 0.8123851320095039 4992.045327711364 0.000310908303349502 0.22645396431340584
1.3264669588984082 0.823196772109229 4949.661620974532 0.00021903866992481082 0.19219532202193654
1.3795470044809557 0.7889852818496106 4953.021954089202 0.00014686163502942813 0.15249571197149972
1.4104503687608427 0.819436067076372 4853.753120727007 6.0435305940775765e-05 0.2711239750134457
1.3430643968862883 0.8143595544070467 4994.971700576337 4.745472503160325e-05 0.23596710012637898
1.2991619681699764 0.8409930570420865 4931.386499764639 6.445025747212817e-05 0.23513197528741553
1.351797471823388 0.8274461894194588 4911.256349321132 0.00019651167818065661 0.24040937502232118
1.351797471823388 0.8274461894194588 4911.256349321132 0.00019651167818065661 0.24040937502232118
1.347176929767514 0.8069250575256431 4796.689518126876 0.00015124355284656043 0.17066903694036234
1.2632240422211078 0.8339881805301629 4920.128190034766 8.106022501143489e-05 0.1266202293323819
1.3019009087347355 0.8183630720223483 4887.08715524883 0.00018174723681033396 0.14563038897627673
1.324569143183877 0.766637658556435 4903.324276684942 0.00024645361499626615 0.10759665344248975
1.3315574305201447 0.8132304075706213 4832.578483947072 0.000234208833556719 0.16270348518971148
1.2734826719713086 0.8203307844842246 4903.8326298893535 0.0003443606363696857 0.15044899538899198
1.2894117686152564 0.8251979620413855 4887.046242384017 0.0004972818894118849 0.11336805787091525
1.2778264431597566 0.8341219148485493 4954.902840525233 0.00032921571761292465 0.19301627576603816
1.2882099281179102 0.8121691246162883 4889.486413918184 0.00015949069332773675 0.1275376349514596
1.2967331565529492 0.8290767387128163 4966.730755698958 0.0005962959406049157 0.19631184893488507
1.3150882592088329 0.7913892367259793 4961.00345921462 0.0002102411223606224 0.14378002097872739
1.3077209264910243 0.808903461142708 4882.051824910404 0.0010347744416967332 0.16432160673595247
1.346436420185944 0.7995121565283517 4966.6708872307145 0.0006198486669706997 0.1809536554715544
1.2957809171294354 0.8168437839997009 4778.957510369639 0.0004564381819488196 0.22922542448082567
1.3046385346005946 0.835868963198169 4796.770797736493 0.0003661251428313262 0.14690657105530355
1.320869724499313 0.851862241328844 4911.4345636740545 0.000551879009881741 0.22023839147162064
1.344408114239268 0.813774681356758 4941.906488230941 0.0006614650723478695 0.21111655568585153
1.344408114239268 0.813774681356758 4941.906488230941 0.0006614650723478695 0.21111655568585153
1.3412303771335432 0.8374568935401827 4741.73337897102 4.147110556469256e-05 0.20296455964118848
1.2677985812457888 0.8019207829321305 4816.384583445372 5.14088996071128e-05 0.14222781287404293
1.355757079278216 0.7643751984780549 4902.742378476463 0.0002424990683763734 0.12221300705159989
1.2374412766021938 0.831885280938091 4857.734006902498 6.0649807253698344e-05 0.12599920603778708
1.361186081015254 0.7995873689760498 4991.100897237171 0.0003019950112279541 0.19530731855208688
1.3066989597272107 0.8481609604426721 4947.8604395042385 0.00047317870897460915 0.26179686606736485
1.3066989597272107 0.8481609604426721 4947.8604395042385 0.00047317870897460915 0.26179686606736485
1.3783259599786946 0.8050714612040804 4947.735736186636 0.00039241357682343254 0.21739645328640972
1.3477870387584554 0.8993002194686667 4774.245577719531 -6.176131945498733e-05 0.09391957528571462
1.2495387835803533 0.8466686367029875 4984.842874842211 -0.0002706293400673956 0.0669458423769039
1.3302886492923194 0.8509048993216739 4803.939516794486 -8.843842635858568e-05 0.08893555917165286
1.2668631493448157 0.8164295657282534 4934.65278729255 -0.00035754846053870343 0.11529819391382556
1.2863159365643875 0.827650374133747 4832.052424222546 -0.0005136596662667148 0.0863404698656739
1.2863159365643875 0.827650374133747 4832.052424222546 -0.0005136596662667148 0.0863404698656739
1.3338966816390136 0.8307721283571822 4957.875034712793 -0.00022006898832503696 0.15417144944671557
1.3291448279163682 0.8025001723833891 4962.535607246674 -2.769790173929931e-05 0.1614808101868304
1.3247345986820418 0.7775112750606291 4905.9369143504355 -3.644437390217796e-05 0.11238072246107836
1.253282806546603 0.8135970934357147 4857.605675080114 -4.20364757597265e-05 0.1322955634999001
1.2374342749375802 0.7828457466338661 4823.066958128209 -0.00020970632006750311 0.11690027303327166
1.3194739721758806 0.7832850918103625 4948.460091225606 -0.000643421574585439 0.13168235502595746
1.3079928775588072 0.8098786346567445 4910.839755349793 -0.00041812383735623763 0.13670045008995257
1.3148051951620623 0.82439853903593 4992.751418781028 -0.00010029896347823465 0.20789484542642012
1.3148051951620623 0.82439853903593 4992.751418781028 -0.00010029896347823465 0.20789484542642012
1.3548284540562716 0.7816553579256997 4975.763824717021 -0.00034118569974026907 0.12429230031848225
1.32031908544002 0.8232871356007729 4919.195797455809 -0.0001550823913279204 0.2018228857140716
1.2573554688178326 0.8414251236379325 4837.612305019691 0.000300110926483161 0.1242724845117183
1.2573554688178326 0.8414251236379325 4837.612305019691 0.000300110926483161 0.1242724845117183
1.2461745870611098 0.8665434807423797 4899.6978020254655 0.00045155412653719447 0.03669803490590272
1.2504457739620811 0.8622550687161583 4824.07456237719 0.0003034413418184444 0.08615151344923176
1.2773259674014814 0.893245264601924 4794.249473967547 0.0002979886224849109 0.10143676177412714
1.2773259674014814 0.893245264601924 4794.249473967547 0.0002979886224849109 0.10143676177412714
1.2341742394331454 0.8602178702187748 4837.321399698174 0.0004000766237111031 0.09335568244493389
1.2027111345249755 0.8741355244735659 4746.719935136398 0.0003263785391912609 0.0811177127873918
1.2098617218073096 0.900958065282746 4797.43880138832 0.00038542581743652196 0.06973920800369715
1.2049920160000371 0.8888059063488887 4898.604813134284 0.00041354670398362084 0.07084223816350038
1.1640250661695255 0.8739456191810141 4758.979439766494 0.00099906965241607 0.07008316493400228
1.16722256060777 0.8821213929186015 4784.7896894765 0.0007341820055787681 0.02961657917590743
1.1925873221053216 0.8725060393397422 4848.423803174112 0.0005372320838450493 0.03829970936141862
1.1559762631512658 0.8740033221450221 4964.034306956716 0.0006273878472712569 0.025711219470676543
1.1932409190126982 0.8653487930044947 4898.348466255139 0.0005438611299174066 0.05278559771271013
1.271995668380169 0.8865269322191471 4869.515859155499 0.00020803234657217043 0.06178273191302864
1.276104166695666 0.8698303256656601 4941.593766576197 0.000527773003530124 0.16298802750578348
1.2778950815439707 0.8745499533968243 4938.702131032342 0.0005579370332542221 0.18218663114284858
1.3263241192300161 0.8859962765170845 4802.307477503154 0.000253797618628141 0.09958556881527164
1.2876571249306308 0.8644525109205861 4784.181040852705 0.0006018509624006694 0.10179403220534955
1.25642623573627 0.8784228892642225 4869.836531038878 0.00010662290595412638 0.04304446761614385
1.1408848127097502 0.8597617061791074 4872.663898277301 0.0002469015354374004 0.026653015026213443
1.1961684790737221 0.8924956149822636 4968.46980540109 0.00017029809872571582 0.06351792764920386
1.207258604061626 0.8606960189440036 4886.096466361262 0.0004838108946778184 0.10137263497370397
1.2880247342920663 0.8582944223483974 4784.071794060204 0.00036711331514853094 0.09900492800896853
1.2880247342920663 0.8582944223483974 4784.071794060204 0.00036711331514853094 0.09900492800896853
1.237318602579168 0.8577080998091002 4898.908685720128 0.0006651417909266697 0.12645357934637297
1.2155463659683101 0.8723207715951962 4937.027055042264 0.00016649112038432632 0.0866578776309972
1.2164572302147838 0.8837599941356001 4942.244240612528 0.0011656268233086772 0.08875520968086364
1.151158762164497 0.8500831789411575 4974.785876261547 0.00011645378926717876 0.026818216525407126
1.1788353628663026 0.8660401946702945 4947.063355326922 0.0001378214758470903 0.02994683807449501
1.1686275801224515 0.8488620696043827 4948.728775084579 0.00015134900373876085 0.03573346588195157
1.2349409911175604 0.848582485365081 4992.424579012482 6.853017161010983e-05 0.052887453845882844
1.1147472174197242 0.8588903397914097 4797.141992869209 0.00015887970632386022 0.024626065224295394
1.0426656426455567 0.8451382402878764 4927.812586709798 4.349118191949809e-05 0.02186176713426291
1.2704538186184986 0.8784411631870804 4957.420440298846 8.024860419656871e-05 0.07313948761348901
1.1488377504305682 0.8565186459242834 4849.100842703773 0.00010948847330572857 0.022000000269412432
1.2489269006746668 0.8849063819914289 4872.6251087262835 -0.0002688783380775135 0.054870260884204845
1.1507486874733928 0.8398125856339704 4992.601784762747 -0.00011922783706098323 0.02549831360558879
1.1774768606806059 0.8331359752546497 4918.9696380121395 -0.0002489719146750268 0.05429159928520206
1.1851449147702078 0.8504216169056646 4986.158757695329 -0.0002859473688269475 0.03927824546484038
1.0849523706623296 0.8346252894007182 4984.998939079364 -4.0096597559923856e-05 0.02100634174348899
1.1941561554292093 0.8620992326182201 4896.346419565897 6.40138961112198e-05 0.04540879372291117
1.1400717024335563 0.857100864333944 4782.2009021398735 0.00015254087366448494 0.025965356730777288
1.2810276624082262 0.8811819170952365 4821.605578509127 0.00020770761746755268 0.06640199869240297
1.1754957666596846 0.8453286928301125 4927.771182289123 0.00027906719226140697 0.033876885277244674
1.1056079520123079 0.844448829102527 4988.023336383274 0.00013714091492707424 0.022594025815328447
1.1495950502613266 0.8587034910323006 4939.661543501799 -0.00027081811843013645 0.024601147743154438
1.1964405977291652 0.8508691502122927 4955.633379668071 -0.00020884743994193226 0.025505339915741068
1.1290173066083724 0.8604773754188241 4795.161251114952 4.465040785213317e-05 0.031777705536392614
1.1899553406796555 0.8355277181068164 4905.27477115289 -0.00022424509010767157 0.029725507118616053
1.1610436856452142 0.8608057345105262 4698.872742990715 4.253315723814194e-05 0.02491020067645247
1.1537431339833784 0.8553276365647038 4887.177678281728 -0.00029642925477306714 0.028145142215765105
1.1273153980836255 0.8678156770788545 4915.374965394909 -3.6952481273811576e-05 0.0285402670428952
