 F
       15354      133187           3        2048
    0.194549056978295631E+01    0.536024297853279830E+01
 T
   2
    0.200000000000000000E+01    0.300000000000000000E+01    0.877441406250000000E+00    0.122558593750000000E+00
   0
   0
 T T     0           0
    0.000000000000000000E+00   -0.100000000000000002+101    0.000000000000000000E+00
 T F     1        1797
    0.126687083519195294E-02    0.182334197911562623E+01    0.537130714695923306E+01
 T F     1         251
    0.254140297809559595E-03   -0.217479143637130889E+00    0.527508288486548516E+01
