chirp_mass mass_ratio EOS alpha zeta
1.1182759459616602 0.8962208216048537 4472.718331434859 8.002268394565398e-05 0.6618107353070137
0.8300759415871606 0.7050913091695739 4206.312507682061 -9.610241390514984e-05 0.3028587659093135
1.0065078410484605 0.8996162222326078 4666.970116482458 0.00013637794267815003 0.6592654616409052
1.1492113054673474 0.9047114035193848 4127.89296233451 -0.00019080735886315401 0.6835970441385966
0.8419511288707021 0.6618268654070679 4474.239505525986 -0.0004859099402771409 0.28836772312817766
0.964280992412865 0.8376985332603903 4185.314811716722 0.0006035236018772511 0.5526208660585679
1.1046335972273944 0.9456263038868552 4127.694323024406 -8.905395946334194e-05 0.5630020870534216
1.1186409680659244 0.9020561543886915 3990.1170496147415 0.00034945682964779393 0.6490698264441672
0.9806651097762147 0.9807857667132267 4752.803884737276 8.876316373894484e-05 0.5274076327697855
1.020142089796479 0.8755476757529912 4013.1460916384794 -0.0006943838092950443 0.5225903977205284
0.8949498524034496 0.7026135011273176 4955.448632185674 0.00015134997828805829 0.31355102369049564
1.034866064767432 0.9498891451464567 4761.140497926616 0.00020797101669284862 0.668903499815251
1.1386846227605216 0.9562299272415382 4438.402695840561 -5.5427222777093346e-05 0.8964442976716733
1.1198336931219026 0.9400596928430014 4729.058174468366 0.0001385605878714103 0.7663698662859173
1.0330587173148114 0.9969708469467251 4723.976411701612 0.00044330394344678644 0.5882187017156889
1.1756311309283016 0.985269623886028 4415.272503990047 -0.0001910680934716777 0.6068412162218231
1.124984299091092 0.9125684843528009 4065.9489911789437 -0.0006344322054861887 0.607931114915854
1.024307696671512 0.8714781014519846 4451.804198027331 -0.0002468556153777826 0.5605291252331579
1.1225288371838464 0.9791344541181741 4753.844483814747 0.0004595111740983001 0.63409661087546
1.053954581807949 0.9013594714705163 4371.304118971566 -0.00016310609149175806 0.545854221666728
0.8447517369153023 0.6883884997360135 4940.43069833599 -0.00018136962350475566 0.3016082041167829
1.0123934566073376 0.9031038800632696 4524.388876914108 0.00043133592279036775 0.634795317566905
1.0791197147064608 0.9333935277833221 4743.053712242821 0.00036159703597213853 0.6054575401943163
1.0435282970344537 0.9441497573962152 3994.117864490884 7.726225381136775e-05 0.6521310279089438
0.8747798463733378 0.8031711933098831 4667.763293791355 0.0004843595342705337 0.43585979784617657
1.0541560058764476 0.9975869134650308 4601.057842487403 0.000520938379764611 0.6323059289328766
1.0529749633492267 0.8797554523959339 4363.624544259827 0.00029012277030994585 0.5994467299128061
1.1430057634507014 0.9693981878547233 4783.35928276189 -0.00036896736607781194 0.7119554778157922
1.1321940121180618 0.9788528512784649 4815.775723000029 -0.00016846104408889525 0.6660508322934029
1.1405353040941923 0.921337633700123 4668.95258941767 -0.0005648339980702216 0.6875815715813891
1.0815792993686488 0.9263094500116917 4883.57481371616 -0.0003832439418307022 0.7274307439087466
1.0487753316211463 0.8963884637520773 4775.400443787201 0.00022189121831112031 0.5597636214363355
1.0509889924321691 0.9692185229139892 4327.107762546947 0.0003637479460955046 0.6429112755930053
1.04042076466289 0.8436103990414314 4957.684634493578 0.000344975153312367 0.5457875469612402
1.0342508788852687 0.9093956788191081 4683.282432334482 0.0002390492491466141 0.5614613932723302
1.00892910353965 0.8708362506150531 4571.510748674974 -0.0002878021544665063 0.53921683808424
0.9784295077642198 0.8798604787800434 4501.198500333706 0.00021569074923275357 0.5395103582442706
1.0931316232573998 0.9582768015737971 4631.8438316583215 0.00020235306678024917 0.6370405755067214
1.136975186013566 0.958439719100172 4344.5813473753005 0.000409775641981791 0.586008895825572
1.1337769049222726 0.9877293601264779 4827.3807297936655 -3.716532069582051e-05 0.7294410317691511
1.063818693027765 0.9610006785099636 4740.078778185864 -0.00021433803790290497 0.6746808437285199
1.1975177375443895 0.9817170321038942 4727.137181518416 -0.00022457148668926546 0.9554757965790495
1.0630837638830695 0.9966985767343188 4030.551978133129 0.0005792554202897997 0.5933243611971635
1.1178767166103927 0.8688271923442409 4445.6523775094 -0.0004225675593903947 0.6027591093842378
1.062892012895805 0.866043600960143 4101.329791552807 0.00027426286760811073 0.5162948585938927
1.079543029544336 0.9225554532477991 4687.925339057199 -0.00018957674024625815 0.6450536484898468
1.065787509431328 0.9460239649074643 4240.688282906532 2.870401866420454e-05 0.6598830899025239
1.0370363499490551 0.9123296909619493 4666.311881883675 -0.00035713618783637057 0.6323135871630353
1.0692090652250983 0.9513230348727981 4737.6224507437055 0.00016308027252721766 0.6471960992426616
1.0727405985790606 0.9371357267127453 4682.722954559841 0.00063637522474104 0.6413035869898693
0.9999647873546524 0.9698974978907745 4406.304536123026 7.177453639420822e-05 0.5653016646807891
1.064405655501064 0.8792892916818186 4755.059677882449 0.00037285847401108006 0.5918468328763493
1.0243906649794037 0.8851745751608442 4133.212024591819 0.0005613056213958843 0.5603218813306972
0.9993411800072765 0.9673628845727285 4254.99255975674 0.00021377484666965546 0.596517832316124
0.8996356886432342 0.7388546968932427 4807.2610971082295 3.4647539233354924e-05 0.351569834545719
1.0848286146434487 0.9499744273261288 4770.204669055634 -8.668997053940361e-05 0.7027828358421969
0.8811628907911327 0.7890512428003399 4823.210935417211 -0.0003526250497913093 0.4127506743530709
1.0475523645287612 0.8251918112075921 4424.093205764737 -0.0004869240957339103 0.5131881736728343
0.9315447758900297 0.823549589988268 4197.527936435685 8.512233663434094e-05 0.46554021522990724
1.0478845107167105 0.9430709207227488 4651.629012721685 -0.00031868718541374166 0.6110440960743653
1.1111324899759378 0.9460513476337036 4516.851561930708 -0.00048736829826962424 0.6839888796656604
1.065278129569712 0.9067643507786419 4606.138755843959 -0.00041031159397828855 0.6080254963853884
1.0741146238351813 0.905089184479746 4168.158116917864 0.00018046101995955352 0.6459009308226966
1.102134730670748 0.9565566421695845 4963.19481307654 -0.00018766952095688902 0.6638468303924866
1.1761437907452694 0.9693470864111542 4053.25440464457 -5.805067603534262e-05 0.6740845804134107
1.1076098059832473 0.959964989680663 4763.151313060127 -0.00012253054262858102 0.7494381171622414
1.1076098059832473 0.959964989680663 4763.151313060127 -0.00012253054262858102 0.7494381171622414
0.9511652134230577 0.7463844551317016 4527.900823000563 0.0003377746476248483 0.3797264428327333
1.1048130649796883 0.9948736072055568 4843.833678485522 -9.854726227918308e-06 0.5674781672158018
1.1131759415584561 0.9284589929646873 4932.434458127453 -0.0005463336811487811 0.7296147516475879
1.17733793730884 0.9958000062830711 4551.943528006453 7.546348646131308e-05 0.7371501254453114
1.1366525245872352 0.9856221731002012 4112.999018360014 3.684223889963916e-05 0.6213597655501876
1.0703741861981035 0.9310998569788258 4742.080201402946 0.000862126113166744 0.6426198381694097
0.9804318859865411 0.8916283872542816 4623.724195549813 -0.0002157949936857299 0.607291014063322
0.9804318859865411 0.8916283872542816 4623.724195549813 -0.0002157949936857299 0.607291014063322
1.0228632155145885 0.9120290247722928 4665.806436610475 -0.0003104316472274387 0.5717110080581411
1.0701031106572008 0.8837789801526188 4782.583785976308 -0.0005359655570913627 0.6090904180409646
0.9059435370507262 0.7887180949473549 4686.985071007922 7.655794247529467e-05 0.4189984684830552
1.1043065807029746 0.9306864541492537 4539.906365626703 -0.00031648525868945454 0.7320884941277893
1.0133995082608713 0.9037281152062866 4712.744487635011 0.0007262317547473245 0.6279740007944055
0.9893179554727117 0.8397418234464663 4887.1023479085625 -0.0001599819892173596 0.5545929905647737
0.9954061469634273 0.866347798058892 4530.635407377192 -0.00045689214479886645 0.5604573030227853
1.1157850643452378 0.9992660793729073 4096.142911610949 0.0002973786492557369 0.5762116806686586
1.1157850643452378 0.9992660793729073 4096.142911610949 0.0002973786492557369 0.5762116806686586
0.981244825536288 0.8241631443069292 4922.714982216489 0.0003819814064471078 0.4703380525386066
1.1030820282718061 0.9353534642672956 4272.446458262279 0.00028839204910409503 0.6445847701788778
1.0021333837807693 0.836328026626907 4202.562367938516 0.00035144333840005483 0.5395460512440253
1.0538706099303312 0.9632334170766912 4623.388601802939 -0.00018573876069861764 0.607735322955519
1.0194317657835077 0.8993976414290504 4820.817655079103 -0.0006892739536425084 0.5742258872824
0.9411169041078936 0.8197472551281175 4456.891330161952 0.00019676053599235337 0.48843132351632623
1.078600141311704 0.9242864030825337 3982.5063832009782 0.0001763484085964112 0.6272294071692037
1.078600141311704 0.9242864030825337 3982.5063832009782 0.0001763484085964112 0.6272294071692037
1.105180142644248 0.9315837852058374 4037.979161326166 -7.909142181507005e-05 0.5933044370495423
1.0952435456621794 0.9902880239454096 4555.4323015190075 0.00042581249288906547 0.6021350481484682
1.0418901801194158 0.9529986129241741 4244.0646046968295 5.9369649281447414e-05 0.5866042830136469
1.0023737839315379 0.8590158676268991 4253.519904464058 0.00043087135801608015 0.557876751902621
1.019317824264572 0.9609919006844643 4691.523894417042 -5.735201742459487e-05 0.5699869724527642
1.078963473391081 0.9767802677602622 4546.852673178378 -5.1401996884418836e-05 0.5895526652908267
1.0047746527715686 0.8927116964486844 4495.82090092682 -0.00035332628643817813 0.5846285614463239
1.0067957590683005 0.934468884725992 4900.376686049458 0.0003350168479208394 0.6355031886892464
1.133247257667033 0.9838720002304371 4708.834356525072 -0.0008023971750394335 0.7715333834709909
1.0955741876926373 0.9041975392316771 4217.171179323449 -0.00015676484967776282 0.6266098306881086
1.057206844597963 0.9239780145298173 4744.257391488158 -0.00038473683106033296 0.670684161310889
1.0403591936317163 0.9646498077563143 4818.218084536638 0.0004300041410256993 0.6274996356166681
1.0835909283697358 0.9476601869485847 4387.9491508870005 -0.0006666501365712866 0.6034030756446002
1.1473750320100176 0.9934801911012339 4993.671648233106 -0.0003576579745847375 0.9120905904231138
1.1197818476321642 0.945985644753625 4059.22815816828 0.0003814851779558435 0.643779181648592
0.9515583202535173 0.8729778098135138 4701.2946151318965 0.0001010374612283538 0.557060831069192
1.0108335568789264 0.8347882529750108 4323.428671918986 0.00018890584277765177 0.4936874883868277
1.0458740357368432 0.8112981548272608 4537.891803596627 0.00033513756962531334 0.4689988448770263
1.0458740357368432 0.8112981548272608 4537.891803596627 0.00033513756962531334 0.4689988448770263
1.0367825726982576 0.8846973730041845 4095.3657183186883 0.0007715850805326759 0.5908169275737709
1.0273849428608144 0.8216731864889595 4509.4046585306105 -0.0003437964819096786 0.504334136069791
1.1476991048851104 0.9516509470235389 4716.285423315817 0.00034319193649776564 0.6221230370373142
0.9893910452137169 0.8088243304650765 4849.585070064203 -0.00035417871199497776 0.4411561630880093
1.1471766582564884 0.9436163562137267 4553.924853355159 -0.000587475579504496 0.7938506740061446
1.1111344142600008 0.9774175615787192 4679.396712354699 -8.228687214477281e-05 0.6687440104002428
1.090335701673988 0.8933375247199625 4092.739405726133 9.611808694212305e-05 0.563896479724119
1.090335701673988 0.8933375247199625 4092.739405726133 9.611808694212305e-05 0.563896479724119
1.099227094364664 0.9503967507854639 4402.994780063821 -8.177275456436576e-05 0.60964583348837
1.0814079905189997 0.9023299629506946 4203.434041546423 -0.00042345264995986024 0.6353314486637988
1.0119884866223243 0.9004585206016914 4683.01181521081 0.0002955313469685248 0.5902556061750017
1.049225939496906 0.9957864106629233 4923.236589498694 0.00010517185047088234 0.5800719899934046
1.1191993503504427 0.9663088507162849 4924.129971376217 -0.0002957647859786683 0.7781784780645358
1.0220240206234912 0.9511489892115044 4762.845757281047 0.00033684877929118236 0.599944015471705
1.1218059765423138 0.9629599934805279 4793.424143937666 -0.0002838092033857355 0.7249249742646817
1.1268944884735996 0.8966972110894357 4090.0162215529513 -3.9958982088229715e-05 0.5693851572281008
0.8966339180292195 0.7988656346696704 4866.799744820374 0.00010135506157712713 0.4495093065556574
1.0082637332127056 0.9267431694929223 4762.268793344544 -7.273158065021796e-05 0.5974898455045068
0.9771772020148064 0.8941660933936791 4265.813155095908 -3.17668195931863e-05 0.5827115526043942
1.0691568244084235 0.9937894736686782 4162.24102567614 -0.00035027256389111853 0.5539571138585799
1.0691568244084235 0.9937894736686782 4162.24102567614 -0.00035027256389111853 0.5539571138585799
1.0921530407791957 0.9464543080999513 4479.537322939793 0.0006302001207602818 0.6242618573567471
1.1129547660869434 0.9834805408877223 4215.769322715792 0.00020852933128492546 0.6238031125147181
1.0610154776737586 0.8906874456536159 4940.216068180758 -0.0007145345059198986 0.5601956800717578
1.085662848748198 0.948001759564871 4396.210618527836 0.00010869115763311433 0.6418012702230491
1.0885631165241159 0.96314742691998 4887.770459777526 -0.0003382174367924953 0.5960387187758085
1.0885631165241159 0.96314742691998 4887.770459777526 -0.0003382174367924953 0.5960387187758085
1.0624687114504345 0.9513626337548465 4986.2020001204555 0.00012333465968996998 0.6370645603906547
0.9208683984192704 0.7975473469563223 4990.788357625015 0.0004025057963374832 0.42981065770320737
0.9208683984192704 0.7975473469563223 4990.788357625015 0.0004025057963374832 0.42981065770320737
1.12058727808255 0.9780224218611293 4993.200979244018 -0.0005265432319572864 0.7561664793382528
1.12058727808255 0.9780224218611293 4993.200979244018 -0.0005265432319572864 0.7561664793382528
0.9418574800020404 0.8294036712761379 4752.651058650401 -0.00037209225595039296 0.5150181122449158
1.0816256751810014 0.9674772011262524 4513.4459735313785 -0.00042105084356898123 0.7153892304830631
1.0820305777015744 0.9311175506601067 4642.019879429684 -0.0003401120133333635 0.6281485949074184
1.0820305777015744 0.9311175506601067 4642.019879429684 -0.0003401120133333635 0.6281485949074184
1.0313385705113047 0.9216323858700857 4731.066734755471 0.0002504645202739733 0.5855846677620267
1.030420564508947 0.9417523988397356 4738.161302366938 0.0003596834673407586 0.5939019647518957
1.0291492508766154 0.9390383937584376 4484.31305692759 0.000482437790167635 0.6309968053556321
1.1701515600432606 0.9790609518316558 4984.06338542268 -0.0005570196049229402 0.7860386554715285
1.1546947155942233 0.9770717609645566 4366.889162898213 0.00027826770612510355 0.5991889414878233
1.0687814808209837 0.9972510098143851 4332.145746232974 9.221616637032232e-07 0.5717303481314081
1.0904178887878688 0.9615670891193789 4427.49957589505 0.00026270823064905563 0.5820941997012097
1.0904178887878688 0.9615670891193789 4427.49957589505 0.00026270823064905563 0.5820941997012097
1.055963726627887 0.9334482024483666 4679.784863084476 0.0007687013496719294 0.6524558747450582
1.055963726627887 0.9334482024483666 4679.784863084476 0.0007687013496719294 0.6524558747450582
1.1358202104854884 0.9810098879880942 4703.762917217833 -0.0002589778710939427 0.6824110777151893
1.1358202104854884 0.9810098879880942 4703.762917217833 -0.0002589778710939427 0.6824110777151893
1.0308315581973615 0.8992405107481395 4737.820011561245 0.00013895447545608477 0.59442485384978
1.0483979688437075 0.9345752586329273 4947.191842146254 7.852890463365124e-05 0.5691421286936318
1.0393890067805978 0.923646107929853 4619.204709857522 0.0002585522024802155 0.6764926462456853
1.0393890067805978 0.923646107929853 4619.204709857522 0.0002585522024802155 0.6764926462456853
1.1333891474231599 0.9712779251442928 4501.655913965246 -0.00034004312783805736 0.780916345575954
1.0097204701167535 0.7941678547559565 4492.279277024848 -0.0004203448714903714 0.4420694502121142
1.0695176148916707 0.821382092009492 4557.441300941243 -0.00028357201577773665 0.4851039300558943
1.0695176148916707 0.821382092009492 4557.441300941243 -0.00028357201577773665 0.4851039300558943
0.9500368982961214 0.8376124977100932 4820.918951273617 7.777507126603381e-05 0.5240173736835716
0.9500368982961214 0.8376124977100932 4820.918951273617 7.777507126603381e-05 0.5240173736835716
1.0196971804127837 0.9148650968994192 4847.6487344986845 4.7609233401616445e-05 0.6442900990591235
1.0196971804127837 0.9148650968994192 4847.6487344986845 4.7609233401616445e-05 0.6442900990591235
1.028505577762652 0.8315572776611992 4195.004394210202 -0.0004816109886005885 0.5025514443053797
0.952622840379713 0.8645769145165613 4904.092419251043 -0.0002936739276792247 0.5311774998553189
1.0322591538861383 0.8896460935622301 4953.942472267077 -5.987431426968024e-05 0.5627377099646926
1.0322591538861383 0.8896460935622301 4953.942472267077 -5.987431426968024e-05 0.5627377099646926
1.0633370605354107 0.9930250506697247 4672.698929754663 1.0781939311045795e-05 0.6232718874135488
1.1646157493022877 0.9414792321679644 4105.929612096273 -0.00010039935230186608 0.5690258928027627
1.0545643439591101 0.8735309731740671 4940.238559635712 -0.0009253630654326079 0.5513516887540384
0.9832877208835471 0.9012562144251964 4146.276803009752 8.603662813820406e-05 0.5951959112565464
1.0871993879744375 0.9336396713980173 4945.724007999853 -0.0002698582185207748 0.6034294011373569
1.0921398267082505 0.9896767985911524 4460.80987475273 2.686607112786647e-05 0.6154037671626367
1.0870359448311269 0.9544439241383744 4567.110869700948 -0.0006740810865730922 0.6815672317241084
1.0870359448311269 0.9544439241383744 4567.110869700948 -0.0006740810865730922 0.6815672317241084
1.1005021469099923 0.8874002028583031 4756.256991137426 5.176921733957627e-05 0.573266413837111
1.005084519824563 0.8986707105274979 4758.765629108914 -8.065263316310246e-05 0.5819419788179852
1.1341847512614776 0.9477367383760675 4962.362972355532 -0.0003636474650066431 0.7537112084414022
1.0641405031594613 0.897636758006613 3941.4055599551552 -1.132034997519727e-05 0.5954034995419245
1.0366902677759777 0.8328402704021405 4926.01893380426 3.79760858058565e-05 0.48932217513675336
1.0366902677759777 0.8328402704021405 4926.01893380426 3.79760858058565e-05 0.48932217513675336
0.9365509476927709 0.8125520144141952 4233.1594516197665 -0.0004363505734713876 0.4588814687342856
1.0468641946591994 0.8815464888060591 4611.315625695186 0.00011437967496041384 0.5589368076231718
1.1467923725988642 0.9213111251887997 4398.122824392702 -6.0460579426048293e-05 0.6224930632512895
1.1467923725988642 0.9213111251887997 4398.122824392702 -6.0460579426048293e-05 0.6224930632512895
1.0594779729658463 0.8999052065379263 4950.080471525898 0.0005192403675596378 0.583121983441315
1.086555234897673 0.9479149602438018 4721.248265331738 -0.0003980626962547594 0.796629323326993
1.086555234897673 0.9479149602438018 4721.248265331738 -0.0003980626962547594 0.796629323326993
1.1157290175369323 0.9397037976895974 4395.187143472071 -0.00015147736697718417 0.6574498594576266
1.135767585823913 0.959483971365632 4819.338356580313 -0.00042431707948950293 0.8868760539907916
1.0313550978851231 0.8662603361800506 4258.947628903497 1.1327971171321361e-05 0.5828307800671464
1.0256038640677185 0.9576201721641987 4666.4457680233645 7.026627921795821e-05 0.6245396446135676
1.0256038640677185 0.9576201721641987 4666.4457680233645 7.026627921795821e-05 0.6245396446135676
1.0547715262464261 0.959749275562467 4253.723236198474 5.3387718731551816e-05 0.5738934067905652
1.0547715262464261 0.959749275562467 4253.723236198474 5.3387718731551816e-05 0.5738934067905652
0.914123114081066 0.8313100450090669 4735.137156334958 -5.7652651006918325e-05 0.4992407335967107
1.0279279784775015 0.9151629879412668 4974.480700955972 -0.0004020955531151178 0.5786002776652515
1.2223913157150093 0.9780411195520048 4193.291264426561 -0.0008307428817851629 0.8458623414966269
1.2223913157150093 0.9780411195520048 4193.291264426561 -0.0008307428817851629 0.8458623414966269
1.2064156582594265 0.9743407754707626 4142.1366146700775 -0.0007731961901043232 0.7232378196912311
1.0297896154815027 0.9462178172902811 4973.225761217642 0.0005676550049792214 0.5816461577876927
1.0297896154815027 0.9462178172902811 4973.225761217642 0.0005676550049792214 0.5816461577876927
1.1179025691426756 0.9247303053504381 4657.742167210356 0.0006753111631757455 0.5966440064632513
1.1179025691426756 0.9247303053504381 4657.742167210356 0.0006753111631757455 0.5966440064632513
1.0465800032197854 0.9556797656056031 4579.226924269558 -0.0004146453803586509 0.6812175630967161
1.0247422845481309 0.9452370137493565 4652.737756396811 -5.535932394417175e-05 0.6473988027465296
1.0425682443189286 0.9733329144912171 4463.050600189408 2.2035210449975346e-05 0.590326014059274
1.0425682443189286 0.9733329144912171 4463.050600189408 2.2035210449975346e-05 0.590326014059274
1.0929458103820433 0.8914431066569464 4101.286986853096 0.0002424627335236382 0.5657057895541191
1.0895238395003173 0.9375968818040517 4909.42963013282 -0.0002316494196767856 0.6542839049205791
1.072383770478837 0.9208364704615564 4425.390105211096 -0.0005137749264815588 0.6217532803523109
1.072383770478837 0.9208364704615564 4425.390105211096 -0.0005137749264815588 0.6217532803523109
1.003102470012542 0.9148571287360886 4844.030758357582 0.00019045285793591095 0.6097304479608527
1.003102470012542 0.9148571287360886 4844.030758357582 0.00019045285793591095 0.6097304479608527
1.1117678109191016 0.9701816882701065 4607.632537554723 0.00038017797189111787 0.5979478419954563
1.1254207517224073 0.9131227408166857 4496.822816421327 -0.00023728742728024513 0.6110520491081127
0.9958674040120358 0.8316298865300448 4931.114622216268 0.0001483518538084068 0.5104679489549628
0.9958674040120358 0.8316298865300448 4931.114622216268 0.0001483518538084068 0.5104679489549628
1.1164104535204142 0.911726489162709 3993.0755058986783 -0.00046479610023004097 0.5846298244830259
1.1308204553831254 0.9670703833850851 4799.4090987022355 -4.400145748700286e-06 0.6689811228332565
1.0483714273629872 0.8956518337724764 4255.539156170804 0.0004920765908791515 0.5945961270113639
1.0483714273629872 0.8956518337724764 4255.539156170804 0.0004920765908791515 0.5945961270113639
1.123425698319812 0.9929958419037814 4947.461618052715 -2.208232118856801e-05 0.6662572230021286
1.1427837269133636 0.9580695205383548 4927.968354981053 -0.0003026117063886884 0.8645759444798073
1.1103526814564626 0.9139233295266557 4654.390362509055 0.0006507186453123021 0.5833165591860071
0.9537363996296678 0.9244257979701436 4722.831413915862 0.0007325147221164414 0.5921412124231439
1.0068314685010233 0.9374363098112415 4866.280343112852 0.0003734451562683773 0.6373245096677378
1.0068314685010233 0.9374363098112415 4866.280343112852 0.0003734451562683773 0.6373245096677378
1.045877589399177 0.9673196989860449 3994.1720096076197 0.00014085082816819573 0.6055185835407155
1.1455831290673508 0.9344788018016943 4428.534316907898 -0.00044455891224455356 0.6730714393423407
1.1455831290673508 0.9344788018016943 4428.534316907898 -0.00044455891224455356 0.6730714393423407
1.0948076790454533 0.9664080953166331 4856.596580278506 5.8775363883184854e-05 0.6375416473016575
1.1319045644106585 0.9987302571484289 4690.461360397943 0.00034572773219852375 0.5655130859938943
1.1047298693141046 0.9947978496092168 4488.669902974887 -1.6423022753785667e-05 0.586556362121576
1.0051276149490231 0.9166379607325325 4392.641687108945 0.00023484043999099673 0.6170613666137087
1.0099490729865488 0.852134771287284 4150.208550245744 -0.00019294098294177247 0.5485734545360483
1.0099490729865488 0.852134771287284 4150.208550245744 -0.00019294098294177247 0.5485734545360483
1.018426455522182 0.8650991026385072 4908.621265308915 -0.0008148837827903498 0.5741025942175443
1.1184908526550723 0.9740969485903194 4941.737851082715 6.725157847154626e-05 0.6557159338862703
1.1539647644551936 0.9690009942858134 4992.918908978837 -0.00028106229090962885 0.7771268538461922
1.1539647644551936 0.9690009942858134 4992.918908978837 -0.00028106229090962885 0.7771268538461922
1.1224103521905764 0.9829951023193378 4128.025577147476 -0.00012525431588983167 0.6054454546059667
1.1224103521905764 0.9829951023193378 4128.025577147476 -0.00012525431588983167 0.6054454546059667
1.1274866834010788 0.9516047227096804 4862.8280903037385 -0.00019351126531525213 0.6421733123072386
1.0966183403874243 0.9611867188104763 4956.729264728323 -0.00018127043534158402 0.6122910895103744
1.0966183403874243 0.9611867188104763 4956.729264728323 -0.00018127043534158402 0.6122910895103744
1.0014153779585624 0.9167507588859862 4340.2710268715 0.00031910521461798276 0.5976894564205006
1.099496492450819 0.9485803540716622 4613.397204222623 -0.0005772663176871111 0.6975807234744035
1.099496492450819 0.9485803540716622 4613.397204222623 -0.0005772663176871111 0.6975807234744035
0.9917999565866379 0.9282940268623554 4667.299276749717 -5.081639662336077e-05 0.6326217970755104
1.0910536193875506 0.9543689538700565 4186.176392581706 -0.0005303643970630325 0.6855365296745686
1.0910536193875506 0.9543689538700565 4186.176392581706 -0.0005303643970630325 0.6855365296745686
1.1675214354220547 0.9706330715440153 4493.19702442245 0.0001256063185343956 0.6091923617874005
1.1675214354220547 0.9706330715440153 4493.19702442245 0.0001256063185343956 0.6091923617874005
1.0773338342154828 0.9909657368581017 4816.816047489614 -2.52164651573122e-05 0.6465206811150446
0.964521023435005 0.80550171882385 4615.786780060448 2.8916210324932345e-05 0.45409068904862826
1.034834820921966 0.9393461089724257 4905.224193041918 0.00027176077233033176 0.6077190516315814
1.034834820921966 0.9393461089724257 4905.224193041918 0.00027176077233033176 0.6077190516315814
1.0892294621632137 0.941429568707405 4821.861259003544 -0.0002693474898768303 0.588682885051824
1.085536217999786 0.8732338635238857 4234.383309226419 -8.183212153779214e-05 0.5693435621072644
1.0662655055853247 0.9661227853463954 4114.998031775028 0.0002985328570009732 0.5853061511947135
1.091208839982337 0.9793984512817635 4729.25267892618 0.0004571209956960803 0.663463098337719
1.1412758244979262 0.9990391992867329 4994.7486719769695 -9.945797356325479e-05 0.739700277091645
1.1030256401365777 0.9621851320321795 4605.225822235241 0.00043908210559969965 0.6286864140920331
1.13087837994381 0.9249499213394133 4266.278617403685 -0.0003226696602898622 0.6264472020763511
1.0533394713479953 0.8884811662280897 4491.236670275163 0.00016118078495247146 0.5621325238946405
1.0533394713479953 0.8884811662280897 4491.236670275163 0.00016118078495247146 0.5621325238946405
1.1230982062714316 0.9614137977533637 4687.553876191151 -0.0007020345007218486 0.7523525844681267
1.073377935172564 0.8989615141016637 4613.756986917323 -0.0003235664514578409 0.6577770495497532
0.9985697837900044 0.9256476601472198 4830.376683054787 0.0004989016721272745 0.6347790417937001
1.0151072361641833 0.8587684606321453 4703.63570901359 6.15880863399498e-05 0.5378051913023081
1.0926556084054986 0.9443459823063911 4691.026162588652 -0.0005478490882555714 0.6625685767035594
1.1471815503985852 0.9827239645619104 4709.235316682292 -0.0004066256126246698 0.5649229139002003
1.1471815503985852 0.9827239645619104 4709.235316682292 -0.0004066256126246698 0.5649229139002003
0.9978431805192388 0.8935259627880477 4354.043163574067 2.602205072480866e-05 0.6168501606921761
1.1546045514135008 0.9619089004020416 4983.566144549079 -0.000895709478022779 0.7160026764234984
1.0633077440915386 0.9475363076315183 4915.502442380792 -2.4540462163305166e-05 0.6547418576104062
1.0633077440915386 0.9475363076315183 4915.502442380792 -2.4540462163305166e-05 0.6547418576104062
1.165175706908444 0.9668329143610953 4940.312339905075 -0.0007071099274171623 0.6812247054436555
1.165175706908444 0.9668329143610953 4940.312339905075 -0.0007071099274171623 0.6812247054436555
1.0742616790885717 0.9403412170071753 4318.0018402496635 -0.0006472422492752859 0.6881947025915615
1.0742616790885717 0.9403412170071753 4318.0018402496635 -0.0006472422492752859 0.6881947025915615
1.0094558278610064 0.9396178667618742 4286.749936863372 0.0003735066945095783 0.5920050595686499
1.0942767667374407 0.9854442311069717 4764.9235219010425 -0.0004993172157432542 0.8548851393894831
1.1605286913985609 0.9454562051563411 4090.4538112724235 4.1553933310632703e-05 0.5939924397798764
0.9702700391813753 0.9398966911645308 4235.158770914778 0.0002721309068177594 0.6186890061227
0.9690915663741378 0.8498280572774093 4728.568421383757 0.00026844084849477444 0.5476258347628985
1.1398917448877766 0.9653720625732669 4737.899693200594 -0.000404208702417305 0.7229685971102293
1.1398917448877766 0.9653720625732669 4737.899693200594 -0.000404208702417305 0.7229685971102293
1.0822407041729813 0.9860904910604292 4767.00990368467 -0.0002417202190184435 0.5745391299764185
1.0822407041729813 0.9860904910604292 4767.00990368467 -0.0002417202190184435 0.5745391299764185
1.0753138322329057 0.9742936640127083 4615.491393306365 0.00034075550133378567 0.578371616798671
1.0753138322329057 0.9742936640127083 4615.491393306365 0.00034075550133378567 0.578371616798671
1.0722796703600883 0.9920965358249795 4772.15742240058 -0.000314618508750819 0.6597838550025912
1.0475422808114248 0.8428573018248906 4822.921349856737 0.000280696193837824 0.5018145848749918
1.051327100460561 0.942722573958628 4772.898290963665 -0.0005835184723595661 0.6459142682856103
1.069109148158628 0.897042042713561 4872.232604980079 -9.655389887163811e-05 0.614791863042389
1.092062532901764 0.9010535180568695 4719.179080188274 0.0003927201363166352 0.6181934475898743
1.143237965858721 0.9867054741293382 4362.334014106722 -0.00021051985911410968 0.7166941354506216
1.066911825933839 0.9285863140162502 4793.935215664133 -0.00047899727353677265 0.6005360587633088
1.1038508163292042 0.9769247101751067 4779.010915090588 -0.0003748365175368899 0.6303187270971674
0.9899027538993024 0.9293042762659183 4808.025545818741 -3.18429573391932e-05 0.6098209714644425
0.9899027538993024 0.9293042762659183 4808.025545818741 -3.18429573391932e-05 0.6098209714644425
1.0519550129044473 0.9855896253796895 4577.253964969156 -0.0007332905727361257 0.6244582281013453
1.0519550129044473 0.9855896253796895 4577.253964969156 -0.0007332905727361257 0.6244582281013453
1.0109200829405864 0.8064092820654001 4211.851016890088 -0.00032684245581707184 0.45393996185274665
1.0109200829405864 0.8064092820654001 4211.851016890088 -0.00032684245581707184 0.45393996185274665
1.0868943064118313 0.9987264419814816 4954.945099926981 2.601252494766637e-05 0.638368742498094
1.0868943064118313 0.9987264419814816 4954.945099926981 2.601252494766637e-05 0.638368742498094
1.1012909627798142 0.913570538046571 4427.164032307096 -0.0005984209050168924 0.6380752462583245
1.0812831085701025 0.9434563720105904 4136.239930533216 -0.0005875947767938426 0.5940873751970985
1.1274438704126095 0.9611907229027816 4427.566807449338 -0.00011736512698444013 0.6295762732489734
1.0189994613953737 0.8905098007822171 4881.65107514872 0.00041984570230895363 0.5663070581118438
1.0189994613953737 0.8905098007822171 4881.65107514872 0.00041984570230895363 0.5663070581118438
1.0789478456566535 0.9218866198273674 4270.5081813140505 -0.00037401503503211523 0.5853774946134912
1.0508015440491019 0.8940158777931686 4324.832909130378 0.00043995571107244383 0.5708190800534557
1.0375604359808985 0.8986749459626606 4881.868773539144 0.00038898825027496964 0.597425554168482
1.0656473693402604 0.9697301305504051 4425.094015894975 0.00032886611730490183 0.6090191371880274
1.0656473693402604 0.9697301305504051 4425.094015894975 0.00032886611730490183 0.6090191371880274
1.2521140975649563 0.978492273373005 4120.000734196425 -0.001090160859582699 0.865116252176293
1.0923529453323426 0.9162916010401267 4270.501437319574 -0.00019884438095077507 0.5915245236409733
1.101519676332209 0.947050776731122 4819.073646204243 -0.0006468279277382353 0.71745248320864
1.080645223907943 0.9579743310249856 4974.429904105305 -0.0003395690229420973 0.628896142889139
1.080645223907943 0.9579743310249856 4974.429904105305 -0.0003395690229420973 0.628896142889139
1.0906638262769548 0.9193921551069931 4503.989469381298 -0.0009190104171732062 0.6582249172068974
1.0826532753799187 0.9687972100823427 4737.895938458602 0.0001218307380303073 0.590550908589135
1.1262533132806374 0.999170180029017 4817.936397087052 -0.0003154034821417129 0.7362027440796692
1.0277344282428607 0.8930515158296 4882.856811274697 -0.00040568555469446465 0.6194040772165221
1.1704517771885015 0.9545585969924519 4831.434960869099 -0.0001897132689460567 0.6535234771937828
1.0435572106464674 0.8867107605781107 4271.746683343641 0.00040002549780971135 0.5825534677814816
1.0554589689558627 0.902794362979921 4994.9562807623515 0.0002120110268760965 0.5715882409253518
1.0554589689558627 0.902794362979921 4994.9562807623515 0.0002120110268760965 0.5715882409253518
1.1608044261554669 0.9612035591937541 3993.7885519077854 -0.00041160401340612407 0.6353331362654204
1.0102868408906591 0.9067232188149108 4495.251527891371 0.00035976810374412755 0.6097837039357499
1.0766487097028892 0.9683921435238729 4559.040646965013 -0.0004698615925464422 0.6668766021168915
1.0766487097028892 0.9683921435238729 4559.040646965013 -0.0004698615925464422 0.6668766021168915
1.061415914318827 0.9120960331210675 4087.8953736879434 0.00027861784538193117 0.6122310893811078
1.0296373309891234 0.937457116786253 4787.082950165815 -0.00048554137343841293 0.6025303921686552
1.0447861127069547 0.9822050671346023 4929.916176092197 -0.00011566041391623988 0.6523292055421521
1.0447861127069547 0.9822050671346023 4929.916176092197 -0.00011566041391623988 0.6523292055421521
1.1216372315495249 0.983718995681728 4590.293332882245 -0.0005238752258928831 0.5708507517998809
1.1216372315495249 0.983718995681728 4590.293332882245 -0.0005238752258928831 0.5708507517998809
0.9835326605137 0.8671215422897668 4772.794292061234 -0.0004220736747972111 0.5628044731083448
1.1292870495399192 0.9524292916977939 4881.208315436695 -0.0006438339133489911 0.8027833434583089
1.0464936446448478 0.9153234026849825 4855.555710257656 0.000515298699026831 0.6236340394656037
1.0030259557768095 0.866217075729181 4818.039595349383 -0.00045172666986153127 0.5490586838485327
1.191953113961506 0.9878598606281344 4955.981216707791 -0.0008567960622089109 0.6785264034763514
1.191953113961506 0.9878598606281344 4955.981216707791 -0.0008567960622089109 0.6785264034763514
1.0735984603522981 0.9025294643957602 4814.434567300729 -4.4249637463642795e-05 0.617223892564847
1.1243170729954741 0.9783644388149663 4699.900738621104 6.820557147108488e-05 0.7042652038547539
1.0646225158240425 0.8775305814795886 4585.900247635556 0.0001371499963231327 0.5846879975735714
0.922705364227295 0.7952153459191322 4836.533693611622 0.0004306058586498529 0.4333829879760742
1.0291167007567483 0.8946947483732931 4549.854166667367 0.00045995793549991683 0.5813524702782834
1.0105102591448532 0.9567862546696655 4760.731391619162 0.0002883438431585985 0.6159598386530994
0.960596449588108 0.8221700220971181 4920.571668170115 0.0004001159682469113 0.4864896189383923
1.1114304868010527 0.9288817091513986 4739.295143730978 -0.00035077220714447373 0.6487599208543713
1.002592023904976 0.8717030762888107 4858.919058735218 -0.0003321666233347917 0.5445922490090098
1.0118850314894137 0.9019031300960577 4816.891746378104 0.0001267669931217724 0.6220482444943223
1.127355329749438 0.9496700455983406 4964.644585156551 1.5371693675663916e-05 0.6510421948451255
1.0697169923913403 0.9477224753752991 4729.923534920362 0.0006390713775883591 0.6312296275158528
1.0697169923913403 0.9477224753752991 4729.923534920362 0.0006390713775883591 0.6312296275158528
1.116360332586529 0.9067403672181913 4224.341252467095 -0.0004955603644938926 0.6319757565912439
1.116360332586529 0.9067403672181913 4224.341252467095 -0.0004955603644938926 0.6319757565912439
1.1366382826248682 0.9250205977296565 4864.951900732781 -0.00038725085439071265 0.6319367482506173
1.0798679441006753 0.9946324093525744 4704.193231905377 -0.0006338854468589463 0.5737014286841579
1.0798679441006753 0.9946324093525744 4704.193231905377 -0.0006338854468589463 0.5737014286841579
1.1085631263834688 0.9970348364292699 4804.835249139453 -0.0003883025172680152 0.6258828341563912
1.0851477150185 0.925197605972618 4989.603249368194 -0.0005157390474418191 0.6351714521289311
1.0621419671890482 0.9534997499273098 4629.012811730866 0.0004249145717795176 0.6439699344930314
1.16163674568734 0.9858423900754149 4741.631953155986 -0.00043639631061342325 0.655052316837587
1.0277964464711955 0.903505496527474 4322.390188742688 0.0004110452715271004 0.6124604545293064
1.1079637216207643 0.9432110926736461 3946.4288144482143 -0.0009051519806779883 0.6238078801930991
1.068824949336964 0.9820440480194865 4893.478346405852 -0.00036081153992704497 0.6114919240860469
1.061664760903678 0.9633830541839664 4761.960156177162 -0.0002520730481335153 0.6493397271687306
1.067519057196772 0.9855702939009898 4909.983516000899 0.00023732552492042395 0.5944964414317953
1.1356193025209955 0.9066788396329324 4690.024352966279 -0.00036179708194663624 0.6065058889526864
1.0641944954756686 0.9567492563093795 4920.82632391284 0.00029284162499430865 0.6489712181747841
1.1036239075374945 0.9927909613519078 4862.7479890616405 -6.724859861611408e-05 0.6005098541251461
1.0624793190672805 0.9779645519438385 4818.705473529553 0.00010552533424520259 0.5915261185130204
1.0731123906789255 0.9351092589319965 4351.525636295355 -0.0004268588775170156 0.6282484106089974
1.0032350281467712 0.9077250501513553 4908.149425977975 0.0005236557721550398 0.6180090101892274
1.0032350281467712 0.9077250501513553 4908.149425977975 0.0005236557721550398 0.6180090101892274
1.046476485636606 0.9625157495704401 4819.251532526944 -0.00018574280989325467 0.5999460269779662
1.105442424458344 0.986905895604945 4526.087944350768 -5.756031762250835e-05 0.5572377000502454
0.9592761473527474 0.837741575461136 4999.6079046756295 0.00042018802757461923 0.5009960316969918
1.0812478004017787 0.9577133949382395 4977.923965225577 0.0006283779704615615 0.642319248004336
1.0918769182147876 0.955886699021421 4862.790139408229 -5.020766819742775e-05 0.5871953903366667
1.1246314187425621 0.9374287977105369 4869.569240916807 -1.4569550204683713e-05 0.6349494260491481
0.966230194485242 0.8241219975598713 4602.999633086504 0.0005291162697077261 0.48512760010649125
1.037290035460667 0.9041560217582035 4449.974146298978 -0.00018680350724316596 0.6097147395577136
1.1275034697540633 0.993696533039534 4841.789802464705 -0.00045707119785339255 0.6036287083301851
1.0968820012836769 0.9228093596472009 4142.330368168256 -0.0006764301789661833 0.617982373004944
1.0881011010426496 0.9577718494191578 4903.352235927581 -0.00045676741919229536 0.6380578029501333
1.048515757667078 0.8894398729350712 4779.7914966864 -0.00047488380637402186 0.5691376357399768
1.1475796652793462 0.9978012572017987 4835.590127792647 -0.0008794015005845761 0.6165709407634132
1.06515224118193 0.997090900393516 4484.4718095565695 -0.0002400125959833864 0.6140239184900975
1.1516232651241054 0.9468764462496336 4630.657399565767 -0.0004529999355514341 0.7025763005038831
1.0941401743563677 0.9788457228196101 4568.365251271025 0.0006563398235977453 0.5787769025270051
1.0529355512211498 0.9291110304685264 4569.984719405007 0.0002945360298336521 0.5924597887825231
1.1245657900443013 0.9526793055976843 4384.967173629746 0.0001487325052851399 0.6146467298441405
1.1479794683983506 0.9617970653860509 4737.3366872087445 -0.0006383345177249871 0.751462754120575
1.0713355221463154 0.9370802866181356 4889.848259443906 -0.00011726922513863854 0.601548637685763
1.0795921721313375 0.9424486015901538 4972.717800272709 -0.0006104374046821678 0.6501159005458497
1.0947144882803672 0.9905188104846108 4934.107606504744 -0.0003013932891930107 0.6307490750947701
1.1071057369512676 0.9977248567138369 4607.8119375694105 0.00022346119790227608 0.5798998156590434
1.0593085478158915 0.8901943935611702 4348.891097881791 -5.813855513798571e-05 0.5798734976664174
1.0631190576906304 0.9212118021230464 4999.350308158858 -0.000329148500879931 0.6249306205455796
1.0538099048435456 0.8866640729371882 4526.9763791769965 0.0005898478880320124 0.5955087729681928
1.1246558864870941 0.9899871540396914 4951.861144817379 -0.0007847204238562134 0.6106331295189635
1.0508977464900133 0.9620328621391033 4576.140984324059 -0.0003718479572129696 0.6094085440658037
1.0538838407252071 0.9340821782568401 4732.87583709651 0.00014593746603554935 0.5970005484191314
1.0661557511438002 0.9656002679201242 4629.851740358746 0.0002890673023463285 0.6471674953851303
1.0884662718655012 0.9537101300822023 4843.844909571618 0.00045462772827718995 0.6267555125007109
1.1050995753989536 0.9676052232096584 4972.158457247314 -0.0008145231687885201 0.6543722478255495
1.0994576119576003 0.9868047862787221 4681.240583975989 -0.0003589292270626842 0.6877000551717625
1.1125103668194882 0.964981108803661 4824.017202329835 -9.987287097610447e-05 0.663582835312363
1.0806486114268479 0.948860932001165 4882.608164195076 -0.00041464265661101253 0.6665726803129222
1.0645812753405302 0.9531650171267362 4730.342115027663 6.680374373555874e-05 0.6096737470075158
1.054772181159967 0.8896182606794747 4892.49674598197 -0.000331555422050459 0.5708290764934809
0.9868508190888511 0.9540844888434998 4752.864880544086 0.0004720565485681519 0.5870434856068328
1.01233315899059 0.886091289577592 4766.820479342447 -0.0005907751864395816 0.5746425626862384
1.0078884260354646 0.834172024864108 4938.344211847344 -3.684603667780931e-05 0.49778828764460775
1.1019580143716157 0.9840266660647512 4945.519336897194 0.00033231151106485657 0.6114104073425599
0.9489452333011141 0.8248418374931614 4968.958247977481 0.00022694340502992563 0.4784568292158488
1.1038541345658177 0.9877958800587452 4777.954094948507 -0.0001314310570672466 0.6336108659214574
1.0938045763110518 0.9318896979170194 4814.990845459819 0.0002475937313149858 0.6290506840368411
1.0306646084572568 0.9283806820979111 4459.557167812629 0.00028434654772843763 0.6026946369692576
1.125370364824628 0.9962925390151298 4814.370238477153 -0.00039827145115347337 0.5708197327561467
1.0814516209401526 0.9798561282657887 4952.420587683649 -0.0004567750244991867 0.6476658591475486
1.0251769072376955 0.9549890972101353 4819.312308917388 0.00019852563798357083 0.6231593388212439
1.026376339893028 0.9885942484837862 4768.626938993754 0.00010687932990198791 0.5821530353547446
1.070435800314959 0.973718618184081 4824.259491918356 0.00040671065160260896 0.6127137770187386
1.100386908727109 0.9949175608858125 4907.941648610688 -0.0003047236964453499 0.6189606113055602
1.1007305202922253 0.9938872864084708 4874.893805122874 -0.0006132779550671881 0.6325581422878971
1.0031322805521805 0.8970053939500353 4663.745123083966 0.00039103015153120095 0.6179793557919475
1.049251705817157 0.885221010341269 4572.477999914501 0.0002654025605323377 0.5691328736855348
1.0844343069143936 0.9827795452660263 4978.297273030386 0.00030854674171765115 0.5695468340528178
1.0093311060587211 0.8278511657498778 4957.215515569564 -5.972097425660412e-05 0.4744992924994543
1.0840735277392106 0.9922130547483781 4886.770487171748 -0.0009597586852927314 0.6411499212806884
0.9938414894342495 0.8212893223260386 4853.016549530806 0.0004745337327297488 0.4671008833528209
1.1453619814532578 0.9426483946396418 4982.280007802583 -0.0010852178782589429 0.6217737996181152
1.1287812354520261 0.9607666698652879 4053.943796121348 -1.1566073345533803e-05 0.6099117065259364
1.074829199582926 0.989854334759035 4669.838890642488 0.0003621574043024696 0.5807657608068131
1.1481431911952127 0.9846068234287316 4804.07567737037 -0.0006492179354257253 0.6989366277588422
1.0639688648185874 0.8709949064754425 4970.93431487147 -0.00031020661170023587 0.5640898783958318
1.0716638537350271 0.9498344974455741 4817.315160950125 -0.0009933511941005219 0.5947741318223135
1.1167397053383739 0.9892992785482395 4615.119705845995 -0.00025080031061883894 0.5670213792683558
1.0862705502599255 0.9594806941401517 4877.800616483926 -3.604595288844388e-05 0.6053776373811111
1.1046681316500855 0.9583737942071457 4563.883016232146 -0.0007270357469835233 0.7952258257717979
1.0775140517482693 0.9158205800975441 4975.223029905148 -0.00041022816403296733 0.636336912939832
1.0530604227076257 0.9581641538509036 4310.227914427773 -0.00018282119092946427 0.6076641375622428
1.0545889763498237 0.9383878293143076 4927.403891105163 -0.00037221449269454667 0.6530800805107954
1.1479674522559364 0.9837532010809373 4903.427371456152 -0.0006986083407313439 0.846451147799005
1.0569285963895025 0.9969615491849027 4629.28118978018 0.00028301158842015364 0.5839833394829186
1.1277180259807211 0.9586969306941785 4221.290383766431 7.29621855901304e-05 0.613735456286209
1.0537298944073255 0.9181924948802398 4877.432534306996 0.00025833753099756783 0.5991588580479429
1.0828526198733142 0.9850146582089445 4679.754536689495 5.1540365616160046e-05 0.5939401955782357
1.0432956590262012 0.9192504357502655 4797.681942914748 -5.1887813160863344e-05 0.6168235843044265
1.0150525497683147 0.9937760624536673 4809.711000872524 0.00022883874134925646 0.5971916529798791
1.1364731265631098 0.9683781406632883 4822.68139183982 -0.00010059320239337755 0.6130982481773155
1.112372816135333 0.982343872018514 4598.528353981358 0.00023510540786540914 0.598239036582986
1.0639311695506166 0.9709551404540792 4705.155657225774 -0.000577004909967254 0.6340284347994203
1.0871504336554318 0.9090036626888146 4884.9522550545025 0.0001021942869848306 0.6440406038738261
1.0654119420239305 0.9269512179119471 4841.082204726765 0.00014632309605522412 0.605372975144818
1.1110628891794327 0.9651760902634168 4953.73512037909 -0.0005463185914206278 0.6128008565088149
1.0676843416782429 0.9274200561837149 4977.744420879713 0.0004493885644039926 0.6038532099433177
1.0965326862459914 0.9215169386833155 4272.640616619657 -0.00035300513932330424 0.6212772819978255
1.087543559248547 0.9417479042515627 4710.629586758862 -0.0007916000894422082 0.6152859547649753
1.1105062939820538 0.8969496956060493 4955.042251977994 -0.00025124285242660786 0.6294338313414746
1.1064967552391005 0.950635869043068 4995.0787512975185 -0.0010589763279989523 0.7320898886301713
1.1222577008219488 0.9923307704261343 4767.948243136812 -0.0006700165541396661 0.5945431874110261
1.1186659797352294 0.9368991869317218 4224.811678478227 -3.572355181415709e-05 0.6226545427243506
1.0290417614444938 0.9865293345095729 4952.857478294435 0.0002197778947927401 0.5935293290725646
1.0392944626357365 0.9134259005687894 4989.331258681049 0.0002569547064065305 0.624326010349789
1.0903902033367348 0.9593249079528073 4899.880688242517 6.13553655722222e-05 0.6316912089903732
1.0748200355631436 0.9158483276137706 4951.0498964814815 0.00013732071268903 0.6016322811376035
1.0396270079225667 0.9103994941028827 4852.43490384166 3.048323329525664e-05 0.5990587317655907
1.0479404864016613 0.9913976070287586 4889.874765114246 0.0005013340455480168 0.5778840682431241
1.0044086989074104 0.903492169976806 4847.8349251807385 0.00018034166369636326 0.597921866788492
1.0081965637198995 0.843110507231534 4743.148615848165 -0.0001647409049139199 0.5175040915590873
1.0528796432441951 0.9689370178279036 4995.61167878196 5.9264384243537826e-05 0.6269841198403456
1.0931764996464797 0.9858836642905844 4992.050660816117 7.53724264362599e-05 0.58764658117569
1.0483342662609936 0.8883119643618916 4802.176561325585 0.00015113539907311808 0.5705933489592387
1.0473795300485866 0.9484239871999228 4681.610212114436 0.0001510347973964592 0.621335860313967
1.0882149825387373 0.9847128047462679 4948.237759688739 -0.00029020293356498496 0.6133713617855493
1.0985820618290094 0.9926907446724492 4683.8252793152915 -0.00018093199658600017 0.6034478976174217
1.0801615643917561 0.9255808141293895 4512.218246104754 6.282522954139866e-05 0.6036464221106863
1.102960929501645 0.9878018341390106 4902.400108124699 -0.0007567929907885051 0.6932763129121933
1.0517261315323658 0.9322018355008685 4771.9898936240925 -3.733195689879063e-05 0.6035577292435199
1.0625336762994837 0.9935123899329631 4896.841429752787 0.0002677691433729104 0.6058947093099067
1.1597181926721014 0.9635100618127903 4527.257197360626 4.644188785690372e-05 0.6227542903496224
1.101780000423902 0.9651349545380221 4572.080131672956 -0.00017540564174378531 0.6086980660549814
1.1474110584877664 0.9553582341209208 4352.860987005508 -0.0002133467476977531 0.5933108440571595
1.1070300545732172 0.9337886201403509 4804.449819772296 -0.0007317359330047734 0.647375442394828
1.0324289317599677 0.9595858096005369 4981.848750812155 0.00014059740116394588 0.6128815400091248
1.054002919196173 0.948806864417332 4923.72141971121 0.00010721413671551046 0.6023357173910406
1.1372991927387326 0.9879524664508669 4773.6318227046995 -0.0002836077351737977 0.5911333896707408
1.0024673628712786 0.9213395396300642 4817.4436713768755 0.000615141290425534 0.6292827866343315
1.0975130462446383 0.977543747383302 4927.438780395469 -0.0009170874420722422 0.6716692966693805
1.060020845107267 0.9736629595567228 4903.426498637458 -9.705341304135198e-05 0.6338752883831752
0.9630331278469785 0.8550306838036158 4663.68403287945 0.00010657788780940576 0.5444740240667034
0.9926240975094897 0.9092988881329055 4817.1701094120135 0.00044082532178242454 0.6195655232012568
1.0513914069879522 0.967509443314411 4730.915878797632 0.00023124575146054284 0.6157689156383755
1.103633969937678 0.9699615234734622 4919.197790121193 -0.00026364153254221877 0.6189905320921116
1.107611470846806 0.9806625909623603 4953.956204411717 -0.0005136855674709587 0.601974152339187
1.1069934431102706 0.9592181253603373 4730.173689355577 -0.0006884244782053588 0.6689180257629268
1.0400651014813462 0.9189013967589998 4811.199010913339 0.00039920897964239153 0.6307543565710407
1.074867820711665 0.9782175481478778 4941.173226744745 0.0005648666018020346 0.6211900796621559
1.029916216860027 0.9318533828078467 4981.404486138718 -6.265149479003905e-05 0.6222948565821796
1.000664819901429 0.8793521073869681 4836.989262427957 0.00045862821772120363 0.5878238835254848
1.0370960217924103 0.8634912455508307 4821.148954296496 0.00016867317168718404 0.5444552283807568
1.119175129616217 0.9232618693083132 4884.35552616659 -0.0007712312279727059 0.6517564996779397
1.070511666784539 0.8785494152073954 4926.611938052255 2.2511127927955486e-05 0.573228757266244
1.0648125099601273 0.9071926508355942 4949.580371703954 -2.9838444499206947e-05 0.6050236018139326
1.009597937166992 0.8734118274400249 4811.166664753394 0.00016127652501586134 0.5781211081600068
1.0593195382839986 0.9174869919278412 4986.3211747328005 4.872270902344411e-05 0.6182678106686168
1.0262805760612146 0.9247925710704173 4887.6968673458205 0.0005638506694180243 0.616718285918725
1.0420246654994578 0.8932572096697027 4805.393922088291 0.0006341635796505593 0.5770662775738176
1.0116114139973762 0.9230794054718188 4903.82125079451 0.00020776825245840893 0.617021602941344
1.0145282547555325 0.8809875226339122 4984.5782010218745 0.0004499914129878774 0.5683690369298164
1.0097204048315809 0.8931336841310381 4868.502593391893 0.0006303288932765188 0.6032758012706314
1.0335678190771584 0.8763762268300832 4805.641548296989 0.0003910178833399743 0.5674181544272311
1.0143444387185707 0.8503159908142216 4805.957082771865 0.00038091896089843916 0.537974344325665
1.0526126543746792 0.9301699730117892 4941.144375490533 0.0006195973861844185 0.604602995086858
1.0881352049562034 0.9609255549721252 4931.302769617797 9.756210451235442e-05 0.6212148069367609
1.0719325164461615 0.9530300119109671 4941.581953914311 7.821105208728844e-05 0.5906095225593679
1.0550657545129594 0.9655750002073662 4848.888348232466 0.00011361617285924991 0.609306105167223
1.087069811292689 0.9745617171838621 4803.818641959131 0.00044626207536984524 0.5976936773816616
1.1003476428756591 0.9715057141577434 4933.950811220274 0.0006379475410631163 0.6067227826670696
1.0395781172986134 0.9388343737052952 4832.34069503219 0.0004859060716244182 0.6105574909146367
1.066545251526761 0.9682112538327162 4732.8689853843125 0.0004389667378232846 0.6012149477746295
1.0665703648528932 0.9423785085586557 4949.097486317627 0.00030328269089748336 0.6202296231249071
1.0565484128995095 0.9318743560642375 4939.543382668594 0.00025844384925247126 0.6127271284564962
1.0736322765050539 0.9554010254781177 4992.572951698433 0.0007329577872620532 0.6195231979786615
1.020627767108879 0.988044632342016 4918.145030511225 6.210926004660979e-05 0.6036391518303657
1.0385338643680837 0.9308201821961645 4797.15418339835 0.000704436835198336 0.6098992619906586
1.1397020624768008 0.9765447997349768 4891.122178382229 -0.00029460747402954793 0.6152643615702125
1.0451515159440383 0.9697530316435333 4874.719609689427 -0.00023162407188256708 0.5961313763964552
1.0915324306303025 0.9827732828719444 4836.4571224058245 -0.0004430126367835196 0.5891949189023349
1.0519205274287504 0.9840230323906025 4918.182801616572 -0.00031280870608560554 0.6444820743824488
1.093284735638575 0.9771954776461881 4811.676496415395 -0.0004008261807731165 0.632020830298289
1.0768745383577012 0.9689395183779238 4936.948377814433 -0.00038144646424666544 0.6166124904907375
1.1213773745863675 0.9924219836698749 4849.875568974344 -4.9426850324930825e-06 0.5952835001775291
1.0785848902840658 0.9894056109896612 4797.991718559403 -0.00013293673694566834 0.5936437071415274
1.0702443731915763 0.9763972435385708 4888.5003322951925 -0.0003088649014301958 0.6166521265562149
1.0613172015690595 0.9603025960638522 4817.493311061428 -0.00043841910298421757 0.6211355141203713
1.0613172015690595 0.9603025960638522 4817.493311061428 -0.00043841910298421757 0.6211355141203713
1.0861473081385573 0.9634506269551495 4848.914413551001 -0.0003679322932107352 0.6226112991996557
1.0520002085458442 0.9758320402776636 4936.095961295392 -8.338783042044273e-05 0.6116598786936954
1.1114747751450147 0.9719410615892434 4794.322398419784 -8.484842353372332e-05 0.6139445213117616
1.1114747751450147 0.9719410615892434 4794.322398419784 -8.484842353372332e-05 0.6139445213117616
1.0851941311154194 0.993025637378114 4811.794161105802 -8.33856376880316e-05 0.6186735641794535
1.1112483611953088 0.9897040808785611 4957.388556332391 -2.8044367973648284e-05 0.6039944667607622
1.084238080300879 0.9809566308847759 4903.235107345047 -0.0005771894069018514 0.6436416748049864
1.0330473039564376 0.9482195359088811 4966.868660840438 0.0009577277569312552 0.5950806840138434
1.070584488512439 0.9844949595793897 4889.09781498342 0.0002799585598254299 0.6178580340825904
1.0684524126156718 0.9955336776529629 4837.6384328124905 -9.159061960027313e-05 0.5902984038877557
1.0789120296030805 0.9593857122539109 4824.268926250005 1.870469939237611e-05 0.6146295507108548
1.0406342828435722 0.9395817004880546 4898.498079963724 0.0001886732000175652 0.6155013179276648
1.1149830441993553 0.9906782011348106 4849.584058636408 -0.00034226949332877526 0.5772492322158402
1.0172181164599763 0.9558876023034728 4974.845130870984 0.00042768803640822075 0.597641018473836
1.0331992986461744 0.946315388756425 4915.381047835737 0.0002155976069240464 0.623388553678851
1.1424815608609253 0.9886174650119287 4933.192197128241 -0.00041361451006668136 0.6086641378017302
1.1092869207188225 0.9469163440423071 4853.870879333692 -2.0226586611533748e-05 0.6143665205669255
1.1092869207188225 0.9469163440423071 4853.870879333692 -2.0226586611533748e-05 0.6143665205669255
1.0774996530538414 0.9598911834932092 4920.664145881448 -2.276070509643429e-05 0.640385576483594
1.141121918322982 0.9733397545662653 4773.704549468912 -0.0003626006308983175 0.6103017981602583
1.0967707433581007 0.9689357255447819 4859.356991537488 -0.000581831061279811 0.6220631983371593
1.0776835882265632 0.922353746051519 4615.8597791693155 6.830364649618722e-05 0.5957966600021541
1.0641600434933154 0.9162528852287422 4986.904483400432 5.4046444876916424e-05 0.630551995893273
1.03761726042123 0.9412653443664095 4758.609463702001 -3.5647155839373896e-05 0.6195740598361419
1.0559262518162462 0.9334611848139025 4771.273345328941 -3.0979638120983255e-05 0.6301757325674046
1.0551273875716993 0.9506952180411099 4896.404865692502 -6.017893182555082e-05 0.6049848257405469
1.055862325550009 0.9440087035592721 4420.130869042473 -0.0002238044129178043 0.625395074471725
1.0859663428089936 0.9335108914990041 4634.47931615544 5.736534362949334e-06 0.6129944225675541
1.0517867893189892 0.9221870995082637 4859.989780425097 -3.354963549382806e-05 0.6232923698708617
1.0834212864659807 0.9380001241801172 4546.02420351384 4.267689421780449e-05 0.6259087216168219
1.0562436758206166 0.9486425566698746 4867.4632229889485 4.1719376631528806e-05 0.6262609695784637
1.1270242654011822 0.922108867842683 4249.405622014288 -0.0005863028084616246 0.6176649885239771
1.1715122946016787 0.9709717648376115 4300.981288315983 -4.739784756763591e-05 0.6127739522977904
1.1562270222161017 0.9370833810168766 4300.122168957777 -1.7098013595647745e-05 0.6112377920673132
1.1562270222161017 0.9370833810168766 4300.122168957777 -1.7098013595647745e-05 0.6112377920673132
1.142193775342366 0.9565868409581655 4490.676056994838 -0.00019861400185238278 0.6397342211269865
1.13542200713129 0.9411272818123648 4056.9154478038477 2.9655563251865382e-05 0.6111225943199603
1.158066670477802 0.9657368200961717 4300.021720703093 7.185449836317325e-05 0.6130519681721981
1.1551137384215242 0.9628552481975264 4636.1527117589485 -6.482408255278042e-05 0.6178819923185606
1.1551137384215242 0.9628552481975264 4636.1527117589485 -6.482408255278042e-05 0.6178819923185606
1.1248069456681717 0.9799368860373137 4509.447419411838 -0.00048569562118431906 0.6109479886281353
1.155819885111767 0.9623115279648933 4668.861368370217 -0.00014114691170162317 0.6634957084756409
1.155819885111767 0.9623115279648933 4668.861368370217 -0.00014114691170162317 0.6634957084756409
1.1652493672453774 0.9585683193216202 4581.983041592702 -0.0001677129539903782 0.6146632523853077
1.121492642653408 0.9804777570857569 4827.020340241878 -0.0007686189094352135 0.628745438807543
1.0851842898959743 0.9905776275392374 4918.946804083161 -0.0005724538206511244 0.7101380202587195
1.1156212746257053 0.9705055423248282 4941.7230511372645 -0.0008022322841269358 0.6395961609890046
1.1527381262205456 0.9663880681289388 4849.579326243038 -0.000643381143246576 0.6267726637051924
1.1527381262205456 0.9663880681289388 4849.579326243038 -0.000643381143246576 0.6267726637051924
1.1437477173158097 0.9624208430782875 4872.272178757679 -0.0008617739000471334 0.6535233482130404
1.1394412130399818 0.9638086749089201 4865.454295248566 -0.0004356664814846111 0.6331416180768116
1.101000431679771 0.9876721771280011 4989.631002383773 -0.000678373226280824 0.6465579190533319
1.156037232620018 0.9787138804670689 4974.809940421536 -0.0007537592357133105 0.8998399051272271
1.1184483991752234 0.9740216976972077 4961.099051140471 -0.0005813570735697194 0.7188095992464324
1.1251557041244873 0.9814958153266364 4961.515775501994 -0.0007363756758502107 0.721627617192196
1.1570625807491628 0.9653072718958012 4994.205859061504 -0.0007346475786599018 0.8239370690306207
1.1292673174275398 0.9791252103862574 4811.943195027079 -0.0007438064335538121 0.6936786854430544
1.1003462355521259 0.915321290526061 4794.791498769282 -0.0005983416663210013 0.6092218162337213
1.108710756601224 0.9210283468496738 4921.8380074623565 -0.0006367165611165284 0.612470746165907
1.080228886036376 0.9496774399037008 4899.886544676524 -0.00013420416042856598 0.5939138147067368
1.0765596131334052 0.9385807371932838 4683.1586987542305 -0.00042481490239183945 0.6095619913115765
1.0787370977396546 0.9170468345766926 4949.237964208374 -0.0002940054831464433 0.6095686126161988
1.1223716105614612 0.9031085741688029 4958.489982093499 -0.0002140894108394159 0.614815907270314
1.098359951648028 0.9379928868225512 4992.8008608501095 -0.0006509626613028141 0.6208651435958696
1.0877414423570995 0.9169929834591595 4988.262298169111 -0.0005539584353677563 0.6347595518369692
1.0847748045357903 0.9497623444061319 4804.730916115259 -0.0005051248514571825 0.6149643698406642
1.0941873500281574 0.9380331219213596 4797.203377567698 -0.0004903523244704056 0.6612082497953935
1.1038600968785768 0.9273971260153049 4794.8420632305515 -0.0002176474323402681 0.6224526211043641
1.10004905929104 0.9322619328687533 4913.955077401733 -0.0004931338598463598 0.6452725778497921
1.1004625418606209 0.9424629487986559 4991.164375742384 -0.0007876317618396486 0.6207178447152332
1.1349863714940835 0.9226398496915285 4831.383101203709 -0.0005941319348047044 0.6062994204322092
1.08174449721208 0.8964450131125055 4970.177617823175 -0.0003307849263992273 0.601676581075195
1.122988722306345 0.9425887083644524 4803.225312137303 -0.0006457003297778217 0.620749036862167
1.122988722306345 0.9425887083644524 4803.225312137303 -0.0006457003297778217 0.620749036862167
1.0894571808327373 0.9280144773275865 4939.038621239296 -0.00040773057150190805 0.6390417781988053
1.0322714122921193 0.9332405116248076 4819.840920818997 -0.0003689142673673941 0.6115000931618276
1.0541563691882914 0.9124059830920099 4948.961279020135 -0.00019218255184828652 0.5961042926597507
1.0989145443316164 0.9300036967721601 4966.81910053988 -0.000611162228121884 0.6314301252301957
