 F
       14689       93537           3        2048
    0.133758606065231889E+01    0.388826949769417540E+01
 T
   2
    0.200000000000000000E+01    0.300000000000000000E+01    0.992187500000000000E+00    0.100000000000000000E+01
   0
   0
 T T     0           0
    0.000000000000000000E+00   -0.100000000000000002+101    0.000000000000000000E+00
 T F     1        2032
    0.206093164157135399E-02    0.133015869299796941E+01    0.388898542849382700E+01
 T F     1          16
    0.322569718184404221E-04   -0.356870909371777456E+01    0.379223610020234636E+01
