 F
        1273       18642           3         128
   -0.176565223817149369E+00    0.523847422345041114E+01
 T
   2
    0.200000000000000000E+01    0.300000000000000000E+01    0.906250000000000000E+00    0.937500000000000000E-01
   0
   0
 T T     0           0
    0.000000000000000000E+00   -0.100000000000000002+101    0.000000000000000000E+00
 T F     1         116
    0.116514853299643363E-03   -0.272654247309946363E+00    0.524142253282011961E+01
 T F     1          12
    0.164866936565848364E-04   -0.256670524180916626E+01    0.520924167078736833E+01
