chirp_mass mass_ratio EOS alpha zeta
1.3164776484728824 0.5260939970662484 4284.682902151978 -0.0001250317395032738 0.03402606039595859
1.2271600930477562 0.5566818058542262 4888.296637200738 -0.00016260210604905452 0.030147084523114247
1.1149351418773292 0.6205402710745869 4884.592491424417 0.0001556983269523156 0.011070943382969187
1.261129996604509 0.5157611396520203 4831.639289456109 0.0003778826799419916 0.0194520868078708
1.303434346145992 0.6412544157489574 4716.7886993940865 -6.476312104355306e-05 0.014672276711954462
1.261905662416308 0.5084886639800483 4262.846362143059 0.0004057012914406853 0.03130725423215359
0.9069470565907694 0.5024372978825098 4840.264284824165 0.00018924892522631737 0.01166460742594569
0.9045704812120183 0.548271922037968 4291.608098478078 0.00037298340231439357 0.012920588712923179
1.1367369023393585 0.6692231898642711 4452.586601509477 0.00039172024335720675 0.01371481640569926
1.3087166581632892 0.5322573107590376 4962.148094833283 0.0007179374138344284 0.03448970678397314
1.2209500142175436 0.6374838342385968 4998.235240833285 0.0001359086898377146 0.02091974623008954
1.0317932445126359 0.5483164807391882 4704.4324350313955 -0.0005040634651061224 0.013817879457600955
1.2352065908973406 0.6271204737660305 4157.209474575375 0.0004241522910337022 0.013143252087144413
1.040299509042054 0.5592430496066754 4495.23547234677 -8.593248051937959e-05 0.010753364431792863
1.1051449678072953 0.538674421247537 4646.528181334189 0.00014519933596536907 0.012964518440470215
1.299583797064714 0.5517663771288468 4827.750272865276 0.00024363383238498493 0.026950018440811588
1.118121340045584 0.6167704154647244 4227.209563336523 0.00046737899393100755 0.014817406038816372
1.015867070634184 0.6132586873912287 4486.452815263178 -0.00023100841770456226 0.013310549298462843
1.1412430755005822 0.6561725622163666 4467.2505542689005 -0.00075703750505385 0.014472330974275548
1.1828911695222284 0.5724156534439115 4296.843209453022 -0.0003091386659293749 0.018596708031547005
1.0127546269961911 0.5778525188162371 4781.69282605684 -0.0002498640426855848 0.013438919655385413
1.1908439424108943 0.5672444185209277 4839.628654016522 -0.00012710984027153714 0.017550881006732688
1.4647437814509345 0.5677923867707024 4604.573459028452 -0.0001816552802780015 0.02899003092866796
1.0975103253684046 0.567997690297191 4142.998631859914 -6.549974538177874e-05 0.010842384490507983
1.3641031156994576 0.6528745248838443 4633.1835787419495 0.0006420436982005828 0.01860659483908269
0.9402967456542022 0.5445318802126717 4192.967913269355 -0.0003464696885985191 0.011119520356871401
1.2039882563544164 0.5590524718511357 4169.741640079342 -2.9596045087737627e-06 0.013894107839989973
1.4175081867270811 0.5731208685811957 3998.850469356151 0.00015424494545375402 0.028704690754272073
1.1090071329424591 0.6057546961054298 4649.76941672655 0.000538161240062661 0.013852201841005336
1.0323224031611784 0.5939615733464274 4440.243844844016 0.00026118902700653134 0.010838931700923572
1.2590565608176034 0.6391783456082744 4206.211717259542 9.578275748652114e-05 0.017441589743280486
1.3490306953848452 0.5386893349139911 4622.4812218229545 0.00041941608966975945 0.02633454460501508
0.8630857151448901 0.5451393829721386 4879.945061780981 -1.2774638404143902e-05 0.011504480550656834
1.163728938875731 0.5623161618330983 4994.766666142249 -0.00018307190063054823 0.012579128453870908
0.985876130726792 0.6196802415015448 4898.6620863024045 0.0007292756867561698 0.01164227897854921
1.254758699999687 0.5519122038611091 4833.880855309537 0.00018441324060788493 0.025318096321009374
0.9066593673753521 0.5494470621682792 4017.54327041569 7.483698770203703e-05 0.011261493747476502
1.1287525885490144 0.5940015905817251 4655.467748837301 0.0005739735424437661 0.01122356718104335
1.159481958261545 0.5975537495019716 4940.155616177955 0.0005426032706073507 0.014542347459471137
0.9837195356906837 0.5356471639286293 4757.149003695905 0.00036707927998907893 0.012167863427188036
1.005432056298015 0.5803003959035586 4701.163293915661 -0.00041775327830970355 0.011053702765381484
1.4648103071752345 0.6242296708818178 4585.918642527636 0.00024079722561904946 0.031684865886677
1.012008964270965 0.5769235165238575 4337.799769736017 0.00020466465495619945 0.01318955271472327
1.0761200324336753 0.6352208501674501 4896.014570700409 -0.0004845174103738157 0.011645900093554757
1.2639845371925753 0.5821523391150342 4573.00024498177 -0.0002101951278040863 0.03402793850702003
1.1633526529699754 0.5729198041164938 4986.515983649742 -0.0002181343116445812 0.018232740008140607
1.3835100010307808 0.5138159097545159 4084.8077549064874 -0.0002660863935737718 0.026231915813240445
1.5311730694326364 0.5328614246472911 4597.728859608889 0.0005305277969925532 0.030133054572519725
1.3040441571131178 0.5912205262432841 4770.7499178483795 0.00037204762418715685 0.03138932892590425
1.3960180677776353 0.5571051207289994 3986.07393114837 -0.00035611668462004443 0.033768986426750865
1.1370042740092876 0.5642854522957639 4902.025355779632 -0.00018349164460537665 0.01282171292747321
1.3351698192886206 0.520717004103963 4743.409545083686 -8.099162872371164e-05 0.02877582370873301
1.3989156788349042 0.5647115030617889 4257.950854863353 9.391987808554107e-05 0.03205206720630342
1.0802772431045835 0.551287698448307 4936.670030145318 0.0002793449716655828 0.011184443434894574
0.9868641986533014 0.5601324982215654 4713.835853340433 -4.428155475640973e-06 0.01102616818058012
1.1349121696758193 0.6326598801885139 4722.134667972596 6.29435748350636e-05 0.02011794601507267
1.2722021586388346 0.6146433610653905 4308.413873233799 -0.0005074942818828525 0.03140998402704295
1.5077093714362277 0.6160805801187108 4165.137375893463 0.00013045766459305382 0.03795876644740612
1.3044549377927521 0.5936092358192532 4844.819361740148 -0.0004190817069023484 0.03160417670569901
1.232499278855657 0.6022205707914912 4551.982533692355 -0.0001235661921117978 0.018032487188029668
1.0297503882555397 0.5520946131897507 4993.8465956794225 -0.00043435582287111433 0.011738832198401633
0.9470558838344583 0.5592785824304107 4112.18578429514 -0.00057874949623724 0.012072261396420205
1.0741984188993516 0.5822399264317566 4035.918559769091 -1.650340871944431e-05 0.011525094880453715
1.3149703387964529 0.5477669415752384 4711.8063760895675 0.00048240533713950917 0.03398108950403838
1.0682972479973702 0.5654799723894084 4749.100083487293 -0.0005634593278042578 0.012219486642405731
0.9522221751551218 0.5799637541448769 4634.9044608616805 0.00021690339373931056 0.010943281849173314
1.1003717416824044 0.6116889495965105 4737.909115655538 -0.0005230677546758827 0.013981010157561844
1.3003196884538422 0.6248170301717175 4924.10977724298 -0.00040473499760263724 0.03636869844268971
1.3551734755701883 0.6017098318766514 4761.154133208265 0.0003683231357282176 0.035457189188044275
1.030518129884688 0.5881956491776134 3936.804827559235 3.8674316128825004e-05 0.011278865765196608
1.489390756575673 0.5779142161459145 4300.927513854424 -0.00047828425864418587 0.03602358212569001
1.3167426485024265 0.5574112324096233 4944.783125761193 -0.0006706419917928358 0.0324374183281641
1.2101126397999187 0.6275850989020607 4556.440576725006 0.0006862784296966616 0.032206114178492284
1.2505044339834355 0.6014201747574517 4774.8504469784975 -0.0005881263029549607 0.015310495854133915
1.4297605188297942 0.5866725625871991 4597.412531057809 -0.00018219580006368684 0.02792181901305879
1.315444859729943 0.591110604739033 4397.606844905354 -1.529921503439978e-05 0.03419685238801931
1.0152768285673766 0.5694436003767844 4189.291442462048 0.00011785178277400533 0.012473364398311725
0.8950567199017992 0.5475688258640807 4635.081231845484 0.00022802155004789595 0.011438211395595133
1.193916083352208 0.5579611396391104 4977.404766433171 -0.00042102682647853656 0.019071546430843085
1.3128046833190132 0.6400231407184858 4383.299908678203 0.00039029863159235423 0.022580361798847013
1.1854418049564488 0.6562125970474199 4470.36506540936 0.00010432147042525484 0.01367064848383378
1.3392024216750955 0.5621915428794041 4919.669022794593 -2.4976202051616482e-05 0.02729171903864898
0.9242521070344205 0.5451893537308166 4857.743093202398 -0.0005028412231509154 0.01258793497994062
1.4293447319348696 0.6079534496999197 4524.289554327206 0.0001073721877154024 0.03828697800264384
1.1258420427213525 0.5882303819770688 4680.028440820718 -0.00011556573918204323 0.01540934901461068
1.2080438243041542 0.5520123416099142 4640.287598678474 -0.00039071287780698615 0.027754409650241327
1.2903757031549403 0.5938859062129367 4791.430601024804 -0.0001257409542009851 0.02535910879057749
0.9519666906303192 0.5498050802643977 4563.857241492216 -0.00025019588132418983 0.012181264211658476
1.0464937556271345 0.578646685809991 4759.111134405539 0.000643581758722663 0.011852638515869946
1.018088972196824 0.5844001102264622 4434.822736031923 0.00015864738886615113 0.012649255373784408
1.3540640315049606 0.5624842768668545 4084.127941940985 0.0005674081217046892 0.034306829194247664
0.977551159986177 0.5873958320216306 4668.859469536325 0.00036990400207238827 0.0107412713956223
1.357475885395492 0.6293430295598156 4997.052404859837 -0.00030295115079523533 0.03286258389917493
0.9126792425761426 0.5317259050601468 4832.687156292376 -0.0002617273622045384 0.012255003545750518
1.198772424807438 0.5909579041017767 4874.3438992739875 -0.000282813499493318 0.021694380826871376
1.3561486822635187 0.5802875837974502 4236.158149942889 0.0005170716579052658 0.03063195440673163
1.3684988774769236 0.6058914751532604 4065.1997754396443 -0.00023249350710405296 0.026083125069456585
1.3405730751058766 0.5557521676744779 4514.014955093422 0.0005526438520981621 0.03285832853079481
1.4529052497204686 0.6083168752910231 4569.578708663487 -0.0002797185018052713 0.03598465493324216
1.1035618432224124 0.5818478661036585 4555.925564250381 0.0007216333292340919 0.011906715415244296
1.1880658240831061 0.5514715769469295 4981.941580885964 0.0004657298211298578 0.020997966732854517
1.1880658240831061 0.5514715769469295 4981.941580885964 0.0004657298211298578 0.020997966732854517
0.9867823394877492 0.5901168033355741 4462.157006374115 0.0007445383785108989 0.011877310818327876
1.375395874630616 0.5726801469055347 4275.4596178827605 -0.00016586404430826826 0.031251289013793565
1.1285023837786932 0.6276860635296672 4450.615399633719 -0.0005699032622662287 0.01371429833595336
1.169015141553682 0.6439740405103385 4707.564294773905 0.0009095186187643002 0.015264286134543385
1.3040557214146251 0.5452949876857633 4530.158716746776 -0.00042953972566069424 0.03272172861011879
1.4396097739100964 0.6328656153335814 4849.314680401829 1.0861621620051216e-05 0.041511447167280204
1.2901807187204806 0.5952895101832794 4868.762625106306 -1.680349396329915e-05 0.029855300815820503
1.4392408990773 0.5588558739329468 4487.670596806955 0.0006242137972943278 0.03100235492248412
1.3761066936213688 0.6378233958397097 3956.7890372127226 -0.00010687475813807426 0.02822808197625292
1.2729061303378182 0.5712955153206896 4518.615230716559 -0.0005720692653014827 0.03143247578485707
1.2345125461327833 0.6113307087413106 3926.307813087693 0.0003024601839287803 0.014031030099060626
1.1303484688859808 0.5808121721195438 4648.429418734599 -8.739381211094821e-05 0.015422466184891015
1.2408913824980226 0.5690396805271448 4967.766805609402 -0.0007118302264293526 0.029499595728938247
1.5600672122524863 0.5646050707855572 4324.746213688602 6.2864102422981354e-06 0.03403532912277365
1.003417491800067 0.5796682544265059 4555.319319541213 -0.00018901612146275475 0.012087534855587771
1.003417491800067 0.5796682544265059 4555.319319541213 -0.00018901612146275475 0.012087534855587771
1.4220005998681424 0.609784678199909 4039.9824708926326 -0.00021727332233526547 0.028039758525242132
1.4220005998681424 0.609784678199909 4039.9824708926326 -0.00021727332233526547 0.028039758525242132
1.2672094462457437 0.5549537110583285 4680.323883088074 -0.0004664544486053961 0.02677974825298151
1.1515622031987554 0.6323265158077697 4523.268628324812 0.00025952717277732615 0.012981224104099017
1.1515622031987554 0.6323265158077697 4523.268628324812 0.00025952717277732615 0.012981224104099017
1.2714602350405502 0.5788844053167188 4676.602585047242 0.0001534486589489279 0.023300278883139774
1.1472243681608245 0.6075438632729453 4711.954809588397 0.0005935496384308921 0.013538560129246974
1.1472243681608245 0.6075438632729453 4711.954809588397 0.0005935496384308921 0.013538560129246974
1.046289075625837 0.5792793935846781 4961.673051458764 0.00010022715058727618 0.010882097092347125
1.2613551835800592 0.6012863266897932 4781.167133982218 -0.00032710966474196304 0.032451516873980506
1.3644364228220915 0.6442288840260382 4266.672990788663 0.0010674061812362356 0.02465439788054733
1.2939970820921154 0.5578718228522825 4546.254002647207 8.705999323198434e-05 0.02630040430657703
1.2939970820921154 0.5578718228522825 4546.254002647207 8.705999323198434e-05 0.02630040430657703
1.3303011106365714 0.608574314199122 4776.651894470924 -0.0002594568963241238 0.0229726349655157
1.1548390161197752 0.5927223861382533 4421.26045686376 -2.5928132902173424e-05 0.013784329976044441
1.1548390161197752 0.5927223861382533 4421.26045686376 -2.5928132902173424e-05 0.013784329976044441
1.371293065484971 0.593466009777138 4324.655918565024 0.000680998274991607 0.03007566291425659
1.371293065484971 0.593466009777138 4324.655918565024 0.000680998274991607 0.03007566291425659
1.2921361720658822 0.5494200079199127 4859.138813271097 -0.0002570624828306658 0.027219019581760134
1.3453214103895665 0.6048694845086668 4593.055719494356 0.0006551089536853196 0.026923058339511925
1.3653146289784215 0.6095599563874265 4654.226480953905 -0.00021551842146527378 0.030624926364765798
1.1556105393587597 0.5882817083056628 4720.051353463532 -0.0005543228275940368 0.012577287448401645
1.1014396675638323 0.5725057000840779 4197.246115067833 -0.0006891897658724631 0.012645303389400247
1.1014396675638323 0.5725057000840779 4197.246115067833 -0.0006891897658724631 0.012645303389400247
1.224112957455331 0.5439996179800402 4702.938122052936 -6.183708736625915e-05 0.031429830549208726
1.4379859516330056 0.6244108781501084 4496.9280154494545 -0.00032205715777289875 0.03526676050444787
1.4642181200304178 0.6559822256338305 4398.337259851239 1.1109149920234733e-05 0.04321779551710307
1.4642181200304178 0.6559822256338305 4398.337259851239 1.1109149920234733e-05 0.04321779551710307
1.362528602711931 0.6157625316588046 4571.94886343639 0.00027314796474142206 0.03356950558508655
1.026964859344714 0.5614308901063576 4136.933475857652 3.201701565307801e-05 0.01177989669476242
1.026964859344714 0.5614308901063576 4136.933475857652 3.201701565307801e-05 0.01177989669476242
1.286187350789699 0.5803767171736369 4465.235924045872 -0.00045341932432451363 0.02604703212235401
1.0969912480453192 0.5723399719572075 4654.226001441586 -0.00013048898768063937 0.011832869326558559
1.0969912480453192 0.5723399719572075 4654.226001441586 -0.00013048898768063937 0.011832869326558559
1.0149844190752522 0.5842061786469759 4351.0882143173185 -0.0004426943838405725 0.012497257293179029
1.4480354505964068 0.5863625815074571 4654.099796807078 -4.821917480684876e-05 0.03363633995736974
1.427142405575903 0.5801161120652716 4895.980893896709 -8.188372814188713e-05 0.03171937790382479
0.9741877640743423 0.5424460109115219 4989.537592945229 -0.00019879813283121836 0.01202819742190309
1.267660488054446 0.5517259931732288 4262.574293797569 -0.0003604060986691518 0.032275509066540635
1.3208984040061504 0.6473587671520838 3993.624750207685 0.0006738877900322847 0.021735925770429234
1.3208984040061504 0.6473587671520838 3993.624750207685 0.0006738877900322847 0.021735925770429234
1.218193924258513 0.5735040615449449 4197.317757539958 5.1514642377680314e-05 0.02246020669977532
1.523439284201277 0.5901523898516896 4304.192795372294 -0.00010703366185214079 0.034200340189616124
1.3459111069884675 0.5829466914832884 4940.278173723247 -0.00030581866165744896 0.027030702626568637
1.3459111069884675 0.5829466914832884 4940.278173723247 -0.00030581866165744896 0.027030702626568637
0.9868551293080619 0.5616489047745784 4942.516005465556 0.00015767574985706695 0.011533917545933333
1.0780623316536717 0.5817169399488044 4652.99953129278 0.0003556583343678266 0.013696195711144147
1.20542417419714 0.5876829673734575 4917.074881682514 3.217144127373181e-05 0.02553721949070785
1.20542417419714 0.5876829673734575 4917.074881682514 3.217144127373181e-05 0.02553721949070785
1.4136778210730698 0.5779447637829829 4390.132289568864 0.0006379230076869087 0.03208796484737626
1.3987619347162814 0.574103511200175 4665.169069360543 -0.00024250282908951622 0.033122164416790265
1.3987619347162814 0.574103511200175 4665.169069360543 -0.00024250282908951622 0.033122164416790265
1.5305081677422079 0.6079761200807129 4043.9944456472276 0.000688071911549973 0.035615166954398175
1.5305081677422079 0.6079761200807129 4043.9944456472276 0.000688071911549973 0.035615166954398175
1.0305679930119156 0.5963576022151424 4537.437309327114 6.497163176115204e-05 0.01255265952791631
1.312204994640683 0.6308953293656044 4281.300824908456 0.00013464421065267315 0.026707076612061093
0.9233861406532435 0.5517372127077074 4821.3525260978 -0.0002695011860687334 0.011521030734636504
0.9233861406532435 0.5517372127077074 4821.3525260978 -0.0002695011860687334 0.011521030734636504
1.3644489570167768 0.6264688951185078 4978.474542298625 -3.9669264591292163e-05 0.030739327728074556
1.3644489570167768 0.6264688951185078 4978.474542298625 -3.9669264591292163e-05 0.030739327728074556
1.0996732954779074 0.6059874494469921 4021.1850741217877 -0.00015334842036113044 0.013228836315381024
1.272975346812451 0.5962290231905845 3942.6869144838356 0.0004014298496551888 0.016836815362268834
1.2877349534552827 0.6388989441496573 3979.5388334085555 0.0004314594157005285 0.01363124698691248
1.2877349534552827 0.6388989441496573 3979.5388334085555 0.0004314594157005285 0.01363124698691248
1.129152798225393 0.6201791807776917 4390.623571391602 0.0002495224974613738 0.012160564587463348
1.129152798225393 0.6201791807776917 4390.623571391602 0.0002495224974613738 0.012160564587463348
1.2080099972477374 0.5974268668327957 4068.1858372028737 2.8541927602664747e-05 0.01858088417225652
1.1324126709282523 0.6382678011662709 4498.528768179055 0.0003582565861694844 0.016631772402566858
1.4029983240704247 0.5927322902178493 4449.206076780711 0.0006749074866495784 0.03560965428643185
1.2182918336686204 0.5524837633208419 4760.863182499527 -0.0009547760776012243 0.024466359192205703
1.3655619916905746 0.5585334128165368 4295.603531035995 -0.0012081755994964426 0.032420987221214746
1.3655619916905746 0.5585334128165368 4295.603531035995 -0.0012081755994964426 0.032420987221214746
1.3080066162643527 0.5688658726574591 4651.762162027586 -2.8512752512919176e-05 0.029751684681110738
1.3080066162643527 0.5688658726574591 4651.762162027586 -2.8512752512919176e-05 0.029751684681110738
1.089516186271464 0.5670257732098086 4908.345956759109 0.000263016348623139 0.013471770749406704
1.2948776995787452 0.6325131552439185 4449.960259053885 0.0005266344717315617 0.027360276711776602
1.2948776995787452 0.6325131552439185 4449.960259053885 0.0005266344717315617 0.027360276711776602
1.3686709990232748 0.5434902080277929 4065.136475411313 -6.541405232766265e-05 0.027901153914391658
0.9989882664834275 0.5803373020046888 4966.980804344404 -6.517931383995605e-05 0.010959584006317542
0.9989882664834275 0.5803373020046888 4966.980804344404 -6.517931383995605e-05 0.010959584006317542
1.065182128885294 0.6007025772359937 4568.19665879007 0.00015221759131050318 0.012820983551328612
1.036070935322625 0.5997322906150527 4686.797490499157 0.00017597394574578586 0.012444910195619916
1.036070935322625 0.5997322906150527 4686.797490499157 0.00017597394574578586 0.012444910195619916
1.1140435137100357 0.5669307330062128 4613.377679970112 0.0009329446178623747 0.01333366421916446
1.1140435137100357 0.5669307330062128 4613.377679970112 0.0009329446178623747 0.01333366421916446
1.382468927609246 0.6163983503832802 4385.209152808322 0.00022449453008488822 0.03479969573440911
1.382468927609246 0.6163983503832802 4385.209152808322 0.00022449453008488822 0.03479969573440911
1.3408271893999166 0.6283726036689468 4030.484939572033 0.0006712777124347117 0.02859294241440663
1.0304198057337715 0.6212691672082666 4848.319071763699 0.0004412763879596672 0.012159024247202497
1.0304198057337715 0.6212691672082666 4848.319071763699 0.0004412763879596672 0.012159024247202497
1.455476082961924 0.5815343764658241 4853.210928126497 -0.0007131237951107268 0.033391935993373256
1.455476082961924 0.5815343764658241 4853.210928126497 -0.0007131237951107268 0.033391935993373256
1.447445802406556 0.5711568622086232 4249.617222848767 -0.0007326620302892099 0.03301599854474319
1.447445802406556 0.5711568622086232 4249.617222848767 -0.0007326620302892099 0.03301599854474319
1.2280270269879845 0.6094442498324468 4260.576412881688 0.00029710419741683084 0.01875451465788009
1.2280270269879845 0.6094442498324468 4260.576412881688 0.00029710419741683084 0.01875451465788009
1.1913099596981445 0.6032211459178727 4270.236171996586 0.0006057467784760559 0.014822110188494449
1.1913099596981445 0.6032211459178727 4270.236171996586 0.0006057467784760559 0.014822110188494449
1.4093806569746425 0.6436954876729306 4527.452108184518 -0.0002779572487608826 0.03335135589665708
1.4093806569746425 0.6436954876729306 4527.452108184518 -0.0002779572487608826 0.03335135589665708
1.2550567354982367 0.538884603794975 4735.032065419348 -0.0003255677508280672 0.031199368834254254
1.3745119666088976 0.6212991421694188 4090.4023956942715 0.00013584682088302232 0.02123574177251335
1.3745119666088976 0.6212991421694188 4090.4023956942715 0.00013584682088302232 0.02123574177251335
1.0973586148676078 0.6192192577637275 4318.032240293116 -0.00038542918920259056 0.013983603417514708
1.0973586148676078 0.6192192577637275 4318.032240293116 -0.00038542918920259056 0.013983603417514708
1.423948325635931 0.586535304594694 4126.77687807042 -7.232149076816355e-05 0.031218077554323043
0.9742367858811246 0.5792416088210642 4810.927265483437 -7.072556197240021e-06 0.011548536362438138
1.2430256991569657 0.6133055975360491 4020.087218312373 0.0005232269958848887 0.0179102766541617
1.2430256991569657 0.6133055975360491 4020.087218312373 0.0005232269958848887 0.0179102766541617
1.1195494502699996 0.567098091224625 4623.863684918758 0.0003951929290242972 0.014878821845894993
1.1195494502699996 0.567098091224625 4623.863684918758 0.0003951929290242972 0.014878821845894993
1.3991467298372975 0.5630862776829568 4168.075116887141 0.0003847615873042717 0.029706705919864955
1.3991467298372975 0.5630862776829568 4168.075116887141 0.0003847615873042717 0.029706705919864955
1.3179110812258437 0.553175356863498 4693.400857734102 -4.1921204639493225e-05 0.03127448249372857
1.2447162157252296 0.567411566967645 4980.596109513723 -0.0001141695911114766 0.026465929805748065
1.4804405656559245 0.5868524311117943 4615.797333364606 -0.00013946526168653151 0.03562891377274865
1.2135323332550882 0.5974600450511358 4427.865035961352 0.000245415940702274 0.012687946504258262
1.328690324891222 0.57798362380089 4503.248825255331 0.0004712235563784294 0.03367692248913939
1.2821418354013487 0.6276030614114428 4107.671682477635 6.416784486792695e-05 0.018694831571905924
1.2562736326779038 0.6425582045375509 4869.04493382176 0.000339951686549622 0.015552774804393401
1.0868086383594642 0.5917236010412109 4354.611405181382 0.00020787188914021462 0.014417109368989697
1.3215811854099562 0.5411605371444272 4787.81152318439 0.000550375344132351 0.028170265756513095
1.146635736970477 0.5775093815033121 4940.703024426517 -0.0003334353212617119 0.012524657493244542
1.146635736970477 0.5775093815033121 4940.703024426517 -0.0003334353212617119 0.012524657493244542
1.215266975946253 0.6123576016034418 4929.572757201858 0.00015533742506494168 0.030288286639275776
1.5302706397209316 0.6007335600124742 4864.111843040217 -9.538831048990239e-05 0.03557491029050541
1.366670794869846 0.6179690689808757 4984.85287184118 -0.00127713377888513 0.03684688275061873
1.2473981194758639 0.6389999556818139 4465.278762510912 -0.0008105054871513771 0.022000728341133154
1.2473981194758639 0.6389999556818139 4465.278762510912 -0.0008105054871513771 0.022000728341133154
1.4146406661155737 0.6372248424309117 4654.153080367167 0.00014758138789998395 0.032436846703046265
1.4146406661155737 0.6372248424309117 4654.153080367167 0.00014758138789998395 0.032436846703046265
1.3569815426108374 0.5463597342867098 4570.4274816539455 -0.00048008446342102186 0.029009095704168316
1.3569815426108374 0.5463597342867098 4570.4274816539455 -0.00048008446342102186 0.029009095704168316
1.2371483195191013 0.6447561793003521 4997.918607270816 0.00019560975753889098 0.020847221427724966
1.295857799246713 0.5970721980910001 4182.793221096846 1.0338363045250905e-05 0.028263081369984372
1.295857799246713 0.5970721980910001 4182.793221096846 1.0338363045250905e-05 0.028263081369984372
1.3552157171577477 0.6356576681575633 4878.118923012422 -0.00012065263627910933 0.03578546836137231
1.3552157171577477 0.6356576681575633 4878.118923012422 -0.00012065263627910933 0.03578546836137231
1.3740880695992628 0.6384991502377423 4324.955278530041 0.00047142608984866534 0.028030424682998403
1.3740880695992628 0.6384991502377423 4324.955278530041 0.00047142608984866534 0.028030424682998403
1.3377822449997805 0.6093296739947793 4950.591132319203 0.0003748319467997153 0.028860157535715678
1.1622769718029842 0.6325647025955391 4862.666259748848 -0.0005284537847898692 0.01349127673407407
1.043923119590825 0.5933728842790581 4808.867866910778 -0.0004167605635086532 0.0116888832596915
1.2751803100418884 0.578388941535439 4900.215633455381 -0.0008344180598417997 0.029247327468921384
1.174510077736787 0.6100543741413863 4541.124301576929 0.0004662405642883048 0.021331517907600198
1.174510077736787 0.6100543741413863 4541.124301576929 0.0004662405642883048 0.021331517907600198
1.0904247694116145 0.5655756259336733 4837.3486644717605 3.487270399951739e-05 0.011919315575026809
1.123005477663918 0.5909555831891088 4441.746309226989 0.0005829007512946068 0.0137601235359086
1.4352404599672999 0.6258029209092034 4598.199208213247 6.009139638960109e-05 0.0367980189841232
1.213549801106014 0.5858875920582163 4631.113849255755 0.0004334646943758444 0.022160049532628536
1.3048211487150883 0.6467930059735694 4864.080270128043 -0.0004896630868132876 0.019293207341536653
1.24405080228011 0.6520874463175865 4511.723072194501 -0.00020272527132223446 0.016281539472080234
1.339187384525662 0.6182539163383443 4629.230326836699 -0.0002256400308876074 0.036473996755390314
1.339187384525662 0.6182539163383443 4629.230326836699 -0.0002256400308876074 0.036473996755390314
1.1738933616908729 0.6231138335001708 4975.077399693222 0.0005579610397117574 0.015246141196997465
1.1314961301465711 0.5891774186726065 4731.826106719962 0.00013962332824392565 0.014093871775636948
1.3490504729144643 0.5707746137975868 4133.232777723987 -8.502147936971895e-05 0.02999647589023204
1.3490504729144643 0.5707746137975868 4133.232777723987 -8.502147936971895e-05 0.02999647589023204
1.0396777383567155 0.5751354018717882 4987.3740458431075 -0.0003031458714257958 0.012856920640451295
1.0396777383567155 0.5751354018717882 4987.3740458431075 -0.0003031458714257958 0.012856920640451295
1.2079160650431813 0.655295603054497 4978.374008657403 0.0002135235496942278 0.014155086091484671
1.2079160650431813 0.655295603054497 4978.374008657403 0.0002135235496942278 0.014155086091484671
1.2627610711268578 0.6276431845246588 4848.5898210202095 0.00021194581712650457 0.024288418106649362
1.2627610711268578 0.6276431845246588 4848.5898210202095 0.00021194581712650457 0.024288418106649362
1.3399583528052799 0.6601691343395649 4413.162287801983 8.575212018056364e-05 0.023949679146228007
1.3399583528052799 0.6601691343395649 4413.162287801983 8.575212018056364e-05 0.023949679146228007
1.2354164963228589 0.6020915061485366 4893.291656410754 0.00021807515891838467 0.02892288897230098
1.302049971772282 0.5885231964460276 4970.316010633595 0.0003974254109024374 0.026604468172816132
1.2145395282228677 0.6271622808844648 4655.007043197343 0.00032150931747274844 0.016210607404839508
1.2145395282228677 0.6271622808844648 4655.007043197343 0.00032150931747274844 0.016210607404839508
1.3121435040947866 0.6129564706873776 4676.724253338839 -0.00036829581565618776 0.03281232008056421
1.3121435040947866 0.6129564706873776 4676.724253338839 -0.00036829581565618776 0.03281232008056421
1.2763318937855967 0.6238069989414284 4832.242604992775 -0.0007491382873972707 0.022997287996909532
1.2763318937855967 0.6238069989414284 4832.242604992775 -0.0007491382873972707 0.022997287996909532
1.007039820547809 0.5867314131467912 4982.846155919079 0.00013568464384975849 0.01233154552665267
1.007039820547809 0.5867314131467912 4982.846155919079 0.00013568464384975849 0.01233154552665267
1.2100166529899687 0.6088880640894236 4410.198355151236 0.00019665142831193708 0.02337733627467462
1.2100166529899687 0.6088880640894236 4410.198355151236 0.00019665142831193708 0.02337733627467462
1.2210756349149725 0.5570877177500118 4489.114337439445 0.000521196862168181 0.027279668713039003
1.1261635487256751 0.5954235153403851 4561.939543361138 0.00023684051911994055 0.013727148964676625
1.1807441587575407 0.5755322110070411 4625.365432273645 -0.0002938584277950475 0.022677535112901444
1.1807441587575407 0.5755322110070411 4625.365432273645 -0.0002938584277950475 0.022677535112901444
1.0593156679252236 0.6042512038559169 4855.205582756552 0.0006654341404632765 0.01200118671147459
1.0857813773574083 0.6065037798446665 4153.230201249712 -1.232157245181916e-05 0.01157384328612813
1.092537213244643 0.6096496700308873 4886.743698742126 0.00010368270988240483 0.01416192123010081
0.9670866763517606 0.5538906639560144 4992.898943764532 0.0003051405344530695 0.011852978069667626
0.9670866763517606 0.5538906639560144 4992.898943764532 0.0003051405344530695 0.011852978069667626
1.1983869033424608 0.5743288780774207 4981.408556083183 -0.0005984274024937909 0.02106531209041818
1.1997771396695576 0.5966716427965854 4987.223231821048 0.00013899587651208965 0.01373564560271623
1.1820159833385313 0.5849270998040463 4975.416743319874 0.00018753375838724036 0.012994245046563891
1.1820159833385313 0.5849270998040463 4975.416743319874 0.00018753375838724036 0.012994245046563891
1.1297756122939437 0.5781340775805293 4847.489224877815 0.00024282532287862662 0.014911560888576588
1.1297756122939437 0.5781340775805293 4847.489224877815 0.00024282532287862662 0.014911560888576588
1.3686391710526211 0.5614740876912647 4503.272879723884 4.4635838032166585e-05 0.030936898478898238
1.3686391710526211 0.5614740876912647 4503.272879723884 4.4635838032166585e-05 0.030936898478898238
1.2674716851042764 0.5968323338226904 4546.200184745656 -0.00011442153395425228 0.022707540711125004
1.0417821914082392 0.6113237453614813 4427.749098263265 -0.0004487160985526764 0.01181742584302626
1.0417821914082392 0.6113237453614813 4427.749098263265 -0.0004487160985526764 0.01181742584302626
1.332524291637898 0.5890229795515591 4087.5606091700015 0.00039582637644568967 0.02838611811473922
1.1383849501844017 0.5833378058063882 4643.453829278223 0.0007628032791413227 0.013020061197230544
1.1383849501844017 0.5833378058063882 4643.453829278223 0.0007628032791413227 0.013020061197230544
1.3150033991261272 0.6352789829789145 4557.780114285889 -0.0007615950047820717 0.02164116612725398
1.295120269960176 0.578288510777022 4914.885149016508 0.000629322823207956 0.02831646023367485
1.3374796198440517 0.6083858606749504 4747.444920170281 2.409470758603802e-05 0.021568831561577413
1.335581547587895 0.544639021237391 4737.874441442174 0.0005846073996645762 0.030143249971291718
1.4758437719668838 0.6283833106058856 4850.969789103459 -0.0006439834004525155 0.0346229626850869
1.3022785908378927 0.558352625097033 4731.134029316774 -0.0001564899734316936 0.027543211217868548
1.0228952774052502 0.6061399804982015 4741.054870241947 -1.3038854772747333e-05 0.012018184775806223
1.0228952774052502 0.6061399804982015 4741.054870241947 -1.3038854772747333e-05 0.012018184775806223
1.183572595636378 0.642264798747604 4597.172942575564 0.0003158664049579989 0.013481736007153914
1.3602195991212427 0.599181020423889 4691.5809738426315 0.0005255848272852568 0.03489592777945676
1.051393216078749 0.5942904864851047 4348.733216113118 3.6923623018437693e-06 0.012015401870590038
1.2854505486600187 0.6266788609124894 4843.363515129553 0.0002705639320866095 0.02544576708723141
1.4298484170601347 0.6058618997539714 4199.114074809136 -0.0006313434611914866 0.029982202112632028
1.1214689833350073 0.6231433375858795 4703.53999721162 0.00011679397961188032 0.013156030580178522
1.2198019222147782 0.6340887513569149 4730.4961785635005 -4.6478419734209e-05 0.020909978199665277
1.2198019222147782 0.6340887513569149 4730.4961785635005 -4.6478419734209e-05 0.020909978199665277
1.3242065622676455 0.5912218428711922 4533.311021307422 -7.03523739694903e-05 0.03261152035922316
1.1915218652424264 0.6097175354057814 4176.124565463022 -0.0007094940779523396 0.019790130294245298
1.1915218652424264 0.6097175354057814 4176.124565463022 -0.0007094940779523396 0.019790130294245298
1.3922653179279911 0.5294550615053618 4882.071217783235 -0.0004384392275932183 0.028151752951455628
1.3922653179279911 0.5294550615053618 4882.071217783235 -0.0004384392275932183 0.028151752951455628
1.196409630151529 0.5702405161330928 4968.971324546307 6.2184239023423e-05 0.0205663028294011
1.0940363585412334 0.6275686525486347 4683.744190417825 -0.00025063773880920815 0.012416753119293366
1.3139635973867714 0.6296314879076661 4527.574000771185 -0.00022410912118647164 0.022534356043774843
1.3139635973867714 0.6296314879076661 4527.574000771185 -0.00022410912118647164 0.022534356043774843
1.3110646390594067 0.5524213012419275 4949.8802394716595 -0.00042513693426896515 0.030199038956963593
1.1594571182176396 0.598631731043692 4810.427694484011 -3.390237233299681e-05 0.012558227328014218
1.1594571182176396 0.598631731043692 4810.427694484011 -3.390237233299681e-05 0.012558227328014218
1.3386463469433942 0.5632512095779669 4977.447098100121 0.00042852585693049853 0.03233927115550724
1.3953301948684529 0.6019519305880083 4933.053677864037 0.00010892377939274183 0.03008771932991311
1.3751856794676742 0.623542460895905 4126.277406090286 -0.0002352489955369061 0.03202893590127978
1.3751856794676742 0.623542460895905 4126.277406090286 -0.0002352489955369061 0.03202893590127978
1.374274608314935 0.5971265264343866 4269.5833179552765 0.00035085133111864537 0.0317693738881975
1.2202026766411977 0.5884389816788744 4787.091857032072 0.00042633830556847727 0.026140052216995547
1.254533691842854 0.6256087116557751 4743.9377661105955 -0.0007699875663387485 0.023604937007906744
1.254533691842854 0.6256087116557751 4743.9377661105955 -0.0007699875663387485 0.023604937007906744
1.2566658545119231 0.6071280738780446 4348.053656985224 -0.0003675613964303962 0.01986726938795004
1.2497915499660834 0.5766643608257906 4952.908878399353 4.9101241365139846e-05 0.027331163027367135
1.2180855985480834 0.5814163593125404 4862.166178090552 -0.0004499676844107538 0.01674360178479334
1.3304006700528985 0.6395611976587946 4755.191446504796 -0.0006740913099821807 0.033058466252783386
1.194305451292283 0.5837086085498667 4771.715093105022 -0.00014366259532628888 0.01762919532745684
1.2054832478829567 0.5803208434430412 4918.862650995096 0.000321980094311824 0.023925853586535685
1.2225518604454164 0.5726166121202672 4942.666340732949 7.585768386056327e-05 0.02277950373699907
1.2663325470691749 0.6069867668844191 4248.756765023597 -0.00035128921190284067 0.02298803777292783
1.4424387946328594 0.6349450699503584 4321.044088634198 0.0005160730384487302 0.03611091951786881
1.4443358965728303 0.5801550509465603 4804.96700943878 -0.00014446224400558764 0.033226213371317426
1.1850516376064943 0.5847275592285031 4963.0152948537625 -0.000858132461395032 0.016347229351537828
1.3193764510642179 0.614418865759851 4704.910369341226 0.00029596673814627185 0.033341252222951555
1.0345273883995727 0.613331533934048 4790.376134025631 -8.912823510517814e-05 0.012070468054008372
1.1199960409284637 0.5828040450750465 4883.371113068734 0.0007202618838254411 0.013975117591442964
1.0309046313930734 0.610432640595357 4974.657686209806 -2.8970650274644633e-05 0.01195092668062496
1.201662678430222 0.5737414059174832 4847.53535937289 -0.0001192980061005861 0.02430810243966728
1.3942310754668144 0.6069675547331765 4269.196807976284 0.000491673981496437 0.03625170319043046
1.0933553630665438 0.618257858258387 4960.498728106114 -0.0006099987718958687 0.011795137109489227
1.4732931064354868 0.5755494479867986 4524.186339079925 -0.00015371678863953045 0.031998229617041685
1.1606798616202851 0.6360119828080467 4743.848298602015 7.705573884472043e-05 0.014141587404846978
1.1933032476509484 0.5818409975858853 4828.769688744141 0.00023466288023105957 0.01969090852055718
1.2840922142185751 0.6075421199193585 4923.396914710623 -0.0004372548839817645 0.03251686358982782
1.099658962421168 0.5906949954232978 4882.984530987879 -0.000437434502919929 0.011553824446662012
1.3720159650399235 0.6020523696639922 4490.555011167946 -0.00021028408152722782 0.03063115298987802
1.2753677236926095 0.6155577845219757 4828.438515231635 -0.0004963654105466487 0.03148246064612501
1.1596334603695864 0.6092705353132359 4645.539330214215 0.0005440213917866629 0.015879859712014097
1.2935169766816057 0.5886181342187491 4921.036285553237 -0.0003131788300252078 0.022800481069187417
1.3641816129288191 0.5895459405110008 4843.121564093142 -7.642174277465895e-05 0.030956644531662785
1.5201481745822782 0.60136168875011 4580.188873896663 6.356133660480094e-05 0.03364033121564145
1.386257361569785 0.6303149507841039 4635.462988936349 0.0003807391870846559 0.02818089496230726
1.3498793768239399 0.6396121537249745 4978.094996870571 0.000945747583106815 0.0316168690825368
1.2835983538591496 0.5607828579289333 4886.859211496708 0.00039360767155099957 0.029250558661643323
1.2843241604765612 0.6019835470545182 4818.148006297454 0.00018413840482610117 0.024419716183238988
1.3346495334842765 0.602757728838363 4858.731320810419 0.0001898329338613484 0.03424357696720034
1.3242590958202218 0.563881845692868 4479.781525638201 0.00027663346561050944 0.029200447802235227
1.1702832158852365 0.6263283515875472 4453.028704136896 1.3342679877090692e-05 0.01606007638132759
1.1155564902096438 0.5776900288298576 4519.832277607609 0.00010418064433300563 0.014357008903348144
1.1874589871233185 0.6005447436523015 4456.702606553592 0.0002064380823609919 0.025067822577336977
1.2209033532100422 0.6052510456513577 4980.440855824996 -0.0009822770132954317 0.01904581561540911
1.2699087899212154 0.615750340663468 4962.337431080907 0.00041916955827038874 0.029190093689068695
1.2459117083568811 0.5660761758709058 4757.357672004663 -0.00021187891264723142 0.02844639475314604
1.4319263801874142 0.5773585257442194 4865.632815848927 -6.36524732911002e-05 0.03325993703052444
1.4134889919221774 0.632397559520388 4199.206288221399 -0.0003243737652837918 0.029462549543416604
1.1922663365440413 0.5858134513728028 4994.304609432894 0.00025595095121394394 0.018049909114245602
1.3464486025764941 0.537341757195464 4837.191712987156 -0.0006182044120249514 0.029158813191037556
1.3881045091136246 0.5277093961592654 4915.062526654764 -8.136734697303531e-05 0.030670266487673917
1.1901224135931938 0.6069302286948848 4406.62435451437 -4.0278858239960595e-05 0.025859016139636225
1.0798448349739238 0.6104669360413915 4590.028205912422 -0.00022215666761510265 0.011677037490003499
1.2499523435487745 0.6122062751317148 4821.169593986946 -0.00024888050210753615 0.015315790693383052
1.1588044287836052 0.6127204641167654 4656.613507230997 0.00011162020871826604 0.01441256725121746
1.3803927248502204 0.5758740034535079 4922.0854238112515 0.000592652963989476 0.03335713741274675
1.0702214304001958 0.5891162652074063 4709.690336697991 -0.00017081572017089704 0.011293805627685512
1.4829752476974651 0.543222657658341 4804.75129491242 -2.5153022683783394e-05 0.030489864348639765
1.3532821529515155 0.5927578851475412 4202.781416229987 -9.527144883336176e-05 0.030930513349000446
1.1500734874909213 0.6251240191942536 4962.61091645084 -0.0004092529246041549 0.01382456422762156
1.1491927196659946 0.5977274714005256 4760.478337136875 0.00021271658434068286 0.01578183795348365
1.4509435527158474 0.5948968497767837 4871.981734286139 0.0002063741892481403 0.03450743426178435
1.3448749409455125 0.5369827121129898 4740.032851074207 0.0005927002744349631 0.02953288139786015
1.3251780186115856 0.5837164062891982 4819.413733383231 0.0002767385516327331 0.03239675465535656
1.3159365075054152 0.5839735647010994 4924.621685553276 0.0004176088673967265 0.033183553845456765
1.1662789896302201 0.6157531034908139 4914.956010073318 7.357165161045745e-05 0.014096575638247425
1.167511217913622 0.6034371309449349 4366.909228048428 0.00013372574357782503 0.012559050911804242
1.2350159632758397 0.6069498676275206 4761.759625280329 -8.760501813833012e-05 0.02956125930887596
1.1037344453722118 0.5928358190922519 4869.981929923169 0.00012960019945014456 0.011401012704564284
1.3131392908369441 0.5589647030160962 4771.5065656436 -0.0003906522537080645 0.02937755095856008
1.4077456065006873 0.6023369703057542 4269.606327953677 -0.00014556599530031212 0.03496560622612081
1.3341961529739392 0.6355759534827375 4365.093355212363 -0.0003867679447021685 0.03000600966250609
1.343709830973 0.5792435444584776 4403.787007566197 0.00063148287062534 0.03203508547016682
1.4653587517923516 0.6185460035186785 4442.045686812716 -0.00034906183560483685 0.03585440335191687
1.3907816497642094 0.6248514903818168 4747.115136431013 0.00015980218985029362 0.026684518428135594
1.2324956390064288 0.5868453428206332 4922.599564981205 -0.0002043199050572334 0.019184375617093373
1.4239659886850982 0.6134520554624758 4199.02062246956 2.2778000162258036e-05 0.031107666971151957
1.3502221900802913 0.5631748766326576 4453.66783270197 0.00025674274770351343 0.030947636878563695
1.2345915874043962 0.6170259192463827 4790.208855509323 -0.0006201720142499485 0.021101290612098873
1.307772591123291 0.5640220859831737 4918.93166403102 -0.00019343591754740448 0.028791364605905402
1.2477953656224092 0.575171957324863 4577.907229373394 0.0012359502195895661 0.031136220676808345
1.2501038559693507 0.5817403804743332 4925.208837994764 -0.0008332407131061944 0.026036629605390077
1.135532718391074 0.6231563526201692 4527.065754616241 0.00014939635911762435 0.01219811117677638
1.3093140481038437 0.601161879642487 4817.107522429916 0.0004779257768346654 0.03017396688346909
1.2499300077148128 0.5890726411576291 4608.0860659805485 0.0003011366969384523 0.032616643259484726
1.1208535653104843 0.5983289224500682 4910.4491759404755 0.00030071915951338467 0.013311272878642148
1.1187200339740273 0.5821408909000332 4758.367862398025 -0.00033301404379742057 0.016235091795108555
1.4170726761506502 0.5537414314207922 4760.339971229349 0.00011900791385023016 0.03202773331850042
1.0341674494321031 0.6034033524631478 4954.007784012599 -0.0005660532785767356 0.012519165200142478
1.2662793787816193 0.6242209707624228 4509.584338831364 0.00033672879829531815 0.02025652171202904
1.2546856390425543 0.6002410042836939 4809.854497192954 -4.106645213065049e-05 0.03266903842368044
1.154838809004784 0.5847923285488388 4968.626326501519 2.2157495387936938e-05 0.014496480541420454
1.201913870767839 0.5846108222220583 4991.912206614514 6.937103396945577e-06 0.016377442013509443
1.3836925329236327 0.6179407765970795 4592.304278418589 0.000542923566321251 0.034939832835368556
1.0243891795364795 0.5929979176087223 4902.184053083983 8.86882754717861e-05 0.01281505776882555
1.3292012000140416 0.6091669895518641 4826.943689193227 -9.566443461237426e-05 0.027236000784432363
1.346086995950626 0.6154039551959898 4385.575218001053 -0.00027651543205143176 0.027018779485867346
1.0967595238719139 0.5911726931675991 4923.341677375807 -0.0003035651361653064 0.012414472874890064
1.287358910373476 0.5710916949185565 4730.181351748651 8.052097413596458e-05 0.02818609910150392
1.0986894026537999 0.6235533956322238 4901.055700633585 0.00010485253693580188 0.01257713464121682
1.1678988832523678 0.6026700547625184 4428.968715502413 -0.0002061161777335925 0.01226274757472297
1.405127186624707 0.623777837026809 4597.036130868783 0.0007150593597912472 0.03103326278571566
1.2806978408586387 0.5955889603536737 4805.900001416116 8.425808789997459e-05 0.02592145878131274
1.2900471998247416 0.5908672482399877 4858.986749801566 -0.0002021408361618657 0.028388429721602246
1.033654346400181 0.5839503375929342 4737.758176911035 0.0004395091594506048 0.011970629727060892
1.0439830509004169 0.601927638709898 4994.5735631408525 -0.0005778395564036368 0.012054547245425701
1.13170878889736 0.5929174477628316 4881.074863950887 -0.00022013776848032457 0.013427074746248501
1.1887330079886733 0.5946054396527546 4484.887048738621 -0.00014738870575431798 0.02133766305554438
1.2508285538029071 0.610543997733255 4909.787732696189 -0.00014050016312788915 0.022813145577007286
1.3389896080016968 0.5713394093280737 4310.481155115034 9.004689326741246e-05 0.032248382734279234
1.1694256463866286 0.5801433123911425 4663.313263424014 -0.00044310153388481624 0.01619230554914119
1.1699173437778643 0.6246443375011133 4951.217922094131 -0.0005864402311872314 0.013537347720709324
1.2365586968598816 0.5890812740956195 4652.0862722070115 -0.00035070849684963286 0.028130250663017893
1.283859820956468 0.631346010190273 4796.161014770353 0.0001708893367462673 0.02798431904203489
1.2464839578760847 0.6351541498565657 4849.600742983052 -0.00022399553242465853 0.016095594803812285
1.3290431438750265 0.5891315389441774 4970.07414963907 -1.575678812390294e-05 0.030375780399240142
1.2020945570682111 0.6163688283148706 4490.941072909535 6.766022335566309e-05 0.013729130228290524
1.2814519828698014 0.5904251105054348 4947.103987492094 -0.00030352636567459714 0.026457650508141063
1.1982814148114638 0.6138112325652193 4615.999092745031 -0.0001870349022294931 0.01331083572852878
1.3089942344284402 0.6365187634068381 4511.651857613309 0.00027103735047202603 0.024308888689052316
1.211778595802338 0.5665465547841435 4752.570743149365 -4.153681277497254e-05 0.02755833116098754
1.5062755705646773 0.6160050817760749 4352.895304722423 -0.00011236286791277242 0.036576069699915253
1.2917757232567808 0.5848999708168174 4903.576366462181 -1.255551565353591e-05 0.02828863561427126
1.1469038467635695 0.6199956722474697 4817.901963165996 0.000161010350976999 0.015423998161534364
1.116833840308571 0.6291393430412274 4968.6763472542625 0.000555352438214493 0.014124731604533373
1.2922203276652988 0.5754911375333354 4923.496772421035 -0.0003020279400063912 0.02956298392178494
1.2294318267716249 0.5523314967289975 4764.299073751863 -0.0008482169174757482 0.028816899256568926
1.195666355518637 0.6402902349397877 4836.467997527972 -0.00010452341056100285 0.014199525417682523
1.3131232270823396 0.5907099438023374 4368.358497553852 4.1400709470376026e-05 0.02853009317065245
1.2741366133796574 0.622589685855401 4966.489794916418 0.00039131034837996774 0.029118299392777155
1.3538324120972232 0.5909443416069475 4914.405435868088 -5.987621257964714e-05 0.03208863657560891
1.2294578299016032 0.61416287383203 4490.036611856737 -0.0003001283388802319 0.016386169454129875
1.2086344491299108 0.6215626937916011 4737.9100932040765 -0.00016691222364050828 0.017636799033465777
1.1209658382977437 0.6321316056442944 4784.38360703974 3.520059020658152e-05 0.012437662059864359
1.398888959344338 0.5917441349253004 4841.003669031808 0.0004246711511487701 0.03348940245215654
1.2158030150212908 0.6044402615479325 4978.416875623091 0.0005933732228790403 0.015587470855963383
1.3611872360695974 0.5778588169230104 4980.387562912439 0.0004807466333427277 0.03346474270302886
1.1925536612793777 0.6135106095623346 4932.455073625632 3.56885782104854e-05 0.020102290646998734
1.2844821442277532 0.5663138156065806 4438.327925119762 0.000367967069123252 0.030633140593733076
1.1949124776449631 0.6035673017355407 4926.24350252161 -0.0003292598850992076 0.012384763656396139
1.3455127823727953 0.5657677835578327 4974.538070343263 0.00039579867247328804 0.03056278249121398
1.4650129688808522 0.6277436594243071 4709.013730374063 3.633588443172356e-05 0.03857656768059653
1.4211048771232837 0.6085204852289547 4831.14539812783 0.0007050900930807788 0.03498475658666969
1.215793574010405 0.603118410856893 4778.994130775555 -0.00022512770594361237 0.02442805858433455
1.2045901559219214 0.600927060404801 4829.653211390236 0.0003217806541330116 0.021365291413553887
1.2345995122598863 0.6165901649380987 4984.924700827724 -0.0007297597314151152 0.019037690380599215
1.2345995122598863 0.6165901649380987 4984.924700827724 -0.0007297597314151152 0.019037690380599215
1.3058163597373458 0.6340558522306426 4831.931535983744 -0.0007080996342626614 0.02139247772000127
1.159606106837175 0.6120203087230613 4605.3319756284445 -0.00013975124236142503 0.012731632863052015
1.1293016324141216 0.6126613726298245 4802.501614234363 -0.0001715186383395997 0.012215546049011847
1.2021769376307851 0.6373009257434938 4526.713745315913 -0.0001801378127104548 0.012527720999916827
1.2380433936186683 0.628529419574966 4987.11286196972 -0.0004282455682303778 0.012706041142143819
1.2380433936186683 0.628529419574966 4987.11286196972 -0.0004282455682303778 0.012706041142143819
1.2676087757571595 0.6212170000004896 4985.880363141963 -0.00013614993193124185 0.019769860004892018
1.2925193952485978 0.6223282436493046 4581.451527059354 -0.0002526654881523258 0.018773424399773565
1.1955857184391863 0.6187411337982383 4739.853674698286 0.00023377831119542156 0.014607211128827291
1.1992520720774955 0.6122661952209729 4937.529763945469 0.0004674792685447928 0.020393167238572707
1.1992520720774955 0.6122661952209729 4937.529763945469 0.0004674792685447928 0.020393167238572707
1.2249929273862619 0.6293499764730076 4814.8166480202735 0.0001949865646504298 0.013660217619426901
1.1751943366508748 0.5941758524282845 4918.075046945093 5.777838968421868e-05 0.023254060224706115
1.13685410844719 0.5995471992237305 4764.784192410627 6.609784065384078e-05 0.016642643867109952
1.2301771952447147 0.5946330830652429 4663.874562501462 0.0002596518466726648 0.0212591247812844
1.2301771952447147 0.5946330830652429 4663.874562501462 0.0002596518466726648 0.0212591247812844
1.155072430774485 0.582191551880606 4758.731257246466 0.0005868325306296493 0.019532055492005256
1.1804430422922638 0.6049300353191454 4760.306058372013 0.00034780505910524936 0.01641241842890951
1.2518819564791355 0.6049978259883249 4832.269520728343 0.0005666417740574867 0.021723392662599664
1.2308304220392239 0.6187639057076946 4736.6880994496405 -0.00011382085338918158 0.024487364166289362
1.2622479377263112 0.6498847230246217 4636.968964551313 -0.00048579622262668237 0.014846901734396106
1.126063319531788 0.6085260853168808 4882.459550107202 -3.90488449679808e-05 0.012822727752093104
1.2030218347459463 0.6489804108708094 4895.805970248578 9.398984695932911e-05 0.013978215540543976
1.118997715343917 0.6044788410651083 4803.8911974464645 0.00019394409225464355 0.012249567757030453
1.1813950611503083 0.6083250424410003 4663.583992042063 0.0005311019578295758 0.014498192267888135
1.1617453788471637 0.6252122565343373 4911.878298980832 0.0003203787623753955 0.013524966096940483
1.1804894649610778 0.60252569866845 4792.45898975867 -0.0007216444189614841 0.01732726172256438
1.1937406031407956 0.5958190128422983 4898.100223398831 -0.0007873952125537107 0.019706027538932868
1.3195397123211305 0.6379393754209268 4709.196723169533 5.851436508160428e-05 0.02105462743012102
1.3195397123211305 0.6379393754209268 4709.196723169533 5.851436508160428e-05 0.02105462743012102
1.3250523655924076 0.6354378412536626 4526.686246626281 -0.0009910361264254223 0.020302193581295817
1.2390117704951777 0.6120060637976531 4832.118528245071 0.0003684526710624451 0.01963882331283024
1.1158429355582218 0.5967910303224282 4918.084978788165 9.407237508789646e-05 0.014095121581995574
1.1545787954699513 0.6084249104018804 4898.086392552153 5.384303285023392e-05 0.014226613652490795
1.3248698332394406 0.6417507453359598 4643.48849653613 -0.00036709740791613537 0.015355763383455024
1.1695484208083937 0.6089801885672117 4997.129168441156 0.0006248960263166383 0.014153483915945694
1.160679568124002 0.6111347536971705 4920.617576378294 0.00017854484547975597 0.015243638679500106
1.1429688316961877 0.6275829278271954 4669.544751261859 0.0005141922549451362 0.013319846498243682
1.2855211801223492 0.6452101792581986 4969.471253464358 0.00017352958784674853 0.01600303465492913
1.1620083902300806 0.6058532299672873 4802.185035769573 1.2119460069253668e-05 0.012486229926155251
1.1896498772268798 0.60872627365259 4539.218305061174 0.0006575606345311321 0.01781291852857079
1.2441880227549817 0.6162650785325001 4992.232033099995 -0.00020053606721584904 0.022267522565460617
1.2048257562184772 0.6039120736641318 4676.393453750232 -0.0002573227326310375 0.017458292711812182
1.2731435396406212 0.6113623112685326 4815.988411825604 0.00037476205179850684 0.021188294993258267
1.2711620777071115 0.6332890968935777 4822.802179659398 -0.0004639097168691371 0.021341280612269434
1.21168406226283 0.6291507529833038 4590.895700096227 -0.0001544577731866087 0.01336491001079946
1.1228903704152218 0.6138575681976445 4831.673569466059 -2.736910228483801e-05 0.012007370842256317
1.2081580930272513 0.5923669387536502 4792.409679519625 -5.290554291799137e-05 0.02235079340518227
1.2759861639689003 0.5916274973066321 4911.612708538777 -0.00034612608849369527 0.024889830942914484
1.229829413202707 0.5988917158535814 4887.2511365606315 -0.0006945643618578082 0.018830945285650262
1.2107506240492385 0.6437350355291078 4709.753473889901 0.0006824347505621793 0.012779413237980989
1.3006205702494533 0.6301335380375642 4527.059295291203 -5.395050631818723e-05 0.019212993382159746
1.2953901826057388 0.6193201012730024 4849.630114473351 7.28944500661107e-06 0.019604865684965955
1.2953901826057388 0.6193201012730024 4849.630114473351 7.28944500661107e-06 0.019604865684965955
1.2689946060214905 0.6101477841195582 4927.2103842988745 -6.960314642385437e-05 0.03050268804211724
1.2689946060214905 0.6101477841195582 4927.2103842988745 -6.960314642385437e-05 0.03050268804211724
1.255521191660995 0.5920136407932963 4886.055536959634 -0.00034479503737885246 0.03127891905227019
1.248822424599791 0.6081591231477963 4968.373872178349 -0.000539232212937021 0.028715293368172187
1.320829144846535 0.5895170318396814 4958.725260955416 -8.878072400901738e-06 0.023635882516294622
1.266797009973875 0.5916827339272512 4784.234982796764 -0.0005477802060424451 0.02322616225319831
1.2787275243962621 0.619962839615519 4941.587844628846 -4.068663307635843e-05 0.0283977563264605
1.2627064195685214 0.6063848860327918 4968.395549881513 -3.5798307177004656e-05 0.0291607880120422
1.2627064195685214 0.6063848860327918 4968.395549881513 -3.5798307177004656e-05 0.0291607880120422
1.3314544667271548 0.5934146910125808 4832.153986482656 -0.0001897732154554842 0.029705540244450893
1.2973496918002998 0.6075523899264926 4872.630753008837 -0.00019985071692964445 0.02679009726264809
1.2973496918002998 0.6075523899264926 4872.630753008837 -0.00019985071692964445 0.02679009726264809
1.2481705742549156 0.625473424980302 4954.7171005672135 -0.0003609226684173604 0.02811552051481154
1.2868177698211838 0.5965161905046703 4629.820352658846 -0.0003341881653204923 0.029992865091021823
1.290898012491397 0.6066923146067749 4899.672742929807 -0.00030956131074676374 0.0226404427614288
1.2892047468038426 0.5910504119116391 4731.857484131943 -0.0005075950221426301 0.029261714097409477
1.3671768742577304 0.6309756058629205 4806.887712745281 -0.00011519896159534544 0.02725488104620102
1.35957812466977 0.6049870178035549 4832.912343457759 -0.00087992494401056 0.03310849752071051
1.470978745711509 0.5989422059744691 4987.691206123832 -0.000722548880674467 0.03458816720198263
1.350185450564349 0.6393549661144035 4822.465330030051 -0.0001400233826562479 0.035802840948174944
1.2699195441813043 0.6089146700698806 4927.66453917519 -0.0009039551503711521 0.029872942759254638
1.3203785946490831 0.6052230183520514 4794.7844300109 -0.0004683971350867416 0.02990449477730933
1.3654277065644476 0.6029364296036648 4832.7936304389705 -0.0004007441534239997 0.033866933396476145
1.3913566292639106 0.6317891852760102 4636.557893727982 -0.00037502912629621207 0.030823067686147784
1.3988594334577402 0.6058802866092867 4636.809023095483 -0.0004158510949961697 0.030095330731270305
1.319653966493591 0.6236335010830405 4811.707349736691 -0.0003364485202950671 0.03419004336713092
1.307939577607542 0.6390891877416037 4805.203041914014 -0.0004000051409760757 0.0313990108270107
1.287007488561928 0.5752532274065718 4519.677367770231 -0.00010296244892504081 0.02960168265024261
1.3154944810954907 0.616672698731962 4509.423858108144 0.0007184394685872011 0.02856707202066061
1.2795663876115406 0.6058824505531861 4362.768371070305 0.0002865563145407483 0.02799770709414088
1.3233398408499135 0.6172188118592246 4668.6634794732045 0.0007063263854459242 0.03178586159025294
1.3753211095793925 0.5970342821911363 4270.274731073833 2.2273933661400233e-05 0.03168930773627868
1.230982137490161 0.5855221965207895 4886.47029079526 0.0006016118118037994 0.02668877120844368
1.2370116725641858 0.608072950433727 4915.990563501056 0.0007142124350434634 0.026387524252151743
1.3739518336508274 0.566569051830416 4882.403059348075 -6.84877366354394e-05 0.031500760679210316
1.2393009264791515 0.5870898595164455 4790.20134599429 0.000979794249563647 0.023442063011024417
1.3877535934059564 0.5493970883837959 4941.297255879811 8.115689818127204e-05 0.031456793171549716
1.2594751441126204 0.5681112118279188 4817.194425346084 0.00011983767355253848 0.0299587393130874
1.2948537210723905 0.6012941530190505 4915.753504344171 0.0001660335201571064 0.0326503506064432
1.276842322029558 0.6161051879687272 4910.7160511797 0.0005568543816116318 0.027112752402196287
1.4437573818953173 0.6270520756346503 4987.784771635939 0.0003819402932570062 0.03515577852280186
1.4437573818953173 0.6270520756346503 4987.784771635939 0.0003819402932570062 0.03515577852280186
1.284051548612689 0.5907462846007467 4901.339975145339 0.0004158405483714895 0.022881225946967225
1.3677979252710273 0.6162425807366171 4988.862004720855 0.0002217483019752012 0.0338666346138265
1.2726173898422917 0.581806164668549 4903.868147672439 0.00027977335396765025 0.027432265813483785
1.350488652352249 0.6274815142244723 4794.058520093508 0.0007900892035662997 0.033993909665156044
1.350488652352249 0.6274815142244723 4794.058520093508 0.0007900892035662997 0.033993909665156044
1.2821480204577793 0.5902334251469077 4941.999806085953 2.6311308078632513e-05 0.02901256881091143
1.3299921830771677 0.5711952298446531 4817.179914144948 3.401469551887638e-05 0.03244462319205213
1.3299921830771677 0.5711952298446531 4817.179914144948 3.401469551887638e-05 0.03244462319205213
1.272511929637456 0.5906335242170168 4936.109344141575 8.12552136133279e-05 0.030514592573115895
1.272511929637456 0.5906335242170168 4936.109344141575 8.12552136133279e-05 0.030514592573115895
1.3599070823084851 0.5990316364450319 4997.326168434172 0.00021934016245981383 0.03455033000950563
1.310189535009946 0.5956327678921701 4797.490707534213 0.0003339562110429468 0.032660906282498584
1.312984305577542 0.6225956897609543 4836.28224543909 0.00024955904182203564 0.030093457080650567
1.312984305577542 0.6225956897609543 4836.28224543909 0.00024955904182203564 0.030093457080650567
1.341202536041247 0.5903668524153374 4803.254885435516 -1.939112190529438e-05 0.02636483636059412
1.263125993296627 0.5814813072442802 4902.527822860901 0.000394362315816283 0.02891511399659465
1.2515678414482894 0.5740453974651797 4927.484622176601 0.00043217915541537944 0.028372710585518043
1.4507047424895863 0.621551117713954 4849.817932453348 0.00011505251577828538 0.03773848006258337
1.362225910886322 0.5692491146871083 4903.892005535449 -4.070270551474105e-05 0.030097466830679556
1.340131527375621 0.5881186898073293 4954.280961968589 0.00019867197462306615 0.03255716235626315
