 F
        3759       19985           3         512
    0.796554391918568072E+01    0.103187280607448368E+02
 T
   2
    0.200000000000000000E+01    0.300000000000000000E+01    0.996093750000000000E-01    0.900390625000000000E+00
   0
   0
 T T     0           0
    0.000000000000000000E+00   -0.100000000000000002+101    0.000000000000000000E+00
 T F     1          51
    0.278126375217899462E-03    0.557670079013432840E+01    0.101541514377128301E+02
 T F     1         461
    0.151344060385452651E-02    0.786932400186519132E+01    0.103353504916657730E+02
