 F
       17489      156761           3        2048
    0.258944003151607083E+01    0.663912393186361793E+01
 T
   2
    0.200000000000000000E+01    0.300000000000000000E+01    0.976074218750000000E+00    0.239257812500000000E-01
   0
   0
 T T     0           0
    0.000000000000000000E+00   -0.100000000000000002+101    0.000000000000000000E+00
 T F     1        1999
    0.508206307565758865E-03    0.256936371446786271E+01    0.664489737408501835E+01
 T F     1          49
    0.310252848036461905E-04   -0.132879574787475918E+01    0.635442622571888105E+01
