chirp_mass mass_ratio EOS alpha zeta
0.901718585161709 0.7475519109497465 4873.002876164538 -0.0005960868112332698 0.68116566169771
0.9669341832920235 0.7815630645769788 4490.174804168308 0.0001683896651843697 0.8069073621300931
0.8750599348403001 0.7601254567300155 4077.0393280277403 -0.000172648656629088 0.7208269141289937
0.819229489525609 0.7033624814609617 4046.1903505000478 0.000136051182295064 0.6498751311480755
0.9472954100997133 0.7269619568772494 4105.5085156215455 -0.0005719892394598122 0.7552913965541811
0.9773279146157141 0.8707080565412444 4669.421675700813 0.0006990175629492109 0.9386521216051111
0.909795256515337 0.8505226594925203 4535.762501649275 0.00010200701484302456 0.9805265547961739
0.9982918761961643 0.8235231287185605 4144.22220137672 -8.000125515995718e-05 0.9482736189932652
0.8747390038497894 0.7012147036814975 4093.879948272849 -1.1477296234181738e-05 0.5800918795207534
0.9958126979394659 0.8399875304849773 4510.727943908868 6.295461132253683e-05 0.8804807175551821
0.9108981212517527 0.7876151950367134 4893.4022326451 -0.00035589580029080266 0.8827638775124075
0.9005589525926183 0.7998177671842268 4288.411690542623 -0.0006915610558562118 0.9180335151906994
0.9858162074696762 0.8183829746781754 3936.8743100689035 -0.00019825450901489827 0.8906239894257215
0.8960089408351756 0.8129839045643681 4513.4932912567 -0.00036432407141207186 0.9364191624594094
1.0407167878448156 0.8750946809278546 4201.134574829295 -1.2257891959349825e-05 0.953885123862554
0.8339177897958794 0.7342974612690538 4917.643679944713 0.0007114798894429122 0.6564339532246958
0.8500148863863163 0.7033440282420562 4192.375800363395 -0.00033039613207095064 0.6201473112968178
0.8402085521964701 0.7428905169685447 4754.873022992006 -0.0003104093910734533 0.7006725077662078
0.9607127155623687 0.797537725419939 4311.506951652235 -0.0006471491559816494 0.8854959179017835
0.8518190740437778 0.7351604262195484 4308.6510936099685 -0.0005090721705794694 0.6875143578860757
0.9479099678496896 0.8737311083381764 4102.349825109913 0.0005665260622490232 0.9869081266324865
0.895099085290955 0.7326122969482494 4564.361313550655 -0.00016831149516699124 0.6851000258469889
0.961812396994329 0.8162075857235463 4395.419715380541 -0.00033023873500568826 0.8790391463753822
0.9909363136766384 0.8764604729693433 4743.270721454953 0.00032853807086851593 0.956810712460972
0.8866748115925711 0.7278136370006821 4553.987645570737 -0.00011753269121996256 0.602543101742692
0.9237218223681296 0.775064279024317 4502.525439966075 -0.000186317546641843 0.7509510360102182
0.9105484095591807 0.7851538133014387 4619.910062416651 0.0003005268954298976 0.7873749066164265
0.9009206113549524 0.7625668427618092 4182.294976798836 0.0007637975759434828 0.7791203598185777
0.9768087097732242 0.838254798680882 4191.038280895626 0.00018494156701478372 0.8904619254994385
0.8929608235112829 0.7813778857502344 4032.435241433431 1.826173670513021e-05 0.764344322675543
0.8823246682406128 0.7100445391174123 4997.444661330087 -0.0006840197943045928 0.6767933367795518
0.9979024003311483 0.8273709686114291 4096.790163757415 -0.00015233590090133704 0.9845076055992469
0.8897444521673731 0.7894545803144218 3994.478258387957 0.00018159147046165012 0.7616399160509602
0.9177966521611444 0.8262176094065282 4420.981079419154 -8.791177613004109e-05 0.8468834490891514
0.8771098499830852 0.7575871435216824 4852.30388252801 -0.00013673977915021918 0.771219083447213
0.9636106218432398 0.8366873118556601 4157.920657408769 -0.00030301450949616097 0.8907207262882558
0.8167956167574025 0.69427411408338 4827.47198310258 -2.8409732915427328e-05 0.5735455078316588
0.9587228281665079 0.8404134175062792 4660.204112541014 -0.0005209846227810541 0.9098744402179326
0.8925813007401832 0.7097057137369543 4153.0388988525865 0.0009067719668639689 0.6670132703504013
1.0416294852052075 0.8720721267299973 4560.379156093317 9.964100897035532e-05 0.9992473435856521
0.9464799062791296 0.8148521795859504 4757.2843443411775 -0.0003165652057260536 0.9049365050218579
1.0227306862156889 0.7950752491326797 4632.2052733322325 -1.8226776946798593e-06 0.8013636822619057
0.9565281243242028 0.8196859362827857 4373.658758745454 9.048305962025751e-05 0.8593774973848041
0.9958923097188037 0.8453990746385911 4603.373182619684 0.00011228615544932457 0.9161417313086216
0.8538135157062625 0.7657100532768992 4262.901071119559 -0.00010701884827237834 0.6905616907295367
0.9048357042971167 0.8025024838353765 4786.087342777611 0.00047096009939111933 0.7981658815672086
0.9313447303635256 0.8482684684784243 4500.156062072323 0.0002982020451002061 0.932986159267789
1.0073134841626097 0.8051567403222888 4551.92195258807 3.9124434281571554e-05 0.8577789325571694
0.8707527070007983 0.7583681147044227 4665.2617647796715 -0.0005111890445093478 0.6852878567076506
0.940076509496935 0.8300249515875694 4035.63562784834 0.0003376272596093548 0.8929642007623366
0.9965427941383201 0.8030035858213387 4130.867136747796 -0.0006066513032921964 0.913137995125524
0.8835510165591293 0.75050082481193 4694.781557716586 -0.00031811709025623584 0.7129873557031082
0.9281119384018233 0.855159888619017 4816.012507599305 0.0005235036206097487 0.9420009982966289
0.9371770489838355 0.7824077667734733 4733.3952889690745 -0.000315068177782946 0.8565699059723857
0.8508424411571643 0.7131040953140686 4802.0257034170445 0.0002387411841702193 0.5723362452114625
0.9866222035699119 0.8582323772738788 4281.681115623776 0.0006344498420611491 0.9418681877628914
0.8132075984958392 0.7152189380572285 4443.329617282115 8.890042742878272e-05 0.6206818029089612
0.9974923186541295 0.8378139635465987 4926.42508871635 0.00015595488956538368 0.8834834689235573
0.9775506884243295 0.8398539675281987 3992.5121369022127 0.0003219172432381157 0.9591363866709561
1.013768701710183 0.8808312172763051 4634.345420616061 0.0003221009164901874 0.9895041659015058
0.8648516250538344 0.7301242960470242 4856.464473400382 -0.00043335288332355885 0.6612737294662315
0.8757775269995975 0.7486387312712833 4782.08590768379 -0.00020390972402927688 0.6407889186859662
0.9093137594543763 0.8170942110839494 4286.774379535945 -0.00045428224484500747 0.8586778100159445
0.9651780296354834 0.8426471593090167 4953.699853686638 -2.513234203589825e-06 0.9387056358804984
0.9650510485939161 0.8590009493751364 4569.574388500623 0.0004195585451371867 0.9322029303313208
0.9623996403333408 0.8036990537806014 4474.167034608663 0.0002912322456416431 0.8897494545820652
0.9354164962220868 0.7740735207264223 4753.5409385983785 -0.0006130808279759611 0.790432612381765
1.0298670231454627 0.8470420009524565 4384.98293080961 0.000267038560762038 0.9937962535969422
0.9367614813446185 0.7654377557411676 4037.1846585025337 0.00034842127035543825 0.7439156208064184
0.9588954113886823 0.8036716517019596 4726.521663738387 0.0005833798439297137 0.9201764764916892
0.9748693505689523 0.8362898348351514 4803.032280823537 -0.00025523126404383413 0.9258878330056062
0.8897598639676376 0.7796237549054326 4506.375702283138 1.0214035680215175e-05 0.8460514862146453
0.9138696562003459 0.7923131068730213 4698.144751657541 0.0008841841314637531 0.7529616410270443
0.8912031985344138 0.7524977713670803 4618.214882507734 -0.0004630785361382697 0.7616222530113714
0.9213073601258635 0.7905770220288426 4777.7586748196945 -0.00031582277714642577 0.7677570777296526
0.9182501933259792 0.837474413565848 4963.898175304815 3.591766762473485e-05 0.9157962111939777
0.9108957176023416 0.8133634493044173 4286.37005703313 -0.00013086203538246959 0.8696338697942537
0.970965939146664 0.836629787912432 4182.308611693261 -0.00034014647676869635 0.900260353808287
0.8620697464873385 0.8047082280684514 4904.78021025186 0.00014056924591106847 0.7872247544641954
1.017843779554925 0.8415280390957405 4112.269419381839 -0.0003955059391345199 0.9006299613116908
0.8484184206226597 0.7317892658701185 4990.851652974967 -0.0004866405914145764 0.6467752925564932
0.9124188180245049 0.7458256785110273 4750.851252900149 -0.00018015607419898512 0.7289419186815999
0.9228478806490178 0.7507901171030046 4884.574438581978 4.383855631261435e-05 0.6668188952768999
0.9920626626474567 0.8002893372899582 4612.011927573464 0.0002475007482588007 0.7867179177451775
0.9633148985701003 0.85290907809284 4103.715239099439 0.00033671593912696263 0.9830290540307054
0.9778848328866488 0.8610992388660528 4712.967330536286 -0.00022805225131405493 0.946649818164947
0.8822482902781982 0.7819295277285668 4200.8227789599805 0.0003283352368770099 0.8096740344556934
0.9927782307240719 0.8066406100086059 4869.873420525972 0.00010650157966497832 0.7801343835720055
0.9296324963163791 0.8212734284528954 4801.162161549763 -0.00029269418404899374 0.8933241646759582
0.8923603310278115 0.7636135983665986 3946.9038088005677 0.00021390304849195984 0.7208216988021908
0.9726797067435717 0.7705317096664601 4472.723842967681 -0.0004515582468071075 0.7707229221321663
0.8947644611670273 0.7873869845402974 4438.734753340763 0.0003000841608510463 0.7418801390180662
0.9935803625086831 0.8241984991000627 4491.518010653746 -0.00034986812264432116 0.869200551731566
0.9472706554438027 0.8128168736182748 4698.214024522496 0.0004621864185728179 0.864936982080773
0.9520477376051926 0.7711072402616551 4130.583252409622 -0.00019456817414024085 0.7818444149506523
1.0242798691493962 0.8029289619560743 4633.6115359061505 0.0002168926774541099 0.8557851950779187
0.8380164965503774 0.732547488658333 4932.159897143847 0.00011844888217406615 0.6748468306516919
0.9541833539002371 0.8375000144855815 4852.8991959124405 -0.0003758967420283725 0.8868145994946433
0.8737301879443866 0.8018574076252102 4563.296503864362 0.0001572935827253482 0.7966011545739494
1.024020075253917 0.8526568734720642 4509.952800966921 -0.0004851392272521369 0.9623245464397105
0.9115499065282444 0.7708067331130765 4642.156477981056 0.0009480307869662178 0.768382263873297
0.8636372372544993 0.7385880622482031 4685.591657933655 9.778553233912012e-05 0.6853078335643868
1.0049775310560327 0.8447926308181087 4938.122584664946 1.2330497371448952e-05 0.9575363000165164
0.8414342123222753 0.696074643205118 4605.224110019984 0.000500512015468267 0.599326005100897
0.9129452312168874 0.7804581323536446 4877.391375130208 0.00038315672864619514 0.7735626134389864
0.9675268679283293 0.8253610797681403 4922.530758504538 -0.0006100372670909386 0.9018183942919387
0.9446199384691285 0.8308692055162726 4942.241232289283 0.0005194187120420378 0.9255278353043503
0.9272086167752274 0.8485569570157648 4601.020188661156 -4.790128171779587e-05 0.9186772547090698
0.9272086167752274 0.8485569570157648 4601.020188661156 -4.790128171779587e-05 0.9186772547090698
0.8980397555763948 0.7411886287396842 4944.538581615394 0.0004221209554066554 0.7165234245741332
0.9051448787595218 0.8161962089078315 4995.471554702475 0.00030643784503526134 0.9762466483687158
0.9864519016494048 0.8500802047076044 4732.0599482882435 -7.36612282931925e-05 0.955457986860657
0.922145475354343 0.8555952425495745 4844.4025532859605 0.000399132462716338 0.9693824469387743
0.9367023952006176 0.7636951370558481 4997.83610447093 -0.0001431978901856417 0.7991586922885048
0.999380853310931 0.8259738222948944 4587.194962270509 -0.0009991261908593348 0.9781465475860602
0.9990869644795533 0.8039256589827795 4039.550076710628 -0.00028710177649929986 0.8625329494837212
0.887521166960407 0.752753686263454 4733.124846483869 0.000575183904455182 0.7034419537607809
0.887521166960407 0.752753686263454 4733.124846483869 0.000575183904455182 0.7034419537607809
0.9212672027867044 0.8099006809810189 4118.972720898731 -0.0002557051429068194 0.8746537024665892
0.9652956360941206 0.8237520990027337 4733.667953754812 0.0003590074612807102 0.9192852713889665
1.0179565246838442 0.8660057950589654 4024.220449578607 0.0008019020537663322 0.9793648327764528
0.9470702713953452 0.8047361872071996 4948.383126079281 -0.0005021504586135131 0.8122030682616411
0.8689848324258155 0.7505363328984219 4925.177534460583 -0.0009096750771528496 0.7080396136772016
0.9605729421840097 0.7811289709266654 4264.841335009681 -0.0008119929274571171 0.7737642508907162
0.9816780603559255 0.823104201792679 4743.575146914801 -0.0005198380747877971 0.9283886837495438
0.9385651653960034 0.7713262608660681 4814.082716464625 -0.0004138949798213329 0.8181813206055477
1.001741131198355 0.8407838636878006 4933.000308197795 0.00012173254430067962 0.9291258263925273
0.9458991102824956 0.81118606600813 4142.983769652854 -0.00030282373318366506 0.8104631573016273
0.9368549716890878 0.8370349233729037 4487.176371116394 -7.283829627710258e-05 0.9662584805777453
0.9368549716890878 0.8370349233729037 4487.176371116394 -7.283829627710258e-05 0.9662584805777453
1.0122718579715877 0.8058686444944676 4413.2430719840395 -0.0005076689351133114 0.808936687530041
0.9502055303606823 0.8393076103006321 4391.791780281678 -0.00022043746969398607 0.9864855060115877
0.9554940875406334 0.83510869150239 4746.622796948064 -0.00016612331976832863 0.9854929796212866
0.916303905967099 0.7816763507709672 4989.844161946667 -0.0003713775848038223 0.8630396148741016
0.9433330284229067 0.8032036340787148 4682.088633859323 -0.00015010175227065116 0.8005938566872335
0.9511162311279713 0.8011468990515619 4881.432574224292 -0.000551396682042337 0.9319890703064534
1.0056864799477 0.8281957227802246 4955.016314308806 -0.0004023381613593532 0.8639804541958904
0.943676013454128 0.7718288590892507 4911.304014740464 0.0001207122626666669 0.810225731271724
0.9034647670896169 0.7825471159946835 4777.95294215433 -0.00012156606455310662 0.7189211620284689
0.8927497091147472 0.7871473648072014 4959.86494629742 0.0003991012656141042 0.761878260279078
0.9413113582734374 0.8610345675315036 4828.040660035167 0.0009843015010041539 0.9707214461627229
0.9413113582734374 0.8610345675315036 4828.040660035167 0.0009843015010041539 0.9707214461627229
0.9021575609398895 0.7803465967774409 4882.29597690727 -0.001440007330726083 0.8555458534024971
0.9562723821278543 0.820971158159431 4256.803601351926 2.6464837316125583e-05 0.9508471174872648
0.9189729034774945 0.8182919907940985 4916.398020458927 5.867119828615345e-05 0.9318101618693759
0.9189729034774945 0.8182919907940985 4916.398020458927 5.867119828615345e-05 0.9318101618693759
0.9573122563417064 0.8557791178488359 4298.0297246200125 0.00039378771031259096 0.9918000882036031
0.9573122563417064 0.8557791178488359 4298.0297246200125 0.00039378771031259096 0.9918000882036031
0.9523294476303448 0.8134172837536435 4086.18430887642 -0.0001046413049810233 0.9007357190137446
0.9390547204760666 0.8391053367803464 4795.797628002666 0.00010839832004088815 0.9039321928056653
0.931533905338475 0.7727741100025456 4272.207037396906 -0.00021652348519454658 0.7980679378970027
0.917006510111585 0.7677382135831116 4089.972688208342 0.00032062907148402953 0.7429339629763898
0.94699451995645 0.821669436133943 4134.0329596539605 -1.34846165330424e-05 0.9581550400660662
0.9192149381278243 0.8297135225049594 4906.477842897137 -0.0001151982761666409 0.924812121649061
0.9866607020937157 0.8002015036889709 4398.650936907624 6.8335013204281e-05 0.8431129530819443
0.8975931379766084 0.8373553648226716 4435.630779953439 0.00025763597574557563 0.9674834936899546
0.8728422198824871 0.7209055384538771 4613.643488245844 -2.1181312403538493e-05 0.650842699936149
0.9657279828414773 0.8165177761343148 4603.30347222153 0.00037352921337281924 0.8721281191153172
0.9136019461304038 0.8544021338224462 4262.985973066005 0.0004613711647090577 0.9745899885874244
0.855524827373541 0.7883966053610025 4722.584971072972 -2.7059926209407994e-05 0.7919702687234589
0.9512438506893075 0.83416726562568 4941.185036280345 0.0006561425801289921 0.9030493538114545
0.9156550438971347 0.8147181209797822 4676.189405940168 9.727249150629166e-07 0.9671504892522165
0.9049401678565095 0.8216161839788408 4701.8787466731965 -0.0004343745109214541 0.9226173814034524
0.914544329870915 0.7750982146505289 4271.219848016545 0.00030055405763173497 0.7903564621535697
0.953031045501084 0.8297794168163976 4239.038587483146 -0.00017078971692316902 0.967163839149149
0.8572240912893199 0.7838030732576908 4577.967793781397 4.221095837443355e-05 0.8098215575401435
0.9959419259370117 0.8287481582070196 4408.966648446333 -0.0004828464784942968 0.9289629307588657
0.9959419259370117 0.8287481582070196 4408.966648446333 -0.0004828464784942968 0.9289629307588657
0.9807027564553261 0.8369370369839756 4217.669311697514 7.083967128242325e-06 0.9408835624308434
0.9268541446412075 0.7949482874338974 4881.429755122341 0.0005995605262949327 0.8813230913482767
0.9630133367681791 0.8369152959367582 4298.887344865728 -0.00031575428383590125 0.9287381462983122
0.9630133367681791 0.8369152959367582 4298.887344865728 -0.00031575428383590125 0.9287381462983122
0.9629683479141096 0.7898148468545408 4884.312600656784 -0.00041297841204887976 0.7432032954315164
0.9005296998143444 0.798079175337733 4924.074493102211 -0.0006212654140513176 0.8418716796506195
0.9005296998143444 0.798079175337733 4924.074493102211 -0.0006212654140513176 0.8418716796506195
0.9792180328444144 0.8422597236230688 4718.65755772696 -0.000114676411498691 0.9476516287897062
0.9158972492262359 0.8266747034515534 4847.618066000037 -6.661716851669291e-05 0.9179789640068546
0.9376853226909421 0.7816785947692251 4346.284321976365 -0.0001972566385724957 0.7886215778057595
0.876515450692516 0.7793707189992845 4663.785549089894 -0.0004088986647367693 0.7830510933846512
0.876515450692516 0.7793707189992845 4663.785549089894 -0.0004088986647367693 0.7830510933846512
0.9981303683743753 0.8169889413279259 4529.069293647727 -0.0005907246510833084 0.8655868867747474
0.9002946387597626 0.8017592309877302 4673.692929259782 -0.0005562188550141873 0.8815540869460539
0.9443702250943229 0.854182457306703 4447.667662807034 -0.0001986686351149033 0.960125326525038
0.9443702250943229 0.854182457306703 4447.667662807034 -0.0001986686351149033 0.960125326525038
0.9155463669847869 0.8153524557157736 4730.858556342702 0.00045880833909315113 0.9671364686262838
0.957875246910937 0.8043624107002971 4647.315242356285 -5.033928151064934e-05 0.894232004581197
0.8970936280436278 0.8079371529304733 4506.388073833833 0.0007467367944748954 0.8251167430470657
0.9476224664743631 0.8273841175321593 4811.415337482581 -0.00045315387959630506 0.8524547915444732
0.8863985241976541 0.7540533337162824 4615.220329175038 0.00021090378381651687 0.7320187867437106
0.9073973363299294 0.8065280131892224 4704.546318753795 -0.0002896521968867011 0.877120280216802
0.9073973363299294 0.8065280131892224 4704.546318753795 -0.0002896521968867011 0.877120280216802
0.912954212905404 0.8288316080319885 4731.314039635023 0.0013587784357168226 0.9789457142499763
0.9355361310247627 0.8143096665680993 4591.7929693239685 -5.207547590027337e-05 0.8799230281644819
0.9355361310247627 0.8143096665680993 4591.7929693239685 -5.207547590027337e-05 0.8799230281644819
0.9308606305065175 0.7986412023174784 4459.755796581527 -0.0002798726779223567 0.8303794262434973
0.9179572992990618 0.8497565749181056 4576.648927900689 -0.0001461835627516758 0.9946345895594757
0.9477828966124686 0.7730134670782804 4144.145269697557 -0.0005380657821080153 0.7660805894341939
0.9639351272853701 0.8282288431868998 4968.54541379912 -0.0008478092670730048 0.9901307015995393
0.9560136116583281 0.8491154285640549 4420.049090328657 -0.0005291649366861528 0.949262260827453
0.9560136116583281 0.8491154285640549 4420.049090328657 -0.0005291649366861528 0.949262260827453
0.9409047019305691 0.827414352821191 4988.455014524065 0.00041982239696328785 0.8627378432505238
0.9418077636421883 0.8304860770756907 4868.995659512378 0.00026333936452419086 0.8788376159616069
0.9418077636421883 0.8304860770756907 4868.995659512378 0.00026333936452419086 0.8788376159616069
0.9133526689461688 0.7871190218224536 3946.5745349532413 0.00023102660788365032 0.7931883400972599
0.9133526689461688 0.7871190218224536 3946.5745349532413 0.00023102660788365032 0.7931883400972599
0.9124220504590573 0.8286994662236038 4576.15681747734 -0.0003226469680273038 0.9972456318855525
0.9124220504590573 0.8286994662236038 4576.15681747734 -0.0003226469680273038 0.9972456318855525
0.8562210661945054 0.7537321179442478 4961.61387671744 -4.0439784146844954e-05 0.7213627839583706
0.9264987480845227 0.7653922099311737 4674.943470104768 2.657149261640931e-05 0.6856676504237355
0.9460337752300874 0.7788045755034261 4147.484149653872 -0.00037696672706878404 0.7954176829597848
0.9482189453971883 0.8186322290179964 4736.8212511234215 3.389548597578982e-05 0.9812055729587266
0.9344440803217352 0.7449515824598348 4709.090854033178 6.984855441708985e-05 0.7449108648648815
0.9076927241617117 0.7549451811766703 4992.53950028204 0.00023093686650215264 0.6950365063848705
0.9676443589082253 0.841233611054645 4979.553990178492 -0.00034610196786672174 0.9275342370396586
0.9411111557632925 0.8415559486338704 4430.579684465167 0.0007433586626412617 0.9690243257421619
0.9411111557632925 0.8415559486338704 4430.579684465167 0.0007433586626412617 0.9690243257421619
0.8828513245330696 0.8118034549323346 4819.70395397683 0.0004739048058984114 0.8541419599018737
0.9428174867791835 0.8661888789556109 4495.939194075507 0.0003463676620669082 0.9992443339400418
0.8833812100539893 0.763730698986086 4797.394441002292 -0.0003347358291973606 0.7552812319096083
0.9120329307164319 0.8150170899287434 4186.490182174476 -0.0002608975716975863 0.8577469588617543
0.969779440207309 0.8430298228740863 4311.613029857913 0.0004714620035336416 0.9814637558344266
1.0292589954833067 0.8332699465450177 4127.378563595848 -0.0007932517774016507 0.9976161196014094
0.967241963583308 0.8116849582120421 4877.775776331311 -0.0003735383969268077 0.8904264291965429
0.9323029813574781 0.8501718866986326 4567.553902857756 0.00014823829591410122 0.9633027616037436
0.9323029813574781 0.8501718866986326 4567.553902857756 0.00014823829591410122 0.9633027616037436
0.9510027019403317 0.845495115448454 4811.321077622701 -3.6201240307442887e-06 0.9266405024721314
0.9414613703801564 0.7964190385896006 4948.580920268248 -0.0003534017774341036 0.8698488368633326
0.9225823155784146 0.8036688078819574 4953.049591313249 -0.00012639544366808026 0.8852901397561186
0.9225823155784146 0.8036688078819574 4953.049591313249 -0.00012639544366808026 0.8852901397561186
0.9678557141687372 0.8247966916487601 4967.631867697174 0.0005110498499436738 0.9962117579507462
0.9678557141687372 0.8247966916487601 4967.631867697174 0.0005110498499436738 0.9962117579507462
0.872601448745003 0.778779653097331 4663.4540390704715 -0.00016311392343796335 0.7259582253107367
0.919325716409954 0.7545978711130461 4607.830741234768 -0.00045262293787805047 0.7269628602220105
0.919325716409954 0.7545978711130461 4607.830741234768 -0.00045262293787805047 0.7269628602220105
0.917994027052114 0.7721923910985046 4849.344469725373 6.085681638677644e-05 0.7394430179232813
0.917994027052114 0.7721923910985046 4849.344469725373 6.085681638677644e-05 0.7394430179232813
0.8841328749361486 0.7733658581052091 4836.159346416972 -0.00011938824295173766 0.7150280343548322
0.8841328749361486 0.7733658581052091 4836.159346416972 -0.00011938824295173766 0.7150280343548322
0.9580070508978742 0.7978988093041434 4225.685796707134 -5.4716927099665425e-05 0.8310655958487508
0.9580070508978742 0.7978988093041434 4225.685796707134 -5.4716927099665425e-05 0.8310655958487508
0.9063247346223067 0.7813737132237593 4757.498758909673 -0.0003242875283554729 0.7979431143528757
0.9291862803815948 0.7774466359043376 4881.21914604869 -0.000673903382037067 0.8180638470834379
0.9291862803815948 0.7774466359043376 4881.21914604869 -0.000673903382037067 0.8180638470834379
0.8944933147254853 0.8070110232943422 4495.099125181218 0.0005413137029103959 0.8690566329575187
0.9569614158054452 0.7933087266797267 4840.563038204943 -0.0002455928976676798 0.8753056113417034
0.9340342545179889 0.8285204739471183 4244.993407038431 -0.00021284896709677416 0.9458524297539899
0.9267000991463061 0.8288442651971163 4961.8179334496235 0.00011380494335034159 0.9285005788384508
0.9911861438928459 0.8093173350934622 4699.352533915249 -0.0003894524315013965 0.8985696326882248
0.9508774085779339 0.7823813293704289 4147.649764148069 -0.00048552030982850066 0.7918889982192197
0.9508774085779339 0.7823813293704289 4147.649764148069 -0.00048552030982850066 0.7918889982192197
0.9036934886263329 0.8116020251081609 4286.4064442256 1.1163962707473423e-05 0.8896053642275428
0.9065020210274551 0.8203898175181491 4902.02060372993 0.00026102092429259086 0.8553610485985117
0.9760181396303489 0.8605633172778556 4889.984569825833 4.035253047634535e-06 0.963431268361443
0.98643634312019 0.8205785354241848 4862.663208813793 -0.00019405802021369345 0.8968770645606616
1.010925331505787 0.8322887164434636 4059.956361690026 -0.00013588539874581353 0.9767314415311422
0.8760140467168557 0.7915916635494769 4918.335857103419 -0.00026747361863083867 0.8352835621081451
1.0220197238797455 0.829557258738628 4304.181684786204 -0.00020457842286606984 0.9841504418616325
0.8805171335650883 0.782419145416021 4766.619565481937 -0.0004422494321833589 0.7948542970400427
0.9329321457754456 0.7553112328627889 4776.528552167209 -0.0003749802705210966 0.6999327438194725
0.9329321457754456 0.7553112328627889 4776.528552167209 -0.0003749802705210966 0.6999327438194725
0.9359991090917997 0.8192287946578206 4562.414817234253 -0.00010654637529366276 0.9385716817290852
0.9810019014806177 0.8244390100733959 4238.044947299616 0.0003037190674275752 0.9420206616237017
0.926463502699222 0.7697858894513779 4642.390622270751 0.00037851514474318614 0.7658498911279626
0.926463502699222 0.7697858894513779 4642.390622270751 0.00037851514474318614 0.7658498911279626
0.9807556661112202 0.7862915115733042 4751.838593054784 0.00032959413218573426 0.8026930973462769
0.9400826921753197 0.768597532373078 4719.1728970525955 -0.00019810531079050557 0.7971289615798484
0.9030875425400635 0.7903769431651992 4998.141254534429 0.0005159652526332094 0.8338349109720159
0.9052594022927889 0.8301781255034782 4576.6466880218095 -1.4094943280453973e-05 0.9521942868264706
0.9729808692994482 0.838789242490572 4168.213766681225 0.00011837432022736672 0.9447701059687461
0.9032248074761762 0.8001633452571715 4847.441837164744 -0.00047422770058987043 0.8604142558497732
0.9838007099996305 0.7817626981302657 4987.0513894512405 -9.119549818518578e-05 0.8137671478944506
0.9141450372335264 0.8377175832431166 4886.57026986822 -0.00011029118534163851 0.9119911409614596
0.8921321776851133 0.8234829561813506 4912.771804069959 0.00015542680664151556 0.9335570784460405
0.9633712307686435 0.8479614794652072 4991.320677841794 0.00043267253593393237 0.9478334524486216
0.9309939273761063 0.8203173874791916 4139.719146252561 -0.00033543217862310116 0.9053863458926433
0.9414137319087208 0.7879320349600525 4182.112752335136 -0.0007244378530688947 0.8185659723605317
0.9156343788797323 0.830270571059102 4358.979166134346 -0.00015381761750506018 0.9686490901334812
0.9647274671419472 0.8501363637155283 4793.872308142581 0.00014246737730583237 0.9593677959070825
0.9136803522281026 0.8174622013222715 4818.831846530713 6.855619197229457e-05 0.8818388716094131
0.9170334106508291 0.8250960436261967 4358.474104766717 -0.00019453585622141326 0.8959522250490055
0.9738063912670455 0.8232971199239554 4168.004260134634 -0.0003605581158524927 0.8703634009946728
0.9159350729222833 0.8461121489711216 4609.995123531049 -6.073774105063952e-05 0.9937969893805564
1.0014205702581829 0.8345072152709017 4096.0630184476195 0.00011930419981062752 0.9427277205772546
1.0014205702581829 0.8345072152709017 4096.0630184476195 0.00011930419981062752 0.9427277205772546
1.0073259412943854 0.8395064295692247 4445.317560534005 0.0006482610134116612 0.915277295974265
0.9467940710703515 0.8011464476228407 4133.868538513309 -0.0001542223315993511 0.8616404435308491
1.0027799334847929 0.8365973443858997 4726.486700655091 -0.00027355139775430933 0.9653415762460646
0.902875714831494 0.8221996069988132 4176.118404558383 -0.00036060328369307774 0.9213145399253077
0.9094873041966512 0.8156078865258456 4663.791374140936 0.0001917310550237325 0.912158544539637
0.9992921526843359 0.8290289174248393 4630.271017742256 -0.0002483388314302661 0.8898172122411855
1.0229927836192119 0.8471094255182902 4445.126676850977 0.00018996338788422864 0.9586988795584013
0.9083338984440028 0.8073245477085943 4778.093245716457 -2.730906894140467e-06 0.9027461014905316
0.9465679542701813 0.8350229333304511 4604.733035190662 -0.0005242741225370949 0.9607983232942193
0.9340789074805552 0.83513693494759 4909.440481862078 0.0007997271949351987 0.994499315429165
0.9602111727129858 0.8444326313906148 4832.609658634673 -0.00016925149390582643 0.9203575704599855
0.9351542242471428 0.8423226069373431 4968.488898237941 0.0002499942537397157 0.9354799556886679
0.8963293496297675 0.8163032580497626 4544.981932791615 -4.144114303968162e-05 0.8703462192316105
0.8963293496297675 0.8163032580497626 4544.981932791615 -4.144114303968162e-05 0.8703462192316105
0.9213173127633779 0.7844298032394723 4549.055277196929 -0.00011022539295577393 0.8232742612814977
0.9614362604640913 0.8532423614927575 4893.850398407747 -0.0003388330078503006 0.9968106368890146
0.9347888057967633 0.8460217500442014 4269.957910641889 0.00048357384284078187 0.9607912217329948
0.9548380024695625 0.8228783020022102 4771.306860678059 -0.0005497152670835422 0.8608219833339069
0.9001740360860384 0.7668529301708575 4849.760041279512 0.0003283631171606825 0.7048141982635159
0.9844572126190889 0.8269862172011925 4281.052497257788 -0.00035598000801135036 0.919311046645426
0.8884711291722631 0.825847899337053 4329.99353619965 -0.00020864671853561113 0.9225554994713308
0.8884711291722631 0.825847899337053 4329.99353619965 -0.00020864671853561113 0.9225554994713308
0.9624055442745263 0.783171907176632 4083.2604806699937 -0.0002000830604600078 0.8083231711890331
0.9624055442745263 0.783171907176632 4083.2604806699937 -0.0002000830604600078 0.8083231711890331
0.9604230720514232 0.805160214841032 4765.761443790324 2.423372933396673e-05 0.8762794179790564
1.0263562707239493 0.828979188353605 4751.804093700116 0.00025392998737013836 0.8765318637569791
0.9916687438040771 0.8039872449234553 4926.468494887146 -0.0006502333478480314 0.8080982330454944
0.9982373120108279 0.8506567829410996 4698.295623507028 -0.00040791892435537616 0.987529051411913
0.9073128261010247 0.8117942826930351 4676.030656611735 6.280512110859621e-05 0.8609199542579891
0.9666504479096012 0.8277106996583466 4087.2884950575367 3.3273636925357695e-05 0.9670799472351832
1.0165613509354825 0.8087706415003061 4060.8159089916994 8.52580975377201e-05 0.8625835175356974
1.0177762135391897 0.8435503317846095 4943.974901200298 -0.0004908811031346402 0.9427817770463182
0.9669271988337095 0.8095615235684821 4977.412484664059 2.6451654769605154e-05 0.8707888567768567
0.9993940539226137 0.839170911767528 4560.973676480465 0.0004081239776167978 0.9841793802720359
0.9993940539226137 0.839170911767528 4560.973676480465 0.0004081239776167978 0.9841793802720359
0.9574418852307759 0.8040917559284189 4210.556114418203 9.143545894547904e-06 0.8626039405435584
0.994368338790368 0.8249862982170452 4955.807442761352 0.00010657407512533922 0.8699936422552623
0.9366144878987188 0.8126007011129623 4832.35827201898 7.36569568979059e-05 0.8672652144946984
1.0054685560201835 0.8322382129857216 4083.3907564490787 -0.00015410235028323515 0.9379339290318058
1.0089489011596897 0.8366692840556492 4112.348321079114 -3.5122133439393406e-05 0.9796960911602379
1.0089489011596897 0.8366692840556492 4112.348321079114 -3.5122133439393406e-05 0.9796960911602379
0.9935831452649415 0.7975845336958616 4690.375328309801 -0.0004422408717489516 0.8292232984287192
0.9935831452649415 0.7975845336958616 4690.375328309801 -0.0004422408717489516 0.8292232984287192
0.9309771966962709 0.8307778667476625 4521.25599229653 -6.435929516667665e-05 0.9803841109245475
0.9267122368244989 0.8264506880285493 4139.5963592110575 -0.0001415416940341843 0.9349788781591769
0.9462896741978801 0.7990383108446752 4802.97834128688 0.0003295612434733315 0.8146131028543515
1.010690047280127 0.8202110570798266 4636.30264193143 -0.0002984384846217786 0.8376420282735416
0.9853818314676548 0.8499450381789226 4143.299505703974 -2.2805307354318472e-05 0.9909192172333696
1.0228571013114511 0.8390735388096547 4053.3433386051606 -0.00014604660047572743 0.9627536897222062
0.9656590749006838 0.8152755027127727 4975.633351058569 -0.0008072345744314664 0.8293667114832035
0.9333274802855953 0.8344297198831139 4506.894074145286 0.00016537367124513062 0.9581906241025472
0.9016971045329948 0.7515088941428132 4743.129343615126 -0.00043471703342065366 0.6953736514102742
0.9490706004453231 0.858211672233664 4829.195653752044 -0.00029311541592361346 0.974793639553357
0.9680708684724493 0.8355296598060858 4236.00366317784 0.0009719256745098785 0.9519207470671163
0.9405033293422511 0.8157485611812086 4982.727016106662 0.0009473905403061672 0.8657054733292767
1.0265368309082161 0.8151132915965382 4413.043117276665 -0.0005691034892478821 0.8830155684727186
0.9128974829707309 0.8399145365737591 4819.995070970659 0.00010237937037045385 0.9945692111576716
0.9144080012090007 0.850306934011374 4927.3154229460315 -0.00041489007876662924 0.9939600100198744
0.9340623563235171 0.7992142935891394 4743.888862179104 0.00041615312044675153 0.7930987863019714
0.9740731887938356 0.8473884966884107 4852.117403387778 -0.0010069683089812796 0.931340842829155
0.9598291520849893 0.8125309688585093 4805.6344957678875 -0.00023326782606261022 0.8936606837301437
0.9064993217567265 0.8126307377704414 4573.093611341534 0.0004133543509719008 0.8647689137373427
0.9375332543703429 0.8024820817803898 4888.692903585729 -0.000609301785432154 0.8497361799359258
0.94216258553592 0.7562608387461918 4891.639351336938 -0.00021476223451197436 0.7005287688065952
0.9666405071026345 0.8526792985249709 4757.865278563865 -9.599047683213601e-05 0.9958474834975415
0.9924133066981717 0.8416152120151845 4846.825163289185 -0.00020222144518165712 0.9941789329623582
0.95706909353908 0.8500139168298821 4746.09854652036 0.00047375880725422404 0.9652727769948941
0.9618976033448936 0.8010285061600452 4546.908033726266 -0.00041654903607682057 0.8025725497996896
0.9260648791524386 0.8285541368162426 4710.804425575353 0.000826404210397358 0.9453758182669277
0.9753288403624454 0.8314191988375663 4707.275952940562 -0.0006982634374725512 0.943965545154245
0.9018383041724211 0.8033543087559443 4857.427536506252 -0.00015336108975406846 0.8408245526598153
0.9018383041724211 0.8033543087559443 4857.427536506252 -0.00015336108975406846 0.8408245526598153
0.9496290943182593 0.8025750437735767 4767.762438970276 -0.0010850117953240723 0.8694672764025557
0.9434757351875306 0.8294555321335793 4746.694509923458 0.0005528489458167775 0.9686576724052429
0.9091842564732859 0.8323994815595911 4961.297601308643 0.0007097651172898241 0.9585807328644911
0.9236140533841319 0.7650616185783349 4674.11757177487 0.0003871503705343292 0.7550590135137673
0.9070457961376531 0.8183526459725174 4704.705804372064 0.0005043039673678255 0.9283990639019731
0.9446976592889821 0.8153827076749558 4859.796517594358 -0.00043379882219835616 0.9326708838388911
0.9257967736971693 0.8220586523728297 4952.920033420476 -0.000611694981462135 0.9500065760230114
0.9540177784738768 0.8502271764626992 4861.589782459445 0.000298708590144209 0.9730249235015871
0.9840484722882118 0.8548612287667754 4450.023490566555 0.0006427073844139728 0.9925490032953983
0.9412328735862175 0.7910874015553689 4872.875455470616 -0.00015029730411035574 0.8359210687672476
0.9199800082711236 0.8362714597568681 4354.963125310118 -0.0001828058044786176 0.9433569799288473
0.9678076155892992 0.8435340055492272 4562.495760839767 -0.00043983948859965106 0.9680229258152393
0.9684341153490962 0.8405234611763466 4574.6596061629325 0.0005029927755535677 0.9298251943349598
0.9688288065952284 0.8307121507906091 4182.707593097308 -0.00016290223532761038 0.9416808540117119
0.9689740364816897 0.8152823339463675 4368.0250266011 -0.00013864815698223185 0.8919085665488825
0.9928378953104067 0.7979270714323818 4468.181293855143 -1.3670372077306912e-05 0.7808805915706734
0.9585546872933441 0.804415632752363 4776.058900417754 0.0009161140290471857 0.8640182539473351
0.9509088666956875 0.8277982486416722 4910.075559669269 -0.0003327375666721402 0.8961617415927426
0.9025045125304215 0.8135427290580217 4704.312282603207 0.0004604979718607159 0.9035776869063153
0.9641921589100293 0.8473170766012648 4782.374686803597 -6.348347474101863e-05 0.9412488758297901
0.9482849214422032 0.8438745494109723 4794.1944673347925 0.0012885284711991881 0.9311357054919429
0.9853795492289708 0.8572882324149085 4306.510122429911 0.0002997842435053187 0.9576801385722037
0.9598569467778759 0.807833851608482 4913.346688190562 0.0003227878387439662 0.9176253361553693
0.9835637716257515 0.855735748072479 4779.715999489472 -0.000225022094262869 0.9747461230894711
0.9043248456008864 0.8275513837934463 4489.750023199943 -0.0004824205230632057 0.9390053968815515
0.9357154820455948 0.7955655018951966 4779.193373772533 -0.00029590917603136967 0.8467758256046843
0.9133086091813183 0.8420036315566208 4722.653223264619 -0.0005276208321015144 0.9660052983039824
0.9888835457334153 0.8048255507734505 4864.8835157355725 -0.0005813587409261001 0.8951920726806688
0.9741104346061673 0.8093911165198344 4957.324092142186 -0.00017714062717081653 0.9314123689879723
0.9612611827734793 0.8314492397484443 4700.360230864712 0.000423642137834032 0.9472088695648885
0.9368961676653572 0.8522590427794977 4925.065958693107 -6.651636829655738e-05 0.9882237665804858
1.0308194521300735 0.8444106654630729 4229.253783062922 -0.0002317014165409888 0.9928762230431657
0.9351632185716859 0.7862813937212746 4980.934605464454 -0.00029698951625763956 0.7933845629423537
0.9058839132986228 0.8218779942214184 4874.781081123556 -0.00013215892131430317 0.9227436126482416
0.9266495494918654 0.8232320187193714 4999.659016115457 0.00022306146635013696 0.8775420987092437
0.8959933924944079 0.7988330244275621 4905.876182832007 -0.00035282484967006576 0.8625064052739546
0.9995180479400763 0.7921039803570554 4537.52065221741 2.776310181229862e-05 0.7979419201064571
0.9353788956245611 0.8385142650911367 4804.683488245637 -0.00018832129359603453 0.9596386604396221
0.9808240509607464 0.8309213268627611 4662.658283419598 -0.0002569505571629427 0.9280227894691401
0.9355668972066606 0.8413697817051434 4672.0353449673175 -0.0006088041498324133 0.989255382890242
0.920378330521935 0.7690248412881737 4824.914136770946 -0.00014511597756674714 0.7587706613977424
0.9614380977992073 0.8337098726786285 4794.091278610201 0.00025645177053402367 0.9402987432257119
0.9507311225448736 0.806096077615885 4843.4435009810995 0.0005524619491729322 0.866638218129682
0.9486892420626434 0.816172269576744 4942.670215117156 -0.0005006189449274177 0.9267621305176797
0.9429063882026018 0.8286569023374122 4269.384011832393 -0.0003920019249795452 0.9320179217358971
0.9956318713437401 0.8360260826643948 4585.581360088137 -3.406387820660715e-05 0.9481624618547804
0.9616127876153209 0.824864658590823 4613.671877857568 0.00016501925592470382 0.8926972799447204
0.9203567963459502 0.8083367623867974 4836.893040702974 0.00015886642132128306 0.8746482370223996
0.9574162030174354 0.8498497102820037 4968.852570774902 -0.0004039627212683779 0.990484823073875
0.991099685177395 0.8155508991583669 4442.367677847167 0.0008023845745137483 0.900877310125966
0.9309604424964378 0.7911584051816192 4988.679052197282 -0.0006324845602597362 0.8390594929118689
0.9683408733630828 0.8323577462927381 4941.919204381462 -0.00013543586838023032 0.9290303136860872
0.9442415830302444 0.8576917705783903 4995.4923095489985 -0.00015791568190805976 0.9980826900124536
0.9563207430891378 0.83791037881261 4973.61615412193 -4.0611869215061914e-05 0.9733080809707242
0.9640218229785242 0.8315925661305792 4889.192413435281 -5.3974280675848234e-05 0.910798031155118
0.9864978490220531 0.8322287257827485 4940.82257423273 -0.00025150912657111743 0.9540490122801072
0.9372057566048871 0.8381936230058173 4811.409878312008 0.000474773558621156 0.9392624629822264
0.9245012698304758 0.8366347813666135 4645.822810595221 0.0001229430328591583 0.9464819181066637
0.9976464078271852 0.8135238764043342 4709.628293347918 8.589094988025597e-05 0.8960034670821349
0.950191684604081 0.803797184988759 4802.821880016496 0.0002198962863074468 0.892809675154165
0.962010473355241 0.8078454673130921 4574.740456860195 -0.00041929067328855117 0.8915780680915285
0.9498195380030856 0.8454474345022104 4859.186261564745 0.0004231432309699197 0.966056565057357
0.9438824887710042 0.8588542934041896 4816.809924867667 0.00020463643633585922 0.9861122330401542
0.8988893268928402 0.8393807193777261 4809.070165728743 0.00015864265551295917 0.9686067053205067
1.0160278263704774 0.8174330378152791 4527.838676357516 -8.072297904848317e-05 0.9132023771330107
1.040170571449191 0.8275706178698772 3955.135377812574 -8.733295089755442e-05 0.9321850792083628
0.9198679823424737 0.834363162987387 4937.025109091154 0.00032578873444341833 0.9765210100786633
1.0227507360130128 0.8527605609790517 4719.599889457398 -9.21354922926399e-05 0.998678766383558
0.962119126687998 0.8440506358482207 4539.440007482231 0.00029541219745622655 0.9313734498505969
0.9690541487770838 0.8245546190784856 4841.537495014038 -0.0004745128923653094 0.9387396329938427
0.911315298915612 0.7991054384502094 4687.636145365272 0.0002887221966669192 0.8130637998284577
0.9532373639079211 0.7838566756254843 4970.533635100989 -0.0003437832477305383 0.7890548670521546
0.939479474420811 0.8202499247913447 4991.570114574411 0.0002769134028321128 0.9212903717916054
1.013440743649198 0.8447336905190124 4815.707512678972 -0.00022789909615260844 0.9434950665636724
0.9465642768957437 0.8207597880334185 4881.259336097123 0.00046301390966459866 0.893613922664426
0.9450551182997224 0.8320207756095394 4777.609696302647 -3.7583288240913575e-05 0.9033186390711279
1.0120393012634545 0.8498347353405465 4944.395107240359 -0.0006640243549554089 0.9916348717204121
0.9383442528596875 0.8093486678138456 4923.449936922852 -5.996026546865779e-05 0.8863330415296592
0.9615758648469754 0.8331922610824809 4984.916503850701 -7.845939715799567e-05 0.8938545483587504
0.979711210064425 0.8079415230239725 4490.546181694862 0.000386066846603894 0.8858804802965865
0.9362042885152019 0.8078581402966961 4953.965390323546 -0.00037293170004168544 0.8624290512215085
1.0071186317467737 0.8533025371598009 4983.573828245198 -0.0003706366364175232 0.991107338010067
0.9394428057816225 0.8364897060654165 4570.9509885261905 -1.2584614901856848e-05 0.9454856699035923
0.9446209053775885 0.8420217687701708 4810.785614914421 0.0005918313856294682 0.9764464415232748
0.894835563096626 0.7807660464118071 4797.298023525822 0.00022517881772180954 0.7848568715819777
0.9453959250206736 0.8486493911957778 4908.036615801046 -0.0004318402866408465 0.9916526824722216
0.9496633578604251 0.8170699491975466 4669.81544685031 -6.304832094779973e-06 0.899990513003862
0.9493397508070479 0.8062159355816342 4994.945206644074 0.0010776841809744594 0.8797080603054972
0.9807319461953372 0.8460615518971306 4836.725718631414 -0.0009317360584216496 0.9790616797816862
0.9358154666510126 0.8159047300960625 4837.225380504653 -6.57126873856738e-05 0.9191175955133818
1.0333500091949301 0.8328121690086383 4557.805120221904 0.00030430496592005816 0.9824893009380289
0.9309856625834343 0.8346940803329143 4730.293937755821 0.0005659984058768024 0.9641175191299194
0.9981925776577899 0.8389559910979894 4840.88595217248 -0.00016501903659513952 0.9293712977453867
0.9402449784545783 0.8211039741959114 4898.26664797153 8.308835927059743e-05 0.9025155041241486
0.917088268429107 0.7680344222865919 4948.070287784011 -0.0004164386360261126 0.7618564157440164
0.9854808905071804 0.8306856012887898 4270.213070057291 -0.00020189933830499284 0.916650886527646
0.9173005366418445 0.8154412901622998 4790.9574002791005 -0.000752469623967187 0.8914341336490719
0.9181545612436394 0.7345897374107461 4806.580098703417 0.00020229946977084806 0.6566008949298288
0.8810644074157047 0.8248714336527913 4927.337729753521 0.0004024693711900714 0.9512552011151758
0.9771469645992169 0.8190018142954304 4862.452797775728 3.1951480344634795e-05 0.8836969355129627
0.9994283191530123 0.8442718724181982 4945.4915071284795 4.593862596530112e-05 0.9768455998286132
0.9328343705505779 0.8349439505947578 4778.270978048286 -6.178897958048294e-05 0.9487403216476273
0.9500637673983958 0.7933920251079366 4901.557943048362 -0.0001628435390437165 0.8293544689906488
0.9862234507422902 0.8310231087677442 4872.651138781383 -2.615297301373895e-05 0.9618132338634812
0.9336225050759757 0.8456608137668989 4816.730092122383 0.00028155847039596903 0.9626115766657803
0.9713764546380276 0.8387518523050097 4988.571532027106 -0.000387352250766635 0.928825208825157
0.942530783890094 0.8406436319224815 4920.493135195739 0.0005982673187038229 0.9334690955919602
0.9601867655697478 0.8076407702670789 4901.719030525257 1.5350841842176515e-05 0.9005392575954182
0.9532350787465993 0.8047526082679102 4615.607069828997 -0.00048687760980935946 0.8622802547695728
0.9432275572488384 0.8184144473158607 4737.645591424847 0.0009215293487965709 0.9327977849375909
0.8931745675222225 0.8255951067320817 4918.850325926032 0.00020911176138803432 0.9639162456721815
0.9772366091955206 0.8238916858397547 4642.165943509263 -3.752353937277803e-05 0.8926624035339725
0.9872686826011384 0.8217423352630061 4884.016644318403 -2.1899699363522025e-05 0.8770286721104639
0.9665212519449413 0.8416776886725716 4618.044307779709 7.604984739007172e-06 0.9710538690641435
0.976133967046587 0.8151736501812674 4992.573620767664 -0.0004952115296508597 0.88791077489848
0.9667191469651053 0.7974616370831916 4424.444804674355 0.0001760296731138354 0.8223313453017584
0.9669817815413161 0.8150121879458493 4674.929744760343 0.00040078518958456367 0.8709929550595908
0.9794134625082648 0.8065672837484426 4970.486044256484 -0.0006102419004634929 0.8687828377331394
0.9324787383937838 0.8343986827947005 4925.568570773347 -0.0002479315982369329 0.9832127946082045
0.9351613080968905 0.8320091213474222 4797.899635869269 0.00035115642096712263 0.9407702454333405
1.0307603453439078 0.8362662602532452 4056.0941927023764 -0.00045767941414297567 0.989079357557649
0.9997673759153736 0.834144114305511 4634.53488919901 -0.0005171804069875238 0.9720817406409406
0.9425170217907772 0.8376376011928789 4896.700161032293 -7.95569399359728e-05 0.9903460584691288
0.9296107303455908 0.7586322880534568 4926.257775466645 -0.00010807229379298616 0.7164508590768722
0.9744643545542726 0.8342108798331919 4526.956142368847 0.00015416187904531483 0.9227475781213745
0.9807857052886 0.8285987407148829 4536.313620584193 0.00027602518308705675 0.9342035205726154
0.9435403953632171 0.8225134952525158 4698.285106584471 0.0007326278404144783 0.9042955268037384
0.9723436608323299 0.8196199836913596 4674.389262186902 0.0004932099178946317 0.8952078967592865
0.9543048050119538 0.8288850686236864 4539.056628205177 0.0002545190411774252 0.9056076851888657
0.9730487803680475 0.8130340349659733 4536.976334686708 2.4626176766302338e-05 0.8849326191508784
0.950891233992862 0.8217450958420423 4889.593639715316 5.018045630155216e-06 0.931919714569764
0.9708582425323948 0.81644836731138 4992.82399300205 5.366287795836482e-05 0.8535328999133831
0.9560543970523298 0.8235580886617208 4966.845721377925 1.9520723683811508e-05 0.8799252837557271
0.955304315389573 0.8194563044111773 4922.606854684303 0.00013948362697771406 0.9123866138002674
0.962741406131826 0.8087034749124333 4994.600941575848 0.0003411415996734424 0.8971989666091148
0.9281686026719158 0.810158676513809 4811.873290285106 9.476328977191123e-05 0.8904624077387632
0.9694639006238838 0.8136183104611301 4853.540402976686 0.00035701172944762607 0.924734889630431
0.9012545532643536 0.8069166396317766 4902.067085888509 0.0002410817033222439 0.8669505475131949
1.0083639074167268 0.8206991284029195 4955.481054708218 -0.00036059917384998104 0.8878907048112277
1.017910914625575 0.8203754125496232 4891.871333212046 -0.0003661741398869357 0.8907151698324907
0.9839494340765689 0.826854197213243 4913.590890153476 -0.00013958814348900373 0.9645899171031636
0.9706861493842392 0.8221442880406402 4849.598805370957 -0.0001755632375067821 0.929713795619884
0.9869505809993585 0.817615416482935 4884.8163501544905 -0.0001426898828945818 0.8996312000380353
1.006077100909368 0.8360343788067477 4957.7409774897 -0.0005037402370459492 0.9193149274125851
0.9879048531803967 0.8307917503714978 4803.275917441671 -0.0007652721030403822 0.9206576213731932
1.0266990940283482 0.8207222139401156 4822.484594094371 -0.0008710705931043438 0.9219619207445235
1.0266990940283482 0.8207222139401156 4822.484594094371 -0.0008710705931043438 0.9219619207445235
0.9829234335968831 0.8304664119647212 4881.04145203104 -0.0010343275509752743 0.9253034921615642
0.9963374505548568 0.8149914628638523 4892.202430368161 -0.0012673801683810895 0.913521546753396
1.008474210752073 0.8261353730700134 4911.282650007767 -0.001019302613655082 0.9383631275531392
0.9987526484794098 0.8208156142098608 4815.6820366705115 -0.0006039966972790225 0.8740971654490246
0.951100543253893 0.8279233577948648 4984.173835694408 0.0003610384560912064 0.9591995084536619
0.951100543253893 0.8279233577948648 4984.173835694408 0.0003610384560912064 0.9591995084536619
0.9433201765147909 0.8519187333254876 4811.123437101306 0.0008691429486162278 0.9708068897372997
0.9433937544290915 0.8395409255973711 4758.780195731019 0.00030539670508383706 0.970297367478923
0.9248527750184751 0.8400965761493838 4937.083779969112 0.0004230281702979862 0.9332451464610262
0.9686693505396041 0.8375401625119039 4824.824574738631 0.0005940569351648743 0.9762371389906803
0.9228540463429529 0.8469497950350096 4443.2836619583495 0.0004083280615392087 0.9713872642924088
0.9857884489760156 0.8248183949266101 4957.76281717364 0.00013209571693743337 0.9379614810067347
1.0099812545328963 0.8232844633551184 4985.109849843798 0.00029227488855146686 0.908242389334531
1.0099812545328963 0.8232844633551184 4985.109849843798 0.00029227488855146686 0.908242389334531
1.0052803946070534 0.8232972361539488 4822.180411999968 0.00014577925569617809 0.9213865506131309
0.9747778333460437 0.8298206853648302 4872.57838333638 0.00021167078780753786 0.982019699198387
0.9907533165893763 0.8409487554387498 4997.7125878480865 0.0004176482972461485 0.9495445984992148
0.9810957761718377 0.8532774190922936 4948.758636757974 0.0001954395847058475 0.9893362005818436
0.9810957761718377 0.8532774190922936 4948.758636757974 0.0001954395847058475 0.9893362005818436
1.0158417965989255 0.8384042744829228 4822.2842558370985 0.0002963252333713487 0.9473148158476802
1.0234007371146439 0.8302749078409579 4580.234224586885 0.0005116316004040711 0.9874783837761324
0.9712580336776405 0.8536633157059654 4922.505448231822 0.0005541284374445353 0.9897636433408681
1.0067434669668744 0.829102414031802 4831.807067077825 -4.411855606281122e-07 0.928920402488105
1.0136027175479656 0.8141721749231269 4895.755797184401 6.872102437202661e-05 0.9153760566300824
0.9791971109737472 0.8337357504866117 4951.973297668396 0.00021046337437979245 0.9445039875675217
0.9516476278246175 0.8318505084772975 4868.781815112385 -7.836657288034461e-06 0.9506786450673765
0.9840130589925029 0.8325678782459485 4642.474617345381 3.9461728706035794e-05 0.9465285800515559
0.9407876775705311 0.8436533935121824 4816.149779991436 -5.8552229458220895e-05 0.9881225649009776
0.9634271966375588 0.8518173340762416 4811.776702185793 -2.6895472179714564e-05 0.9920970375362475
0.9644670919877188 0.8574792043563795 4797.040118149001 4.652295350196215e-05 0.975189650383158
0.9595867423111043 0.8444642896514878 4837.754828396933 -4.683840262544214e-05 0.980911431911792
0.9473855796401238 0.8412024045155422 4836.731146440492 -2.5545674352628873e-05 0.9630716158403314
0.9718917780240733 0.8341684892209614 4740.4514329417425 -2.6478655408254405e-05 0.9749010596430996
0.9893705383998087 0.8251971790774902 4674.527553988114 2.7008197384983913e-05 0.9226396023832681
0.9881715389928455 0.8462978848585769 4805.69279559392 5.46328784954376e-05 0.9471751436313403
0.9695030604434645 0.8366021327552249 4948.100381246688 8.336152711916921e-05 0.9985969707885141
0.9898671706634787 0.8489740198011887 4980.792934507451 -9.023935630442887e-05 0.9770167921363901
1.005785258050715 0.8076410467278378 4806.797565158729 -0.00038062810411301594 0.8576568079190272
0.9771096135570178 0.8118770378154357 4933.130048372027 -0.00017736718265997452 0.8810379787270318
0.9844688916847568 0.8068026739408091 4997.382985236545 -0.0006259947808663184 0.8675084735427636
0.93857654435503 0.793320611739311 4948.2816791651385 -0.00014131603099559894 0.8428859084870975
0.9536754120570043 0.8077207734888167 4986.039543174476 -0.0003139432182532424 0.8723779337619463
0.97487246655703 0.7797793125287739 4985.767571805086 -0.00021448440654851347 0.7564016703777902
0.9323287815102002 0.7694321935044846 4994.296688568155 -0.00020967759485565978 0.7291660432914111
0.9543720219599519 0.7864486351245464 4992.764290007034 -0.00043995407998170946 0.7904086318153907
0.9565320616769802 0.7891223743301656 4951.6885725754255 -0.0006251355591524253 0.7967077333911643
0.9656291201716659 0.7773379728499331 4955.856366342789 -0.0005939441265810696 0.774932119206662
0.9543079705932492 0.8162102932060726 4947.724667468377 -0.0004872990898875036 0.8995824514438235
0.9334756874843857 0.8243305594290237 4902.037782307162 -0.00040709494715650794 0.9360592701120234
0.940155794223988 0.8175852977606841 4777.529694244852 -0.0002817734110713509 0.9083686664241079
0.940155794223988 0.8175852977606841 4777.529694244852 -0.0002817734110713509 0.9083686664241079
0.9142729064633762 0.8167527895452185 4918.204933789308 -0.001336639654798967 0.9079233793283046
0.9309160155989047 0.8074192598362192 4777.586460927146 -0.00019086417769029535 0.8964768134827429
0.9499891193778648 0.8109852521081995 4539.903674698006 -0.00038014684438940057 0.8719255939237025
0.9238450428128798 0.8164506967075212 4663.856460501366 -0.0007739378916013088 0.8816372387681677
0.9500704321263507 0.8090776717349766 4539.7595424277015 -0.0003398370413053917 0.8728924193308695
0.9948605790907714 0.8348811861648717 4919.710272145393 -0.0006649116306204572 0.9814207704905739
1.0169881728780303 0.8517785560933167 4853.917212988638 -0.00031147705147779766 0.9959566970667504
1.0169881728780303 0.8517785560933167 4853.917212988638 -0.00031147705147779766 0.9959566970667504
1.0182896516238669 0.8338741854152893 4926.445194046437 -0.00046536892231374623 0.972766766210333
1.0182896516238669 0.8338741854152893 4926.445194046437 -0.00046536892231374623 0.972766766210333
0.995809678716988 0.8423531437377209 4784.17468945215 -0.0011515501975404264 0.9988022845522979
0.995809678716988 0.8423531437377209 4784.17468945215 -0.0011515501975404264 0.9988022845522979
0.9994454752876651 0.8351893161300912 4677.777706347413 -0.0003382969463892046 0.9783931796334516
1.0006770525472466 0.8358868367227387 4814.6453196703915 -0.0005585013837547731 0.9682905142957233
1.0555683095175856 0.8585578701344986 4747.64293210148 -0.00016347627557252903 0.9865281222535282
1.0447626531796605 0.8329522643635185 4580.412366485319 -0.000401651835649465 0.9899364898447036
1.0386293262660118 0.8437968142221516 4566.330093410393 -0.00019660972698411807 0.9897481502740679
0.99460079229794 0.8542692195400383 4949.7306786539175 -0.0003522512369946896 0.9873344556570736
0.96968807958091 0.836852950221111 4939.916693557272 -0.00017107637267929434 0.9971161729576326
0.9804420868431867 0.8419591397025586 4948.107620489132 -0.00021496179064216207 0.9595130770221367
0.9804420868431867 0.8419591397025586 4948.107620489132 -0.00021496179064216207 0.9595130770221367
0.9830904890538006 0.843211498946346 4978.782191284742 -0.00012929164495182845 0.9572211173901196
0.9295676463749429 0.8242684947932892 4663.384811250992 -0.0005623486676141407 0.9359535391338141
0.9550533751344785 0.8395985974730479 4730.355922414665 -0.000496042614130108 0.981914145479275
0.9487408221079301 0.8447947838130573 4704.212689312151 -0.00037046798009535104 0.9973796022607937
0.9717188758120882 0.8427695709115023 4771.078259837677 -0.0003530291344844955 0.9946355999701372
0.9284521876300141 0.8457899145888003 4760.388975350211 -0.00042742854631953593 0.9855811511366424
0.9745616981684111 0.855006982620225 4777.910577780678 -0.0004471883903677119 0.9870815745348316
0.9776524421214305 0.8466870470045018 4923.056896072466 -0.0005334189317981779 0.9739916538327071
0.9492279347068325 0.8539990264490721 4905.540694430767 -0.0006457387013793436 0.985580420467119
0.9469422135891977 0.8550360417005314 4882.880557070797 -0.0006371295763114789 0.9976864468009894
0.9457338961224339 0.8349313977284916 4681.985937659068 -0.00026265423969013533 0.9496251378600271
0.965975708998337 0.8482856870479989 4687.535447444139 -0.0003475953800252709 0.9984717836670861
0.9724140548612076 0.8505671240397875 4832.006538183302 -0.00020560242948167718 0.974977638620059
1.0003226452612028 0.8428644989099403 4994.248197609266 -0.0002863218480475008 0.9506217248339417
1.0003226452612028 0.8428644989099403 4994.248197609266 -0.0002863218480475008 0.9506217248339417
0.9601662339094679 0.8302916623738841 4784.965443914216 -0.00019913720705838978 0.9943964964921888
0.9999218706003921 0.8509235731576834 4962.353118018588 -0.00018336173232157789 0.9994325561944359
0.9609079993603835 0.8383234657043354 4859.929528752197 -0.00025743409137802983 0.9845731384344744
0.9765190380154487 0.8091558238864639 4428.420014457685 -4.318441073040148e-05 0.8829160394310906
1.0089657594345522 0.8051688862702349 4468.880333356242 -0.00020363714851755153 0.8835027430453654
0.9913045149162921 0.8259580011701898 4428.8704206494285 -0.00017790942511700838 0.919188662095701
0.982425164620005 0.8185512441710039 4270.392479953596 -0.0004479512836750076 0.9157102404043751
0.9827899696491014 0.8318771392470095 4249.388778349307 -0.0002747440051564549 0.9254953022208152
1.0128219037038972 0.8201891020150618 4199.341976146973 -0.00011662349239612694 0.923930100134409
0.9986865356990152 0.846673219020681 4270.997696927268 -8.819089074529231e-05 0.9930485370953848
1.0262251663705604 0.8192933894614224 4751.107662502818 -0.00015106293483207342 0.8926166881625515
1.0148516253677005 0.8137000449972103 4806.87431599037 -0.00022890501877711813 0.8794971361470997
1.0148516253677005 0.8137000449972103 4806.87431599037 -0.00022890501877711813 0.8794971361470997
0.9646825305900423 0.8231052835032695 4739.6836195000615 -8.505276181062959e-05 0.9174719710926417
0.98802308062624 0.826212067437742 4634.427968045611 -0.0004111622837642243 0.9401655294536788
1.030338929391159 0.8250251705296292 4751.449058528012 -7.970796126036223e-05 0.9329013680398348
0.9920252708380568 0.8238495296804084 4741.290542143159 -0.00022752006086658187 0.9023722863689719
1.003407186628399 0.8482693502957872 4642.7272850074205 -0.00028231915660563683 0.9678574533871909
1.0104952867908406 0.8335848837414471 4597.777988896402 -0.0003059458886554618 0.9667672483525063
1.0020998248882764 0.8079758858695716 4566.671154154779 -3.283478847950607e-05 0.868256135810636
1.007375437053064 0.8090603434162789 4566.634018567949 -0.00026556231146973813 0.8825977259857659
1.0045354169436906 0.8423825704452561 4585.003602510136 -0.00028223667548872783 0.9701362233513087
1.0088069743685053 0.8140536498198572 4636.483273838018 -0.00023382996399539646 0.9286027244152707
1.0088069743685053 0.8140536498198572 4636.483273838018 -0.00023382996399539646 0.9286027244152707
