 F
       16336      160113           3        2048
    0.308780928493560936E+01    0.685205469326964156E+01
 T
   2
    0.200000000000000000E+01    0.300000000000000000E+01    0.983886718750000000E+00    0.161132812500000000E-01
   0
   0
 T T     0           0
    0.000000000000000000E+00   -0.100000000000000002+101    0.000000000000000000E+00
 T F     1        2015
    0.912170918393877348E-03    0.307292879527087637E+01    0.685382444992340467E+01
 T F     1          33
    0.243201538530355643E-04   -0.112732607624869408E+01    0.673400603178525792E+01
