chirp_mass mass_ratio EOS alpha zeta
0.8010864547206225 0.586098004139342 4860.078167890872 0.00013551743904471983 0.07942195677130424
0.8319329752862651 0.6058119728859426 4898.918192755204 0.00018074623017919067 0.0698700968355841
1.2711083251607698 0.6891389221579257 4253.900700512787 1.6560371478243786e-05 0.1459513417851579
0.9371722970911109 0.6566133454919031 4856.284940096875 9.054037629142776e-06 0.07523163828850228
1.3136704274574247 0.6227166064087506 4382.397790062739 -0.0006968516470514628 0.24635118602444767
1.353622165879191 0.6209627931614257 4288.080494483002 -0.000208889654233581 0.21403444147067444
1.2887049541340232 0.6657398501285305 4257.620722705132 -3.650940392434441e-05 0.11042493849905347
1.3792928042093395 0.6376665308238846 4993.273592143693 0.0008759960353399223 0.30002506316826333
1.175117250221067 0.7274344328490655 4558.641606567762 4.1580236820362655e-05 0.09915291314501676
1.4304667500141557 0.6209770164708863 4425.969920236112 0.00022550415582809618 0.215786882611544
1.239466401753942 0.7586983877034825 4846.073775788133 -0.00020939739828574943 0.19662503039658752
1.0384234722622434 0.7424320662019867 4768.975281777792 6.198467314879365e-05 0.10750009292826024
1.1780861350429381 0.7115179957727318 4405.47283695579 0.0003259153571142584 0.09125689586203665
1.2589237442581522 0.7759969076738535 4703.373756173445 6.306098701410914e-05 0.23909605587090194
1.4270958751159033 0.7104589644720177 4955.563690413835 -0.0002730629897377575 0.43686242282482307
0.8688817858695984 0.5995712652802467 4605.154051959515 -0.0003773991348929262 0.08427101373672485
1.6061122110518702 0.6694982054065897 4468.841274361171 -0.00023277453196391648 0.27810788735376646
1.2122758984565736 0.6774498522281647 4137.586394548416 0.0006492065844927244 0.19024944305419922
1.028907562887194 0.6997522255735845 4665.617282271625 0.00016591595181566547 0.10236956885667794
1.354355790313109 0.6541143872966225 4110.488909295676 -0.000626443144512881 0.30303291728349063
1.1098926656072197 0.7667571844536308 4142.505619217028 0.0001509964578912411 0.10203603335349194
0.9049695054145547 0.6517751430958865 4318.269183443476 9.184781870752796e-05 0.07965229406446539
1.4628352963053288 0.7023290154273627 4043.754756033468 -0.0003539244818233993 0.38461090280553084
1.0075111808837711 0.6654808631250958 4523.052074908659 0.0001086233099539002 0.09459929372515222
1.2506021032504724 0.761189364027575 4420.774379357475 0.00045687552776877376 0.36360499875806296
1.1675782607560214 0.7784294728914162 4869.7165111149825 0.00019817324526885167 0.11583204249746057
1.4293720556792326 0.6137562167994435 4704.423680742137 0.00021226074203580168 0.23726704314816147
1.0886380998750511 0.6835250608877618 3956.4305196954656 -0.0002972208147286901 0.08853137803911695
1.2919902514045796 0.7288958558205414 4706.629878144474 -6.3272943884047834e-06 0.3192382040634301
1.3801393052721673 0.633436147650544 4681.594396319374 0.0003434400593980353 0.22594115702791667
1.4297447335552045 0.6861946957832038 4649.213643999513 -0.0003440514772895773 0.37023091631132254
1.5420060252348629 0.6703337272082648 4899.550764663536 0.000250806874299805 0.26926577960066
1.173376110512936 0.726972543210286 4529.7346610199575 0.0002819179503040543 0.1013155365334831
1.2993890046096288 0.6636218597016312 4310.1342572186095 0.0007145135131756692 0.2584371682288896
1.372865617600988 0.5876979055738811 4456.21943400429 -4.366815377558558e-05 0.19357157512680975
0.8517416517001648 0.6031336633908293 4736.297300199642 -0.00018006911145491443 0.08159015383265183
1.2551752297592393 0.6982628248666334 4199.06215559152 0.00017441808390069878 0.11069553216596958
1.3913703487568856 0.7405203217264009 4536.564327600297 0.0007713272077399168 0.4065810000415976
1.1756779513971654 0.7045410964009634 4565.812393780508 0.0009000609949149066 0.1273936918628026
1.5364908733048392 0.641885061475269 4767.64313514427 0.0002793128728982548 0.23802594040813485
1.5406133611395023 0.6697531989315176 4113.922795927585 -0.00010845456917958663 0.31614032901127664
1.5465220758717235 0.7232421471021698 4113.784255927001 0.0005974056222348593 0.4274830365406521
1.2677157339073455 0.7619676124351555 4037.4699118688054 0.0003775955564606213 0.14736449501778873
1.2977296023782006 0.678977948502918 4974.699262496746 -0.00021644530709129977 0.24981121965757447
1.2676468826392806 0.6946785897377273 4616.141259753358 0.00038198518917113015 0.32160742356301464
1.193230274470214 0.700709430260081 4486.47600833067 -0.00030133590823098024 0.11849553745302427
1.353517439889555 0.6122657068886894 4311.094088514475 0.0007176696115170464 0.24126100151016544
1.493265639268111 0.7011542446024083 4597.027057640567 5.745566163025529e-05 0.33494175897384665
1.3017423896217428 0.6717886780312157 4433.768361199759 -4.48921860107687e-05 0.20621328092282593
0.9170722338502586 0.63636497775758 4173.489423506568 -0.0006793432576118664 0.08150252454944792
1.0388104912527878 0.6701752846295789 4591.084080671784 -3.113685820086004e-05 0.0925773068212058
1.4829134032205995 0.658035698188428 4281.476691545341 -0.00010082618274905356 0.3070780907891182
1.2825080803651638 0.7148906462675048 4686.042051599911 -0.00027671295300199056 0.357928696893006
1.5367432698718968 0.6244175292021437 4511.868936151302 -0.0003044446672684033 0.26029304921619134
1.3123927057210258 0.6522493272207067 4894.104622100274 9.726105952013808e-07 0.2837245622798984
1.4554154960886403 0.6429064246381198 4810.715512246094 0.000791970737225285 0.2894475727993226
1.2256758919497057 0.6432850999599344 4808.90269667778 -9.840897006552565e-05 0.22056328709655842
1.1185945539615065 0.7039694371103519 4690.450325284569 -7.53602835480901e-05 0.10278602883926051
1.3614596960579814 0.7147504375248025 4649.103951254163 0.0006135697854884138 0.3972600250964464
1.3620674704260534 0.6367846175052558 4197.652513541707 -9.654166957052664e-06 0.25346463725608515
1.3924302671393014 0.724404631506941 4269.294978110105 0.00040390989887433346 0.41018815896745864
0.9080851220176641 0.649539565778427 4095.0515173245844 0.0007733523414123985 0.08209075886529694
1.1060534825112072 0.7037344761565849 4706.308526631164 0.00010626192314174166 0.09282513632670551
0.8909223849210479 0.6330962532675337 4619.397258463313 0.00037445415338832415 0.0782003271583146
1.2929766732455312 0.6936523477306462 4731.940645117782 -0.0006960196534012129 0.2315023840026247
1.3558445635123546 0.6521947064729275 4115.864806914504 0.0002503415785558104 0.25464964853523425
0.8981102565129665 0.6487917868836117 4838.693216003685 -0.0005333240424851843 0.0808536285700224
1.2636675126308872 0.7381375583006161 4492.405028239409 -0.0003852174259018616 0.11072460078609506
1.3870584310283984 0.7378066893295028 4279.454121519298 0.00015530152817400813 0.37760928195228827
1.4953385355404198 0.6412173643767768 4552.114273663793 0.0001540255767623407 0.2410399772105053
1.1314437905999282 0.7261963927975507 4749.233237877282 1.8308920769666772e-05 0.10708271308283007
1.3582536734729995 0.6642748129908971 4192.597004992867 -0.00021119892623407648 0.2656714806540772
1.2250938982448725 0.7514366683463044 4720.821779925475 0.0003269623443690116 0.1205267172497346
1.2368156379855058 0.7264985928024102 4711.492476238997 -0.00010026726767066026 0.26287235602373793
1.503808155939767 0.6380533901245047 4020.2416229310575 0.00024176837213120934 0.26936912278157527
1.4129167551185122 0.701340199830643 4510.038009978728 0.00019884585187655095 0.36801264271748846
0.9133658484165716 0.6536339117482838 4376.776108556895 0.0001568960621318122 0.08169406315395812
1.5236051020019996 0.6977725162971501 4589.542645184438 -0.00043091572155482753 0.3935294574153777
1.1357833659797025 0.6808952677734061 4288.327298686808 -0.00036803648328985407 0.11233175485412844
1.5342512091110927 0.641717540889547 4221.773884887204 -0.00022967532468058427 0.25910156933022976
1.0759932396442589 0.7175270667204368 4949.4851529341995 0.0007020458240322861 0.10705760243447446
1.2805046191074114 0.6811434153940913 4760.485941275442 4.049052760687608e-05 0.29343267736698053
1.3022918741752934 0.6777981504588405 4224.177502933284 -0.0001583622155414733 0.21148211639637374
1.2691810530505718 0.7014307360888536 4137.946461601563 -0.00013534709416825722 0.2763911289479686
1.4013571268380227 0.6772403578714347 4564.138562356327 0.00018183288471123606 0.29249039025824186
1.3661644663195234 0.6996333860860946 4803.4513561821805 0.0006107237247437798 0.302325391841878
0.9978565342802614 0.6591294598167886 4182.346111072957 0.0006118729434924739 0.09155771982002882
1.4499489251073938 0.6877002104706254 4275.486670826372 4.162704522326897e-05 0.31879581289471753
1.1629469580728786 0.7002762204164331 4546.687121228563 0.00019512971436064726 0.11498048966453141
1.1629469580728786 0.7002762204164331 4546.687121228563 0.00019512971436064726 0.11498048966453141
1.2282322630414135 0.6943166084376664 4546.222075102091 0.0010700664508283791 0.1550087526771503
1.2929500655704809 0.6761559656916679 4727.033445278434 0.00036760569254428826 0.22786303164823585
1.3354552135160098 0.619952519444428 4763.801665600731 -0.001089123131469955 0.24632811764232868
1.3241141435162764 0.7119972620597695 4674.912017470523 0.0003767103686704196 0.1784012683473309
1.1459864674108897 0.6913211753808717 4502.532112207574 0.00028963898215412804 0.10343309548664403
1.4803757131622008 0.7033618369595236 4196.0243414572105 -3.768901170582201e-05 0.3482436890851499
1.3299046088142865 0.6148108832698108 4925.348625508852 9.285565976493574e-05 0.2444155649956186
1.292558213262141 0.6204364365953603 4764.153910905317 -0.0001452341031035525 0.2608131427660929
1.292558213262141 0.6204364365953603 4764.153910905317 -0.0001452341031035525 0.2608131427660929
1.0091584897932435 0.6669424911574869 4848.911683866002 7.659165821503142e-05 0.08515455407063452
1.103463379318466 0.7029296368288588 4646.892821846442 9.000830881622904e-06 0.1028117748727724
1.17131219927427 0.6661374347443393 4579.643653632816 -0.00011314035071527757 0.19707860283212839
1.17131219927427 0.6661374347443393 4579.643653632816 -0.00011314035071527757 0.19707860283212839
1.4473464869492996 0.6538634848636715 4189.644359244132 1.244135004973875e-05 0.26930278730808793
1.4344156736320866 0.6132939919890565 4200.0148003855165 0.00022278794289213414 0.22373338519128028
1.3668326079400388 0.6640515714732655 4921.913389140737 -0.00018770174097373227 0.28918554988793455
1.3668326079400388 0.6640515714732655 4921.913389140737 -0.00018770174097373227 0.28918554988793455
1.376894555330988 0.6709058711043883 4725.552922817693 -0.0003432720092531936 0.3087986500901314
1.2839774312871894 0.7247399347977557 4790.090687215019 0.00011816980886974806 0.32174322388205917
1.1936524072151269 0.7371407435100052 4507.481191155175 4.5507703863294954e-06 0.17097914877169446
1.1936524072151269 0.7371407435100052 4507.481191155175 4.5507703863294954e-06 0.17097914877169446
1.5306220768230308 0.7178953197554117 4850.442769389597 -2.517023515917113e-05 0.4384833043063631
1.2937677370292346 0.7291692772506679 4503.817847779284 0.0003436487747374256 0.36625458080503676
1.5665655240976613 0.6611346686945646 4526.404836652047 0.0007593361726610082 0.2843352873617175
1.3087702778876877 0.688516182009497 4859.756535021208 -0.0004364892572021269 0.30702026210860406
1.3087702778876877 0.688516182009497 4859.756535021208 -0.0004364892572021269 0.30702026210860406
1.3587168702377026 0.685902647183378 4749.20216303388 0.0007647973245558809 0.30272147180101877
1.2024709444420154 0.7614998543238989 4208.201634543826 0.000343587420230683 0.11543447293917825
1.590110426467568 0.6880529586237184 4060.383728000606 -0.0006440754548091194 0.3420699050957443
1.590110426467568 0.6880529586237184 4060.383728000606 -0.0006440754548091194 0.3420699050957443
1.3135190517983832 0.7060860413797568 4021.2663039375493 -0.0005485139095792277 0.3198317567682491
1.5268773370751079 0.641124486662652 4212.003884436502 -0.0006337511893703261 0.27106436866384215
0.927785509184191 0.6750873768741509 4925.4827754648295 3.5913881749791854e-05 0.08867420878088593
0.927785509184191 0.6750873768741509 4925.4827754648295 3.5913881749791854e-05 0.08867420878088593
0.9895640814818947 0.6665216562039825 4371.476482991501 0.0004061834265778256 0.08978713421665031
1.4148718378869232 0.6637383861752764 4647.062623067785 0.00029751553083086536 0.2782939917259314
1.4148718378869232 0.6637383861752764 4647.062623067785 0.00029751553083086536 0.2782939917259314
1.1451308604278363 0.7141113768143336 4373.513611159371 -0.0009393173901546757 0.11544555301609274
1.3010125433362938 0.6740519501422034 4539.709109232532 -0.0007005882646639685 0.2598042673164724
1.3143294396255027 0.702030023597305 4706.612447296833 0.00015399933301596524 0.29199154578771974
1.3447241392947542 0.6477134809019112 4350.3034732291635 0.00012110231844595867 0.2651088192500724
1.3447241392947542 0.6477134809019112 4350.3034732291635 0.00012110231844595867 0.2651088192500724
1.1435255891966931 0.7543332063291539 4485.46159689309 0.000771421133163842 0.12468977829437919
1.1721672844145141 0.7308522026237697 4141.764855030421 -2.3067416043383e-05 0.11170553730340692
1.1348629286079934 0.7398110956693043 4644.444976977804 -0.0005734357063537248 0.11499764344499028
1.2268816846779413 0.6739203703644074 4845.733513265401 0.00012246827416429886 0.2097290599443901
1.2268816846779413 0.6739203703644074 4845.733513265401 0.00012246827416429886 0.2097290599443901
1.0053561253514303 0.6798741709601673 4711.971725712744 -0.0001257561037948686 0.09513940238530731
1.34755686929239 0.7008486369794565 4192.062834270208 0.0006751636743534081 0.2986807986740606
1.34755686929239 0.7008486369794565 4192.062834270208 0.0006751636743534081 0.2986807986740606
1.0656056078333476 0.7311395550442347 4651.373269112067 0.0005638367789731017 0.1048666382172932
0.9816906767536517 0.6843729625217985 4877.835398846752 0.00035002823997229275 0.08397826693254283
1.3790098792808831 0.7126611133385539 4988.398333578913 -0.00023313543533560972 0.37567908447095266
1.22423885125172 0.701641589018993 4308.154885679711 -0.00022179148914911435 0.1674424667149891
1.4230104651356672 0.6759863545215256 4933.412501053852 -0.0002012530277473268 0.325448699975974
1.4230104651356672 0.6759863545215256 4933.412501053852 -0.0002012530277473268 0.325448699975974
1.2758039034399367 0.6372077847793257 4692.691047025454 0.00017441515708338723 0.24142708021948805
1.4603351288125017 0.7140221566840163 4585.028253644668 0.0005014520471276306 0.36638776614374735
1.16109482988141 0.677112024218485 4730.929037302839 -0.0001554953112811537 0.1076756937208301
1.3416015639288443 0.7049659969048798 4420.8340471877 0.00047575683110527084 0.36388397702033515
1.2165674286366723 0.7677460954894322 4560.440555844245 0.00026183529204712127 0.13464547435051277
1.0416593013722055 0.7247204862422121 4672.768780029537 -0.0003685181420344843 0.09844243729473313
1.3452864180337158 0.660998475074236 4947.178049739611 7.690366970917651e-05 0.2878567858162545
1.3450716722190852 0.6696564681908584 4646.412287197488 0.00010122738116731741 0.29235823886129775
1.3450716722190852 0.6696564681908584 4646.412287197488 0.00010122738116731741 0.29235823886129775
1.4120945107432963 0.6771767197234059 4674.954034976348 -0.00034891561515378077 0.2834864562002517
1.316967049755657 0.7205567865670685 4859.958528481761 -0.0002433020412925429 0.3635970952747296
1.3994214136204874 0.6555005987518319 4562.997236586819 0.00013489569273713683 0.3035821398791797
1.4997861501482226 0.6427144322415317 4434.832674124387 -4.139020286827886e-06 0.2609315669940593
1.4997861501482226 0.6427144322415317 4434.832674124387 -4.139020286827886e-06 0.2609315669940593
1.0668089559903924 0.741904189427063 4882.790538758837 -0.0002310383091686982 0.10268900081760315
1.5532533003486555 0.6474555126041536 4164.911638265627 -2.468670183003841e-05 0.27247389270759415
1.5532533003486555 0.6474555126041536 4164.911638265627 -2.468670183003841e-05 0.27247389270759415
1.322164849509158 0.7101569330894356 4765.6125925828665 -0.00021279907616896928 0.3227044877679316
1.3585549294368642 0.6249331913220375 4952.110884730376 0.0002631052968023006 0.25000379761506253
1.0541104400638284 0.6918495720017064 4563.575135285487 -0.0002973552429076082 0.09171063408310606
1.1159880374383668 0.6865322234154698 4716.426418044164 -5.101623960343571e-05 0.08986947589158745
1.498782203264807 0.7143963494415937 4851.165438131207 0.00014389752938842061 0.4231420815262442
1.3082576039841267 0.6565180346956531 4754.479331260215 0.00043975510123336615 0.27387545700410243
1.390463455795659 0.7043003453278309 4813.818761854532 0.00042360430729086843 0.304987250043821
1.2708698580789597 0.6694307494642002 4963.147665147518 -0.0005782112289297438 0.21582214329110833
1.2708698580789597 0.6694307494642002 4963.147665147518 -0.0005782112289297438 0.21582214329110833
1.1304309110012936 0.7303415738716483 4630.1887449926435 0.0009015074850203563 0.110466011882403
1.1764021290186712 0.7424671380984347 4496.467358752692 0.0007212662555476524 0.1049554963359371
1.3875573175150224 0.701231489051016 4802.639445234165 0.00018516982047750059 0.27499454466147494
1.3875573175150224 0.701231489051016 4802.639445234165 0.00018516982047750059 0.27499454466147494
1.160925057087179 0.751164475565603 4329.849797292209 0.0005239693791519871 0.14156797935004503
1.2742502010530856 0.7161825861427082 4741.763801325763 -0.0005269750957595945 0.18343034413357873
1.221991829608387 0.7572948906650114 4818.958799225216 0.0005855259154873144 0.15205921845952686
1.4682687762771658 0.7167729559898828 4755.276098796796 9.374587538218025e-05 0.4267207708670262
1.4682687762771658 0.7167729559898828 4755.276098796796 9.374587538218025e-05 0.4267207708670262
1.0789372979776628 0.746232487907813 4764.351148216357 0.00021809592023021144 0.10916468224261
1.0789372979776628 0.746232487907813 4764.351148216357 0.00021809592023021144 0.10916468224261
1.1515632127045616 0.7241610042939389 4240.492191865404 -0.000571743774879487 0.1112546639545238
1.4036077105461668 0.6294934660995607 4924.348967268004 -0.00048158849378011963 0.26037676741359317
1.095584566713379 0.6949956309714962 4950.016478928221 -0.00011935320957746241 0.09238355507308192
1.095584566713379 0.6949956309714962 4950.016478928221 -0.00011935320957746241 0.09238355507308192
1.3131422991717052 0.6617200416207902 4819.467741032996 0.00040519533825064 0.2615801201481227
1.3250011655824054 0.6763173785512931 4924.937629563452 -0.0007780894440498229 0.3173088609536014
1.42431132957229 0.6364778085325622 4404.898429660775 -0.0008287123468488478 0.24944878842744445
1.4105722832001275 0.6715267945093975 4685.120379656923 0.0002783637514497575 0.29112887213739297
1.2274550990174644 0.6641024012842507 4879.207911782704 3.775003046834178e-05 0.2529946721667519
1.4685633892717387 0.63659479103744 4914.100641752866 0.000902176481367657 0.2548202109550297
1.2829133719813348 0.6694656566652254 4870.897427564209 -0.0003023805951923937 0.2644238907820475
1.0851533482072853 0.7146093128060689 4745.829395936775 0.0007518205102755242 0.10399650119600568
1.1215837208147734 0.7397032753161482 4872.947073679696 3.4838821973205315e-05 0.10988889585502468
1.1714589730552303 0.7293355203069359 4726.338400784903 0.0009455403058115155 0.10811293942656423
1.1442372654283177 0.7159867385556137 4835.624747599252 8.269521302821437e-05 0.10710768234976742
1.1442372654283177 0.7159867385556137 4835.624747599252 8.269521302821437e-05 0.10710768234976742
1.1641391868939373 0.6949299229149136 4852.879107855683 -0.00034916167865190205 0.09709083708191363
1.1367145424852363 0.7264642265619429 4757.954683682332 -0.00017586335556197337 0.11161125444946383
1.1624688912193475 0.7145999381646118 4130.45517611713 -9.388999447426292e-05 0.09794203970885684
1.155687841955026 0.7402793363787418 4896.5078679815915 -0.0009286523489480225 0.12246931280005141
1.2347599085162868 0.744828871252054 4817.139490802332 0.00012529862572682274 0.2257318295124614
1.1481099436783226 0.7181400300953966 4305.82697038541 -0.0001866616588448115 0.09712267572081235
1.3756607668894307 0.6678032027212715 4618.411230147126 -0.0006982990716289978 0.2899416087825697
1.3641302423554684 0.6914754635522212 4192.701729384379 0.0005265404235996518 0.29701646805998155
1.3641302423554684 0.6914754635522212 4192.701729384379 0.0005265404235996518 0.29701646805998155
1.1784220353938648 0.6934451898543175 4818.110453657149 -0.00033397669489896746 0.10490603111264728
1.229964702895715 0.7071677141289028 4482.9642678728815 -0.00043735014239645046 0.2825741993926111
1.3211293242428428 0.7140349865750568 4413.821548768123 -0.0005647355455775926 0.17692743974094716
1.2148028357340972 0.7023256401589796 4939.5233528280905 -0.00025181364020156644 0.11844665804508964
1.3830588161425112 0.6439482046940477 4824.771614313066 -1.9879747031247913e-06 0.28130252389499716
1.3830588161425112 0.6439482046940477 4824.771614313066 -1.9879747031247913e-06 0.28130252389499716
1.4792907203892964 0.6101264206513679 4790.927045879567 -0.0006347968752375782 0.2425848157000472
1.4792907203892964 0.6101264206513679 4790.927045879567 -0.0006347968752375782 0.2425848157000472
1.3376834897542547 0.6467271783360405 4792.853243701863 -0.00029333752911010085 0.27982391898253545
1.3376834897542547 0.6467271783360405 4792.853243701863 -0.00029333752911010085 0.27982391898253545
1.483493011726389 0.630982409399374 4669.798271429479 0.0004378407510832398 0.26122412899601866
1.4002348224950723 0.6478282577089003 4999.016703803085 -2.480383463892626e-05 0.28214896579314724
1.3146652926807882 0.6550920525254172 4291.9114560450425 2.9374876381372322e-05 0.2728957955600876
1.2344290426411408 0.733301233206067 4751.74311226634 9.158729732777683e-06 0.12552148885677608
1.1826684390952467 0.7440459130714563 4448.684736916342 0.0009308187074187268 0.14014973758599986
1.1298240383738278 0.6791116433387725 4443.455957925945 -7.501210837372304e-06 0.11150954578162166
1.4134992321886861 0.6973082475018609 3942.130425714054 -0.00029860403699153955 0.3164723708318687
1.2434155818642134 0.7143390558177288 4890.365914701796 0.0003626739137443345 0.204600365976862
1.0448346129558077 0.7003219896786959 4856.121551182767 0.0007204647927143206 0.09664391129088724
1.4301046239805428 0.6305861313849906 4938.146482921778 -6.406026929225822e-06 0.23779763654108443
1.4301046239805428 0.6305861313849906 4938.146482921778 -6.406026929225822e-06 0.23779763654108443
1.2988319442720768 0.6995840040518789 4681.268283916746 -0.0002989223554526728 0.3222162918562099
1.299887941813462 0.6516776972713895 4466.715941110383 -0.0003427925842632455 0.25333769950705914
1.3991014649596862 0.6104004766676843 4981.288879071666 0.00013444488493278713 0.24289465128935894
1.2588842656199022 0.6493880748548253 4616.755333093022 0.0003160116898528164 0.2590316640214716
1.3689362428492373 0.7064287238062236 4719.072105158534 -0.00041605990506666813 0.2344666696752972
1.159170320570634 0.7238751056631231 4484.262548256384 -0.00026156140094302785 0.13430401996599195
1.159170320570634 0.7238751056631231 4484.262548256384 -0.00026156140094302785 0.13430401996599195
1.224746471885137 0.7050305704314088 4605.933419979064 0.00039273734409334485 0.11935414782886931
1.5319995507016992 0.6706608495279809 4592.4657586891 0.00027457000307842334 0.2942881980580734
1.3655780450801747 0.6910817137405565 4937.003799221792 -0.00017889606859206302 0.3547785588828028
1.3655780450801747 0.6910817137405565 4937.003799221792 -0.00017889606859206302 0.3547785588828028
1.3620221189160708 0.6680490382615761 4182.167249618085 -0.00041736204730964286 0.2782982002864633
1.3620221189160708 0.6680490382615761 4182.167249618085 -0.00041736204730964286 0.2782982002864633
1.5172057907054617 0.6422281277915326 4964.284339685808 -5.2270525529247004e-05 0.27794521127656135
1.2473851277889203 0.6950272443842308 4711.425498915995 0.0007539136897852059 0.2334655602394523
1.323419093781429 0.6898541631746701 4467.707270011211 -0.00014168598700568786 0.29542551834820907
1.4605440499167819 0.7156755331853587 4598.368566880464 0.00062986391532267 0.3907045872844999
1.4605440499167819 0.7156755331853587 4598.368566880464 0.00062986391532267 0.3907045872844999
1.3370462344169685 0.7018513134799058 3982.7944220623585 -0.00013300541788286384 0.3286565122246367
1.4469566239083949 0.6943381169237975 4142.686994494187 0.0005327657809072061 0.33633088026942043
1.4469566239083949 0.6943381169237975 4142.686994494187 0.0005327657809072061 0.33633088026942043
1.118652342987148 0.6838947549033738 4777.897698724253 -0.0007950729223172292 0.10273836986759236
1.4555359381796762 0.7117509041261258 4201.799243531619 0.0007785384449015622 0.35888907968075434
1.213063671296411 0.7219383497101891 4603.5471964123435 0.0001669761592837737 0.11064110639310994
1.362779767886174 0.6744374067296943 4963.621932934723 5.5479554753833876e-05 0.29362428786654904
1.4215259704726892 0.6700978015657049 4509.450879755032 0.0001118967252650769 0.3057469919673322
1.2861320670937673 0.7129111084782265 4665.806800742083 0.00032503531873699464 0.2155190146166549
1.3578245891946297 0.6927611034841115 4897.653789254023 0.00050818004538347 0.34693715048951235
1.3497918921126297 0.6859171138535609 4941.835689455731 0.00039938774264519926 0.2941891957492324
1.4192941643134431 0.7015153284762035 4257.546992513485 0.0010141242012302446 0.3157683995832624
1.2759141479650653 0.7074556077449159 4575.1503542648115 9.862095125562142e-05 0.332610196901093
1.3850487203986062 0.7116011849528626 4698.620599721772 0.00019933107597108854 0.33928800594415126
1.2858582814131836 0.6684449213371213 4721.042936511205 0.0005217209058771253 0.30974762072941986
1.1371773646561347 0.696334469651358 4934.813006777457 0.0005684770321363322 0.10125839643620733
1.1371773646561347 0.696334469651358 4934.813006777457 0.0005684770321363322 0.10125839643620733
1.300708018811269 0.683214768005183 4252.528571781674 0.00017031416370720783 0.24908393365119136
1.2610540979448177 0.6977307719854382 4921.510622409689 -0.00010268769682099999 0.14037401466966368
1.5139833053003948 0.6762943287544912 4405.965367581434 -0.0006878017000583268 0.3283614919670632
1.4220620933297468 0.6059091481046761 4501.265205456294 -0.0004976966676729899 0.22888600447727953
1.2707636984633106 0.7133514997678346 4930.127740260858 -0.0001190830921065713 0.1394708917221559
1.4383058668549995 0.6743175193525967 4984.867125500452 -0.0003477625109055897 0.32117930960267094
1.2081066200957595 0.7332544798893734 4639.823635238196 -0.0001369500863171857 0.1220315624937051
1.3331405159462983 0.7202791770694346 4490.844151295326 0.00038739339691300077 0.32625308622546667
1.1278955891456448 0.687415838615436 4823.854757352641 0.000494694111774265 0.12759179482025151
1.1278955891456448 0.687415838615436 4823.854757352641 0.000494694111774265 0.12759179482025151
1.4403660384360424 0.7101368694466774 4142.142447164207 8.670692351371264e-05 0.39282933913386403
1.4403660384360424 0.7101368694466774 4142.142447164207 8.670692351371264e-05 0.39282933913386403
1.1807561186091176 0.7195898690413387 4662.500146622575 0.0005549143615523869 0.13139065199555874
1.2014872035128243 0.6835845166998573 4908.162080136055 0.00031485964554507764 0.19907955400539434
1.3078245884101067 0.7348984419371478 4427.844987719097 0.00022360819099516226 0.1840773543336486
1.3078245884101067 0.7348984419371478 4427.844987719097 0.00022360819099516226 0.1840773543336486
1.024893681458952 0.6646344065380289 4580.436715722939 -0.0004793168612832899 0.08451104688733713
1.4365801895816679 0.623781944382922 4939.486888903536 2.6760019762974116e-05 0.24607126309481722
1.4616473261619534 0.7148765482340418 4774.675387835173 -0.00031331115835822544 0.39927119699470415
1.3447382800810002 0.7073387295363531 4725.133172262518 -0.00032071953143775433 0.2926469124903027
1.3329129685250374 0.6651715234524805 4520.406554575043 0.00016446563927101382 0.28480774074616144
1.4426680496142927 0.7335991978140541 4492.9799988670065 9.212494721149898e-05 0.44432649666084556
1.309135016778904 0.7228409317578298 4818.805611923291 -0.00010986089225227511 0.2767571665009488
1.4200284291603156 0.71780614136836 4750.468724978525 0.00017508818484021367 0.3500387348603773
1.2686289863218188 0.7258775687734956 4773.798995944131 -2.9733706515414628e-05 0.12079085914944976
1.2129092564596777 0.702422985748032 4984.541403970323 -0.0002631563633530584 0.13675098233047084
1.241139147898146 0.7019276004315812 4781.390559803204 -0.0007906355198164202 0.24424428413310656
1.241139147898146 0.7019276004315812 4781.390559803204 -0.0007906355198164202 0.24424428413310656
1.0531015771099232 0.7193788514095877 4827.302845217463 -0.00019512755849566648 0.09743527132354668
1.1490347405419015 0.699262452993307 4437.702920871769 -0.0004761693311993127 0.15043732211855082
1.3048307688343104 0.6946329882004006 4260.909845987965 0.0002964091824114661 0.27610333494195155
1.0873175526705798 0.7162250203190486 4506.351387912166 -0.00012268465610621975 0.10222561706740055
1.0873175526705798 0.7162250203190486 4506.351387912166 -0.00012268465610621975 0.10222561706740055
1.320527099644691 0.6998130450842256 4114.017374725875 0.0006685843757343924 0.27062220065478465
1.23939824332203 0.734357805333302 4642.855857944586 -0.0006172637631573164 0.16882107126253193
1.23939824332203 0.734357805333302 4642.855857944586 -0.0006172637631573164 0.16882107126253193
1.2963949914175903 0.6939096200138808 4819.579873416188 -0.00012895253555502003 0.297771762717002
1.4052381894740367 0.7008008885868924 4269.351961097055 0.0003509397486198596 0.3608609748504969
1.1355113421097702 0.7070383707243257 4741.855342587736 3.761481236165909e-05 0.09371334775970824
1.3980372419398859 0.6901788630836772 4797.230650876914 0.000455743818057937 0.37369962999869766
1.2454598173071216 0.6932086440230738 4577.373578863205 -0.00010658503824562251 0.3102201766929139
1.2454598173071216 0.6932086440230738 4577.373578863205 -0.00010658503824562251 0.3102201766929139
1.446196045375775 0.7035931060687206 4039.2622671529075 0.0003169996396012177 0.3464021255801263
1.2553622357468994 0.6749098707956784 4262.481178388693 1.3002561869883673e-05 0.271165669717934
1.2251833256481786 0.7502888953246132 4524.526404318608 0.00025631694151790615 0.13565383279120252
1.0848674615977871 0.7067017573651776 4772.86298177759 -0.00027940555682206907 0.09753909157459012
1.304880665847557 0.6755826027340136 4482.140455807284 0.0003280072123782167 0.3147942356926772
1.3855907813755481 0.6834196751535606 4827.740052463699 -7.171248018608471e-05 0.33735412176495916
1.3855907813755481 0.6834196751535606 4827.740052463699 -7.171248018608471e-05 0.33735412176495916
1.2477966510989882 0.725856644776038 4778.611626624868 1.411489938243011e-05 0.2759294636165887
1.1706687488697292 0.7056060387592092 4598.453655774889 -4.146271128801635e-05 0.10033876419197893
1.253935880640764 0.7162678793776874 4797.804735524087 -9.385866336545096e-05 0.25428823224552743
1.430793962117144 0.6519132127073233 4949.986781892062 -0.00029490983384340534 0.26678516087717263
1.260494294288316 0.676990084049097 4830.919103467498 0.00037063941287621686 0.28363922290357024
1.4166077766011762 0.7217557862544691 4850.686591595718 0.0006887769460033242 0.29243585196169913
1.0990120834737822 0.6951682592034887 4537.810961008417 -8.745724474336248e-05 0.0946677484293863
1.0990120834737822 0.6951682592034887 4537.810961008417 -8.745724474336248e-05 0.0946677484293863
1.2633586676683213 0.7356872130803395 4907.538760017359 9.80642647853163e-05 0.22249527141248004
1.334290028191624 0.678704362478564 4522.606277181776 0.0004009080878107407 0.29336864264468465
1.3189112804601357 0.6652801161035934 4728.363421637052 -0.0003522696392887055 0.279335469381564
1.3336678478896555 0.690159157756339 4467.571159357575 -0.00010677446992508766 0.31513005637600416
1.3336678478896555 0.690159157756339 4467.571159357575 -0.00010677446992508766 0.31513005637600416
1.302284219404704 0.6574124806923068 4574.547726500352 0.00015086178528792146 0.267796249159324
1.2724579432936403 0.6941963652129203 4521.566643915838 0.0003029645045590636 0.2452089580980129
1.3621965562904779 0.7040774557118585 4629.888856087499 0.00027956181856515755 0.3688872560151539
1.3589583776198533 0.6697977117753819 4855.205500393923 0.00032357112063289954 0.2859902862983458
1.0726676405047548 0.6925810952995307 4721.542445340553 -0.00047425469312904474 0.10092549226380346
1.2365740204294222 0.6871759057997244 4358.6025610154165 6.77868872248816e-05 0.29245321957232356
1.08729930235385 0.730577995064319 4420.9652461364985 -0.00017886804070680457 0.1035025453588367
1.289255421234042 0.6429588653482815 4457.488379021708 -0.000812013653530903 0.2580059838921144
1.289255421234042 0.6429588653482815 4457.488379021708 -0.000812013653530903 0.2580059838921144
1.1710224006256051 0.685907978413982 4539.967884017166 -8.891809610282632e-05 0.11828165430183779
1.1843434431288131 0.7330436964272652 4954.239853080044 -0.0003762340299279329 0.13450011065578615
1.0823755340156658 0.7053510236801583 4799.788767370394 -0.00017184275982884824 0.09410716192554441
1.360178816005256 0.7174453934784429 4930.526639241754 -0.0004773645719090914 0.30353977087462825
1.3523907941425946 0.6679926236218681 4567.979515111279 0.0006793046877696686 0.29738069361676345
1.2060408394340287 0.7276051469507064 4613.458792939646 0.00036085966336479115 0.2185493614080554
1.2060408394340287 0.7276051469507064 4613.458792939646 0.00036085966336479115 0.2185493614080554
1.366741648206431 0.7084191236301123 4836.398703726088 -0.0001249902232917771 0.3709616702181409
1.2800910030759525 0.7294245840985799 4631.543417780981 3.754388286826827e-05 0.36751041520930916
1.2188068540914334 0.6809794538081225 4974.226985146531 -2.8094154407012423e-06 0.1605581447707526
1.2635665932094233 0.7017779504744724 4544.0939492822245 -0.0007721356839480389 0.29139455180031204
1.3325720008018602 0.7404635847302369 4958.2933017127 0.00016516831220982759 0.2680142471604956
1.1537175631680956 0.7052695284793264 4306.716414408161 0.0006356730336538179 0.09796792199133299
1.0777855084228842 0.704872428666399 4403.920795258961 -0.00017971306181552464 0.09770112594637996
1.1601345121142546 0.6983434604147599 4889.771526357477 -0.00015096233756939104 0.10308696553863543
1.3042038085091818 0.7048317338931378 4570.743514483047 -0.00016138189560274365 0.30872663122300614
1.289777270830245 0.7097548134873609 4676.483926707185 -0.0005851925006039602 0.2504196679913046
1.0921797721568516 0.6976521577724077 4881.507649914051 -5.0691801421225606e-05 0.10004177678667758
1.0971185351477009 0.6949422168765633 4995.325944243714 -1.1841915843555105e-05 0.0984807868345705
1.266970854743838 0.7110429236304363 4495.295289836743 -0.00021796463870344619 0.33535351531835667
1.3498430494165943 0.6441863311373055 4809.837655598633 -0.0002835850160862525 0.2554843638564444
1.3138298929846282 0.7242674031786251 4799.614895282912 -2.6003311265526003e-05 0.33391236686104836
1.2582097929549432 0.7111529602445655 4801.613614933002 -4.50736543929747e-05 0.30938449471426166
1.3471919078128622 0.6972345830313449 4836.668861049706 0.000868398930557178 0.33318394035861176
1.2301557886341983 0.7218840113874101 4668.33361012412 0.00010475264318043657 0.13762879694228425
1.214308336187094 0.7541109694945908 4949.053487787748 2.91315935297861e-05 0.13965975844548822
1.2526293122883347 0.7253351222138293 4622.29026839994 0.00024467774456305466 0.20084288836905506
1.0070319662790597 0.6855311239035569 4882.047494006564 -2.3204769361560457e-06 0.08886286016264751
1.2623901540275506 0.6912555646116672 4567.972777941475 -0.0004128691512456991 0.30658332550301903
1.2623901540275506 0.6912555646116672 4567.972777941475 -0.0004128691512456991 0.30658332550301903
1.1015766208888538 0.6937179834340637 4859.284989709061 0.00027817871670757547 0.09859858092358062
1.1015766208888538 0.6937179834340637 4859.284989709061 0.00027817871670757547 0.09859858092358062
1.3297376985663454 0.7226466902819877 4822.063188915344 -0.0005867854266977942 0.3340437722882614
1.4215809805987882 0.6941496241934977 4983.190125969221 -0.00017676753906263585 0.37098935026252033
1.2833093061892755 0.7028848784098 4655.175978563182 -0.00030729598222053507 0.23200147125037496
1.5250339352957178 0.6769173935022996 4987.1075391549075 -0.00028937936105723856 0.3309832540358964
1.043943461261458 0.6982919921610647 4984.669055263661 -0.00037691800237216774 0.08884341782344686
1.1405165717443846 0.7216639515999996 4576.465906301371 0.00038334095911439503 0.10993290803635988
1.1864714546724797 0.7047767894504579 4708.056030437907 -0.00029298866103512003 0.12877060559042278
1.1831889017266253 0.7532771062943496 4719.052064382203 -4.14880787901328e-05 0.10850777022186123
1.305932361649866 0.6966889592754174 4768.892799969246 0.00024051085708629412 0.32466351458358206
1.1260757453579258 0.7274212885089133 4598.100742615211 -0.0004910170801307138 0.10252206544078304
1.1592207218462667 0.7057486235831877 4354.459930445784 4.5151636957722164e-05 0.15600679654894256
1.3149819394498508 0.7207922251803686 4709.092008492944 0.00040749127387154193 0.17952086415293897
1.2826174063468077 0.6947619038118986 4757.026354492612 0.0001454940719319187 0.3110876137466511
1.45819887933914 0.6929806852413907 4803.555635573668 -0.00034430481079961536 0.32621305630408176
1.149932055052006 0.7187647607163038 4552.665651102696 0.0001395229671497737 0.10246635799968694
1.3470123585578757 0.7076286384432479 4836.880039393415 -9.91895057390995e-05 0.30996381244624416
1.3007574250538525 0.6989203517881777 4959.690246284696 -0.0009767116749666725 0.2860178165635664
1.3675376647448876 0.6697760319220953 4790.838016146973 -0.0004567346997351474 0.30721863230741303
1.3958428714538365 0.66975853990166 4910.313939752172 0.0006284174679485941 0.3018475374151933
1.1575143851099932 0.734229367761862 4413.051442194744 -5.333970758390628e-05 0.10121054855979363
1.2640539506075221 0.7441404740903189 4959.307953638241 0.00021448907738741652 0.26393189012450824
1.2091353885760117 0.6757217099875992 4138.0977953415595 -8.105579822576263e-05 0.25221432171379177
1.1905451831507428 0.7474229729783277 4719.075681765901 -0.0005737349449605747 0.1071699405823798
1.2871369008956421 0.7313526271060351 4941.439413939793 -0.0003054042024436644 0.2924077843022786
1.2789200102188172 0.7373656962565979 4977.8158321195 0.0009348910156841603 0.3082248091423822
1.145165021822491 0.689573373279976 4809.245503017154 -0.0002417160516682121 0.1430328876699421
1.141829360644429 0.7222875205377781 4934.487686544713 -0.00022844079046298226 0.10623491739844619
1.3461078999247524 0.6705366545221635 4622.81602086397 -0.0004729041963369899 0.2803075882657637
1.2095067264411994 0.7018922917585708 4438.247985427145 -0.00032275092621603167 0.1738886928311995
1.1539829915346895 0.7371044685607883 4607.417566050022 -0.0001255539676007867 0.10509951313392016
1.1518892579842497 0.7331421715104359 4909.159982238744 0.0006285013442315309 0.11050063851011879
1.3852525102470008 0.7435342165993871 4719.944589833511 0.00040113914780042696 0.3420250472762604
1.3273898247837275 0.7248423467842623 4841.749308818022 0.00015458982322747567 0.3043868975263559
1.09173879794497 0.6945445329240114 4984.546603991176 0.0003053355959837794 0.10028226955770461
1.2199696123076436 0.7423033738516901 4719.7057059421 0.00016637821399530307 0.1175341251735681
1.1465388146997366 0.7414526507622672 4741.435406463575 -0.00023484862762059253 0.1043185439741508
1.3068831719646885 0.6981119788960486 4966.767091865283 0.00020557579244091448 0.31600639597334873
1.2881999362858407 0.6908539942749369 4311.858457904626 0.0006011929882411856 0.29987274394767804
1.2355793783658462 0.7416101218197084 4510.143896557395 0.0001291412597784833 0.12419807513153638
1.141299204201847 0.7000449364471856 4329.814170038966 5.5707896023247285e-05 0.11856765258632528
1.3615379882804706 0.7219424446175245 4775.912957089178 0.0004475903855494853 0.35263750980316727
1.1281689469399532 0.710798812836708 4977.900704726423 -0.00011989119699533753 0.10344057589365235
1.1002175143230386 0.6934298564632196 4484.083444186098 -0.0006861546203560928 0.09825618416379331
1.1568177858056852 0.7296294600406014 4395.422690692581 0.000254687846298108 0.10412998260344383
1.3082174397648603 0.6738305207785862 4967.86636951057 -0.0006393654928350094 0.28637451713410833
1.1876505018203591 0.6946459063922719 4946.730737250978 -0.00036920904851736207 0.1535564204903807
1.3069456849045247 0.7258936021683453 4919.999613583321 0.000228454614213369 0.34177259813458066
1.3067694806005543 0.725592441374613 4323.231942805809 0.0001860193260085433 0.1669526268582317
1.1576560851927518 0.7236376635989077 4668.827236959308 4.91170352748062e-05 0.09934758678349206
1.3140690509400255 0.6858263419321805 4868.992296192412 0.00047048375268486073 0.308601677559278
1.3575570474145837 0.61104601094026 4456.702216042636 -8.89119917334772e-05 0.23145016846754185
1.421236938360248 0.6219317724164641 4886.645809553982 0.0004149641886277405 0.23780886528274203
1.244421782270857 0.6961853462574819 4913.711241025667 0.00016440922178316493 0.20696157752432198
1.1615752673949546 0.7367382180684314 4983.548615463351 -0.000281707703889139 0.1118996737841445
1.4166393941774647 0.6134222504635807 4920.411835826888 5.009027173267987e-05 0.22933937045132496
1.0531725467191682 0.7000138551990026 4915.176785380677 -0.0004129749144104714 0.09180078459809603
1.4237822682335275 0.6183699956996342 4992.931566144896 0.0001280313255578936 0.24228231689569013
1.3438147718055657 0.7096558867288804 4511.730858147645 -0.0003972420556429231 0.28433534170827046
1.2004646548012303 0.7309394868908035 4824.742765475469 -0.0004171806351333177 0.13713279582730434
1.1073589339274215 0.7393633373586319 4797.878973653353 -0.00010989943548763255 0.10442330007250812
1.326843872149404 0.6989058427085135 4524.36721406983 -6.897131089825674e-05 0.2817458255699629
1.4911765549614482 0.6655042968355879 4536.381081023944 9.524320753988468e-06 0.3085917400109801
1.3456441101368297 0.6760601880119665 4601.807396787095 0.00012196629544482661 0.3074375470289648
1.4167843053855491 0.7008189363306725 4840.094558518321 -0.0004519799296975798 0.36548512072703987
1.3623430619527057 0.7176918078376822 4592.964592030682 2.864977875672607e-05 0.3148127982567965
1.1524428693352051 0.7373723089384698 4452.821887595678 0.0002085870474792026 0.1145045105853374
1.2602412858299883 0.7288221327963839 4864.333833406096 6.816314082640248e-05 0.12133364163966151
1.1871931104121045 0.742411117220877 4607.908242942604 -6.729793799210952e-05 0.11055082418775417
1.3712165595572636 0.6915150668253566 4736.67220540221 -2.4095182588406938e-05 0.342909991549514
1.2096920056545577 0.7151288391878328 4883.246929909689 0.00023140144733426778 0.21274450130402928
1.2921286350855863 0.6648322078496571 4929.5335975147045 0.0005392987104221885 0.2773556382524374
1.1825183604255824 0.7013756685303105 4934.3298989739005 -5.0337833156128685e-05 0.1240794749545869
1.3018090286524628 0.6958760280085355 4734.83078485564 -3.390043327782634e-05 0.2899896291517963
1.1043984722430236 0.7030447663138157 4732.1127627982 3.380538838327008e-05 0.09821760180192493
1.1380001567844633 0.7322278545829828 4162.94351182769 9.732399156433913e-05 0.10797763105866005
1.1930146679365081 0.7341620997894993 4445.241572896981 -0.000260193604911512 0.1086216369422855
1.3485437517255414 0.702650552910744 4784.177044631675 1.734239168002628e-05 0.30851997628402
1.379911910676534 0.6752076071837448 4815.124483647734 0.000231486632594782 0.29511851153584406
1.0740309622118103 0.7113692594320219 4922.70377971169 0.0001494412968565051 0.09620602145150851
1.410408385536817 0.704697688247149 4784.343962383389 0.00046126587074041687 0.3650043909748259
1.2347627294850856 0.6918299949676315 4506.147971478377 -0.0007103809216422037 0.1775921667992199
1.2519528575848509 0.7135129822675803 4818.034281311467 0.0001080736947668998 0.16097698076660288
1.311247485517796 0.7026240495409206 4886.30898241146 0.00048009845310273197 0.35434664862133697
1.2500040939446353 0.7193472411418442 4941.239971706005 -8.922119533290785e-05 0.17952528413006053
1.367801197567184 0.6805106013707949 4951.751114224115 -0.0005192315816101843 0.3138484386507058
1.4253606103207241 0.6834524565931219 4815.214565841716 9.285078680081952e-05 0.322323358302265
1.3196258670402585 0.6990891308593307 4937.490052666726 -0.0003833604034682411 0.35673584281076853
1.5677048052428062 0.6907800996364462 4806.810629654184 -8.571012011856271e-05 0.34777295374431216
1.2791585723341463 0.7236393138508658 4799.06142952284 0.0001622760052153134 0.23788051454269077
1.3506863317706728 0.6780813418950697 4676.427505199476 -0.00012601524265584934 0.2898232946599705
1.3215733924105515 0.7045531223620785 4919.298294740419 -0.00020157697732211811 0.31845285432831194
1.3598331989090349 0.6711357160061024 4939.902396016698 -0.00016706094379930538 0.2975656951724652
1.3555982992111129 0.6921953807576982 4953.6269332749835 0.0003768954577181738 0.33079031297316236
1.05960902729734 0.6766725466946315 4677.332948947699 -0.0008370648521679393 0.09030243956396673
1.0576017511736489 0.686453422895696 4677.031718407574 -0.00014817338672825948 0.09278905532040199
1.320606831037628 0.701424481528205 4919.115774789334 0.00022487225338146738 0.3109361979352051
1.2841259761623423 0.691293791408826 4981.122930293807 7.722326334159116e-05 0.3084933725526586
1.269965910819585 0.7306870900935205 4728.2307318883095 0.0005787717140376887 0.2949035647118801
1.2673691691212996 0.678620990008545 4819.76280192816 -0.00022865169861648927 0.2605852359285568
1.2832749904784608 0.7251140706067221 4871.486332166107 -0.00036283965619728314 0.20372678336864192
1.310681535500352 0.7067509300179438 4449.614798354401 -0.00022923614168061205 0.27889979795573444
1.3500991840565817 0.623490228900949 4948.809088824564 -0.00014407968134924325 0.2443388052807386
1.068649646000746 0.7014809235159482 4904.769927207974 0.0002466419604867729 0.09974956467282863
1.237552323973463 0.7297240654390637 4961.167585310355 0.0003413936839201279 0.23544229584123427
1.2267464698470003 0.7054199107721859 4824.772799088616 7.930101288274516e-07 0.15107547235098803
1.070049152610856 0.7214928463905353 4629.583615608841 0.00022505305339287502 0.10015625056884767
1.4086961647181404 0.6761481146246021 4911.559147533478 0.00012136968033404963 0.30169235972626784
1.1617344572738388 0.7254679091913351 4782.312519459303 -9.244312951646275e-05 0.1142460817450931
1.1218917945751845 0.7156155386258087 4676.155418383723 -0.0005784075573622361 0.10225030883923397
1.3859224371932126 0.6451976396971514 4905.462002435648 0.000328498638440014 0.2665008686990379
1.3695563299165339 0.695900834803322 4804.599025394961 5.387135803038671e-05 0.3394007828310597
1.248524553096778 0.7348415254900572 4969.6625138122645 0.00017323796590737732 0.11680333673520213
1.254299583907345 0.7143418824550734 4725.570001409588 -8.623303742145503e-05 0.14897545118273664
1.337858135085134 0.7111386350106981 4877.618229915758 0.0006287777645635185 0.2666253851070733
1.2191596873286916 0.7178733885851539 4852.984725632904 -0.00020561563150909074 0.13426107559343048
1.2234148188973548 0.6983904590302201 4663.203478763351 -0.00036671173242841797 0.14918207547206783
1.168488370258343 0.7226596582555599 4709.098214309436 -0.00021547400728644811 0.10065425665718218
1.1824249643333464 0.7052082447634991 4731.6359873664405 1.9833071297567877e-05 0.115529820030152
1.2503249264149188 0.7137711118680712 4663.258195748518 -0.00016158899506353257 0.19722635361596672
1.2017115170873631 0.6998797156799176 4787.594006605041 -1.3398308405883508e-05 0.2083262385069502
1.2454168246077908 0.6957720345945962 4804.754746802003 -0.00010625359696628916 0.15306661063893606
1.2072814291011893 0.716911587900051 4739.485013319114 -0.00014924616439837652 0.11469355335043074
1.2616861055957802 0.7189257146554148 4891.527116028417 -0.0009048521457334747 0.15617107008045777
1.2147551913548025 0.7243798130425938 4937.395407140128 -0.000352122415733174 0.18713722940877411
1.234216866320084 0.716359750733392 4852.027072178806 -0.0008872783229482879 0.14404111946731046
1.2779050611957485 0.7372534101168211 4982.702982913803 -0.00025675982563290564 0.19354010539391178
1.208264615459746 0.7218458847140867 4847.804448645566 -0.00021582281984530594 0.24311008078127228
1.289148776736255 0.7242358243711149 4815.183634564037 -0.0004446939263944364 0.18849380085290418
1.3079936498622688 0.7521770219438959 4978.532569491681 -7.48199773597427e-05 0.29008691143004806
1.3060534863729323 0.7415355745115487 4982.247785751886 -0.00023745891386312617 0.26428595132497534
1.2718373704236579 0.7253478802030988 4992.947125911994 -0.00020514196215110225 0.26075595384107864
1.2576534356723623 0.7052747500791634 4923.292848650437 -0.0005332091565813542 0.2585967278568827
1.338688162557757 0.7477352253943101 4895.486988073143 -0.00018519330966887293 0.2353548347270975
1.2253124508498063 0.7172756074861506 4677.65935989921 -0.0003142545141225656 0.12340663924775283
1.2253124508498063 0.7172756074861506 4677.65935989921 -0.0003142545141225656 0.12340663924775283
1.2471758874516843 0.7284260031967904 4884.311991414903 -0.00019239948915894753 0.2208349537628167
1.2680345382161038 0.7272640749340438 4811.830866843576 -0.00019553110025329867 0.2643718884280258
1.287940823340808 0.7410541879846873 4872.148079629193 -0.0005846060425418428 0.2417283633711692
1.287940823340808 0.7410541879846873 4872.148079629193 -0.0005846060425418428 0.2417283633711692
1.0494328144163172 0.7019701432225144 4849.505058551814 -0.00023462352908216953 0.0942061726231646
1.1320545294824327 0.7154273512176463 4853.453013498636 -0.0002914820295527412 0.09876279784523914
1.1281501982545201 0.7151348680340979 4802.319463887172 -0.0006095690578585263 0.09771553941996221
1.3276631499400737 0.7502009486049087 4526.374651147697 0.00022525660099916072 0.1840119828100839
1.2873272626572283 0.7436670226646793 4581.730508670048 -9.020854254073932e-05 0.1504322404149823
1.1969319774122558 0.7444719430572971 4796.022705722162 0.00014270272217623166 0.12561698666755566
1.1968460715361942 0.7260942378868344 4739.790192673151 0.00018936210266646327 0.11660536831041354
1.1638228626479767 0.7141576477675022 4803.541067242421 0.00023716386556404918 0.10400400556193104
1.2019976663487102 0.7507236670167448 4806.707941107994 1.1071250020310527e-05 0.10853480201826288
1.1301669203730698 0.7407517042594916 4803.082040421042 0.00020970399940243244 0.10124418456279542
1.1832012393757838 0.7245203227390816 4796.986771009865 0.00018145147350953283 0.11241105894988838
1.2932317035699044 0.7390422817992528 4869.891412952449 0.0003092655288360794 0.18747203296083498
1.2762142529666238 0.717797303337796 4821.590238862097 0.00041232928839870966 0.15579530524818827
1.2942581926951364 0.7522626406087347 4895.584082403944 0.00010663261094276942 0.16205634914524503
1.2334639236863811 0.7138355363615828 4937.647211862717 0.00027324509469027686 0.2247841530519487
1.2334639236863811 0.7138355363615828 4937.647211862717 0.00027324509469027686 0.2247841530519487
1.219928204835665 0.7195079713514237 4903.208925315181 0.00014379584236436915 0.18276408188789367
1.219928204835665 0.7195079713514237 4903.208925315181 0.00014379584236436915 0.18276408188789367
1.1787351947668823 0.7270611676427552 4999.569222587474 0.00023682833488500765 0.14232582723210113
1.2684246472903586 0.7202192600293391 4975.316685379336 9.860391254507505e-05 0.19509878163120992
1.213961005486895 0.7236196179871142 4869.241297314802 0.00018778842438754877 0.1185731834000014
1.1179825579644813 0.7031094395866617 4987.018476749394 0.0001820191120291246 0.09750263972632238
1.2135293728977345 0.7237677353196199 4968.366370751091 3.233352350828961e-05 0.18810445997222208
1.1711841355297514 0.7391479222624313 4958.2680856165 0.0007832576040365115 0.10594547526350113
1.1092050969757827 0.7157941069013737 4899.046339503888 0.0005276043016332106 0.10107177039294546
1.2438558602112233 0.7112015762651213 4899.584585622739 0.0001746286329151135 0.12580608037131696
1.2309074158015705 0.7323157590733144 4853.567035921298 0.00015325364046476377 0.12329998176383161
1.1672816010278684 0.7471610794598087 4926.235401957254 0.0004262893170286487 0.10803845158199292
1.2743000458266687 0.7473511251406898 4985.646114143518 0.0005378705058156299 0.18203050416795233
1.1045862832294584 0.7157022216377636 4868.4735833739405 0.000505769094493473 0.10859782035556986
1.2031625589581338 0.7057290486889944 4936.38651533848 -5.560527011667777e-07 0.15428975514625726
1.2189353619540175 0.7118706953768636 4995.5445193155965 2.644478772101517e-05 0.21490679552503222
1.3818099251266025 0.6571439160187291 4968.810414012811 -5.515519723921666e-05 0.28768107778897706
1.3404158747895054 0.6976307474792601 4941.5599653540585 -0.0002480566122185386 0.33021045070430416
1.3864735137617283 0.6743809063148326 4937.302357133014 -9.423189203408081e-05 0.3021785479673969
1.3780639205582417 0.6837856782749663 4811.889283034168 -0.00020740815309902558 0.33981538014962903
1.270235774830036 0.6830593215951067 4974.081599315162 -0.0003012025891434574 0.24745130227654133
1.3484798574560417 0.6621514876623036 4903.324547791726 -0.00039300546553525524 0.2876263060526471
1.303597390484407 0.6849053809339573 4859.473678447612 -0.00047692784952858456 0.27444617573504637
1.3693342076539434 0.6683809669586385 4902.885180569009 -0.00038164832516668205 0.2985242213472105
1.38649100782805 0.670243991857488 4911.476225675689 -0.000617491298935214 0.2958201053688136
1.3801061201142053 0.683864642928631 4992.905367645445 -0.0001012459227312887 0.3266267990890754
1.2738386407819555 0.6875990897438647 4920.957200001203 -0.0006316003356974802 0.26109945552981034
1.259257835753738 0.6927956315155003 4966.087619975742 -0.0001172391184092962 0.20944618115221014
1.2738370165933295 0.7048806185553103 4941.580196472775 -5.4203563497355835e-05 0.23492786051012426
1.3617549233193027 0.6751447794295113 4992.864867071689 -0.00016040417801535943 0.3111369121639895
1.2462422083169278 0.7094824108300414 4989.231011859272 -0.00010411334278450018 0.22747757462621054
1.316217521508517 0.7041452059993831 4975.40301143781 -0.00011531404513772959 0.2847943487856872
1.3709392030407268 0.6565660466169925 4966.99330532369 -0.0002970560272910849 0.2729439430718775
1.2858763709135155 0.7039085513909293 4903.109183213979 -8.421725413040733e-05 0.30023106568001845
1.2895120235563118 0.6963487940476205 4811.987669738541 -8.744976476181129e-05 0.27890683491931456
1.3332056971172959 0.7051679134114004 4815.635396114416 -0.00012463090007246402 0.2637538722720391
1.3297215713032178 0.7244505642739054 4827.629097033546 -0.0002220719474753361 0.3955269757269626
1.3856869270094376 0.7289447080836191 4806.259099255209 -0.00023110245035001069 0.3134599887857536
1.3254434818582108 0.7179502340463999 4794.008273766783 -0.00021666625082400899 0.2886541485653338
1.3267130657047792 0.7282448734576578 4891.743180703733 -0.0002514943574556745 0.3209723965835
1.3267130657047792 0.7282448734576578 4891.743180703733 -0.0002514943574556745 0.3209723965835
1.4024837079885768 0.7060118898042149 4805.361063630875 -0.0005342104035218044 0.4054118897225444
1.4239326356036874 0.7200673862458095 4891.506867665316 -0.00044048167169343313 0.4431004580156818
1.2849928199895684 0.7097717636460166 4796.894551943214 -0.00014151174030665523 0.22296202649745
1.3399489669174205 0.7215336182787898 4821.50320190602 -0.0001717210290108407 0.27809941225327356
1.4722836444945753 0.6957528862718912 4709.974561681061 1.9870991444589022e-05 0.3741503922272388
1.314708437415352 0.6997194373108161 4449.711047408371 -0.00014959579511614302 0.2725719385404122
1.379743225584507 0.6589716215196266 4737.804804461172 -0.00018827319196754104 0.2776813078219959
1.3874679967124335 0.664574472305643 4777.0925423039525 -0.0005433397509116499 0.28208774855872687
1.3776372004362867 0.6846991915343341 4784.093835207875 -0.000752065145518671 0.3207421373459268
1.3620704378888853 0.6482341324235745 4837.398567686096 -0.0004678726030605148 0.2731265795855534
1.3600140362772208 0.6773856059205174 4663.344379500499 -0.0001361462611379165 0.3142776480306916
1.259881663091801 0.7120128589478368 4902.734205486868 0.0004058878363114305 0.29985772415441775
1.291326224429632 0.6851069584727629 4920.384977243044 0.0005258240391617213 0.2851410059803644
1.29873415808723 0.7243062069999513 4852.278172559102 0.0005741306206426535 0.27538524548187043
1.315156456347271 0.7192329963369143 4869.077561515173 0.0005339745788968121 0.22602140866293569
1.2993493576862933 0.6882331968302756 4902.988787611698 0.0005098316761683977 0.3159538138683906
1.2993493576862933 0.6882331968302756 4902.988787611698 0.0005098316761683977 0.3159538138683906
1.2859875476928229 0.742513305080602 4891.550770364098 0.0005730993307282077 0.23656140668807274
1.3203426671093754 0.6830111881821501 4927.47507450229 0.0004322184926662993 0.32578246722520976
1.3480105671043683 0.663967089714659 4817.65595191872 0.0005403695809514841 0.2841860987197487
1.3480105671043683 0.663967089714659 4817.65595191872 0.0005403695809514841 0.2841860987197487
1.3290905321674527 0.6816312006790358 4910.487537133454 0.0004570691921896404 0.28695867176517637
1.4116497738040175 0.6955918036471452 4899.169554876873 0.0003582858054794626 0.3375309699146713
1.3738810742288143 0.6832863625199062 4980.086118422821 0.0002219772519857136 0.3339851110866988
1.3104178370629562 0.6892256209769481 4887.769770466397 0.0001272734505612014 0.2693348891250773
1.3441181406127363 0.6787967361143489 4968.489182192463 7.06970935671147e-05 0.3079891042575063
1.3916712828712 0.6578570877259977 4937.177412688096 0.00015962767289815096 0.2815656838601434
1.3576978581935564 0.718576269362458 4872.469565905466 0.00010725093376962638 0.3774829917269265
1.3827831821103373 0.6988009444886939 4901.226967465278 0.0002883458941055166 0.3333546868389329
1.4447071597768173 0.6767587418291495 4797.18232497949 0.0010728326424278114 0.3298558289270154
1.2782944196214099 0.6881980197575587 4942.076437633041 6.703815255344654e-05 0.2761954747027363
1.3308807612886548 0.7039883457436311 4852.779453000223 0.00014630460024661553 0.3056437187510432
