chirp_mass mass_ratio EOS alpha zeta
1.3422538128341477 0.5141395798823013 4308.662220183554 -0.000331567287003409 0.008655086260848426
1.3533472255148675 0.6036676980810941 4532.196616568165 -0.00039046815560243967 0.00990832855979469
0.8398265591939369 0.4482271205379406 4376.724207133908 -0.0003884852964049111 0.003920203895636524
1.0148823121449668 0.4695186460491512 4442.409070331272 0.0001709938183581248 0.005303870281505746
0.9804213374722721 0.4422584110012595 4739.521140089098 0.00023403659674543393 0.004958996597136094
1.1113793952310562 0.5540267202159329 4077.5484801458115 0.0004894279380038668 0.0038752882860418566
1.3401448628433181 0.5349807167516424 4598.998681790361 0.00014784964115421113 0.011369922964282056
1.2214939184239049 0.5760356093616914 4805.1619353173755 -0.0007453612611567755 0.007493234816328268
1.3053334423826026 0.5562698441142684 4878.418521609992 0.0010082249879738501 0.011589496946156552
1.3973217322959401 0.557082053534655 4496.491862624977 -9.023617739067492e-05 0.00925332175346306
1.2527444798159892 0.4632242153734371 4023.3483540048037 -0.000678965329579809 0.006760058648588935
1.376052576582444 0.5205678298519638 4095.019937815571 0.00018451596453827553 0.013450852947322383
0.9479211394215926 0.4819905688991635 4122.14026552964 0.0004363916276073428 0.0035510393149500463
1.2323501795982459 0.5428345915789707 4012.50738655662 0.0002277930930588693 0.0078974400611228
1.3938143949204278 0.44336737383397656 4150.038829101073 -2.499054985256e-05 0.011279747701029732
1.2037819455101042 0.5378884052299222 4789.834327400477 -0.00043382530573144395 0.007933277121705818
1.3442249592573439 0.47766546482460015 4162.042614277376 8.833218048434083e-05 0.00822581574363202
1.0316887179303509 0.45018507300599164 4571.655554072673 0.0003392966698709194 0.003823712262074407
1.4568678865247033 0.5524039731410522 4305.030652500718 0.0001850540734044713 0.010271824127255266
0.966321442973909 0.49393766420306306 4178.585097683755 -0.0009243840294856313 0.003588081286172483
1.2764406827367445 0.5778198768613818 4835.739968144714 -5.931077741028044e-05 0.007240779294571706
0.9620827812161484 0.5116197631678747 4878.701393481099 0.0006076288726911951 0.004407393223325072
1.298311109012018 0.44377380007317574 4169.817311855487 0.0005662500138878863 0.008569443148922096
1.270096318429127 0.5236264412749441 4032.850573740168 -0.00011993974550087883 0.010206899411252718
1.1243125882535046 0.43842111392675276 4468.853814513559 0.0001802899058050833 0.004233139612370131
1.1831407760971135 0.4532236958557287 4513.208463452933 0.00016401512918716064 0.008046455610718836
1.1052095227474037 0.5601684541183112 4421.128771471951 0.00012025559751809656 0.004527901045190352
0.9593239643511909 0.5161987817751783 4623.902785672953 0.0003818827012216541 0.004602185867323409
1.143955988046371 0.4669547389047626 4382.054911055552 -2.8635286527639156e-05 0.007157255446710956
1.0581722336867565 0.5171013564574907 4584.682709089286 1.990325413062348e-05 0.004664800091839104
1.3570758260064024 0.4830686727167381 4399.316218301561 -2.3923272798684956e-05 0.011701867321890635
1.0506981231757067 0.48059685506077904 4682.433893548731 -0.0005309027629764963 0.0034527416908995824
1.0692015255504015 0.5285220959019838 4855.1663135137305 0.0006924897387354859 0.0036860889109329555
1.2889383214093484 0.538087978001662 4622.167758948659 -0.00013169433174651377 0.009804064462773888
1.0108173033442394 0.5240918475638634 4776.83090949298 0.0006770580655533321 0.004523805738414968
1.0675974296419408 0.5619553951466213 4859.472304839794 0.0006784666073536335 0.004268265272764914
1.3332221002799196 0.4818249301241635 4483.867652190647 0.000201780196509179 0.01100606706859406
1.074903345149695 0.5279829860495062 4815.962496239612 -0.0007093169568217625 0.0036049456246985403
1.4121588864658636 0.5932547205821959 4926.873447759241 9.180653733846574e-05 0.012203428030540966
0.9360375813269404 0.4767105573529184 4136.744508506975 0.000832966566566172 0.004501886150339108
1.0006812282300022 0.5152029623730304 4560.343892905091 -0.0005549795620496795 0.0043964950528059075
1.143842432633137 0.4727482847152252 4350.703058903029 0.00012348496897173324 0.007139876786404509
1.3645187989642484 0.5214866410310888 4852.036225330565 -0.0002600797741462607 0.012079091349134801
0.9382347565392775 0.44970106183899794 4168.158254947608 0.0011426819246738967 0.004063269509462394
1.303483092266672 0.4523258087592348 4392.829394800714 7.424512896566321e-05 0.008918946772978567
1.3790421546469251 0.5157863372571493 4408.289937797198 0.00012386970195862396 0.009565532816719671
1.083976702428005 0.554515476608454 4053.3516341952172 -0.00023341110876993874 0.003932689571350575
1.3757108723550882 0.5743583982268509 4217.255916490992 0.0006480802744098812 0.009499786358655522
1.4051115409138855 0.4555117519445322 4142.91085142729 -0.0002618270150840839 0.008702225246952517
0.950154630620867 0.49547303915965757 4675.445552192755 0.00034336000324022495 0.0037880686424735916
1.0189577078285834 0.4812677722908574 4625.4809026642315 -0.00011039130484978126 0.003556410246710758
1.2991912419300038 0.4577961759770691 4344.927823710896 0.000495433560977566 0.010805023323243413
1.0657511803410356 0.4610877459895708 4685.902949597063 -1.6064289989938323e-05 0.003550192137780132
1.2169077230915795 0.4490264274321449 3941.178353805281 -0.0007218189571188658 0.007094524925135678
1.0253857946501634 0.4485192891548463 4550.601121617651 -0.00026053833807265444 0.004119838301190331
1.3135400326718352 0.5446227911167141 4980.547326898248 0.00045054095825170474 0.009282594410271048
1.0815801702905312 0.448331932590215 4969.216432347984 0.0004075154007426248 0.004916281228040239
1.135271462936368 0.476472781066409 4561.219103106272 -0.0005115253735791898 0.00653464692776357
1.156631938663562 0.4712004943644227 4073.170457311544 0.00010126521575152641 0.004415009976648376
1.147013957281012 0.4682258486626181 4434.819711172381 0.0004833622483654825 0.003778423273034284
1.0570503317195836 0.5074148760323534 4462.075400929848 -0.0007160050358709643 0.004362051889172202
1.2013666689169964 0.44834112488036504 4291.544811350032 0.0002645684240023748 0.009735983752031637
1.451276658131872 0.4724685264238251 4060.586898766201 0.0002724112563841627 0.00871903857317651
0.9286517712516132 0.4589715343178168 4615.316227928402 0.0004154983280020288 0.004387190089543606
0.9286517712516132 0.4589715343178168 4615.316227928402 0.0004154983280020288 0.004387190089543606
1.1631227099550885 0.5080139093686712 4614.5458438552405 4.9903884428463706e-05 0.004826649288610418
1.3885610287567278 0.4996408869019452 4344.983820084356 0.00011023883766082777 0.012930535948910162
1.2494938140276552 0.5426279018611797 4021.9630126202846 0.0004089364141642265 0.008162726582990084
1.0143823240913552 0.45529993564872323 4908.217959171963 0.0004182513595494312 0.0037669114122837266
1.0108407637314698 0.4643615403715128 4741.949978232594 0.00034459096799401636 0.003351541601159757
1.0794983238281852 0.5482684450289451 4303.849498974513 0.00019393082636743328 0.004615181236390805
1.3233098300191188 0.5570526688749593 4249.833336858809 -0.00042837612111604537 0.006420672663775154
1.4086096844945124 0.49223324681121666 4030.7625897629478 -0.0006945567309131139 0.01205535789057512
1.0509584267009462 0.4505902711885744 4778.787921781245 -0.0004348616979857523 0.005084308610684082
1.1647745652694947 0.4448860039565262 4728.921401161375 -3.66215497710455e-05 0.0066332522794877585
1.0013969675816603 0.5241791994403677 4778.668872606162 -0.00023235744724611892 0.004454744054227256
1.1845944347399844 0.4556948735961291 3941.3188184090545 -0.00028014938269372674 0.0053857783990401645
1.1845944347399844 0.4556948735961291 3941.3188184090545 -0.00028014938269372674 0.0053857783990401645
1.2540680431371238 0.5862524500630515 4306.536224932348 0.0006424462217058607 0.005887256410175979
1.0378021302866114 0.4712956721365579 4592.062783445849 0.0007800820376990756 0.004908334509271451
1.1421639523055076 0.5228435490796948 4535.095206371304 0.00036242817822358127 0.005636310704925834
1.3548009533617664 0.4581866276679784 4899.997615481802 -0.00026945038211592746 0.013027844907275243
0.9983249881466458 0.4878896709557793 4929.484184638664 -0.0003823815192247549 0.0034813524090654665
1.0190799518712628 0.4509746306371978 4725.443866285958 3.0324116746928293e-05 0.0045695096260633394
1.3440883083379047 0.46205463308737776 4251.236400857597 -0.0006943821260051402 0.009706994649646633
1.2499877317292865 0.48670015017479545 4486.642208522549 0.0011971360131890238 0.010521120701903173
1.1932954134944835 0.48040506779448805 4186.754241373221 0.0005358822623852689 0.01054100918828286
1.3338826875844363 0.47684117477212373 4164.936345543209 0.00037720888946876787 0.007151809046657084
1.2291309692585652 0.4659797405755962 4265.031840442427 0.00015955718434368529 0.009556723608600659
1.2708158568104628 0.5278941586815384 4474.8634186866675 0.0003958370887633576 0.006901627081403309
1.0726056083738604 0.45898670395343516 4842.265341506003 0.0004510168640748409 0.004796855831428656
1.0726056083738604 0.45898670395343516 4842.265341506003 0.0004510168640748409 0.004796855831428656
1.340141055914764 0.5147742783820086 4960.12285076807 -0.0004536679253842039 0.012261188651367317
1.0372420926786508 0.47445056766321947 4654.5748276263 -0.00021506229574543508 0.00485145570043203
1.0372420926786508 0.47445056766321947 4654.5748276263 -0.00021506229574543508 0.00485145570043203
1.147362865695254 0.5134881871011596 4853.427666131952 -0.0003914900217374223 0.005511760894903204
1.4251797763292697 0.5301857090452311 4603.426534746729 0.00031808784698876406 0.008788189010614296
1.4251797763292697 0.5301857090452311 4603.426534746729 0.00031808784698876406 0.008788189010614296
1.2426925663388797 0.5076529240844709 4678.841480345375 -0.0003255498657250937 0.010199068305076633
1.2133994473090448 0.5120234049349923 4584.138292483083 -1.456787388094265e-05 0.009620078520680959
1.4103097556618298 0.5503260500604719 4568.757020003454 5.8227026213548344e-05 0.011351997551944723
1.347317557219812 0.5277914637555848 4442.146542325418 0.00031140531983971873 0.010711980390399766
0.950105289697253 0.5073536415292346 4947.9412923536 0.0005173263391501476 0.004221981507134154
0.950105289697253 0.5073536415292346 4947.9412923536 0.0005173263391501476 0.004221981507134154
1.1271544264573454 0.5327017252965116 4286.274095534416 0.00031736165273998137 0.0053851058897588545
1.3596874472642888 0.5048611580248245 4524.943341111491 -0.0004857361153488779 0.012354438855520794
1.2301207203857103 0.4705240983685862 4332.341699264566 0.0005179570217473031 0.009083542758220495
1.3425012188496215 0.5692061298340856 4321.47936547217 -0.0005750324166361747 0.009110156354850442
1.3507272370275598 0.5392716156918311 4581.996129774116 0.00016183150728963267 0.01047362593005842
1.3507272370275598 0.5392716156918311 4581.996129774116 0.00016183150728963267 0.01047362593005842
1.0118081073896534 0.4550369869174193 4968.639967225986 0.0004394977447492662 0.0036366015635460745
1.0118081073896534 0.4550369869174193 4968.639967225986 0.0004394977447492662 0.0036366015635460745
1.16254120991517 0.44989156057883845 4799.029207467267 -0.00037674151579332693 0.00539024104401766
1.319623683762417 0.5158842117050515 4837.033837212492 -0.00036436986277928147 0.009617152400892478
1.319623683762417 0.5158842117050515 4837.033837212492 -0.00036436986277928147 0.009617152400892478
1.0081010360070766 0.4487466734815478 4546.291429792778 -0.0003939601208345373 0.004028407122830212
1.2593228708944724 0.47853614982480536 4737.331428996596 4.725755746321801e-05 0.01156195468715135
1.2364907264963518 0.45740061038232865 4889.58344915085 -1.9958653658956228e-05 0.011336274108789055
1.1012294291882918 0.46010722639747814 4674.647031022799 0.0005972519741265878 0.0051158803377810876
1.1012294291882918 0.46010722639747814 4674.647031022799 0.0005972519741265878 0.0051158803377810876
1.2537383419322248 0.5241659981791619 4773.588447005739 0.00038940097731967054 0.00663810692858116
1.04076870930251 0.5003695356178803 3986.785380424005 -0.0006914387895013618 0.004037046613929107
1.2614832322065173 0.5076520803851012 4808.368173059026 -0.0003006318708505067 0.009680678339630955
1.068499770271976 0.4508436079777143 4539.14431826956 0.0007248371015350498 0.00516835190939635
1.0421130715983022 0.46633733419150475 4541.608415193006 8.877850597085115e-05 0.004672159448717515
1.2121927120336669 0.5287168260745347 4176.8007983101825 -9.799083199141428e-05 0.007750746100502748
0.9323425401288655 0.4573821037851729 4463.705317871987 -0.0003419363149346232 0.004057919566772991
1.3237840441113897 0.5488639603859812 4469.6806682484485 -0.0004771026397095299 0.007696557985355729
1.3237840441113897 0.5488639603859812 4469.6806682484485 -0.0004771026397095299 0.007696557985355729
1.1791778417575594 0.5061041328047886 4032.4238324832118 0.0004502531915307496 0.006060210641921094
1.1791778417575594 0.5061041328047886 4032.4238324832118 0.0004502531915307496 0.006060210641921094
1.1195097689554905 0.5116248485339325 4253.631579715686 0.0006611617876285101 0.003578542709722549
1.08932178703036 0.5016170967354802 4211.8961280892245 0.0003453355067319265 0.003541778387462304
1.279873343828609 0.5207023544539273 4539.239241728164 -0.0006595298122537933 0.010644477849244159
1.3300534533650388 0.503716541869341 4958.453558796365 -0.00035002079054893327 0.00985707010062303
1.0159631707896424 0.5056760414883581 4846.98811547207 -0.00023472848265323625 0.004067727127001636
1.0193485614500069 0.5075649216948999 4221.3488136159895 -0.000706208987789485 0.004135827048336183
1.0997260819137102 0.4924763059818926 4242.276299113323 -0.0003813555150341124 0.0046670254773102495
1.01744449359321 0.48612711283788895 4851.7294105681185 0.0004175702462466793 0.0040232618017857985
1.229915619512719 0.49580113084587946 4474.7442776711405 -5.181832519278369e-05 0.006233158105898183
1.229915619512719 0.49580113084587946 4474.7442776711405 -5.181832519278369e-05 0.006233158105898183
1.2529258356215949 0.4677909550744078 4260.9292962397785 -0.0002768007621701727 0.008513849525606446
1.4046986276525115 0.4732040830375022 4351.919262308324 -0.00035160855558283126 0.009031284723779781
1.1672813630974341 0.524841702853001 4988.507552876108 -0.00037439662526619465 0.006117604566889149
1.0852138206293873 0.5415822684470604 4948.738327337609 0.00012842605153631336 0.004517521076452753
1.3307271230340323 0.5012502025506376 4849.088639505802 -0.00015338079550015685 0.011628030651656813
1.3307271230340323 0.5012502025506376 4849.088639505802 -0.00015338079550015685 0.011628030651656813
1.243939606954346 0.546068408309325 4767.46120244042 0.0005605948359219528 0.005851598794479501
1.2357154181639383 0.5389894955617041 4837.222433226145 3.2274593126045386e-05 0.009585152840381812
1.2357154181639383 0.5389894955617041 4837.222433226145 3.2274593126045386e-05 0.009585152840381812
1.203937185752075 0.5140453841234357 4870.641987047058 0.00027523288000803626 0.0076213189426552665
1.203937185752075 0.5140453841234357 4870.641987047058 0.00027523288000803626 0.0076213189426552665
1.1140487261810608 0.5103219021328802 4630.916487585113 0.00022377988591487985 0.003657038148010705
1.1531174095430734 0.5377310549733725 4905.180533995204 -0.0005479401322232593 0.004537710963961834
1.1531174095430734 0.5377310549733725 4905.180533995204 -0.0005479401322232593 0.004537710963961834
1.180625597097107 0.4577520435593673 4892.328480903761 -0.0001746497393424899 0.008936717703218957
1.180625597097107 0.4577520435593673 4892.328480903761 -0.0001746497393424899 0.008936717703218957
1.2171148171375556 0.4817505370383369 4974.935903063867 -2.917454496895339e-06 0.010762315709086069
1.4072304163326508 0.5571465207258456 4039.029354428883 3.0827959509654864e-05 0.011020572343888757
1.4049086525991497 0.5120182179988622 3985.5883655745947 -2.9489714798089586e-05 0.00961770363770718
0.9646896651895774 0.49401784348800337 4804.977663879037 0.0005124981875110221 0.003593495832929167
1.17220163104109 0.44965322526577045 4348.853202743893 5.2932563562054805e-05 0.006384248413269938
1.2634309800547912 0.49150309892855326 4114.084368643506 -0.00019914715380460858 0.007610413712075056
1.216012223243526 0.4954256203964529 4844.230271996025 -0.00026041283051370974 0.00901899989907387
1.4154185342363421 0.5456531462047851 4643.198243886814 -0.00027794567265076184 0.012180867609588069
1.0739788511629094 0.49567281032830435 4208.538175745044 -0.000298918777956017 0.003940210244942114
1.0739788511629094 0.49567281032830435 4208.538175745044 -0.000298918777956017 0.003940210244942114
1.0184663026930358 0.4893458537793476 4377.935185108144 0.0006624666732213269 0.003953789003916673
1.3575025868606472 0.5118861400575592 4272.203955471406 -0.0008747396518955415 0.009341032076026734
1.1751918529566663 0.4923713333855644 4553.746409870145 6.964104291296503e-05 0.005293223188447507
1.197177326309244 0.48052711023878303 4558.699720824949 -0.000457672823069886 0.005944728780824551
1.3273971227210968 0.5199089427678419 4552.315093984355 0.00035368337249558075 0.008626863885227248
0.99981824077792 0.49911854466936967 4169.94372467822 0.0001621847990543543 0.00397508896154632
1.19533757560844 0.53222940781133 4890.658857044987 0.0003764419139289092 0.007054358133333751
1.4956469791257114 0.49233413059422637 4169.304205016086 0.0005173021733296619 0.010682853665928027
1.1653670432556043 0.5270002631422146 4107.008236686833 -0.00016551654109733365 0.004055995620365331
1.1653670432556043 0.5270002631422146 4107.008236686833 -0.00016551654109733365 0.004055995620365331
1.1603715637977974 0.4623113957672678 4496.756653684051 0.0003525942014032412 0.004402248518344978
1.1710761100598435 0.47576805068053357 4975.186183320834 -0.0005121881580982253 0.006886530441973272
1.1710761100598435 0.47576805068053357 4975.186183320834 -0.0005121881580982253 0.006886530441973272
1.1073103397225434 0.47214108238401864 4920.460248317001 -0.00032425713850820403 0.005762696584222319
1.1073103397225434 0.47214108238401864 4920.460248317001 -0.00032425713850820403 0.005762696584222319
1.2590069661497656 0.5556623392687989 4060.1939619479704 0.00044937669774324114 0.004695413700517826
1.3265135808032857 0.4833926747836531 4632.180685341265 -0.0004161630032004214 0.008997272645397437
1.3265135808032857 0.4833926747836531 4632.180685341265 -0.0004161630032004214 0.008997272645397437
1.2384319855512065 0.5065738534657853 4888.865532407229 -1.9883350416675185e-05 0.010318527045801232
1.2384319855512065 0.5065738534657853 4888.865532407229 -1.9883350416675185e-05 0.010318527045801232
1.0333242565576197 0.4544923326822961 4181.210717487135 0.0005587479354113384 0.0042723428391327955
1.0333242565576197 0.4544923326822961 4181.210717487135 0.0005587479354113384 0.0042723428391327955
1.1622164081699438 0.49883389224490465 4976.968129825005 0.0004941836248810229 0.004945213846553601
1.1622164081699438 0.49883389224490465 4976.968129825005 0.0004941836248810229 0.004945213846553601
1.3683810746980019 0.551034743981452 4415.587429302139 0.0004010829667460186 0.0105758929895152
1.215826537389443 0.52585356197154 4593.202661487725 -0.00026528601237296696 0.005301426434144189
1.1219890719827184 0.44752862115124736 4960.470687645131 -3.988373689709843e-06 0.004473863819158841
1.2071272838812652 0.45520102821486524 4958.45769121131 0.0014196742617942444 0.004863393769082668
1.2071272838812652 0.45520102821486524 4958.45769121131 0.0014196742617942444 0.004863393769082668
1.4882118761076344 0.4949868708033643 4130.456166503228 -0.0002209917738508615 0.00965100574937149
1.1690913894286568 0.5406014856688232 4385.555780884502 0.0002003388166753005 0.004796793982066692
1.1690913894286568 0.5406014856688232 4385.555780884502 0.0002003388166753005 0.004796793982066692
1.1421672838701276 0.49082596945899576 4311.764133356198 3.4658625402551245e-05 0.006329299132408234
1.212097243094747 0.5390384872624945 4193.286805967643 0.0003313155422465904 0.004298058762464619
1.0985311684234582 0.45322169374893284 4867.191435795992 -4.623265999071501e-05 0.005159300784450996
1.3762052306187678 0.5252931806565952 4030.739569569531 0.00022095964854054634 0.010151827878834145
1.3762052306187678 0.5252931806565952 4030.739569569531 0.00022095964854054634 0.010151827878834145
1.3082802192841374 0.520725760673132 4814.430958298957 -0.00017013788463504835 0.00983137878898166
1.3082802192841374 0.520725760673132 4814.430958298957 -0.00017013788463504835 0.00983137878898166
1.3020514348499543 0.4886444685082422 4682.745142895479 -1.8140326154782228e-05 0.00855470175125717
1.0006012594583793 0.48612400629607844 4065.457076141813 0.0005660219858558891 0.003985408175621943
1.2568100684588044 0.5098542508075312 4530.438480060086 6.135011953454279e-05 0.009363363333795411
1.2568100684588044 0.5098542508075312 4530.438480060086 6.135011953454279e-05 0.009363363333795411
1.2740457895288806 0.5013581890062448 4747.336171888934 -0.00030841583939068617 0.004653408606195885
1.2987770801621032 0.5052144583290661 4818.295302265748 -0.0005404727155207975 0.011196425555811466
1.179581885392774 0.47871130598983613 4635.986667385201 0.0003527103817200537 0.0037956557230827736
1.179581885392774 0.47871130598983613 4635.986667385201 0.0003527103817200537 0.0037956557230827736
1.2161263565675582 0.47579340487853194 4487.229803574246 0.00026488015569820373 0.007301812783729058
1.2161263565675582 0.47579340487853194 4487.229803574246 0.00026488015569820373 0.007301812783729058
1.2799456621308916 0.5561791621058264 4095.792187109323 -0.00023983735021614177 0.007107253242849275
1.2799456621308916 0.5561791621058264 4095.792187109323 -0.00023983735021614177 0.007107253242849275
1.0338895986088044 0.4894987846038127 4970.162084367135 0.0001445333654594932 0.004410445274674527
1.1380489877770703 0.4510557063688855 4896.482412493483 -0.00014212319978188547 0.005639278898320534
1.2572337161658007 0.4961116839253934 4561.857185083972 -0.0001473140918240756 0.008380703424384196
1.2572337161658007 0.4961116839253934 4561.857185083972 -0.0001473140918240756 0.008380703424384196
1.279031954241867 0.44671539357221113 4939.9733259243785 0.00013774992903094912 0.009466352796583404
1.1240573727530385 0.4887750432459492 4812.136930831924 0.00040467872959249433 0.007022875359113546
1.4599301993036549 0.5472359894108629 4589.153292777515 -0.00017542214239025904 0.010766483164714232
1.4599301993036549 0.5472359894108629 4589.153292777515 -0.00017542214239025904 0.010766483164714232
1.1353059376654115 0.45766879539661265 4691.240254221085 4.347300301770421e-05 0.006080755130219135
0.9549791741679351 0.4565938512954535 4975.106705425538 0.0003112378419882973 0.003989672144912276
1.1031383736062055 0.4800624567721819 4971.068775454154 0.00030888513907425825 0.004130875664887609
1.003920648590314 0.5250393140155092 4899.987094194916 0.00010009176893843792 0.004161447085843039
1.2608983487290202 0.520405382517934 4991.066128311596 -0.00047301643880421295 0.010050883808766087
1.2608983487290202 0.520405382517934 4991.066128311596 -0.00047301643880421295 0.010050883808766087
1.2657448317687447 0.5504024708834143 4548.274056233625 0.00026324369312049115 0.008771649311394177
1.3472420595484476 0.491981692688022 3956.7526420263143 -0.0001494409250548726 0.008981736439497994
1.2963888754147832 0.52388221159207 4804.924851676691 7.599919985709389e-05 0.008332819157263931
1.2593293160825882 0.5382543354534478 4836.5655609835 0.00044175167150144586 0.00892844415206433
1.2593293160825882 0.5382543354534478 4836.5655609835 0.00044175167150144586 0.00892844415206433
1.2604936414320784 0.49196919680911244 4839.927826719817 -4.173377635970157e-05 0.010222919187957888
1.22111678175009 0.4861065461361134 4169.624526190934 -0.00045385467205392554 0.00641900517141507
1.1685633249228171 0.5038622968885966 4482.054021309404 -0.00017822730844487182 0.008005805936688624
1.2183969973341942 0.4806664760467283 4866.639436958266 -0.0004125920798277851 0.009382536922554896
1.1896266718847377 0.4800083268832477 4820.781232339463 0.00010596083922886759 0.009484046299037305
1.3013518362511145 0.48815061790637376 4991.618840431815 -5.312110345598538e-05 0.011994970216950672
1.143095289623473 0.4949402090599622 4894.963374869511 0.0003996747414436607 0.007727026469493418
1.2544792087751904 0.5339452288737776 4884.282627519186 0.00035938102845018305 0.009991153440211795
1.2544792087751904 0.5339452288737776 4884.282627519186 0.00035938102845018305 0.009991153440211795
1.1870269833787326 0.4765451397873652 4429.088656904288 4.449038374515036e-05 0.010204265316491599
1.2204333370592835 0.47607207091730497 4624.515292991378 0.0006005494550569566 0.006301030210590893
1.342798163526194 0.5263255859109732 4960.757265676878 -0.0004171169670095373 0.011065197305193723
1.342798163526194 0.5263255859109732 4960.757265676878 -0.0004171169670095373 0.011065197305193723
1.1160420693574808 0.5044209027678932 4660.684413098022 0.0006086722415523175 0.004210453816375425
1.2731595165967575 0.502319427955206 4993.585497480361 -9.783884653107837e-05 0.009189682757565192
1.2205107382157365 0.5037732148173234 4065.7610258195127 -0.0004129081574879678 0.004294057251507267
1.3579703724242789 0.5443937586375875 4709.030121676002 0.0003957823552018793 0.010688821788212897
1.3579703724242789 0.5443937586375875 4709.030121676002 0.0003957823552018793 0.010688821788212897
1.1312982002448932 0.44680123988009496 4966.537556252534 0.0004619822874520933 0.00582444324429048
0.9832413499023929 0.4711111840021384 4992.06108258283 -0.0001885296069572639 0.004293665523658502
1.2799475786502654 0.5242216347779438 4961.019096567463 -0.00011442147408127954 0.010487525952380684
1.1491299758540217 0.4747555392259186 4946.475875422988 -0.0005181417589058069 0.007623741854395216
1.311434658007506 0.5303322476084988 4275.803747188003 0.00023605136371678822 0.00908054290166037
1.1640178015430411 0.49369985465823263 4532.085928844372 -2.3984713113384713e-07 0.00417748866651653
1.010851944994592 0.4639633932694796 4300.357603850045 0.00025733709363682974 0.0037143325410015286
1.4324141772374641 0.5416170934191364 4142.201578044319 8.307144924722142e-05 0.010387211926532011
1.2970738248408034 0.5388617858799483 4465.338549564881 0.00035843418603208614 0.009375641150034328
1.0489726986505739 0.4955337324259941 4622.445535481745 0.00022876285146787977 0.003999234287298508
1.0489726986505739 0.4955337324259941 4622.445535481745 0.00022876285146787977 0.003999234287298508
1.3143000275984262 0.5445165190681738 4969.934373330649 4.3590741790259766e-05 0.0056490881907491595
1.1299014599431543 0.4842537593785058 4927.737700742467 4.9849462750763235e-05 0.004562582812772194
1.154341915722429 0.5076357044566171 4508.20957913524 3.448289431953525e-05 0.004539102102763971
1.2236405252747609 0.4764676486206111 4017.479497053024 -2.3294941631457335e-05 0.008273489609887861
1.2236405252747609 0.4764676486206111 4017.479497053024 -2.3294941631457335e-05 0.008273489609887861
1.2908378670237692 0.4573944761983574 4150.694995522544 -0.0004711992607622225 0.009940832813810984
1.2888025370485054 0.4938560627044218 4271.905171803653 0.000548572875483092 0.008787879194710909
1.1965111633519578 0.4847754063084973 4881.9592993973165 0.00035148845301389463 0.0073245947878180905
1.0576928863768995 0.5136085119434762 4598.683680639205 -0.00011692573275556458 0.0038341862861954955
1.2668634552452456 0.5511266706892146 4741.644351951835 -0.0004785488467571062 0.008094754585734002
1.2851486121560556 0.5177439761574202 4024.4755995046985 0.00011230349127493871 0.006509494118326185
1.2851486121560556 0.5177439761574202 4024.4755995046985 0.00011230349127493871 0.006509494118326185
1.1992552808471602 0.5059688611489281 4068.4672516315695 0.0006276956788183163 0.005882727956412204
1.1340498250571336 0.5442173390846795 4445.977146487196 -0.00033619255405939377 0.004275403831187906
1.3122924066779027 0.5028853759117521 4604.773605069894 -0.0003105130143095476 0.01046348081836872
1.1387554844487924 0.47491633269638606 4267.566753037919 0.00037441295725680943 0.004978192276806511
1.1387554844487924 0.47491633269638606 4267.566753037919 0.00037441295725680943 0.004978192276806511
1.1789164551086253 0.4703155305291134 4304.159043425223 0.00015451989197297968 0.004253940187324532
1.1663510898817382 0.4715144143433959 4965.544694947986 0.00030364954614410587 0.008408571643488532
1.2303877426622734 0.46673012899885424 4605.925396186664 0.00022707227565767627 0.008762153572362683
1.2080167884196884 0.4769462969393674 4398.182884732023 -0.0007975278877394675 0.005590974570586673
1.2080167884196884 0.4769462969393674 4398.182884732023 -0.0007975278877394675 0.005590974570586673
1.1453510182700017 0.46216428119230224 4236.592341284166 0.00015401985401504884 0.004791950596222629
1.2453416604190033 0.5381922149669098 4398.6710305098 0.00013891922662200335 0.005912468726224841
1.2453416604190033 0.5381922149669098 4398.6710305098 0.00013891922662200335 0.005912468726224841
1.3102529263516254 0.5007011956045293 4270.2264517265085 0.0001683395612152253 0.007734203606586009
1.3593900270377897 0.4989360853684677 4821.339969632786 0.00014635512241082218 0.00893674133280812
1.0960215053463302 0.5184045491280198 4994.026890933186 0.001157767508251462 0.004653526203133777
1.0960215053463302 0.5184045491280198 4994.026890933186 0.001157767508251462 0.004653526203133777
1.1962863142660571 0.4731899299319884 4923.414954040274 0.0004239916127782361 0.009396230380340547
1.1962863142660571 0.4731899299319884 4923.414954040274 0.0004239916127782361 0.009396230380340547
1.1697499109968446 0.4781461860360039 4809.932479337423 0.00031919079225193936 0.007774279794537301
1.250773744838255 0.49684317859285215 4544.7029705112 0.0004171906718341563 0.009172958590950348
1.1673033353408395 0.47885053322236554 4623.4197720692955 1.395174644799441e-05 0.007017214049750968
1.0973175802694681 0.5013469006593515 4546.871548346437 0.00043607387205525416 0.0037261750858876438
1.0438980836882439 0.4698803649726693 4792.945168979773 -0.0006375670046795516 0.004012724777030535
1.0438980836882439 0.4698803649726693 4792.945168979773 -0.0006375670046795516 0.004012724777030535
1.3668022942666198 0.5304425149498385 4324.928667170054 -0.0002844851619870419 0.009974034144830954
1.3548557821392357 0.5170211523575533 4775.7415066401245 0.0005102497679330625 0.011019495631477777
1.1538355002016423 0.4821095266363546 4644.202144778395 -0.0004970502434916015 0.005699600927663792
1.220811658381363 0.5419787287694307 4169.022985834581 -0.0001370770865231131 0.004953189493548015
1.0945765516297703 0.4735621865638612 4687.954535752475 0.00010368145924275065 0.005325305043918869
1.2346524684045066 0.46531653409651547 4760.496890351549 -0.0007362848291510943 0.008355627572961526
1.2732897909606198 0.5125811847101576 4169.739563432808 0.0004153561730626538 0.007729277973891309
1.2732897909606198 0.5125811847101576 4169.739563432808 0.0004153561730626538 0.007729277973891309
1.2918033912944877 0.5326783685045379 4615.233992927896 0.00034172518313206027 0.005529123902806519
1.146632809740754 0.5090644895771415 4693.519014845129 0.0002799724297974186 0.005313054090550315
1.146632809740754 0.5090644895771415 4693.519014845129 0.0002799724297974186 0.005313054090550315
1.2037819306203594 0.4998678207005816 4940.717755979134 -0.00029240242464863774 0.005979519279814277
1.0746552165923036 0.4683988169281013 4199.24339981285 -0.0004642807922199084 0.00398870659001692
1.1667508367608002 0.5282713058879444 4968.93854813517 6.898047142840016e-05 0.00661078916360674
1.2565660014274318 0.4650704826831904 4731.655241520981 0.0003211403038602144 0.010618525873803812
1.3827621071172707 0.5482467644418128 4987.498517048692 0.0004287277549819094 0.008495265851140493
1.1731158076973571 0.5173769887014283 4976.114459262424 -7.807811800905559e-05 0.0064589033259430505
1.1731158076973571 0.5173769887014283 4976.114459262424 -7.807811800905559e-05 0.0064589033259430505
1.3099778470021053 0.5161878307068396 4212.535170003791 0.0005178154973484611 0.007248701420708794
1.3099778470021053 0.5161878307068396 4212.535170003791 0.0005178154973484611 0.007248701420708794
1.156596470979202 0.5357782161477173 4775.732082220481 0.0005781522103036156 0.004125862072589187
1.2167929076719424 0.4838556823714087 4899.002741055474 -0.00010171343369950553 0.007219319646879202
1.325070484345982 0.5108339147275833 4777.407773610426 0.0007926847842141742 0.010501483755872119
1.325070484345982 0.5108339147275833 4777.407773610426 0.0007926847842141742 0.010501483755872119
1.1105045211793119 0.4709374502896951 4652.639536293423 0.000596648970473005 0.0054166322043519444
1.1148851710470713 0.5091364825066786 4068.2539362860743 0.0005900456227953009 0.004318556750284924
1.2176673543568408 0.4969411111789571 4608.489102895708 0.0001970351459661659 0.01014566736532542
1.2176673543568408 0.4969411111789571 4608.489102895708 0.0001970351459661659 0.01014566736532542
1.323485497597487 0.45951436598926265 4476.471859941245 -0.00036256287615607676 0.010416198136474092
1.040834389935401 0.48747400129544016 4887.785921918192 -0.00012037716151591248 0.004392427339584829
1.1316683686579614 0.49915346338587424 4941.270813895667 0.00021584541627058781 0.005468277399294879
1.3085165078434375 0.48531114623620164 4371.0695952375445 0.0002908977463151119 0.008413410813552742
1.3085165078434375 0.48531114623620164 4371.0695952375445 0.0002908977463151119 0.008413410813552742
1.1390308646151897 0.49043571272910047 4845.74443179793 0.00048801864090802343 0.006953681940400549
1.2942392286902542 0.46258576617739594 4580.455834853734 -0.00022179694203841238 0.008440664560255075
1.1616386559679563 0.48707685793438604 4286.59704839379 0.00027217740696914 0.0070865527384643585
1.1748203972391136 0.4594206536533387 4881.458928330816 6.0928027919613775e-05 0.007613286372381815
1.1748203972391136 0.4594206536533387 4881.458928330816 6.0928027919613775e-05 0.007613286372381815
1.2190253272237626 0.47983584700047194 4848.4160241728005 0.0001954603343386303 0.007105328041173294
1.281993752602916 0.5043835150824505 4472.162438505394 0.00039385157240308166 0.007194243100673771
1.2560172900256001 0.5311758989530584 4814.306724914515 1.8654097578764948e-05 0.0055566535612258
1.1086043516661162 0.4854893591782018 4950.271484377739 0.0003029292472549475 0.0039997353230245575
1.25100109432772 0.48257976637737243 4219.9069704357635 0.00016142143051576862 0.006817923352559745
1.1868346172416273 0.5082259468288182 4809.001167754221 0.0008430084194547586 0.009713194660251537
1.124438014231834 0.5137298866014526 4162.373113613716 8.175152681521813e-05 0.004354472645862773
1.2723122609696078 0.4988789066699947 4210.855294018351 0.00012784460581647845 0.007001206084171873
1.2723122609696078 0.4988789066699947 4210.855294018351 0.00012784460581647845 0.007001206084171873
1.261690704484265 0.5000678636175748 4925.099440599265 0.0006060014986106287 0.009646716008533514
1.0950429895438314 0.47858901554644967 4671.973724546636 0.0006098285082545539 0.0044896182425093615
1.2090172042513163 0.46988157169616646 4707.308706914146 0.00012412198095473342 0.007381775681734605
1.0893685147361698 0.5091814854509332 4570.982528430932 0.00011598634820059753 0.004157799362276974
1.0737291626537473 0.4898371052725624 4841.377659963073 -0.0003281514168433871 0.0038318845911576396
1.0737291626537473 0.4898371052725624 4841.377659963073 -0.0003281514168433871 0.0038318845911576396
1.1696586170847691 0.525592774940458 4303.332226397125 8.043686871766066e-05 0.005096411215022648
1.2458603485228759 0.45439958500766264 4767.312315931951 0.0002121279529280655 0.008613135505901157
1.1555069986394881 0.501542705981632 4890.25012095295 0.000571052541862397 0.005665247676443169
1.313673324705039 0.47259547176218275 4604.0865223160845 -0.00022128417078288347 0.010113199200776144
1.1694038189357767 0.4622360493341977 4982.022954254517 0.00043111862329487196 0.005792409269735295
1.3557681872829885 0.5051753637019507 4352.7501742053855 0.0004167500357372137 0.010746357350577062
1.1872517925362338 0.5160866599066765 4852.0192871669515 -0.0002769653019112214 0.0047187410353960015
1.1335765987707762 0.46836967971002386 4977.2338804711035 -6.170734872397324e-05 0.0052959895432570115
1.1580220585109409 0.5036894351495043 4651.648908730483 8.872703514123494e-05 0.005397453970158897
1.479965145676661 0.4996307720557169 4405.897171115985 -1.0856450767735723e-05 0.011115094444600215
1.188335323636851 0.507086279703675 4629.868547178756 -0.0005174013330728483 0.008401851985325738
1.1243614242303206 0.48141923187082797 4438.48221757729 -1.1656801252565043e-05 0.0057848725209697
1.0700095526331777 0.5075601675953128 4811.132731936365 -3.736369672828074e-05 0.0036235326187670867
1.2728979718887041 0.5125829587718722 4677.883602051264 -0.0005199030049055887 0.0076599560378729495
1.1980426734136391 0.4858037860094797 4976.3854611241 0.00010136123782825715 0.007023659145958622
1.195457349000194 0.5209803000103105 4976.637792176279 -0.0003249094962350585 0.006490901074159976
1.195457349000194 0.5209803000103105 4976.637792176279 -0.0003249094962350585 0.006490901074159976
1.22635440764706 0.4907901690134959 4824.024518706794 0.0005655785993321134 0.007295990062405198
1.2870018683564535 0.5023562981009507 4605.2449310891525 -0.00020849919257210663 0.009602915766639795
1.3561864515251454 0.5134285269018901 4104.37974102934 -0.00026408608191447826 0.009016378492383166
1.3561864515251454 0.5134285269018901 4104.37974102934 -0.00026408608191447826 0.009016378492383166
1.3058019927059645 0.4857204659046896 4704.470234037533 0.0005661623723044933 0.010752879439798798
1.3656321911474052 0.47954028705583696 4814.268542988109 -0.000135203086044954 0.010827376575244754
1.3656321911474052 0.47954028705583696 4814.268542988109 -0.000135203086044954 0.010827376575244754
1.3889927820029466 0.49134585488412863 4818.233869722153 -0.00024138541585686492 0.010561242384095906
1.3071051030136807 0.5076689569647996 4469.161155061828 -0.0003043833832254611 0.00790053324043698
1.3071051030136807 0.5076689569647996 4469.161155061828 -0.0003043833832254611 0.00790053324043698
1.2058076942597307 0.46370536118559874 4556.523496218292 -0.00034832059776787394 0.010400476252935354
1.2474203761397245 0.4866347646687853 4053.9605829918046 -0.00030198996744532314 0.005360632230640098
1.1717606541859744 0.46065957781486244 4818.737153471981 0.00015168792860095732 0.005925632011785864
1.1958838987876668 0.5121794898634614 4990.18554707519 -0.00030414579256927483 0.006958941629682119
1.2303597583721568 0.4713966409075669 4907.955615875727 0.0008377037049714974 0.009419740442890932
1.2303597583721568 0.4713966409075669 4907.955615875727 0.0008377037049714974 0.009419740442890932
1.1221122735934195 0.5480631754111644 4984.351139979557 0.0009571337293629946 0.0044075396748971
1.1221122735934195 0.5480631754111644 4984.351139979557 0.0009571337293629946 0.0044075396748971
1.1626858580448505 0.49200384757680143 4912.016098490704 0.00045161463533097677 0.008131914161534349
1.1478071357758126 0.4660887593580718 4734.220045877232 -0.0005218492733117995 0.005860584158328144
1.4098891037525145 0.5512246879383053 4580.780457344732 -0.00043172116601809725 0.009444190161027429
1.3083222159757781 0.4786772436832065 4271.874686676151 5.653335673094535e-05 0.008820209066199597
1.3251433071132088 0.45660443818829266 4815.892798374886 -0.00033927793944165866 0.00979842689710313
1.2198999343169117 0.5413847872595243 4937.0267564660535 -0.0005257552754121316 0.008382944198274645
1.3292831799900449 0.51665130744735 4943.953107080016 -0.00012843716454908724 0.009814027447084301
1.2600737536017945 0.4606539089060991 4607.002120527061 -0.00023419533001164925 0.007924074815964247
1.2600737536017945 0.4606539089060991 4607.002120527061 -0.00023419533001164925 0.007924074815964247
1.1021514881807424 0.5188171411191654 4849.26356202742 0.0002707748912562078 0.0035058859744122968
1.1021514881807424 0.5188171411191654 4849.26356202742 0.0002707748912562078 0.0035058859744122968
1.2063008094604557 0.4913593764543197 4782.471540539154 4.457531348611175e-05 0.00791464089766853
1.1653617271478482 0.4946629819749726 4567.915914298179 0.0005404234209070547 0.007933432894802177
1.341833502522983 0.5058468447414848 4776.614097581254 -0.00014925034073607772 0.00978512361296625
1.2076729087828473 0.466352061567304 4566.111199546169 0.0002321795142138052 0.004281710309620565
1.14308121071803 0.5085457701067053 4990.086926590352 -0.00036853971765795046 0.00507061023520722
1.2203497601283861 0.5213436247205633 4931.771062330955 0.00012307668070535085 0.00796201022615551
1.2403515923424717 0.49888233729382647 4503.799076813421 -0.00026588857767911823 0.009378500092664915
1.230857560432066 0.48558937734110486 4257.011014909218 -0.0008108772630870311 0.005390102149700412
1.230857560432066 0.48558937734110486 4257.011014909218 -0.0008108772630870311 0.005390102149700412
1.3065463773961734 0.51242680181191 4941.317221866284 -0.0008915644266227829 0.00979568263575563
1.1056916774890309 0.5050841167004474 4774.060080582648 -0.0005670754066969076 0.003836778388084203
1.1056916774890309 0.5050841167004474 4774.060080582648 -0.0005670754066969076 0.003836778388084203
1.2488775080609629 0.4963056521481857 4169.482235440596 -0.00025411827881031653 0.006646267719749004
0.9995004307609046 0.48956525832150516 4902.947225017542 0.0010881864901681278 0.004322265634068851
1.2952372950088753 0.45287120247690754 4804.985589989555 -0.00019903485471251597 0.009693308085436666
1.349879215249184 0.5167389699041194 4851.1829613128175 0.00036163372827929265 0.009020357615065354
1.3151360379803636 0.5005553599338979 4510.559132834995 -2.246480664544086e-05 0.007800664753298343
1.0938661390191087 0.468047313702915 4526.4632702777035 1.7466691413128884e-05 0.004604643017381961
1.2742199957959626 0.49670171654002543 4271.500692823476 4.262676838944845e-05 0.006738857348577786
1.3622825256676465 0.5119499471369662 4933.35836882838 0.00035531941802649465 0.011232018318037587
1.2251617195759545 0.5226224240149018 4927.337878627638 0.0008245908700518055 0.009694234065934792
1.1501608160455512 0.4919816840048645 4269.121600788963 0.00023338657248507105 0.005123334827912215
1.235444191831024 0.4902412400042128 4905.976960866686 0.00018920324751822625 0.007618217215073838
1.1874970542593102 0.49178640526629214 4799.309923919464 0.00030479527929730676 0.006414716183224893
1.2900759885534174 0.5317585356051033 4607.673803659212 -0.000335640518939309 0.007987590896420503
1.2218294110220658 0.4927040123479241 4779.51166278722 1.053966394836161e-05 0.007364084696424043
1.296458807112572 0.5258310606986123 4674.746912483425 -2.2155254579869095e-05 0.007337013456714597
1.0959947483915973 0.47042417431197814 4841.817375312386 -0.00027113954677965226 0.004183648260510147
1.2064459142484654 0.45160279095037725 4903.495882451528 5.2892315149283156e-05 0.008588872604646556
1.213570705416511 0.4756004766612937 4940.026412005521 -0.0005076298764539274 0.0061994119755087
1.1379499605820018 0.4923116880138433 4760.324897567492 -0.00016415263940669711 0.00624411293850126
1.2412232648807333 0.4657165969336521 4519.013869267638 -0.00017250471728625833 0.0090511209773134
1.3814385567977001 0.48738849139259605 4568.3953250371105 -6.618172518837288e-05 0.010122974739753324
1.2465729087963366 0.4610063922334957 4767.385931613503 0.00027977813967054233 0.008972096812622616
1.2822082718968864 0.48445369224096413 4671.688492559925 -0.0008305850539496287 0.008444481394878283
1.051952046359823 0.48027164736446804 4822.29087227415 0.00028350271608713825 0.0040343993323878405
1.1393401579752684 0.4919077162769187 4537.420150954326 0.0005910411787652852 0.003923155003027915
1.1738677692795523 0.4680678116356457 4824.730831031768 0.0003684616885375326 0.0067254844586084675
1.3328204579229102 0.47747042990780164 4887.768847802936 0.00010487185321854639 0.010092774398156016
1.2918872160570507 0.4823014244299788 4905.37678349004 0.00023698904831144843 0.010729281362216916
1.2496810055478287 0.4692809860385429 4669.600916442508 0.000887090639530269 0.009102985471648034
1.3765498699762944 0.5038217254307267 4113.986209175913 -0.0002029333254062095 0.008874703720290276
1.2665637538682262 0.48678624071135246 4104.996266390389 -0.00013136276734473693 0.006727619580327479
1.2215139233195969 0.489975183136598 4629.137465715415 -0.0003663785289760667 0.00797543179605319
1.412843862030145 0.503945094790466 4379.823327372183 -0.0007752699226057628 0.009519648510368833
1.110438596350256 0.46664032690802415 4581.1363548740055 0.0007948436803596367 0.004487249974305255
1.2954744986424476 0.5043432035116955 4840.452286483286 0.0004710136064613277 0.007704015764407279
1.3081921215638967 0.504230299991016 4511.415449662308 0.0007642430317293116 0.008298507316515838
1.1678098291617833 0.5385583176287055 4802.7484595676715 0.000498487112606665 0.00451968031223281
1.0351514305324634 0.4952827964177569 4802.663848877739 -0.0011594026078882932 0.004130151187402783
1.216551178700983 0.4944769846459558 4945.504702102659 0.0003117131875182411 0.007287785730726894
1.1894196107646011 0.4828860741321993 4804.822575919252 -6.7154814399092946e-06 0.006865680918739216
1.0904526461408428 0.49460380901384354 4847.305605385145 -0.0005641257718854388 0.00501372160661977
1.310696620172906 0.4708994544145749 4181.632083431369 -0.00016284831413911787 0.009654667607587743
1.2532649642401286 0.5246636064616054 4427.557402673321 -0.00047484247933550424 0.005382130379948265
1.3040040445537737 0.5301644011425176 4603.0103491996515 0.00047700622040305603 0.00699629951873461
1.1761404425073296 0.5168904039570537 4886.147796741516 0.0002052432825865051 0.007206625874590993
1.3238785516673186 0.4659733114878632 4901.778228253914 0.0005041982071098533 0.01006721491807723
1.1694107723879363 0.49109802952284104 4992.547205328576 -1.6229531257261398e-05 0.005061135090876238
1.1742089987286142 0.5028785605310264 4790.256513391365 -6.059971458782906e-05 0.0054725526828679795
1.2721477655069227 0.49296091485471116 4703.537429673911 1.516545157972253e-05 0.009347272162948339
1.3080309394641967 0.48659138868231544 4848.036920514412 -9.329357562017147e-05 0.009525824451820927
1.1894070241107793 0.5071353669139697 4524.186066400348 7.358653645829955e-05 0.004970288903202367
1.2817782523508665 0.5389295683128712 4822.435822392808 -0.00017185571325262236 0.009065880316301728
1.1875178571486422 0.4866465099685934 4597.247520587463 0.0003013558750119399 0.004637512812113874
1.25314475968993 0.512474954392705 4509.431359064585 -0.0005708498415251664 0.008502599097315298
1.0610584776591032 0.5107461643067477 4882.519399980121 0.00048252285987736976 0.00429358204763166
1.2702581867564382 0.507938229290097 4275.664108124594 9.473857757849363e-05 0.007117331411807489
1.3103441482288762 0.46301535506303004 4790.806150558164 0.0002874063687786031 0.009666114921607499
1.2316548267730474 0.47422132375778825 4915.258341020334 -0.0006386013692005918 0.010133685599195535
1.326165865362951 0.5010382793528911 4581.633854026135 -0.0005368540294107159 0.008287275194065788
1.3902105802811633 0.4909924249915115 4039.2950519547944 -0.0006285260378424588 0.010234602638197093
1.167152594283502 0.5014072807863168 4805.378903022909 0.00041765613994758474 0.00613760279375682
1.1658103204744532 0.5013100255238121 4556.139336471997 -9.73799572396474e-05 0.007834707339055733
1.2165949416607509 0.49268544537158926 4645.198027483792 -0.00012332949900485337 0.008215884543713015
1.2584097160928964 0.506918358470039 4882.96771564169 0.0004346685127101826 0.00899827541258913
1.2764236162108404 0.5124405657678914 4427.812225699051 -0.00015888578253978131 0.006444299519944743
1.3705665111382594 0.510718090994924 4960.7857591164075 0.0003366250141312659 0.009178186296298503
1.3404794719710147 0.5021535978172309 4802.64913244885 -0.0008227678577904462 0.010284123038325488
1.1874728824418208 0.4715920498245797 4925.002579208444 -0.0009200991027985746 0.008104309131246192
1.1603752377527534 0.5086552930910859 4618.521381146147 0.00029834756989196236 0.004401208060914817
1.1684832812129358 0.494238580145113 4795.287486164917 0.00030312070150912936 0.007094432638081973
1.1436374454349485 0.477334959244057 4960.39078070448 0.00011638422647325698 0.00408038332100647
1.3131074480660998 0.4822901968963224 4634.09830514825 0.0006298242594849188 0.00947385397343597
1.108795938070648 0.4911707277072725 4901.0423033215875 5.3417232842594124e-05 0.003982475681233734
1.236732570637852 0.4858898579310267 4491.090552843817 -0.0002675942827165581 0.0074813774655435525
1.235858717468345 0.5178615075144497 4269.520228507399 -4.859895111603211e-05 0.0075869559517059
1.228733070074005 0.5032755430807261 4509.06928302806 -0.00012021482071252137 0.007600334512557288
1.2546531499356182 0.470272162980323 4889.2543234039285 1.5060072198778773e-05 0.008929569271932931
1.2433182810846393 0.4729040242803948 4796.125062430509 -0.0003142914429733106 0.009297782807175217
1.3226849310162319 0.5035953079789519 4671.673009697961 6.578801559822035e-05 0.009951311768047089
1.2135509122387889 0.49649595309988087 4805.058564708049 -0.00024588073959792557 0.00819611357408049
1.3657311834794275 0.5130601252737353 4598.29600754023 -5.7580282596831116e-05 0.009875918326018075
1.0949027440721284 0.4910241958556446 4949.570012913248 3.7435466548477873e-05 0.003942656765490637
1.0547453393865325 0.49004075480849263 4760.81756858424 -4.000960561759176e-05 0.004370073846502563
1.2649717354480179 0.47565814224640096 4676.855159877838 9.191279634537752e-05 0.009085545919946165
1.0688825943385485 0.48143777811752964 4905.56057629576 -0.00032912283846323363 0.004117314128788055
1.170120910744036 0.4961747601965161 4858.99390940282 0.0001019058619035114 0.005888780505644462
1.3418444977153268 0.4620002865652722 4300.988710506701 -0.00019296131968418357 0.009883509376197041
1.3274289734641793 0.48084857376632684 4569.161842906401 0.00033836181609788786 0.009893885753485088
1.2067453262017942 0.5265522201351677 4902.244209833683 -0.0005591731837804724 0.008351872326261254
1.2298149937459866 0.49384591982494885 4983.998428131747 -0.00023994397237020164 0.00788005837368899
1.2901724245433353 0.4832049812105558 4939.739454758664 -0.00021244820804000684 0.009097867624958303
1.280045836146912 0.4945772353014021 4957.094854714126 0.0004065684973286441 0.007771301652499046
1.2384931727853876 0.47242634749558887 4982.409999472471 4.5866217986935764e-05 0.008212264447136042
1.1955738277287216 0.4672140977364798 4999.430939679498 -6.722342997096083e-05 0.008884570937978968
1.3232087579034264 0.5463643885414328 4615.921337473506 4.632380031088719e-05 0.007953343733095149
1.3079166544977796 0.5110681120755243 4056.902691393576 -4.5956682843448376e-05 0.007937704079026857
1.2201514338295374 0.49159524650365594 4629.427155893096 -0.00010509146350963994 0.008276249878808808
1.1800731640806346 0.4969710066641905 4659.764168011763 0.00034479414209100524 0.004531648051285885
1.2289734547158995 0.502246790755781 4573.10326725967 6.079928876106424e-06 0.008551306182564469
1.231928927189199 0.48408915732041913 4737.3995497490805 -0.0005620634882274147 0.008652612867996044
1.239747851124207 0.5197241949506841 4953.653509802696 0.0003941086591254559 0.007633400659651662
1.2679243002474745 0.48378262771764485 4618.097535856427 -0.0003772696667079847 0.008216155613192673
1.20743098555487 0.5073444732706013 4848.316320475818 -3.88994494373088e-05 0.0067817865247476235
1.29101052713611 0.5250805502110059 4709.763174657966 0.0004963426836960424 0.0058887609732612735
1.1998048757716215 0.4809557726092476 4850.11149172496 -0.0003570999024372676 0.004621113240438396
1.28011149228261 0.5086416554658161 4741.197431429731 0.0002784593696562022 0.0075371940453809625
1.192791527575416 0.5092828545700918 4815.562134161462 9.995980216485263e-05 0.0052768605368054946
1.4098145929320014 0.5025496131341728 4405.296809882749 0.00017004942011381312 0.010292828797140084
1.2366636312126347 0.47587113380438606 4920.713932759296 0.0005457893732687551 0.009271277210550984
1.1776358025789209 0.4953710286611189 4817.338598775747 -0.0003721384924361959 0.007760136735580203
1.212107644589954 0.4829794333659656 4569.72480750187 -1.0059229792459808e-05 0.005774368270573942
1.193077634995104 0.5059650682684202 4676.440449161762 -0.00048227911924580264 0.006349307850794268
1.2357318622297278 0.5313484596299949 4385.1247648610915 5.939370088997301e-05 0.004823630561739384
1.1696979984990241 0.48765842265236653 4902.683052609006 -0.00024541881996607455 0.00789084215206818
1.307111328870907 0.4807344281698397 4774.334614373965 1.689402453742774e-05 0.007113850521197922
1.1641905773797592 0.46497513100727356 4947.981130712821 0.0010027879829617758 0.0059638153517854245
1.281954465097765 0.5194121678225091 4709.354872091153 -0.0002955890692134129 0.007461104059673292
1.4928022876429563 0.5160691365352996 4526.805990999289 5.659417751866591e-05 0.010228147951139103
1.1867973361616477 0.4865707589116624 4442.713472574277 0.00018447262045049266 0.004548449411634281
1.1530278558432927 0.5177449236568722 4936.365226156979 0.00044152679741343273 0.0057878735721918146
1.170612407256551 0.5016672629530885 4605.807894677422 5.5113311649753685e-05 0.004897753102709812
1.1573947421114008 0.4815363686119545 4802.913354575037 0.00028504593042192846 0.004023197464305316
1.2536709619409323 0.4972681990537076 4876.282349809803 0.001218132946930757 0.009610301792443494
1.3288873058100807 0.5099860698264143 4581.057083975759 1.2096188293062326e-05 0.008852266611756017
1.163767733082723 0.4973159226349448 4926.235960516981 0.0008160141925957929 0.004777692339195023
1.2674015853877718 0.5058332211442615 4895.953327965849 0.0002916177657762788 0.006188941069837386
1.2195258417476798 0.5098938371227228 4668.052507276643 0.00026214408126168327 0.005935616016448361
1.2195258417476798 0.5098938371227228 4668.052507276643 0.00026214408126168327 0.005935616016448361
1.2459311499479846 0.5362937547284803 4803.548028994742 0.00024686843549374824 0.0056231325176697555
1.2049409486734828 0.5093882824031507 4683.702084940839 0.0006901920631862443 0.005804924741386481
1.2318966988043871 0.5164142407066961 4982.304093693707 0.00042913566992025727 0.0065300102519171965
1.1022336116326936 0.49852028257317305 4987.873774803832 0.0005450199528868 0.004194029265501903
1.0979132006926315 0.5028045296020696 4937.850948457351 0.0002843585111037741 0.0045439905828796616
1.150256706985994 0.4780020416237438 4777.6741339193 0.0003978484411250888 0.005056147943018067
1.2471942911092813 0.4863679800739047 4719.729836350916 0.0010618866327738927 0.006322145088949245
1.20417300816917 0.46984236488524084 4849.218463347962 0.0003802438123616935 0.004948764570975459
1.201006716351995 0.49493847931491836 4719.230708190165 0.00011953969582780441 0.004377516652832017
1.2825688848048749 0.5165483562078865 4300.796800667412 0.0002773346647260402 0.005777625016415634
1.088449440843299 0.49538201802106385 4853.315897132673 4.835249708978044e-05 0.004088808572767879
1.1310710386174605 0.4687212132205697 4663.190869128923 0.00032648707019770527 0.004860140976183019
1.1249979157160193 0.48899052466834425 4663.341274306511 0.0003289794276322716 0.004900245062630755
1.1083932091836992 0.4961464374344542 4941.28967189008 6.325898189111306e-05 0.004399860371028855
1.2734776243903414 0.4880917752176772 4864.221578495628 0.0005988147195599191 0.007238777765599741
1.3007169390650566 0.50245500792702 4468.450287909189 -0.00025827301053533817 0.005967994816814368
1.283395323495742 0.5061704262901501 4536.577287051346 -5.117642776995629e-05 0.0067539267019436754
1.2296634636244068 0.4958693059596412 4140.010863443031 3.980598942900437e-05 0.00531583687413898
1.1692760178392572 0.4943167993626174 4449.0474940800705 1.364381395358462e-06 0.005158908775465917
1.2814414273563657 0.5261509250579429 4803.202418024299 -9.183700456991816e-05 0.0065289257046506005
1.2038189523838254 0.5151709953082053 4811.32749247568 -0.00027432420701197863 0.006728291137116833
1.2741892772913954 0.4994663416909686 4654.932392239972 -0.0004519962458704038 0.0066440838118519314
1.2706045183238404 0.5119825983498386 4580.352319691505 -7.000951972453496e-05 0.005226823806622264
1.1736855559049828 0.4849643900342839 4803.69077513471 -0.0002778160638555374 0.004784670298423957
1.151779206403678 0.4832490290754208 4668.16743556238 3.0293131619843486e-05 0.005215731421525813
1.1350647636674436 0.4943294575307222 4730.784608568142 -0.0002309344226161725 0.005017054493424447
1.2604954456058022 0.4749057689348621 4566.718452415031 -6.745885838589771e-05 0.0051155121903869935
1.1483424821445047 0.486776074166298 4668.428718510677 3.1404560648246794e-05 0.004368480683495595
1.118992803804069 0.49093837249705113 4643.965959291595 -3.779713512336156e-05 0.004435913979719085
1.2139175864948446 0.48459284693492105 4966.1712630142765 -8.996269081651187e-05 0.007872727807387406
1.1916435416452724 0.4931076178404571 4794.420642757001 -0.0002548562392588695 0.006256272576403234
1.2224625313429376 0.4793054606983143 4899.79722840629 -4.710287224909366e-05 0.006201250216980675
1.260157342633154 0.5001908141581405 4957.867912897173 7.13662699715629e-05 0.0073216606101384075
1.2379065968949652 0.5099227165084088 4949.128374171025 -0.0002441008542656047 0.007569275380008016
1.340139152756393 0.4930651960090139 4933.887390286717 -3.0381655292955518e-05 0.009043460645034654
1.2977121406859167 0.47535376237748067 4821.704084975248 -3.8534545955328e-05 0.008853290825519814
1.2651163374900567 0.4996246766160244 4817.397085751137 9.52271025035005e-06 0.009630297876226594
1.270752504113303 0.474197121520169 4903.364049599892 -0.000214834411697309 0.009802810246033265
1.306256952157014 0.4839237442958546 4899.5504726460085 -0.00046175426626690554 0.008603531911214787
1.2613100819403078 0.47841219965217696 4784.509040552649 -0.00032202748176907587 0.008490734747130326
1.3260261292310789 0.4952049068922149 4774.21925416099 -7.873295764975248e-05 0.008518739963847912
1.2722413709904754 0.4935846214213081 4978.972745647506 -0.0007791273951767198 0.008389258493632482
1.3239547518446129 0.5200884905607297 4741.460637139473 -0.0003073664786209065 0.009695455347040808
1.3093915675694117 0.5062202752702671 4719.184708395724 -1.6983997617529408e-05 0.007812182081116545
1.28442621736248 0.5136524066864284 4872.337047552828 -8.138513828793684e-05 0.009504540371355629
1.3805895938213606 0.5205856644386727 4849.947215967236 -0.0005594204954568689 0.009730238421446937
1.408055996964812 0.5086494387171876 4899.707353335411 -5.923584724370173e-05 0.009748917387095109
1.2904104231951115 0.49626791420564287 4955.830954201607 -0.00022039378835298862 0.008543071950656397
1.2904104231951115 0.49626791420564287 4955.830954201607 -0.00022039378835298862 0.008543071950656397
1.2891533684668561 0.49108041518402373 4821.86478165053 -0.0002784917053455132 0.008744374979874948
1.2963692318356215 0.5197309124347105 4784.3718169625 -0.0001723491839794742 0.00934697585654776
1.253474094638663 0.5218716931693608 4927.6993857010475 0.0003780681751671411 0.009686348259369332
1.3173660345403317 0.5099370008580316 4987.870833223363 0.0001334314981232512 0.007691494641696765
1.3543310687305268 0.5176814715611112 4933.887600479693 0.00011231237353515567 0.009926796257889909
1.235826477351613 0.4847751215827216 4937.44010638746 8.35890942418437e-05 0.008564644699480152
1.2299782430460382 0.5095995322237532 4927.192271280458 0.000584756883116995 0.008816703287754498
1.2730453302039557 0.480230458707817 4939.624620719679 0.00015873215623435 0.009299313680531017
1.2467163562783583 0.500758928671079 4903.100189004301 0.0007422408610866868 0.010033051275525125
1.242206532092518 0.48845748049431265 4730.464606395004 0.0006273249920313551 0.009227404688556116
1.3123447740833032 0.4870485563092885 4803.5432795940405 0.0006245769441682648 0.008130412100137223
1.2796293283147424 0.47716546435552104 4849.496770273041 0.00038750369453713297 0.008260605426527562
1.3413461045644228 0.47690796458945767 4899.087399303777 0.0014455428039483625 0.009994419760255316
1.2700344308893974 0.488815768289503 4936.231983557909 0.00023856913061922672 0.009672935963834957
1.2427307922836106 0.47576669587119386 4941.760193737363 0.0004158086105764799 0.008611027100317928
1.3188071897934943 0.5169076788993838 4806.758597403019 -0.0005088704299679354 0.007779117545917126
1.3188071897934943 0.5169076788993838 4806.758597403019 -0.0005088704299679354 0.007779117545917126
1.2330866297587448 0.5185927579431469 4811.794596168841 0.00029016955796155403 0.008822018541213344
1.2741545621433346 0.47810224851006483 4955.805723596077 0.0006599629097053221 0.00838674979748438
1.2741545621433346 0.47810224851006483 4955.805723596077 0.0006599629097053221 0.00838674979748438
1.2479418778923907 0.4876393593268724 4927.767836907184 -0.00029922605415258464 0.009601549716098575
1.2479418778923907 0.4876393593268724 4927.767836907184 -0.00029922605415258464 0.009601549716098575
1.3143315469623886 0.5013412407442664 4926.861971901422 6.308232925948706e-05 0.008882678208589971
1.205569022644716 0.4912708610305292 4811.165528813587 0.0003251559852946257 0.008408342858682773
1.3524620231152427 0.5121997486424796 4709.658024443539 0.0002624493602434999 0.008490767838626028
1.3381129915770051 0.5007319388107606 4643.0202612722305 0.0001691602557459249 0.007274196595919282
1.3381129915770051 0.5007319388107606 4643.0202612722305 0.0001691602557459249 0.007274196595919282
1.3297255586132826 0.49995685536574735 4511.52476147801 0.0003635412687538355 0.009235894870433537
1.2613038862984245 0.48831587980561997 4270.541258363447 0.00011450109278533873 0.0076186530973103555
1.4213723979595476 0.5333295479872109 4526.978565207679 0.0003734220922795216 0.010314098772912013
1.367745638658004 0.506717218125998 4352.882753026335 0.0003309503688532666 0.009154017925708736
1.441819636359222 0.49312668727271 4468.428836188274 0.0001341748935733013 0.010161297658725747
1.3331135253553317 0.4917764833628056 4344.822099817764 7.509631887978194e-05 0.00849485476927002
1.3331135253553317 0.4917764833628056 4344.822099817764 7.509631887978194e-05 0.00849485476927002
1.3989076060116012 0.5275940460300764 4643.005087887167 -0.00038617038658669584 0.009062482159347783
1.3989076060116012 0.5275940460300764 4643.005087887167 -0.00038617038658669584 0.009062482159347783
1.4667308728912984 0.529935416991203 4566.148810500837 -4.123595963498212e-05 0.009951836941408781
1.3610508069589686 0.4769755922801733 4468.423002243248 -0.0003540231865927704 0.008265945580262682
1.4016623610947145 0.48563679797742537 4105.609951299505 -0.00020636556633848888 0.009333288821102365
1.353394834040908 0.5096128956945544 4249.964877979404 -3.4487668442841995e-05 0.009602014326389994
1.3451537957848605 0.47712781402289367 4300.028084131276 -0.0002876364447809773 0.009155671888211226
1.3451537957848605 0.47712781402289367 4300.028084131276 -0.0002876364447809773 0.009155671888211226
1.3326834922043185 0.48465806303882836 4424.09983551808 -0.00017012720639186164 0.008938790919077086
1.2858531140324616 0.5022796945210947 4270.766515301533 -5.3272372100877774e-05 0.008589785539118006
