 F
        2908        6744           3         256
   -0.331599355726439882E+02   -0.242557141150604423E+02
 T
   2
    0.200000000000000000E+01    0.300000000000000000E+01    0.531250000000000000E+00    0.468750000000000000E+00
   0
   0
 T T     0           0
    0.000000000000000000E+00   -0.100000000000000002+101    0.000000000000000000E+00
 T F     1         136
    0.237112573834780743E-05   -0.331618144975178524E+02   -0.242380285931286288E+02
 T F     1         120
    0.139314101423208185E-03   -0.394379304292725834E+02   -0.336594494611104835E+02
