chirp_mass mass_ratio EOS alpha zeta
1.2188434507887274 0.693803738934584 4979.719502502549 -7.196010803431787e-05 0.011894447572768495
0.9713482834066148 0.6302884552845437 4959.332179102231 -4.3511530760791e-05 0.005688337938781611
1.3390141469199675 0.7288979056258916 4798.43980166902 0.000375684848810474 0.01830190757942197
1.3282739234104237 0.6280175466775884 4595.189251621187 -0.00027278908035193236 0.011324704088038587
1.1676202987392046 0.6052289807692312 4942.102556403676 -0.0002626714401936473 0.007119415524683723
1.2842112654917395 0.6257635644085018 4381.454100584198 -5.580167706440583e-05 0.01606668784309465
1.191596912486607 0.623945184040007 4809.446237875229 -0.00032757330356982304 0.012153041164867043
1.0947430974812637 0.7033412482654245 4507.13205673094 0.00032022696057167294 0.006796587923686722
1.3434167255048597 0.67693647979005 4776.830946294012 -1.563257318456715e-05 0.014735056668327721
1.3214025282343322 0.5621855352671518 4745.951832054655 -0.0003471797968671418 0.01000161777542155
0.9390632804093786 0.6316217802086799 4439.720132849983 -0.00012471465879030548 0.005320491697145371
1.2661567209991953 0.6726256560520925 4609.103577665362 -0.00023385396217024006 0.018337782729432043
1.104938507050783 0.6196156784091109 4740.9810507879365 4.3187939329707216e-05 0.005905699886583101
0.9485581708221277 0.5854252351428522 4703.453496792229 -0.0001798420688647881 0.0039874797341192154
1.2536393481384236 0.6757295634252036 4981.897501332585 -0.0002944279141159378 0.01703386427267387
1.4440402494121432 0.6221448592382215 4682.354562730661 0.0001944538200643713 0.01595445228201065
1.4704251153995713 0.6677897545138868 4756.588228458657 8.091699660174936e-05 0.0194536789933921
1.3623692675051298 0.762018563266502 4926.9542833306905 0.00046693037992515146 0.023403666453357543
0.9763689862749765 0.5784472080658491 4465.578022842357 -0.0002407734864824835 0.003990538927701953
1.149587724806773 0.5727859840381717 4912.916701210058 -0.0005098737236930599 0.007264382136193209
1.2785329908997747 0.7346011540425732 4957.440743475706 -0.00017044068862026582 0.012631986938732548
1.0849106855282142 0.6751795632751155 4073.9883360556155 0.0005893101276740862 0.004610186964235981
1.2611575473814185 0.6816546735673074 4829.8797357084195 -0.0009377527599228289 0.017370566517066588
1.481392889156269 0.7026441960639185 4756.521281404235 0.0009262291664338172 0.02500488816320403
1.1247191489680708 0.706939877929493 4150.05232904053 0.0002164654414216572 0.006636853337536775
1.0092257905435396 0.6254155493674839 4994.349405897293 0.00022808415979404912 0.004006210734499149
1.3676214899001093 0.6827683686657025 4368.185094470537 0.0010493035991028586 0.020981431087021364
1.146817680850099 0.6261279967984901 4068.936278271674 -0.00036172110640096645 0.005390175240544364
1.1641742545035114 0.7389901396217016 4795.719739640633 0.0002965276831079492 0.008722668900315996
1.1920837099489283 0.6317304634910984 4391.32992622676 -0.0003287709070396842 0.009041426136484933
1.0823353901362345 0.6073616194264981 3986.513080639086 0.00020690699945205947 0.004269621571219469
1.2750932956838412 0.6674449367886967 4610.912436459401 0.00013577649434379216 0.013049265305032094
1.3475051573698198 0.6995466426164503 4780.429390820426 -0.0005938287569294141 0.018120430328917518
1.4501416893470174 0.6454336948138388 4639.6662268909595 0.00016460352685697838 0.017383021417804033
1.3340864871438332 0.6246073739274949 4588.655521083945 6.12259883790316e-05 0.01221601300228509
1.2581313089810413 0.5599973722539779 4904.37560380076 0.0004212887284852657 0.011014720103199194
1.1967840732287482 0.6889182366647562 4275.102838063531 6.701122931998223e-05 0.004938128459691904
0.9138423944896096 0.6109908944110437 4936.62004253099 -0.0004145135624944903 0.0051923868221703095
1.0406599722260463 0.6757570242447373 4346.599675322235 -9.80788346395728e-06 0.005066325061213989
1.3942734497292206 0.7250488852874885 4872.876433083866 0.00017431539476869899 0.02695708714764437
1.1399905213421158 0.7027037442471605 4105.039204201997 -0.00029689578346302366 0.006283074999774312
1.3561740606405008 0.7007465747033432 4700.634454809392 0.00022631297499943115 0.02137931215277904
1.318792321659795 0.6445634276017458 4522.467112876936 0.0008536175425690619 0.016102909260339745
1.5090257749015805 0.7140987243076758 4537.23496365356 0.00025095432816264193 0.022480696854285876
1.3413721141051147 0.6205684730421305 4791.200415599982 0.0005520613360467262 0.011670365755161585
1.3302326263257105 0.616294919639264 4796.4335798987595 -6.574649883099712e-05 0.013153858169690233
1.2216765200624013 0.6217694364175166 4795.371719542695 -0.00036707520102071414 0.011285186093077538
1.1123684220042707 0.6202729179886715 4381.712979123198 -0.0003092113788031661 0.005876920986815904
1.4896077456679997 0.5647081746175355 4470.704895977599 -0.00021419944483700478 0.012009833790745678
1.470190736698878 0.6425449647300926 4780.670625532746 -0.0003403568840003526 0.01501766717757458
1.1633003071872703 0.6189880616890181 4102.260494852515 0.0001697807248427374 0.006753148228814207
1.1396833170902114 0.6718684468353615 4766.742293381597 0.0006016150400183354 0.006339888532361698
1.4036665075769545 0.639581822067496 4863.037841269304 0.00010312928281844445 0.014451412743874032
1.264032337134566 0.6141513886051582 4609.9738879661645 0.00020972031964879392 0.013354408289638242
1.0273261482674807 0.6563453023253603 4592.774387647718 2.3161142703611806e-05 0.005622277202035856
1.4396799683131687 0.6285334855689599 4550.308317285203 -0.0005366459057722725 0.0160308860668278
1.258307234462129 0.6502311774065634 4032.082163917885 -0.0001323653612001434 0.0076293942254747095
1.4257554860510826 0.6997064600825948 4851.593442811156 0.0011063575145920177 0.021352439416448744
1.3409921036192265 0.6244982784367983 4971.29059174342 -0.0004249842664771122 0.014611884668789812
1.163494372066448 0.7086096206549481 4269.786466596723 -0.0007452461981820747 0.006685729120040966
1.3358005288646972 0.6848573989499026 4328.318666624513 -0.00013975652492513422 0.009613327163335909
1.415816433767549 0.6697483332301762 4821.53365119143 -0.00032828458849087856 0.019865371138347996
1.1076294258978343 0.6248596153927365 4358.775555033733 -7.792059580542554e-05 0.004958663135805962
1.2320593447029504 0.6888834761358547 4758.3243176861415 0.000867301652215798 0.018431905081095414
1.3110789775570573 0.6624894720201944 4663.07026884688 0.0002500566158928475 0.0127608403538936
1.3915084583532296 0.605118918765828 4595.546928477809 0.0010909124420836632 0.013043873305285891
1.1237807057251212 0.615638730857892 4211.104099377054 0.0006578722524810612 0.004280884921946345
1.4169097203519292 0.5355500693720139 4302.754967560489 1.714388693751868e-05 0.01020294032556006
1.2459575246674102 0.6856893092048598 4601.508066072945 0.00017261942825988236 0.012124987023579963
1.2185711274083793 0.7119339204983397 4052.730624643109 6.922938631742251e-05 0.007556770706910761
1.241502734353488 0.6904931204020872 4459.788762722771 -0.0004161307942643597 0.01119462763871229
1.2056344519512212 0.7112578332199591 4753.531212883314 0.0007472006651354114 0.0070598544272068315
1.1356425658687133 0.6298786956212784 4985.008861723222 -0.0009309396864312339 0.004202490524513171
1.3207978180615685 0.6591796185816764 4017.9025836332216 -0.0006292561579834558 0.01624740755830931
1.0599737780975897 0.6187522244573398 4512.503667434734 0.0001929727843924128 0.004870408481393939
1.0352291505745044 0.6466105191870053 4594.962925605873 -0.0002772752711681746 0.004744715309691494
1.2578629215185995 0.7101791008441792 4790.642160988172 -4.5060600218579624e-05 0.013753863156262773
1.4344769383106937 0.7047514041408478 4612.204918717797 -0.00044648008323259776 0.01672278959585879
1.2718148042024109 0.6301156316304526 4819.382222238943 -0.000649301155919982 0.01402308330671667
1.2959984966903237 0.6879163056361296 4506.69064387179 0.000621638481706723 0.015353910317047062
1.0758432405828307 0.7054767971851038 4999.210596626842 -9.092892569410852e-05 0.005527524701540395
1.0697142394868737 0.656467052938991 4798.202140968479 0.0006897484411108735 0.0053387115540939716
1.3004446074605207 0.6206293809257557 4700.344340876313 8.495477197133699e-05 0.00963362474129822
0.9109215938145212 0.6040478996938561 4709.156111879508 0.0008612397797065921 0.004295065648316246
1.2191313537540107 0.7074090493925657 4732.107657970492 -0.0006375729531541648 0.0089115361969377
1.4398628417411348 0.6394012920604656 4846.459461057485 -0.0008448585455146679 0.015072957337184216
1.2415726578446964 0.6690573948132221 4767.3345150981295 -0.0004584629719804894 0.006117648144487259
1.1235274823702655 0.663894998708125 4847.527324171281 0.0006792609582494446 0.005206595084958561
1.0990273609386756 0.6733987498823231 4396.563367044404 -0.0008310257894506713 0.005473530054763083
1.4440427530060518 0.7096798942447005 4774.491166512355 0.00025505242093433385 0.023074295001428387
1.2751789157042124 0.5944238911087696 4173.987136477115 0.000330859854559279 0.011302418025331822
1.0148803018945278 0.6053490584013421 4476.489628132844 -3.398623542494312e-05 0.004289819849034764
1.0148803018945278 0.6053490584013421 4476.489628132844 -3.398623542494312e-05 0.004289819849034764
1.4039434776198243 0.6273519980197805 4930.910054357524 -0.0006417207051559563 0.013286832915631958
1.4039434776198243 0.6273519980197805 4930.910054357524 -0.0006417207051559563 0.013286832915631958
1.0313946128097475 0.6553843710522544 4783.212214870382 0.0005885012998526196 0.0051182967002394286
1.234434325447161 0.6591599030405041 4334.803547746343 -0.0012250223702336704 0.006946887009502842
1.202005673389949 0.6485474159855464 4527.363257232148 -0.000468464935405058 0.005424093481667103
1.3343449821761486 0.689571629026289 4421.641509942763 -0.00012475396476472654 0.016921333561666033
1.3646624544746027 0.6805205064839274 4649.712882727394 -0.00028565957899997607 0.015446451838865581
1.3646624544746027 0.6805205064839274 4649.712882727394 -0.00028565957899997607 0.015446451838865581
1.4156497962802275 0.6562190354578973 4555.068776342575 -0.0003377254246965726 0.015162656436054382
1.2608542763925068 0.6312970044115146 4377.211901521989 0.00022188182035697658 0.012464596993252936
1.174665618662662 0.6413174435918748 4765.575014244261 0.00022708156044933304 0.006000167220404159
1.13452110858203 0.6403549683171905 4284.1048357199725 4.6814167035141614e-05 0.004775854420725563
0.9545112075985231 0.6512856665296413 4961.699617752594 -0.00018908209937774632 0.005240725188587219
1.3934176313462128 0.5968032087294832 4858.20547475795 -0.0004102860429658854 0.014102731767990602
1.3773815299507137 0.5650580781557759 4782.2720675453465 0.00024371361577945147 0.011503881716346807
1.27938747081515 0.6967164290538057 4966.019278676563 2.0699025222510047e-05 0.016360703195076418
1.3197595811563945 0.5912613850265325 4986.2423460229165 0.000991905997556312 0.01110701110529826
1.4519944102857023 0.7192149150447693 4709.365888403049 0.00019976504870610368 0.02511939145082571
1.303860619207999 0.6316696639070443 4893.018979037315 -0.00018047968658819363 0.01238649394326921
1.3631223099902958 0.6596400117381672 4664.393538790289 -0.00030327982171891854 0.015573163031993919
1.0478547120018835 0.6732589265876066 4905.405281032705 -0.0004006983157155021 0.005862766774349591
1.0478547120018835 0.6732589265876066 4905.405281032705 -0.0004006983157155021 0.005862766774349591
1.2421086667309689 0.7045767692199898 4780.99720136999 6.934510139622882e-05 0.008184932322137288
1.2421086667309689 0.7045767692199898 4780.99720136999 6.934510139622882e-05 0.008184932322137288
1.0983102340491044 0.6592007650142654 4962.108785442946 1.1114516320038621e-05 0.005719380665107767
1.0983102340491044 0.6592007650142654 4962.108785442946 1.1114516320038621e-05 0.005719380665107767
1.3764791641924643 0.6585555612180667 4302.550232602649 0.0005050896659532074 0.01551924768143256
1.266134631858136 0.7202098845790164 4379.161647251447 -6.093744957206854e-05 0.006469066483050055
1.5934657800233567 0.6726311806156187 4632.128717875424 0.00019032000370154304 0.01992280019206498
1.421578185987991 0.7409180374675051 4580.893247609653 0.0004676997956853607 0.024599167223931764
1.421578185987991 0.7409180374675051 4580.893247609653 0.0004676997956853607 0.024599167223931764
1.1071451047489431 0.6325933863424723 4827.236411345863 0.0002916594496161559 0.004319277895652878
1.3191273660021579 0.6407710585585427 4978.006970484004 -0.0001010948801608777 0.011818894324346746
1.402686602230388 0.6877695958439611 4532.432253486031 -1.1973565632830567e-05 0.017032663605873487
1.28651662743565 0.6081059863309937 4453.732539393083 -0.0007751524752372754 0.010614503366535175
1.1713671507817993 0.7088145001100203 4864.158186634586 0.0003307543549067591 0.006349234482124617
1.3763577601355625 0.6524242113876028 4944.49448614313 0.0004595539373760355 0.015320370639450036
1.206109805899315 0.6097620028056387 4887.634874860874 2.464328217816425e-05 0.005693282043468038
1.3216836193652326 0.681242470470448 4966.575120713609 0.0003168157866312174 0.018580843432254697
1.5082903324924983 0.6398940236335389 4142.435766398365 0.0008249889749819991 0.013810049760185567
1.2958545497647742 0.674926620880868 4453.8976032716155 -0.00021131183987304567 0.016263492546792237
1.116379542098799 0.6588571163276039 4612.1358707384825 -0.0001297603130111444 0.004934495556841914
1.1943776732869855 0.7109129848306438 4995.917068317694 -0.00012253444025426907 0.00935016687113984
1.3563648620189745 0.6258146836000291 4311.320423182751 0.0005873306199009171 0.015200022829511935
1.3211092868318492 0.7113295737688847 4440.958213983786 -0.0003789106021919593 0.013489599495981395
1.3211092868318492 0.7113295737688847 4440.958213983786 -0.0003789106021919593 0.013489599495981395
1.111295767433592 0.6619442403196915 4911.548809526508 0.0001794468577683394 0.00450739472334375
1.3663497095304322 0.6954458759460396 4510.293605744187 9.339180168496883e-05 0.016595142069564715
1.4403993111549191 0.5900491172840896 4590.710655076411 -0.0003093534682028165 0.012830309417022786
1.5825049921069856 0.6800020710297466 4300.6663786492345 0.00015493217578497665 0.019103566539634416
1.2161726839138534 0.7054025701087216 4162.882170450298 0.0001872752432071759 0.00832875126966876
1.2843151051923969 0.6712254733910245 4202.007573439226 0.00019450655618645887 0.007714523944152112
1.2982531518933174 0.6470583120090466 4142.829055237108 0.0003739163266859812 0.0072375770106532684
1.2982531518933174 0.6470583120090466 4142.829055237108 0.0003739163266859812 0.0072375770106532684
1.013587264698416 0.6589778364545267 4691.243410647778 0.00014455455717341404 0.005310072663317597
1.4160235193245958 0.6402537682442807 4433.387305934949 -0.0001513716906199934 0.015098575409705132
1.2446099691234356 0.7023093882817623 4780.686531524223 0.0002573296450105192 0.008699453457543145
1.2446099691234356 0.7023093882817623 4780.686531524223 0.0002573296450105192 0.008699453457543145
1.1801769947531107 0.6375953011805913 4739.620153406713 -0.00033296876651674336 0.004692724635366748
1.231945351715396 0.6139228676542664 4859.122061781445 0.00023191248037495376 0.007515330304039659
1.2086857375778821 0.6488017740973706 4584.810950931082 -0.00027364031438169127 0.010977330330509995
1.2086857375778821 0.6488017740973706 4584.810950931082 -0.00027364031438169127 0.010977330330509995
1.3973120744813763 0.6128420938038961 4362.507139247169 0.00013770185782529179 0.014868008946821694
1.1470804461134823 0.633291663614847 4569.608755500597 -0.0005669417179871572 0.004772929410662031
1.3958063127833096 0.7093834440733555 4950.40302494238 0.0003608974825008292 0.02191802800976004
1.3958063127833096 0.7093834440733555 4950.40302494238 0.0003608974825008292 0.02191802800976004
1.1561178122544562 0.6679902085542146 4089.9309339299066 0.00028044909665700905 0.004940476295175016
1.2348410130195688 0.6531822045209125 4660.741216206426 0.0009451167359894695 0.00692844446871253
1.0554614076977393 0.6853424188764097 4981.1469883899335 -0.0002296262358357537 0.005180228345125471
1.4779650727302527 0.623916540443522 4775.36433974139 -0.00043397995646882176 0.013164505084982417
1.4522234429685759 0.6589505696696286 4304.320364542971 0.00032571262021345153 0.014548409623473452
1.5200415395058062 0.6491021669650725 4526.725514303194 -0.00047024823666816726 0.014097593569735358
1.3619565498984922 0.6338052530903787 4964.884078618859 -0.0003428432260397996 0.013625647688705219
1.3619565498984922 0.6338052530903787 4964.884078618859 -0.0003428432260397996 0.013625647688705219
1.152698548163419 0.6680770206302022 4296.799700588613 -0.0004683148535563047 0.006977462036979238
1.152698548163419 0.6680770206302022 4296.799700588613 -0.0004683148535563047 0.006977462036979238
1.1984049027805372 0.6698809231754623 4296.268173259787 -0.0006030210835909208 0.00982792593768897
1.09059798483994 0.6857340955347935 4849.369102353554 -0.0003139340626239247 0.004793401044635735
1.2654788521104594 0.6968560887178514 4160.478686222299 0.0005958142917872893 0.006536340102802757
1.2654788521104594 0.6968560887178514 4160.478686222299 0.0005958142917872893 0.006536340102802757
1.3571725340858425 0.5958697371085802 4778.62131422967 4.3395008002469266e-05 0.01300911180353955
1.3571725340858425 0.5958697371085802 4778.62131422967 4.3395008002469266e-05 0.01300911180353955
1.3667376041406323 0.6817891028015196 4991.214298975243 -4.8611679419586434e-05 0.017843022206824516
1.3036790888751963 0.6898114907176406 4529.925843750746 0.0006624308461042694 0.013461761806918061
1.5008481069796473 0.6630067068778136 4445.581108867255 7.810510616122056e-05 0.01816979633372626
1.5008481069796473 0.6630067068778136 4445.581108867255 7.810510616122056e-05 0.01816979633372626
1.3684521322141308 0.615789007496534 4898.262360644147 0.00033327743935277946 0.015087456154532712
1.0435926893317413 0.6402051590639244 4950.24521063162 0.00031409789831964095 0.004729179381815301
0.9853961714722955 0.6744745490791686 4752.82584031033 0.0008365184382149333 0.005548722228396474
0.9853961714722955 0.6744745490791686 4752.82584031033 0.0008365184382149333 0.005548722228396474
1.2823465392671496 0.6432743792806234 4168.270988403023 0.0010131042697489173 0.008392208213644052
1.3403793729178592 0.5778156928621192 4845.897728841315 -0.00010687590024765803 0.012181011916314417
1.3403793729178592 0.5778156928621192 4845.897728841315 -0.00010687590024765803 0.012181011916314417
1.1799647714774855 0.6537075999857733 4701.438320734817 -0.0004588034630804856 0.010165892902505918
1.1799647714774855 0.6537075999857733 4701.438320734817 -0.0004588034630804856 0.010165892902505918
0.9872768019874871 0.6366434946348152 4570.457163434906 0.00011466638810063632 0.004947768332504883
0.9872768019874871 0.6366434946348152 4570.457163434906 0.00011466638810063632 0.004947768332504883
1.3359322807881395 0.6288022522161797 4870.393023471766 -0.000228122507858694 0.014285322202537745
1.3359322807881395 0.6288022522161797 4870.393023471766 -0.000228122507858694 0.014285322202537745
0.9411941405704239 0.6086888236902779 4898.232149684885 6.303590470519811e-05 0.004620142253629739
1.3252434878326222 0.6138280626742979 4946.589744979026 0.0008919148875341792 0.012371728762289782
1.3546302747221977 0.619421156590757 4748.3799243135445 -0.0007175185535360749 0.014833360530933152
1.3546302747221977 0.619421156590757 4748.3799243135445 -0.0007175185535360749 0.014833360530933152
1.1869881783737406 0.703916983150949 4560.925213974758 -0.0002876173540234292 0.006347650744414882
0.9663828873352547 0.6387572033327323 4887.847134290528 1.3147319702184044e-05 0.004535627827712689
1.363322623825359 0.5910280645759003 4857.969878093749 0.0003168354623062822 0.013570184443324319
1.363322623825359 0.5910280645759003 4857.969878093749 0.0003168354623062822 0.013570184443324319
1.084155095336042 0.6702117793346815 4794.883089828008 0.00021212612322474693 0.005722257349661908
1.239363241643698 0.6770351894765425 4200.417787405821 -0.0003440566332168675 0.010444552592011446
1.2245818420937788 0.6523348705263556 4966.538014477486 -0.00012615311922271866 0.007171547706868838
1.1584501680959716 0.6925414973822874 4133.644187808879 -9.823183093051819e-05 0.005846153742024171
1.1584501680959716 0.6925414973822874 4133.644187808879 -9.823183093051819e-05 0.005846153742024171
1.1767035293975368 0.6930174138855788 4680.199464200636 0.0004909581255570779 0.00751847716946299
1.2269813590522638 0.6727883158794178 3998.308965647004 -0.00028971179425607677 0.00713938407985826
1.2269813590522638 0.6727883158794178 3998.308965647004 -0.00028971179425607677 0.00713938407985826
1.4969111559480295 0.6113307764504243 4814.731912224896 0.00017885524646227155 0.012510373965953312
1.4969111559480295 0.6113307764504243 4814.731912224896 0.00017885524646227155 0.012510373965953312
1.3556958450916003 0.6054682186717404 4901.564415991116 4.635821627942962e-05 0.0114758571173374
0.992676393228388 0.6424982405894493 4636.575871825198 -0.0005795701980082425 0.005049415313746958
1.176155853030377 0.6927190816965552 4219.1861138694185 0.00048504158941568875 0.005344718738151145
1.176155853030377 0.6927190816965552 4219.1861138694185 0.00048504158941568875 0.005344718738151145
1.3078207245967892 0.5760576745917161 4702.780692110237 -0.0003426460526015695 0.012032153261784528
1.3078207245967892 0.5760576745917161 4702.780692110237 -0.0003426460526015695 0.012032153261784528
1.4717539085402087 0.5744305880893863 4821.153401630294 3.0494856500759066e-05 0.01266289100286643
1.2691709472348625 0.6715045131004336 4876.503365987498 2.3140751540367088e-05 0.015169372490845132
1.2691709472348625 0.6715045131004336 4876.503365987498 2.3140751540367088e-05 0.015169372490845132
1.206120792337678 0.7112924121332047 4838.208588328342 0.0002397633022750223 0.0071185229953893625
1.206120792337678 0.7112924121332047 4838.208588328342 0.0002397633022750223 0.0071185229953893625
1.4373172767884927 0.6622977983335774 4733.7644781407225 -0.00041483691694939795 0.01699909021990225
1.1238445927996976 0.6821823352529776 4160.958283144989 0.0003081651268363366 0.005056068702303287
1.2790931858020789 0.6730169188397833 4114.900130649663 0.00014255617806832322 0.009747889466983118
1.2790931858020789 0.6730169188397833 4114.900130649663 0.00014255617806832322 0.009747889466983118
1.2299918246932822 0.7077813935142783 4160.466773035996 -0.0003542301710228266 0.006028418010859708
1.2299918246932822 0.7077813935142783 4160.466773035996 -0.0003542301710228266 0.006028418010859708
1.3933458231201739 0.6758866623119235 4957.631645925462 0.00021525576338147357 0.018742783411568674
1.2599296813702747 0.6404203927575297 4926.953642773485 -0.00011147835350857734 0.005837674709986681
1.434021148868304 0.6582253204581671 4869.404732387885 0.00023745259160454723 0.014559170561542772
1.3995489158040444 0.5721180293238519 4824.410979040722 0.00017563700902977923 0.01126501539989863
1.1721108756205225 0.6418173903102875 4654.135933147733 -0.0001338777923991239 0.004677233704180377
1.316803465387469 0.698878613096074 4679.313347751465 0.0003629847972253072 0.01672280291332863
1.2175482026909203 0.6728321421355117 3992.837539041505 0.00031886476828873604 0.005749680093111563
1.2175482026909203 0.6728321421355117 3992.837539041505 0.00031886476828873604 0.005749680093111563
1.3961060230496956 0.6521105408819101 4351.709211060751 0.0002790252082009936 0.014940747707863161
1.3961060230496956 0.6521105408819101 4351.709211060751 0.0002790252082009936 0.014940747707863161
1.1481944488307183 0.6258944678739072 4459.585889708787 0.0002156050306559443 0.004839160202450116
1.1481944488307183 0.6258944678739072 4459.585889708787 0.0002156050306559443 0.004839160202450116
1.2488777720055657 0.6655010213569446 4823.666911849907 0.0006948459600949256 0.01670815627407736
1.1057609504532422 0.6192384737070964 4889.036090389193 -0.0005251601939728743 0.0049790250516282735
1.1076849850563657 0.6304502100788689 4739.844759155886 -0.0002306156649695798 0.004391383100314337
1.2494308994383947 0.6612306694875562 4708.046635370116 -6.031805954974891e-06 0.011717622718176175
1.470443924150863 0.6410240414227925 4083.68782361163 0.00019127493961573308 0.013671731340229651
1.470443924150863 0.6410240414227925 4083.68782361163 0.00019127493961573308 0.013671731340229651
1.4193546119374 0.6148897158815693 4959.2103720008445 0.00016910192240828762 0.013948154697967584
1.4193546119374 0.6148897158815693 4959.2103720008445 0.00016910192240828762 0.013948154697967584
1.391427370692714 0.6582964574902475 4831.867920288025 -4.750790897949744e-05 0.014788351107050665
1.4252085922626785 0.6044196498496747 4428.395496735418 0.000782750703908579 0.013711151433819891
1.4252085922626785 0.6044196498496747 4428.395496735418 0.000782750703908579 0.013711151433819891
1.556932214267747 0.606585951706806 4083.7910271544065 -7.063751084181799e-05 0.012944025288197816
1.3081363755124304 0.7092083253120759 4943.695332564654 0.0004076363277182165 0.012990405271004103
1.2501775823156205 0.587779361273785 4456.4845629628335 -0.000532155273673381 0.01112124079437497
1.2501775823156205 0.587779361273785 4456.4845629628335 -0.000532155273673381 0.01112124079437497
1.1574301825328694 0.6980738469644614 4997.534450218599 3.0966194912452404e-05 0.0053935718147811295
1.380575580926501 0.6596823130599372 4548.780025283826 -0.00037334417062638646 0.015339058612322902
1.380575580926501 0.6596823130599372 4548.780025283826 -0.00037334417062638646 0.015339058612322902
1.5452772203438458 0.6028845511480808 4719.6601420457755 8.34155758012228e-05 0.012945245917366148
1.1201465767952064 0.6957927921342332 4840.159701759132 -0.00019412164923862793 0.005230933712527078
1.2129543064608441 0.675690843861685 4448.971752309538 0.0003278139969659717 0.009079968033113006
1.083311941589977 0.6480373761059859 4429.943726070307 -0.00013188375088815215 0.0053209813407788615
0.9700451921206764 0.6463224678100931 4915.197456088595 0.0003188636716000571 0.00511023382430616
0.9700451921206764 0.6463224678100931 4915.197456088595 0.0003188636716000571 0.00511023382430616
1.346740929138016 0.6382855844171766 4827.164781911043 0.0006682450624597731 0.012744286071302745
1.1596036089426398 0.6941783080882146 4659.326185320183 -0.000404732196496531 0.0057708864941553
1.3257278123996903 0.6451490511123705 4441.866639417103 0.00041335354065513404 0.014053429079399311
1.500884308287941 0.6118027487013276 4569.723851858441 0.0004788849519867247 0.013894570540638161
1.500884308287941 0.6118027487013276 4569.723851858441 0.0004788849519867247 0.013894570540638161
1.1722527465549524 0.6767509689473692 4731.594881800916 0.00023230324886302692 0.005383711144723509
1.0329720185561115 0.6477682065301718 4911.816067008969 0.0005465682489900423 0.0052069701121137835
1.3405603245785231 0.6202264466582724 4815.94343129261 2.831420468103138e-05 0.011266954312640673
1.4176905616282984 0.6200628581047329 4509.598437812618 0.000666611959074926 0.013086447803023095
1.2874985596352304 0.6841036458310378 4126.52244669404 0.0002002460940808878 0.007719461645788133
1.2103031782322395 0.6896795478680828 4886.713898296848 0.00018057913846118395 0.012138422262621441
1.3028754447066997 0.6772764387796769 4959.809771485216 -0.0002206512474654805 0.015645070487983186
1.2697797893071572 0.6221999117603041 4186.549744983868 0.00016646492945755962 0.012455804340495138
1.2697797893071572 0.6221999117603041 4186.549744983868 0.00016646492945755962 0.012455804340495138
1.4643127663052096 0.6475153214090719 4659.5001793212 -0.00017627477943703065 0.01572878562016149
1.1625804470490946 0.6833014013150127 4238.024144150849 0.00041226453622326704 0.005311389483651635
1.068990111274514 0.6289377943192087 4989.902102122581 -0.00020656090458619577 0.005048040147962651
1.3763319764894395 0.6973962492791329 4585.24559402221 0.00010592607932078627 0.013541566878737234
1.3763319764894395 0.6973962492791329 4585.24559402221 0.00010592607932078627 0.013541566878737234
0.9965202978309271 0.6230327078967552 4509.89928399577 0.00041818794247093624 0.0047215972144632225
1.268940908941032 0.6658404987686097 4729.503760466192 0.00014449769375247205 0.013406542905229296
1.2824924345141253 0.5892036669192562 4358.421067238666 -6.983811397496436e-05 0.012826916053564955
1.2824924345141253 0.5892036669192562 4358.421067238666 -6.983811397496436e-05 0.012826916053564955
1.2234342584519409 0.709503905224281 4524.187145327616 8.814746102665603e-05 0.00740774294122532
1.2234342584519409 0.709503905224281 4524.187145327616 8.814746102665603e-05 0.00740774294122532
1.0989974618227827 0.64804767423218 4445.875411083397 -8.382295562453774e-05 0.004839072013780849
1.304226602362891 0.6858302142964683 4919.372145837838 -0.00011731900148082045 0.014819003967699203
1.3381263314717282 0.6521971629435632 4550.207770342652 -0.00017802445868092664 0.014313409059468504
1.3572956049943379 0.6508373835256708 4980.912593083477 -2.7757953495694227e-05 0.017031408082081024
1.1294716757508205 0.6732409035766405 4964.20620511199 0.0005194891620798089 0.005598056573825421
1.0979152076645347 0.6620338167059634 4802.957161385922 -2.9968223506433896e-05 0.004588782801765362
1.0979152076645347 0.6620338167059634 4802.957161385922 -2.9968223506433896e-05 0.004588782801765362
1.288295703093453 0.6792538161475724 4196.756360593979 -0.000399080977372938 0.00612017753671309
1.2350970492361 0.6562606307824295 4935.362128315145 -5.7137201368257164e-05 0.010847998988624196
1.094628058781433 0.6700526165628296 4318.255627122497 0.0005203375141222344 0.005662015056109394
1.1466894436074655 0.6580885352773541 4566.461879106623 -0.0005438077990999812 0.004592882973432093
1.0871858843159503 0.6674754116896919 4544.191786285335 -0.00023273338360124918 0.004959517001043988
1.284442117815844 0.6823535913439959 4199.43076804182 -0.00047447448301615687 0.006453172420629066
1.3040501175069195 0.6987765457346727 4424.17838962168 -0.0007899015621030614 0.007568435767379812
1.3083916870678811 0.6861005067543783 4959.291235632251 -0.0006086604998434521 0.01595354903239246
1.3083916870678811 0.6861005067543783 4959.291235632251 -0.0006086604998434521 0.01595354903239246
1.0648259126353672 0.6702381588555053 4868.290633344566 -0.0005217838462916967 0.00552286501319245
1.0648259126353672 0.6702381588555053 4868.290633344566 -0.0005217838462916967 0.00552286501319245
1.2445542132931935 0.7165036069022828 4930.001855999624 -0.0004402918285453912 0.007053852175768139
1.27087171027152 0.6720380443807111 4654.462722436414 0.0006592946757488638 0.005713367027410784
1.3736866965007302 0.697789301993802 4598.087985072981 -1.2579321873054176e-05 0.01437683980864315
1.3233495612168529 0.715496384885029 4321.664658583805 -0.0003023449529336132 0.00992218453970425
1.3233495612168529 0.715496384885029 4321.664658583805 -0.0003023449529336132 0.00992218453970425
1.322768081699432 0.6926407643145204 4257.325806629641 0.0004851773887844246 0.008530172801942331
1.1771576758639795 0.6270987975831109 4721.423234150482 0.00016354284535634162 0.00858833738124878
1.1783107007415126 0.6528745985814032 4498.068072026365 0.0002772859068398834 0.009267258835414956
1.1783107007415126 0.6528745985814032 4498.068072026365 0.0002772859068398834 0.009267258835414956
1.2152315877199893 0.6829808917472733 4871.985036621914 -2.5178878655422548e-05 0.005872304503910342
1.331303600275072 0.6431938632661081 4968.980968676667 0.00024651440829235417 0.01339236500311993
1.3616426776040202 0.6533669810198822 4655.109013294096 -0.00013405863703188018 0.015332898770998674
1.3092195829741058 0.6549637126410692 4567.797180995863 0.000657008938517747 0.016179955745136802
1.380030780672206 0.671306152545279 4911.458670410469 0.0002140134445204691 0.016833043140914702
1.303812072509248 0.6732816645654129 4980.503649073207 -9.518644901229618e-05 0.016888563228661498
1.3915666538532603 0.6647420373246785 4703.278104359494 7.3597947207001e-05 0.016487519452145688
1.3022652352673747 0.682056231500912 4727.895684387707 -0.0003321931174539662 0.0128521365880779
1.4685321205046775 0.6195093055954398 4344.391772654626 -4.1420418312713075e-05 0.012287393592528048
1.164474246642976 0.6998665589524651 4605.554906301045 0.00012340980267342582 0.006127406930711793
1.3758395786778541 0.6598261767240879 4677.029127645922 -0.00032046926693228957 0.01606833854966168
1.3758395786778541 0.6598261767240879 4677.029127645922 -0.00032046926693228957 0.01606833854966168
1.1023482275364627 0.6451853957183914 4808.223934353636 0.000153970615630511 0.005259312219551099
1.1263956868812495 0.6656872557563872 4879.167552851299 -9.741341287192772e-05 0.006933169141027936
1.2299840349506128 0.611866491619812 4574.229941929405 0.00013809492767003637 0.008290972490349635
1.0122787681543264 0.627058512719857 4892.547868181014 0.0006712954641831918 0.004542163664151561
1.4203463735807285 0.682959553168633 4580.085865743432 -0.0003334313747224003 0.016407678405618267
1.0762970453306273 0.6615659700985398 4581.682970794032 4.677793648725122e-05 0.004843152009872053
1.357282292886969 0.7204181362608888 4105.323457266104 -0.0007393647691488769 0.00814010941638666
1.1603478552854305 0.6826321288748657 4982.517850778856 -0.00021814603625105683 0.005833696916230345
1.3881572750053421 0.5761041902945653 4962.3181610609645 0.0004651431792945931 0.011636450835083571
1.1487292789905053 0.6967727972841586 4979.292849607117 0.0008601575053037576 0.00594454585970911
1.4056403266400541 0.6414670025649636 4741.171273380604 3.836364963851799e-05 0.015755995925513553
1.2117655406049743 0.6898060229883394 4839.448338691333 0.0003559779833408476 0.00730761361857922
1.0862197046580169 0.643358357669084 4999.744593415399 -7.573032402472121e-06 0.004732719343478924
1.3573323931449934 0.7145803690836943 4930.373469451774 -0.000284616559204173 0.016126440333998897
1.4340123785461358 0.6673881782131825 4899.359489864147 0.00011934241107925222 0.018405541299400377
1.256988185274349 0.6395598702196388 4574.001395693543 0.00047459981762100186 0.011709691222197872
1.346077736957389 0.7250478521284937 4709.08155043846 -2.197839047856716e-05 0.012852447460569074
1.191128341479398 0.6766579009715054 4404.911054720952 -0.00048008434535037686 0.005823931652677682
1.2133925545333972 0.6616740865957247 4880.202663982137 0.0003565249538014132 0.01152150197542754
1.179524298176709 0.6756089234549087 4557.470385447328 0.00017569077042056363 0.004977170882492506
1.361548525755817 0.6613366455707664 4919.708507913501 0.00032283638341713334 0.01664187870405871
1.29484232446179 0.6486333279280605 4562.811553297669 -0.0004633696124263817 0.014214974504695319
1.3865220032404588 0.6558414480498 4572.221985760934 0.00039670117208478263 0.015743186456954633
1.5172851542678305 0.626548300646697 4719.173591920964 -4.663098239381779e-05 0.013962127896300136
1.2811216961457756 0.6510592885065561 4784.3271521643655 0.0004257472286823843 0.00996723500339236
1.3257771872465403 0.6422547623018872 4136.09553292413 -0.000129153080667754 0.014261824061733961
1.2870045151647815 0.6277806883162891 4609.553893518598 -0.00018312161620656324 0.014068175470694494
1.1011441761922163 0.687056005758299 4989.816202939824 -0.00031171177461986174 0.005217480111800386
1.5001421301403144 0.6639684640835362 4366.377562433939 0.00017345038381484852 0.01642616916071042
1.2934256840289724 0.6866382782358849 4968.1005177284815 -5.623771035516668e-05 0.018053419304510883
1.1893391379565421 0.6742473438759282 4577.581312422004 -7.861848100306631e-05 0.010405567878988262
1.2072219056046987 0.7077600061531439 4896.305702785841 0.0002500624330853377 0.009219635339691189
1.3076346043251723 0.6555555395966399 4988.092464678602 0.0007412988962712545 0.01340028959376064
1.4172486263483615 0.6835694622556828 4840.057359900541 -0.0008069594444068305 0.01858775652394711
1.2128062823411958 0.6466087069249054 4463.946356238898 -0.0004758755694970329 0.010804560072876206
1.3991266021004956 0.6236070042732695 4704.266811388807 0.0006493489144761442 0.014324632401912807
1.1395598409288688 0.6394808591303573 4677.814656143102 1.2488180989949781e-05 0.005086672714941074
1.2972361958449565 0.7112506130082126 4891.03596076305 0.00038558241853190356 0.014231357673115504
1.2108782148389685 0.6566627100056075 4914.59798120822 -8.316125478997444e-05 0.0056827193984168856
1.2903738047208932 0.6823533121555075 4949.813917491722 -0.0003470579733561535 0.011466151245161357
1.3758162139681485 0.671224836160644 4630.298639915972 -0.00011316838200794826 0.01648679645401723
1.0189499710460619 0.6539963539115184 4802.594423864033 -5.087347916786334e-05 0.0049508657083188745
1.2760065611029676 0.6776918815817876 4669.829459919326 0.00038153865879448853 0.009047909208846214
1.2874993678679518 0.6424820851020271 4970.7334602372175 -1.5061957358208504e-05 0.010455589611647258
1.3643861667059303 0.6821178588581254 4303.903625724743 -7.509966113986717e-05 0.017783416430303393
1.2516292731111631 0.6731009276252221 4302.906673756827 -0.00041956582197443855 0.009277870775854338
1.2775687103465851 0.6353435087440289 4997.296156729703 -0.00011316318166881863 0.009594099322742067
1.3685005657876728 0.6457984351523378 4991.371099923309 0.0012886329840210336 0.015877342611913772
1.2018447912486097 0.664797444942504 4940.554301054397 0.0001488610571250208 0.005403519708706079
1.2738129298354999 0.6169166116986373 4623.0422040714575 0.0001951602300682525 0.01247627794176249
1.048379245125454 0.6571900348922843 4730.936378608126 -0.00014659603145449784 0.004745088320588635
1.3190313444206148 0.6333123331380233 4981.508552177435 -1.788456431080308e-05 0.014753757385110358
1.1546617905091627 0.6720025130417538 4083.5366240728504 -0.00026752369772591907 0.004918727611243602
1.3265359921313828 0.6552021802284349 4814.849234917609 0.0004866867765085769 0.01028720859764479
1.2365103052641016 0.6387903968467545 4482.346048248399 -0.0001097752199594986 0.013087795617637753
1.0420447969773146 0.6632015689792213 4949.03390129192 -0.0005088535374201012 0.005251133845011176
1.067561263486758 0.6748454379094655 4874.653309356795 0.00023462645013390822 0.005387082476165949
1.1960277928885077 0.6559276561261684 4734.304853030426 0.0002520598343546823 0.0064317996368476685
1.4939398263125492 0.6443033579315879 4802.122129998284 -0.0004883431214020704 0.015941985877232764
1.2588596425531595 0.6525362315713155 4590.143027631835 -0.00034709368491540405 0.006043337328026196
1.0542369535649558 0.6428628178602352 4709.868929055147 0.0006007150764404404 0.00454101909820355
1.3367410812050062 0.6883214404590569 4926.495859895023 2.338741920405216e-05 0.010599456434192616
1.1993604500670751 0.6656926632061448 4830.116585429708 9.7029102436779e-06 0.012903817772302418
1.3399433602385216 0.70505507681529 4199.461660830845 -0.0004044015968167602 0.008657975190961611
1.4037735565596419 0.6161200503796243 4817.622810055013 -6.71055957966763e-05 0.013830113297904914
1.5105121954551985 0.6757364888663207 4709.784041720663 -0.0001606634010419165 0.0190294724979286
1.3088107926791699 0.6665276693444059 4490.8043356117505 -0.0004551902282207543 0.010757156629048373
1.248668268013357 0.6239926725426774 4735.005381349984 0.0003726642063052973 0.013044990035748438
1.1918811420900783 0.6446314203555399 4853.735867141368 -0.0003812333909433591 0.004739439127632134
1.3733415879887125 0.6245837665281146 4828.851603632891 0.00045911827494258883 0.013750502615433516
1.3476694078188198 0.6247098861585535 4918.152894522383 -0.000448770466294363 0.013580015351867283
1.228718756741753 0.6804745947557921 4777.579799243227 -0.0002707765071963592 0.009240640817793728
1.3512442814178325 0.6198488995772571 4824.1675037521145 1.4754275206864692e-05 0.013213822827900856
1.1513685521793429 0.6392183590101301 4787.959471588393 -0.00035281781978536476 0.006685185291620798
1.3013567935478163 0.6388670898507836 4953.932041986049 -1.2087395081060713e-05 0.0109496078819067
1.332373954337885 0.6755635156456127 4895.817931075756 -0.00012628484058646805 0.009014644418623187
1.2568445746134564 0.6272789299339365 4752.683138477998 -0.00020379882194786732 0.012468022096771919
1.30247257583361 0.6843040382784362 4551.7156099758795 -0.0003281011438389282 0.011093908840135502
1.0861350241651957 0.6768684611826506 4991.271954063245 0.00011642841783054634 0.0050472578429966025
1.3572260181866613 0.6512789599440528 4978.082370976528 -0.0003536773363249185 0.012976640037634742
1.2626222920796408 0.6349106038985974 4663.673296251121 0.00024144764392178066 0.00949124911086655
1.0861496853129518 0.6590174192829238 4310.364775184577 -2.170874175091625e-05 0.005205193070948869
1.3771919846956884 0.6656181525977392 4636.905094808652 0.0005622366174571553 0.011864178627759297
1.3272418702395243 0.6598399560818927 4817.015190317989 -7.598434069545804e-06 0.015762531080189452
1.1980709742325653 0.6786045061572412 4142.275218295413 -0.0002684779513114365 0.005193484387242243
1.2197511931128215 0.6751938391018341 4816.875975236808 -0.000219239710605676 0.011019604320873625
1.162258970839301 0.6640098636770753 4561.792599908388 0.0007417573559146809 0.005701871081694765
1.445145008983976 0.6168736749498714 4901.835161145301 1.5798818006103033e-05 0.013870829301724901
1.1582704162604063 0.6982288175082908 4821.931400133692 0.00016698507552105312 0.005370196436877727
1.2201027007073642 0.6495378716538232 4489.614933553983 0.00010067970499431312 0.011556353894265677
1.1698338064345946 0.6752929309700811 4907.602042393383 -0.0003698540958104513 0.005989786082799372
1.3152149036491387 0.6816430257136598 4585.93880628892 -0.0002427486124881249 0.007166026153312014
1.2394169452973944 0.648183697194153 4768.139094346695 -4.307380498440918e-05 0.011474166898216391
1.2426919200010342 0.6581052006626432 4732.370501571646 -7.553128869101724e-05 0.008850573505342959
1.2492262466238295 0.6394485257468175 4816.347012763947 0.0003975633731115254 0.01286206986922794
1.3831231513406426 0.636960094244436 4869.429330763016 7.270187470240685e-05 0.01251638379712062
1.0564446527643385 0.6548547487581946 4463.3926777998495 0.00016315238882958662 0.005043943525335934
1.3605018296488662 0.6680462336719709 4832.161322994922 9.975847497678086e-05 0.015212046238711693
1.3346403551585877 0.6527969167684868 4795.945527128506 0.00012307772262299652 0.015562054133882874
1.2560917034127421 0.6588199575706877 4919.229082467599 -0.0004908966406584576 0.010083209175428352
1.4328659858670743 0.6520432425410296 4509.1443053571165 -0.0007331796820365468 0.01624989979149527
1.27834254446377 0.666773751136504 4989.996088111043 0.0007973616161206552 0.012575035144425825
1.2058017337882834 0.6702355526785855 4329.175394753338 0.00036578632146335414 0.010349578570392978
1.2852974101033001 0.657793773980043 4934.584326520346 -0.00026479768053418943 0.013632143265296598
1.289837481457547 0.6413616508312854 4491.62354467151 -0.00024040597133497658 0.010037782635733225
1.3077436211171332 0.6621584537100372 4991.080831173086 0.00030305479362230966 0.014630430968644616
1.278869810919106 0.6832835988575833 4732.65717697636 7.863338363149627e-05 0.012347285801410573
1.2616659650759665 0.6425262671356726 4728.770865933607 7.193093495018239e-05 0.010697674245573434
1.3880350105085821 0.6423688293572758 4841.334095598533 4.134972600787894e-05 0.013979459889974599
1.299863611986013 0.6864568429172617 4259.124088766885 0.00038462351271165417 0.012149905979071039
1.3326488364440905 0.7099535755759078 4930.7901802767665 0.0003281803913416217 0.012878849489766786
1.3769876688950056 0.6871345244521889 4249.681630467132 0.00019334543591546983 0.013778940719799864
1.3986715575823916 0.6863501821946816 4895.163719520574 -0.0005660478391164914 0.017143866115093245
1.1333197725519177 0.6904652648185214 4737.491672448643 -3.7114807148741715e-05 0.005756720790148712
1.0807797360181999 0.6518837566497098 4468.629418348264 -0.0005330331448313418 0.004887414312143395
1.1624541832095103 0.6681522634069463 4719.048878780791 0.0004161013349804115 0.004891323697408263
1.2363951646978735 0.6802087791647748 4650.589372248562 0.0006650206673653941 0.006987297261001911
1.4630970872623315 0.6328064495993753 4509.982946457722 1.980931418794667e-05 0.014587371113059935
1.3382325668184847 0.6009995910380048 4809.196858778784 0.0003205126819309384 0.012614287870852458
1.3453540368906194 0.6414901828499874 4841.4794175941815 -0.000537401879063792 0.012739773027709336
1.2271520483411533 0.689263565965505 4526.359690474362 -0.0002754244094956206 0.005989535384302471
1.250250344877439 0.6473730800479464 4896.235533842713 -0.00019194726430867655 0.01130593175161681
1.2275396417644706 0.6824769839379383 4449.424122725739 1.9807659190099253e-05 0.007199446739213584
1.2523191063754135 0.681833384387459 4837.886874884057 0.0008507826960303805 0.0109879529719785
1.3152918843288957 0.6525063526112951 4454.6544268074385 -6.935868490640315e-05 0.012110570328888848
1.2797937906524446 0.6115979275221527 4912.659552404726 0.00019974330613019864 0.013164567542058955
1.210532077397924 0.6759693588505048 4598.010163241113 -4.6129530671069376e-05 0.00542890555528912
1.1437629913129506 0.6729722399959138 4636.270186275389 -0.000555317118270815 0.005484801905524218
1.254839476064217 0.6796305467333741 4524.5853646544765 -0.0001350248539348663 0.007920005378162431
1.0430710422596892 0.6448087892061062 4891.3032267195595 1.689851530836904e-05 0.0048666454010816195
1.2811452875080593 0.7082872967961378 4926.304929933565 3.392335338744509e-05 0.00830998720284839
1.16579000850226 0.6950588128115093 4802.068514143301 -2.187484485054466e-05 0.005328599718890753
1.144046272014408 0.6645519855200046 4936.578495153526 5.8573391611574145e-05 0.006001274864781786
1.2325120227154398 0.694480587592478 4933.006923572398 -0.00022701144283824546 0.006283766673432709
1.2243074881356328 0.6849064056775892 4803.773666757629 -0.0001832319144519356 0.006123199096634517
1.2639785165013881 0.6797788873322851 4926.892145314091 -0.001050442669090538 0.006139437004235758
1.22976106868464 0.6748422820056299 4939.601689756748 -0.0001231800302796656 0.007013435679053254
1.158786652420339 0.6887866905926818 4927.35004199485 -0.0004465628221153133 0.006645031877459167
1.2384710766814824 0.6583019938086885 4938.549012529362 -0.0004272562145215932 0.008418453767262076
1.1556289952993 0.6675423943402292 4989.73447175448 -0.0003542074293047883 0.005827094677982418
1.1202034714662787 0.6505543605628977 4836.9132855486605 -0.0008708214840373288 0.004818651429159111
1.1474330684732685 0.6801873652910657 4849.7908928124225 -0.0003945631198760486 0.004903991516545346
1.1899713725305696 0.6433914497404644 4994.371923257628 8.343987859165772e-05 0.006387677595954867
1.1747312050326348 0.668288166731141 4841.095927813687 -0.00018278104115757723 0.005489920116053119
1.1573845173564787 0.6654055372493473 4954.207230801377 -0.0007563723711849036 0.005754477055114295
1.2357929835752035 0.6678095232585596 4869.496939046957 -0.0006739067090428927 0.005728217771471981
1.1598828355705204 0.6963276644231311 4836.313709582941 -0.00043715202814022177 0.005730251848181888
1.1042579618190627 0.6574070274601587 4687.284251924973 -0.00018137102819358041 0.005426271739531138
1.307845318963769 0.7149189596067421 4636.941689569785 1.263883662104762e-05 0.008386989882328208
1.207522836714297 0.6748004042783156 4734.694627650866 0.0004999823689670781 0.007777677720248659
1.1355420234652303 0.6576588235565572 4936.534300100622 -9.957552704178904e-05 0.00534067530777943
1.1156870569183204 0.654956580780351 4915.535816964205 -0.00028963541984624176 0.005493283376037305
1.2004597192548472 0.6946453604351334 4796.667068029468 0.0001483035870795883 0.006753487649870576
1.137768447141409 0.6674662819639442 4837.508609349896 0.0004649694675922723 0.005303441268876775
1.2283505282026677 0.6355040474278572 4927.791642668728 -0.00032415579536654765 0.009838319171601008
1.275422526819395 0.6789397430982889 4817.991078741316 -0.00011647493441508533 0.015113674557948582
1.3228279417003495 0.6470761725842481 4852.014109230752 -0.0003135019287563251 0.013009508561412773
1.3569632282091981 0.6586157285637917 4869.198412589891 -0.00019066222140581404 0.01259867573820288
1.2794527670318636 0.6897060867298616 4984.609111976802 -0.00042670237788595717 0.012861429703311682
1.2441825250453515 0.6413953643574513 4902.35430519426 -0.0003383721159667764 0.011880311168830995
1.292848134994181 0.6345746299699718 4968.540149749152 -0.0004567228367374983 0.01311130599779624
1.2997766854957047 0.6976511363640046 4872.42022270219 -0.0003507839576593812 0.012081720061579464
1.2936411688989735 0.6711879747408811 4836.959264133362 -0.0002557846557756462 0.011851812294939212
1.207461291193567 0.6482620388851735 4929.084017961404 -0.000260828873961289 0.012716318663513564
1.2355620809331933 0.6479300232841483 4980.656738654556 -0.0006729524477589181 0.009245840620544794
1.3324314609036212 0.6613854625857778 4803.826309097861 -0.00025879127424285984 0.009701265947552688
1.253480433234949 0.69104190625619 4811.465264862577 -3.167666902654065e-05 0.012164770231562674
1.2936361867112436 0.6605900830696172 4836.833553897872 -0.00047443220932058224 0.010375018131317509
1.3312590064059173 0.6191161128009246 4989.5416354739 -0.00025954930439614233 0.013754972290146411
1.330923678060236 0.651898685049268 4949.958931400466 -0.00020640635290347623 0.013934575609396498
1.3180327464766224 0.6654107449088071 4797.406856450974 -0.00014436156339532269 0.015478644539889121
1.3180327464766224 0.6654107449088071 4797.406856450974 -0.00014436156339532269 0.015478644539889121
1.3230913035092429 0.6533124451172752 4677.123186198837 -0.000289265606008907 0.012596258564601911
1.3021363731049602 0.6735859341639734 4590.147003609186 -0.00032942360849073124 0.009231098741592007
1.419665330336453 0.6481125220225732 4797.533503911125 -4.247623715760203e-05 0.015236933607651174
1.3363472790126278 0.648265898326443 4777.04946003488 0.0001749991208473505 0.01472986201852924
1.501518018471609 0.652090694865922 4709.689728714565 5.079678135797653e-05 0.015573085143532086
1.4529541512497657 0.6686598697003349 4849.356422793548 0.0003792390220837754 0.017702356147234012
1.3763246778615599 0.6565387240704579 4827.368955233748 -0.00035881740778630173 0.016013486635888245
1.2777381309475733 0.6666950740655545 4663.920016441409 -0.0004542402273691563 0.011781169058280432
1.3733836729249567 0.6327632775271685 4790.687567125038 -0.0005520469348844813 0.014791201645242029
1.4240753451026853 0.6228542436439344 4836.340662561689 -0.0007123190803229907 0.013614465980850634
1.3921317839652527 0.676089409183863 4794.690654022381 -0.0014384088257580212 0.017459751342543947
1.4418503485330325 0.6955081522310363 4806.10726393973 -0.00024809707941579145 0.01870490975589973
1.5099986555048637 0.6584112834160096 4526.285951396552 -0.0006507084556841397 0.015949763553546523
1.3202713310814231 0.6280688533123449 4519.640148269036 -0.00045632190804432765 0.01402957606760685
1.4078208079917052 0.6861033786237344 4581.6447411714225 -0.00027694556127442024 0.01640031753211399
1.4264996296069166 0.6366418131763314 4955.948729647886 -0.0006010822583022724 0.014841642242241757
1.3206201549110685 0.6576479078959034 4663.175994352118 0.001018775843742842 0.014990963492688855
1.3206201549110685 0.6576479078959034 4663.175994352118 0.001018775843742842 0.014990963492688855
1.3274852853092018 0.7110371876683932 4822.294205283873 6.293382789392231e-05 0.016729509447433042
1.383453877823987 0.6846758415432865 4674.769979522223 0.0004963483640065621 0.013636298777266126
1.2571758703883353 0.6604540179845313 4629.509760210245 0.00037894967562356177 0.013156656862952545
1.2901090484160624 0.6724433632562076 4300.865021881128 0.00013364094362301564 0.006323893765873227
1.2112430597806418 0.663746642370719 4420.367409574521 3.830370928476581e-05 0.008864563265204847
1.3136287526145165 0.7037878146247517 4536.720594063924 0.00040044705928005 0.009158917786825541
1.289320846282762 0.6479166863365352 4574.74667323134 0.0008893939651605843 0.012982123960504152
1.5236414897945174 0.6776402628959728 4300.484550120964 -0.0001893800965004487 0.019080677806851444
1.3474924081402042 0.6512358007074911 4852.804205022305 0.0007476952587098751 0.014160782362598342
1.2630286318594313 0.6553114200755001 4903.079296101544 0.00019649311324563496 0.012647728549925272
1.3146345525668028 0.6328435581524772 4918.741115953933 0.0006629601308842597 0.014607202858893739
1.2649674541819314 0.6412816569375547 4974.271370323011 0.00048560110150839165 0.011509432507896383
1.290501531495289 0.6868206953459536 4827.8881258624315 0.0006022358287333323 0.013597897158781798
1.3266102356283087 0.6798191016216242 4853.27838563156 0.00023085532077392654 0.012467113239536167
1.3676050411010758 0.6764930644787046 4955.2316438731505 0.00020416797117177456 0.015493844158761557
1.3383079438032843 0.684501013789939 4955.337180445509 3.5381689135632015e-05 0.012936181512961562
1.3383079438032843 0.684501013789939 4955.337180445509 3.5381689135632015e-05 0.012936181512961562
1.2775070427938013 0.668105057957781 4915.264539654897 0.00023061927673723856 0.013835536772506018
1.2493722184259903 0.6575491780428715 4886.697403878099 5.027706278624493e-05 0.012534365439300858
1.3494623631608738 0.6582262823571452 4941.106938209166 0.0002362031089660306 0.014738806933826381
1.3447560971852353 0.6354252139659937 4938.586641518449 0.0005064957957706531 0.013232020743737952
1.377507478445445 0.695942405688158 4960.873027620529 0.0004525072595586823 0.017077707412281394
1.277492045007119 0.6624987410275447 4590.820776816181 0.00047198400766117947 0.007645235260829714
1.2399113558080268 0.683877255633624 4566.66554500012 0.00012218562397468388 0.0054893729830207405
1.3007492274391477 0.7039635860791703 4674.214168396184 0.0004466226118973139 0.00791877081557036
1.1671654250891628 0.6694880403699282 4590.308295847982 0.00035088834489270006 0.0052208299661156855
1.172177987835234 0.6677645630189265 4608.826349486633 0.0004338651055658113 0.008242482016457532
1.1958150401141667 0.6735824974476395 4997.170637935595 0.00024350689258508678 0.0057877788241967746
1.1282300321547136 0.689346025864436 4941.204999907106 0.0009349578656257322 0.005490779795562378
1.2359798294482838 0.6764409001078832 4926.738848751442 0.00024096126589813702 0.00609324372081527
1.1592487008419408 0.6543523946753715 4912.411878468906 0.00026534719871218444 0.008182996134953482
1.1870265460732665 0.6634761078808422 4966.691937944205 0.00038698035588247094 0.006481005053957151
1.1229628559830531 0.6560607721097491 4957.07423351198 0.0003731359593584799 0.005238742373214844
1.1515473326243106 0.6659872052881746 4794.28460027654 0.0003809949176498645 0.004864162407712891
1.253326193708913 0.6791035826081009 4947.983593552896 0.00011086636077073323 0.009413251696520075
1.275900273491243 0.6794310304425852 4849.4195628769 8.365803216274906e-05 0.006416942536193003
1.090951486119332 0.6630027472875079 4926.403718839079 0.00027578207612071755 0.004889215004485028
1.248346958534053 0.659223083829793 4962.316740696124 0.0006528430442289343 0.009627725726210925
1.2791115933322954 0.6980659738846845 4836.302855518465 0.0006588272423292986 0.011088155789648637
1.2791115933322954 0.6980659738846845 4836.302855518465 0.0006588272423292986 0.011088155789648637
1.3204464250753976 0.6601891823640861 4802.143689444906 0.000538097017742762 0.008084840670922074
1.300045557791342 0.678376165098078 4840.55013398288 0.00013547548100330468 0.009213171425996314
1.2222579865966798 0.659918695960821 4997.31683088027 0.0002380352474411796 0.006900239415340117
1.2553088773452479 0.6895203999050317 4955.761222850347 0.0009510772992891213 0.007376492789773988
1.2553088773452479 0.6895203999050317 4955.761222850347 0.0009510772992891213 0.007376492789773988
1.2510852492649986 0.6344753222446943 4809.970488690467 0.00018947834222225688 0.013303326853739925
1.3794528560688475 0.6632831580181064 4984.051459519868 0.0005342812819074739 0.016500424621405198
1.4061988656211468 0.6689407913590727 4872.621257169954 0.0004142385147605795 0.016484288102219316
1.169044629909304 0.6797008292044706 4848.990880769344 -2.7106473047223362e-05 0.0056212152953672035
1.3372867783384992 0.6634233957975962 4992.259457376162 0.0005801520045960451 0.01541432716518329
