chirp_mass mass_ratio EOS alpha zeta
1.112419673462004 0.38090018668957415 4275.755572093797 -0.00020529085360957168 0.6243397949326408
1.3107420679995503 0.5484355991387668 4858.771675995445 -0.0004379718315788649 0.7294634036965257
0.9498920607929324 0.39320640092202974 4178.5203857114375 -9.216736097398677e-05 0.46492363655068913
0.968800071910424 0.3890539209602829 4327.725729028273 0.0003063982599566422 0.46454627006979543
1.0529081355175747 0.4512222465431829 4560.318414573647 0.00037509066731046824 0.47572035456053163
0.8578824698601447 0.4299158757691325 4526.883412923994 0.00014707340909044523 0.3661441901476822
1.2358272790908815 0.4499180465936661 4095.0985624194145 -0.0004445668047265565 0.6908465027809143
1.300782577287534 0.48619246734720006 4160.520946792279 -2.7385766968049993e-05 0.8837314083903951
1.322554564925258 0.5391362860438051 4168.955765373621 -0.0003046408815075965 0.8796082249386695
1.269166986285736 0.5507566375238029 4866.244726947957 0.00017501930386466607 0.7714768992217413
1.1578833365745038 0.42771956284526075 4064.128948426761 -0.00048250842071970894 0.6266899596615348
1.4648554299612087 0.572440346707575 4717.665804225233 -0.00017756340541953753 0.8304500254948829
0.8076228661631712 0.42950000216276013 4698.248804470517 -0.000401002815192763 0.38069862778737706
1.0541633780174102 0.5873491016704111 4828.482330027007 7.489918233329628e-05 0.31669104425437666
1.224950372747919 0.4517963242798996 4457.800684529703 -0.00012750313366647706 0.8136195674330491
1.0441823670191304 0.5439231687515291 4107.946335125103 -3.574828668285949e-05 0.363081173748743
0.8969785049766119 0.4461498145720366 4342.514961453721 0.00010579323461414119 0.39851202929113316
1.251170153677081 0.5415244592284167 4565.011263310644 0.00038540369446553617 0.8117998895847327
0.9602187588685746 0.49025474863121654 4882.53418243823 -4.752855625801902e-06 0.41194739121527324
0.9740785086716308 0.4306804940736736 4565.698994816031 0.0008691453992365026 0.43206654694855806
1.1210568123036726 0.47619691364591205 4513.031350895749 0.0002924692460331213 0.6680535033391153
1.0158746356171533 0.49272923756802284 4647.440323359421 -3.3452011517013774e-05 0.4060777296854372
1.2556511089499462 0.5257352216476505 4955.340572561641 -0.00027123262652129605 0.5270376385111462
1.053758611636908 0.5756881368258833 4963.030624366687 0.0003146163441281847 0.3190536839514388
0.8148517187623514 0.4671291641108854 4809.947226636455 0.000275490071879464 0.33298708010543926
0.8679150674010295 0.43410610589438586 4373.713936105225 0.00021437858743238796 0.3985308732318138
1.1488299716729418 0.40717012083653764 4622.283206199076 -0.00015073677093633192 0.7651313472127885
1.0516811571804088 0.4238282435955004 4821.663141420361 0.0001413995340746989 0.4883830615784064
1.0642251312477047 0.5370747104154696 4506.119491234414 0.00042006163800039893 0.31389165700542876
0.824377164430096 0.4325760521828763 4995.273276978501 0.00014567711540924806 0.3864649851045616
1.2677391645580895 0.5304853361512305 4624.771203906499 0.00022752971673106948 0.5514287031037546
1.3691829157844768 0.5307189765629808 4497.856218700093 0.0003607240368538701 0.7755196502118151
1.371017007540591 0.5267596406564681 4434.892711576549 -0.0001864475802228645 0.9385189065999202
1.3350003668437003 0.449462543212235 4153.565783631048 -0.00017025615072821483 0.830504061057783
0.9766605862106235 0.43845901825117833 4181.185781989732 -4.1063591841031224e-05 0.4540539063466764
1.2630486533716367 0.42789492147539193 4512.320985627248 -0.0007430052699920853 0.9070758860394662
1.0577470142778864 0.4418765999390359 4904.123512273184 0.0001026636872631971 0.60476242821672
0.9731733949292385 0.4384726512979636 4258.786234706386 0.0004675156702007572 0.4368429834984093
1.2926002313686313 0.5802046153376849 4945.06493475631 -7.703049387845888e-05 0.7143711333819605
0.8732209282274406 0.4508982537736924 4143.044675117016 0.0002000019095505873 0.37767059988221935
1.380244250238654 0.5922903374383297 4160.370713398648 0.0001389359700351953 0.7164629354210978
1.07714371466354 0.5303100580118078 4107.024766913107 0.00017039097679545916 0.38132844724148496
0.9412950324766082 0.4865400879303831 4732.4296568129585 0.0009538159817968538 0.39181446855342533
0.9415032501002754 0.44814258935186013 4670.9880242121135 0.0006573295045337206 0.41710592841492466
1.1455767352569735 0.5765265025753397 4463.443251601555 0.00027844757558172846 0.42063276908792546
1.0880056262016298 0.543650321662426 4579.064650475979 0.0006451729684324532 0.41961944103240967
1.3264413635882262 0.51442755504236 4516.689908562968 9.989456099045773e-05 0.9193716543706272
1.1392529817447645 0.568211882363292 4617.316073062853 0.00020709097098683062 0.40997492357924176
1.1483474824287043 0.5147727530347659 4835.072467706478 -0.00021782984954499238 0.4517397055368192
1.0232420502159432 0.4565188556654532 4474.217518707335 -0.0005075879936727284 0.39110757737193436
1.4096917004280871 0.5618193399906009 4307.195021708258 4.000853898073808e-05 0.8852996898743101
1.4611058797110443 0.5355336759028257 4536.800742820103 0.00018127248363226475 0.9987009535338367
1.4163122001834985 0.5342014352739983 4408.450626666913 0.00038632834720204377 0.8295160575895673
1.2486412708759764 0.4516714094164863 4408.041256996864 -0.00017996935264311478 0.7990753863785675
1.4786066445073849 0.55773518635217 4510.69462279857 0.0003658550095490196 0.8290456455093995
1.3350463506553083 0.5408277821540949 4201.361906488528 -0.00021703327506373535 0.7116938849737421
1.174340663766092 0.5418829869480448 4995.890566973646 -0.0003273576931361147 0.5172057170700695
1.0847969491795773 0.5191502475745196 4513.15463231198 0.0003695677441522905 0.3835758779106959
0.9651969307743485 0.5173612323335872 4263.120219248814 -0.0005442916681833886 0.33666997482406047
1.1564704083913175 0.44066782227898754 4630.890207738755 -0.0008440788787414662 0.6272269521707103
1.0554344257695865 0.5350294938525982 4147.03261400897 0.0006273282843112914 0.3503983999127356
0.948906045066846 0.5201087888023069 4833.444798863228 5.396035949054475e-05 0.32605607003507464
1.1962970828370023 0.5563153927247467 4830.837078989226 -0.00012898606274910698 0.7292795790681578
1.178081322864929 0.5908439339384459 4126.938866504403 0.0005444112918736063 0.3480216068938077
0.9978490867784391 0.45392350526698744 4960.372909888765 4.764623550288339e-05 0.3812676960710957
1.0734459848798317 0.44057732393726257 4963.772921099308 -0.0004417445066402966 0.45499218677442366
1.3436413662570372 0.5498129467296465 4316.433114078764 5.8200412807923266e-05 0.8325448051271348
1.161703310596903 0.4530075158350051 4906.388972584975 -0.0003700334900060656 0.8225941678519966
1.329257108659247 0.5293285526722016 4762.359811339402 -0.00015437285079836867 0.8413857004681923
1.2730906647854932 0.5512847032264347 4017.037659019846 0.0010614622929744156 0.8181853791971629
1.2002039863257747 0.48076322204956645 4564.74754523718 -0.0003491776148651312 0.5773461268318469
1.3305750584093794 0.5344241704441406 4814.824243280714 -0.00010408257425417353 0.7196141074846542
1.1447501301765444 0.4484267011284828 4017.2771841287613 -0.0007853873361587182 0.6403185129165649
1.1447501301765444 0.4484267011284828 4017.2771841287613 -0.0007853873361587182 0.6403185129165649
0.898635077959116 0.45392234998882475 4162.168177665586 -0.0006571559145428987 0.3849347899368654
1.337235973519477 0.4548299699688548 4747.29497161045 -0.0002746764670801174 0.9117645339886846
1.4860101443116067 0.5826171877179659 3979.6513931480054 0.0003056737246148342 0.9093897293011923
1.4860101443116067 0.5826171877179659 3979.6513931480054 0.0003056737246148342 0.9093897293011923
1.1398303489020758 0.5035402099817969 4684.501023495493 -0.0003256259526116971 0.5612430402062806
0.8947865687110268 0.4950020959211471 4511.519170730431 5.776450492945925e-05 0.33918855476829096
1.1249933470972444 0.567331758580897 4585.9141385526755 -0.0004937550370289062 0.35443893309234653
1.1000411166100037 0.45124102083333195 4746.50387809833 0.00024118948179071707 0.5864699729793502
1.280955770462197 0.5241807142433127 4911.634126991587 0.00026546814098596345 0.6868368583320781
1.350120623695683 0.43163957598908553 4164.660115456581 -0.00024089493948318768 0.920280754190268
1.2697105710732088 0.5246251379994578 4986.584523629049 -1.6212778828766328e-05 0.7591725676629113
1.2505452587278154 0.4498763280057189 4650.217828698336 -9.075396941073414e-05 0.9902432509608015
1.0522934458202027 0.4519146909296056 4095.710612013069 0.0005102306634882365 0.44177754891681464
1.125017933329769 0.46058496525980286 4348.9041111568395 0.0009045416836040449 0.4975950736508209
1.245187488414922 0.48787467968251796 4588.977349583616 -0.00019499984397508492 0.8014461012728349
1.2789014726378984 0.5198520047819468 4522.292135023057 -0.0005840065977379041 0.8761872173365912
0.9937958898353423 0.43097034851029564 4895.961617718809 0.0007973301834916327 0.430545102765197
1.1204030140468089 0.46514635362868517 4665.614184263809 0.0001888028905706965 0.48851301781829926
1.3578762800533382 0.5288286771142046 4791.874818374131 -0.00038296495753161353 0.8685469769399917
0.9716467812198452 0.5004138168211981 4762.784997455 -0.0005576836483898976 0.36617259125068563
1.352596465294424 0.5208472330426627 4266.23672346864 0.0002356620039517269 0.707964526657809
1.097327440003723 0.5137820790209 4060.4023085974736 0.00018922558026069594 0.40028258234608993
1.0091557942248768 0.5462823880859865 4691.654525623883 0.0005777601969114355 0.32711679965881957
1.0091557942248768 0.5462823880859865 4691.654525623883 0.0005777601969114355 0.32711679965881957
1.2737268419339591 0.46172757089243877 4536.038905429394 -9.636501796123045e-05 0.7075691368738442
1.3109968368590443 0.5238581946190068 4463.080357506088 -0.0002891829995256419 0.8375977087185793
1.3109968368590443 0.5238581946190068 4463.080357506088 -0.0002891829995256419 0.8375977087185793
1.2754348462982543 0.5566154708890955 4143.589182328892 0.00037904899179776023 0.6561332874628608
1.071715799748588 0.43909340170136085 4642.671485616371 0.000590825522181477 0.473390603019995
1.2214020061296917 0.45068000519603807 4555.360142325146 5.621585929743206e-05 0.796590464357742
1.0246325053565715 0.5406234821852316 4674.756000109294 -1.636949832747476e-05 0.3549694286507946
1.3332709525827537 0.45892284747724466 4264.10800143845 0.0003026548827455565 0.9853196448333444
1.3332709525827537 0.45892284747724466 4264.10800143845 0.0003026548827455565 0.9853196448333444
1.3460551294646539 0.45155998107844747 4371.650340672987 0.0003494895192814362 0.9306211284200651
1.2950767047889804 0.4622203388236814 4496.528365806996 0.00019441261260650587 0.8677706100333574
1.2950767047889804 0.4622203388236814 4496.528365806996 0.00019441261260650587 0.8677706100333574
1.017494139627766 0.5260975828301575 4195.568150213124 -8.67022122062728e-05 0.32406798868978237
1.017494139627766 0.5260975828301575 4195.568150213124 -8.67022122062728e-05 0.32406798868978237
1.3906354960515608 0.515099525447132 4013.679988449855 0.00025654156133594864 0.8336186625245658
1.0681806448529438 0.5367704626825044 4460.758642615318 -7.003877969440093e-05 0.3363206579356055
1.381390832141244 0.5857201306761803 4872.288779660491 -0.00031889811740771465 0.8515935822305668
1.4391505835237934 0.580190033580833 4850.088615494485 -0.0007960925939925914 0.7992358993199828
1.3043548622210828 0.5411582257466194 4206.720263277367 0.0007328752560164148 0.7442352072756673
1.3043548622210828 0.5411582257466194 4206.720263277367 0.0007328752560164148 0.7442352072756673
1.1803351989934838 0.5128200216706924 4087.8125755723963 0.0007579621460746388 0.3973790036030702
1.2284508390070743 0.5041315166552618 4363.868921169272 0.0004123077218713482 0.6370745029641288
1.1718469100795872 0.46264951268324406 4790.07541562371 -0.000578650772830457 0.7471591692118527
1.506777816250742 0.6038554720339573 4537.668065265835 -0.0003462353906731647 0.9609287460615797
1.1307068965525502 0.44796529270867724 4892.57208876834 -0.0002007521618131889 0.5342599064611347
1.0410593164516613 0.47963138621243845 4133.738335151276 1.61650608855842e-05 0.36516468235721933
1.3066861717971496 0.5660568209260074 4911.952399397163 -0.00038496505920872096 0.731174526201942
0.9214334011077882 0.49324988573789597 4608.900058865547 0.0008028557088413872 0.36240506172180176
1.0950431048461702 0.5388448007783094 4496.667418431187 -7.260999748321817e-05 0.344382995602024
1.0950431048461702 0.5388448007783094 4496.667418431187 -7.260999748321817e-05 0.344382995602024
1.2856800091009497 0.5720403047284386 4838.121608608422 -1.625529435218918e-05 0.7220666658016112
1.2686543197959883 0.46247233803140037 4424.963673552157 3.7875782288878416e-05 0.7903254995321165
1.1781780869063119 0.4391597329760964 4993.396764089108 -8.272033784768052e-05 0.8628643554928377
1.1781780869063119 0.4391597329760964 4993.396764089108 -8.272033784768052e-05 0.8628643554928377
1.0917231236336908 0.45396783566011756 4482.223116573373 -2.1132203935373614e-05 0.5928066879967437
1.2084567706596372 0.46510444230048414 4539.086633200054 0.0001981653514747573 0.9363673910634993
0.9363545036941817 0.45649314671203534 4934.775043325836 0.0001758832945725217 0.3698968627133621
1.0339102224057688 0.5123722263410626 4917.285368419939 0.00024204038264559344 0.3564231455786081
1.3552039409970742 0.4941286467654743 4113.194636250808 -2.2476663027466585e-05 0.8077580801487232
1.0610596725780124 0.48279712963160426 4614.346521195816 -0.0006751457720216589 0.3961308034849332
1.2989481241495857 0.45853373341089043 4192.247710588733 0.00048208994954522847 0.986215333253167
1.2100274408153688 0.5517270411835375 4720.049212461936 0.0010256542772367732 0.46766082493729816
0.9879782057191633 0.44836309647424877 4128.528105938831 -0.0002532881932822315 0.41489336579070313
1.2103184400791414 0.5520621485794667 4410.903791249389 -3.377688016603086e-05 0.7510777450462425
1.1496182346541683 0.5110773928544035 4598.144913522168 0.0004360760904520472 0.4249057423799194
1.1496182346541683 0.5110773928544035 4598.144913522168 0.0004360760904520472 0.4249057423799194
1.2966759969781199 0.4562099380192174 4796.72632974832 -0.0004873474576789203 0.9501742097516837
1.4053213859197466 0.47176939937454354 4850.150328597688 7.959570232056824e-06 0.9206928947981144
1.0825775179560806 0.4903383793550856 4714.477357778163 0.0002887389952520374 0.41283475348010523
1.0825775179560806 0.4903383793550856 4714.477357778163 0.0002887389952520374 0.41283475348010523
0.9221498223392275 0.4962837465730216 4926.591665105628 -0.000443259562255848 0.3447035194357931
1.0085136145972609 0.44281045725243134 4946.274243038366 -0.0001280667206368293 0.4081829521902953
1.247788913775474 0.5714987830844777 4931.539813457282 -0.0004529921941638721 0.6738135498976141
1.247788913775474 0.5714987830844777 4931.539813457282 -0.0004529921941638721 0.6738135498976141
1.2988825759769957 0.5437009767243255 3998.16732289166 -3.267423621181279e-05 0.7941841916328864
1.2988825759769957 0.5437009767243255 3998.16732289166 -3.267423621181279e-05 0.7941841916328864
1.0979053982461326 0.46520050954699155 4656.943069544288 5.282192177783313e-06 0.4478913647227364
1.240660417618722 0.4530947929591281 4183.598305154379 -0.0003727168408146438 0.9780717815216233
1.1707322081656046 0.4457265435438046 4262.8435849866155 8.990487970283059e-05 0.9110393999119724
1.1707322081656046 0.4457265435438046 4262.8435849866155 8.990487970283059e-05 0.9110393999119724
1.2122262454565123 0.4335386088029669 4861.601859121032 -0.00026350781555723466 0.8388615221220186
1.2655811546840354 0.6004734454755781 4831.161656226465 6.328427397831616e-05 0.4695959213951928
1.2655811546840354 0.6004734454755781 4831.161656226465 6.328427397831616e-05 0.4695959213951928
1.0630019850021653 0.4464372076583639 4547.833165544619 -0.0005357795121904568 0.47065695185511985
1.3168485211889709 0.5240520016654241 4509.839447177457 -3.957033093300318e-05 0.7966009496512376
1.124722819544243 0.5817455579766045 4937.475197261019 0.0005524355859567025 0.36442370083701336
1.349570429841818 0.5325268847187171 4161.233247184298 -0.0004402730852430399 0.802619663941422
1.330734356430441 0.5281282633878637 4804.968365489708 0.0009919083734801265 0.7983727989156588
1.2051160059395802 0.5163827909643438 4939.176537627421 0.0003708200221619418 0.604501404215395
1.2579401413455522 0.5377669403262428 4113.901882463197 -8.944889464089076e-05 0.4529330365987603
1.2579401413455522 0.5377669403262428 4113.901882463197 -8.944889464089076e-05 0.4529330365987603
1.1981313229822717 0.4892739606051773 3993.5926110620985 0.00013895140155448655 0.4541171985134889
1.2617004856834073 0.4762017713104855 4691.027211119684 0.0006246918057686593 0.8662875340582009
1.2617004856834073 0.4762017713104855 4691.027211119684 0.0006246918057686593 0.8662875340582009
1.179515321101404 0.5577407589090845 4181.236440762693 0.00030006197125619983 0.3989636716212619
1.1656146689396139 0.5578843789140506 4220.658838784356 0.0007911946933295994 0.40206158866388964
1.2316134180916514 0.49183557279542667 4965.044979918166 -0.0003056545897301687 0.9461047147544963
1.2316134180916514 0.49183557279542667 4965.044979918166 -0.0003056545897301687 0.9461047147544963
1.149109167846367 0.4394875575029541 4711.40735559768 -0.00035041110224267474 0.7596930789481511
1.0010352016528479 0.49759388830638446 4961.793496703124 0.00022830194732288264 0.392215207224953
1.2258364946599436 0.4985099241417658 4012.8605194928305 0.0003752907655967711 0.8109815254001704
1.0833505179696599 0.48189022308481977 4691.911669585657 -0.00032122576263950007 0.389103180031605
1.0598761159887466 0.47680217453002904 4655.219371032643 -0.00014258774169570795 0.39201790402390435
1.0598761159887466 0.47680217453002904 4655.219371032643 -0.00014258774169570795 0.39201790402390435
1.3412642556404777 0.5103169732892012 4710.722882741742 0.0002961817006889552 0.9603217581600014
1.4516299838586684 0.5577363773731239 4585.84251040652 0.0002141688970753854 0.9272802766360457
0.9475697957542302 0.4677201745249806 4831.578302971923 -0.0007626473056833972 0.3755707026238216
1.0051885997004817 0.5048961447419811 4708.8911946525795 -0.0001695795888511072 0.3467276929112449
1.128566511570505 0.45859139884532385 4259.967359111403 -0.0003180903105286833 0.490670480426461
1.1703984213827083 0.5702181018772677 4835.6861728317 -3.589909518005003e-05 0.37653973124818807
1.2451248296320676 0.4569547528635281 4713.595197213657 -0.00014115609580388 0.9805043319384394
1.2638066326436195 0.5114439817934279 4471.53712893715 0.0006446865919021691 0.8137488005402624
1.2638066326436195 0.5114439817934279 4471.53712893715 0.0006446865919021691 0.8137488005402624
1.3007257397491627 0.4816376804932558 4037.1795915993093 0.00028749740083599087 0.816447469891329
1.2300235883734287 0.5438821827180051 4892.333727282374 9.351961597379501e-06 0.7054791129200859
1.0258420740626157 0.4708767837600637 4827.758639051648 0.0005519062758035576 0.3890776540547576
1.0258420740626157 0.4708767837600637 4827.758639051648 0.0005519062758035576 0.3890776540547576
1.457110886341856 0.5361092716551442 4030.2674349741314 0.00043643999455552615 0.9151862379130321
1.2597226029025403 0.4851333329728819 4960.316740464208 0.00022754519631968054 0.6557128874551993
1.196104103870729 0.45321958505149895 4569.222731873812 -1.8433970257344603e-05 0.610641122253686
1.3026355764691229 0.4881268683727529 4784.051441194872 -0.0006195953050884316 0.8469359247510682
1.4371066588272532 0.5558532197173497 4199.13953062992 0.0006646616809843352 0.8202676806004889
1.1511085639515495 0.42473668100629997 4692.825996918165 -0.0007086615253792343 0.9463663585421576
1.132448109815579 0.47489771225881205 4616.111232966489 -0.00019071337022589046 0.7453281976022881
1.132448109815579 0.47489771225881205 4616.111232966489 -0.00019071337022589046 0.7453281976022881
1.1747288050631903 0.5398327347680618 4150.351513211323 -0.00033375013661777624 0.39091299407259694
1.1747288050631903 0.5398327347680618 4150.351513211323 -0.00033375013661777624 0.39091299407259694
1.2965350204085502 0.4947321558503875 4196.552291930689 -0.000386167809784698 0.6293173870944092
0.9531687486411283 0.44519581345497516 4519.173159918398 -0.00014552185606929734 0.40554465665081
1.2358693609625628 0.4807118981280569 4610.887312778338 1.8039850154442455e-05 0.8635243182863259
1.3797705991490605 0.5231308410112261 4189.331659246076 0.0005668319710136929 0.8869851211775335
1.3797705991490605 0.5231308410112261 4189.331659246076 0.0005668319710136929 0.8869851211775335
1.3230600986348515 0.5375992911526245 4193.97444912566 0.00012173475373844607 0.741463710075031
1.350549787125145 0.47540600838445163 3998.8901880062976 -3.270952118996057e-06 0.9036510313955876
1.350549787125145 0.47540600838445163 3998.8901880062976 -3.270952118996057e-06 0.9036510313955876
1.2514026391931727 0.4817723149477984 4599.09929342738 -0.0003126565485188785 0.9311768520949226
1.166829626994573 0.5315859525127224 4839.217620444748 -0.0002781301047733643 0.41377670351577134
1.3272141952307672 0.4654432544096973 4295.771542530434 0.0007386926985101477 0.887925637286095
1.3272141952307672 0.4654432544096973 4295.771542530434 0.0007386926985101477 0.887925637286095
1.0692102097235097 0.4621308581650844 4248.732581489216 0.00039918040841505303 0.4295955464881567
1.0692102097235097 0.4621308581650844 4248.732581489216 0.00039918040841505303 0.4295955464881567
1.1652764761364027 0.45399573365672974 4693.8845693242 7.6532909202945e-05 0.7636670531652578
1.3143593997838299 0.4757317504447345 4141.932298420934 -0.0005689811114461004 0.897654484880392
1.217333768983861 0.48367892312019195 4842.187067409567 0.00026175314571050306 0.8570821975119671
1.2453061192623054 0.4370827749303235 4739.680110774003 -0.0003111759666144441 0.9909665340081675
1.2453061192623054 0.4370827749303235 4739.680110774003 -0.0003111759666144441 0.9909665340081675
1.114294939979617 0.4789634765959459 4584.267295801446 -0.0007116935249694676 0.5657804284698347
1.1121975237421111 0.4859820657472415 4608.0170089729545 -0.0003432021171155146 0.5157556470836071
1.0793564676265006 0.5166992089229123 4373.89105947958 -0.0003936853774397048 0.3849883632468772
1.0793564676265006 0.5166992089229123 4373.89105947958 -0.0003936853774397048 0.3849883632468772
1.355666857254333 0.5076113693565383 4203.680738139721 -0.0007513958564043142 0.834594153750688
1.0404938534955868 0.48073972366204243 4366.173001031649 0.00020706436516992915 0.4110316918619788
1.0154252209112329 0.5142607597074305 4181.924292026695 0.00044835700650436625 0.34907712606519675
1.402244135827098 0.47640143767203086 4256.988899372896 0.0005551756206946976 0.9386212692487941
1.2278875063569028 0.45350311583504865 4521.1046366110195 6.267374843312567e-05 0.9493668458698485
1.2278875063569028 0.45350311583504865 4521.1046366110195 6.267374843312567e-05 0.9493668458698485
0.961792898795986 0.45666300322811704 4739.876890046094 -0.00013910154971635323 0.3849101735909337
1.3804452993202985 0.47962341321833346 4660.570388377877 -0.00030550052310536713 0.9589336903590489
1.1697870014053593 0.5080899938255883 4668.96376913408 0.0002954058263452538 0.4910798246335085
1.1697870014053593 0.5080899938255883 4668.96376913408 0.0002954058263452538 0.4910798246335085
1.229685337105453 0.5162696870772925 4017.128799157048 0.00017987061281952378 0.7471329697859969
1.229685337105453 0.5162696870772925 4017.128799157048 0.00017987061281952378 0.7471329697859969
1.2478223770732644 0.5463259172404162 4645.49041041744 -0.00023797238204717678 0.7705995726793288
1.1824092028683477 0.50175805357448 4946.841375108641 -0.0001004378083338467 0.6556145603546388
1.375357275166679 0.5610755771880759 4592.707080128975 -0.0004751809383430425 0.8360370508542507
1.375357275166679 0.5610755771880759 4592.707080128975 -0.0004751809383430425 0.8360370508542507
1.112922755112626 0.5401632796544477 4603.697665910469 -0.0008654661038405206 0.3564908611629522
1.3421256881366566 0.4939012171889149 4588.208458644359 -4.4189199302653536e-05 0.8399761398374506
1.3421256881366566 0.4939012171889149 4588.208458644359 -4.4189199302653536e-05 0.8399761398374506
1.3679800898259997 0.5285632474185478 4307.290389001048 0.0001126234152914723 0.8980520009593308
1.2402342102163315 0.4853410954505696 4552.872836706631 0.0003488947244233775 0.6537788068319743
1.2674158910728708 0.5506924682210164 4931.664301705391 -0.0006119254534864601 0.7772730200559868
1.2975595614606492 0.5089843568980603 4399.688345192458 0.00019048596439237865 0.9229880196946345
1.2975595614606492 0.5089843568980603 4399.688345192458 0.00019048596439237865 0.9229880196946345
1.2674386766083494 0.5216352975304756 4602.243247003264 0.0004887130758981261 0.8260493472609638
1.0583764259426627 0.47211140479981795 4546.245082263935 -0.00041429029069630925 0.4213698944803903
0.9899582864745072 0.5201835351914508 4669.991411079624 0.0008308672316699548 0.33861177511879176
1.3265611052994437 0.5000777140172301 4153.726895692665 -0.00017083473933345288 0.6701159275636619
1.134278180331095 0.48091658865622333 4716.525602734421 0.00024271122412917575 0.4222823209818266
1.2782518689918172 0.5230094899221142 4443.143521568411 0.0005504711038905581 0.8561284062321985
1.0127963520213665 0.4668775939552522 4561.940416583929 0.00017134648111632477 0.40016790933830826
1.2402144647513555 0.4631921408035987 4310.974302201457 0.0003259946244573072 0.8521333961462632
1.2160590258900128 0.47452493332747303 4164.560726977966 -0.00014844994739731618 0.47823149536811027
1.029528897335728 0.4586278729030292 4801.6701293232845 -0.00014514193663209212 0.4373096827945581
1.2944343163329348 0.476640054864387 4161.812242950184 0.00012646518306596576 0.90478924837904
1.0350522780143967 0.456080101415338 4808.115119123703 6.82565757952348e-05 0.44306693873027075
1.0350522780143967 0.456080101415338 4808.115119123703 6.82565757952348e-05 0.44306693873027075
1.2628363103466582 0.5031372703585317 4664.2267428295245 0.0006528869010812013 0.8138855379692611
1.2556337697983646 0.5098946122242092 4242.248678649862 -0.00024211154865354218 0.7736476317001046
1.2311778916549192 0.5179647520084933 4577.311689569987 -0.0001243354470942252 0.8651838728067771
1.2555130746003875 0.4796598173864064 4593.874449589177 -1.6340526821916118e-05 0.6533979540476855
1.2555130746003875 0.4796598173864064 4593.874449589177 -1.6340526821916118e-05 0.6533979540476855
1.2304100610939137 0.5625060699061978 4827.750793902417 -0.0007863051315896326 0.6321649016361015
1.2268042371416785 0.505099879678527 4261.455085433374 -0.00013308988725354635 0.5901732459328415
1.2268042371416785 0.505099879678527 4261.455085433374 -0.00013308988725354635 0.5901732459328415
1.212812096115516 0.5066805606583719 4735.8718881827335 -0.00042390464101200944 0.8677540697133386
1.0659010707887437 0.4711261799430521 4915.15799446278 -0.0006028687853739327 0.39826755819566473
1.2744358271184064 0.5475560286310652 4961.880067262542 8.674088018438736e-05 0.8467464826455048
1.1205970051953758 0.5115159189602141 4511.057736661222 -0.000843831471840536 0.36263500308959196
0.9411977164911438 0.46442377673344487 4903.436882595974 -0.00046621292179430845 0.37219560273729946
1.2114594415386941 0.46868405298145527 4945.655739397629 8.279462507060374e-06 0.7624724355748758
1.2235634378270583 0.5079270748908693 4694.923623962554 0.0007645723244733446 0.8212351720427861
1.3360612394305447 0.534560311517989 4941.297551160022 1.6248369717745006e-05 0.8897692204961185
1.2415527113754694 0.5151186075564725 4385.649849170116 3.859570761521028e-05 0.5611380944584582
1.207918685567467 0.5607987658538703 4911.228022355806 5.9534400944845836e-05 0.4347165308774315
1.0474136572172836 0.4872445265650637 4795.8198853196845 -0.0003547706429348453 0.3760504962890453
1.1642498348572254 0.4663278849577272 4804.897933863341 -0.000379684474089178 0.5305108079678941
1.2638514005290211 0.5061666145841505 4816.468705534796 -0.0004507757208220845 0.7951362241409926
1.0923353774880646 0.5254273079333958 4544.98224853274 -0.0008122455330503103 0.37551693732702673
1.1435235286783816 0.45911454098836585 4506.9168783457 0.00010475884587258542 0.5899485028491772
1.2516541557782752 0.5374264458753926 4752.456689016153 0.000600263296403072 0.8270752742414549
1.1917874320362178 0.47180690254186913 4298.746092918842 -1.974744477294571e-05 0.7866406563083309
1.2244635223467042 0.5023194234331669 4195.191277382985 -0.0009510130912892003 0.5276705947424903
1.0274451415200783 0.4709398468188737 4668.543729421123 -0.0003043446607525231 0.38804246832171135
1.0274451415200783 0.4709398468188737 4668.543729421123 -0.0003043446607525231 0.38804246832171135
1.164893849964095 0.5429224719022225 4938.499316676906 0.0008914726437017048 0.42853955225143425
1.1733031356670054 0.45573842909191586 4777.121328389282 0.00027301048751632816 0.6584102834682861
1.3359379566607275 0.498934807295946 4100.900221855822 -0.0002213058273669017 0.902930876454253
1.2306244756607572 0.5042808616967986 4666.5848641261455 -0.0004654314453314808 0.842785576401015
1.2306244756607572 0.5042808616967986 4666.5848641261455 -0.0004654314453314808 0.842785576401015
1.2055749750244387 0.5119366576453404 4945.4967196891885 -1.4572021776453088e-05 0.5411924458832988
1.2345407360458096 0.5195875169573712 4599.512443986642 9.183941282537124e-06 0.7567912440783746
1.2345407360458096 0.5195875169573712 4599.512443986642 9.183941282537124e-06 0.7567912440783746
1.2627724673390615 0.5358718581428796 4971.941054467387 0.0004934156750053666 0.7880840947527414
0.9976907404923653 0.5260430804772154 4811.896899943647 -0.000745393793927455 0.34341989114251736
1.2951815424129396 0.46306177665085174 4669.006649046008 5.048831771427109e-05 0.9140137765118198
1.3176451230072856 0.5045400023704829 4533.286536988385 0.0001863958561349579 0.9142603616608034
1.3176451230072856 0.5045400023704829 4533.286536988385 0.0001863958561349579 0.9142603616608034
1.1974365605553279 0.5182378958709237 4445.760301270272 -0.0006974295892995959 0.447296516381525
1.1593638164465143 0.5364637818236807 4546.028570950943 -0.00021336142240598158 0.43027896613628835
1.2944986842191701 0.4762071962197161 4321.447362877604 -0.0005830002619009473 0.777237382187989
1.1688866455902533 0.5126750015223992 4884.788212287648 0.00047008673356236134 0.48955245380940293
1.1688866455902533 0.5126750015223992 4884.788212287648 0.00047008673356236134 0.48955245380940293
1.3301993773398062 0.5396187257546039 4552.809318218589 0.0005685770863554898 0.7869129686933993
1.4141975460796605 0.5577282310793131 3931.077918562263 0.0003213848115674565 0.9213812894920604
1.0438147146040937 0.5276272211983104 4736.1888768673 0.0004468708162305808 0.37768598366455575
1.2553099018592602 0.5512839876376627 4059.324503400375 0.000684278309111191 0.5771280024647563
1.2553099018592602 0.5512839876376627 4059.324503400375 0.000684278309111191 0.5771280024647563
1.3343696830331089 0.5013512162791742 4488.906744509071 -3.455026515293199e-05 0.8768045990826465
0.9873199020716927 0.4862540067864118 4929.537214498939 -0.0001324919695574539 0.3900114290408357
1.1234140872716298 0.5215977124438336 4495.013512557258 0.0005193371611963946 0.4880225542134808
1.1234140872716298 0.5215977124438336 4495.013512557258 0.0005193371611963946 0.4880225542134808
1.3378543097761186 0.5192418524140647 4753.358322185251 -1.8108833448211277e-05 0.9128212903078208
1.1781921999974274 0.5592601626274345 4039.3769835185326 0.0005639932027716852 0.34326784435765806
1.2442480259154443 0.46602899517764856 4489.0575064711475 -0.0010402061998535342 0.877227767676279
1.2442480259154443 0.46602899517764856 4489.0575064711475 -0.0010402061998535342 0.877227767676279
1.3961920413760767 0.5283033136573569 4271.672520973396 -0.00021572082150107317 0.925822448782101
1.3286922982636526 0.52826183026629 4905.973167518769 0.00017212683045928759 0.8133753807765003
1.3286922982636526 0.52826183026629 4905.973167518769 0.00017212683045928759 0.8133753807765003
1.2730948670005877 0.5377802887191308 4872.17360139534 0.00016105962479850259 0.6761178590397592
0.983328139131716 0.4744627271206129 4887.68607171578 -0.0006574964119378689 0.3913361722746266
1.3827686026233847 0.550266864423749 4492.9690288458505 0.000433799163948245 0.8105482350551465
1.3827686026233847 0.550266864423749 4492.9690288458505 0.000433799163948245 0.8105482350551465
1.2387965657051025 0.4625820453491757 4403.985335006103 0.00038333282509480884 0.9064709410695575
0.9899524353546425 0.4563470459985468 4837.671222504191 -1.35018357072638e-05 0.4008368715295721
1.2534217363432836 0.48679694347557706 4861.624321559308 -0.00015054639904788801 0.8226228819041781
1.2302064802230974 0.5655785939335825 4777.527441182786 -0.0001245630051289615 0.618622267941765
1.4432230277338802 0.5117915377641121 4384.399993754615 -0.0001724191084463142 0.8601572302322991
1.2251513811216281 0.4949169540501671 4682.141121713216 -8.584269272176046e-05 0.5919021843016148
1.3619873103446658 0.47150624010353503 4468.6221919201635 9.710077860862584e-05 0.9184986211655366
1.185200593896469 0.49896765273016086 4562.358685971776 -0.0001147941317062521 0.7235510296760393
1.0901335044168337 0.46565707144780705 4804.722137138603 -0.00024677948868165566 0.42978928992301424
1.0030070800504067 0.513773678585913 4936.781018403122 -0.0007859288158526719 0.36187682097434704
1.217874278478357 0.45129486032846533 4857.358753215044 2.0304076170016638e-05 0.9394365641681359
1.223909565386807 0.44191982133875607 4743.631549238457 5.579372805988826e-06 0.9283983407626424
0.9964312171725069 0.4852763542796258 4859.708984541481 -0.00031593579558001424 0.36634325525130257
1.2614793265452042 0.46887055887048035 4645.560858873724 -1.2367652077955575e-05 0.9909426202707111
1.2011991123538486 0.4683165117807227 4734.9240490391785 2.029487772531454e-05 0.8056310997847029
1.2011991123538486 0.4683165117807227 4734.9240490391785 2.029487772531454e-05 0.8056310997847029
1.2358988479990878 0.47337214649447346 4727.121017296765 -0.00012042871205276235 0.7763412223329587
1.024174730149333 0.4657127930305109 4884.280076178397 -0.0002601078375346175 0.39667127840727584
1.3962302065032222 0.5248319840505387 4266.496560213677 -0.00035603256267295564 0.8183889806036412
1.2338977093817503 0.47291474511851245 4561.910041754918 -0.00021590505695756655 0.8323614845428621
1.3609413890697106 0.5417923949071928 4324.837451413926 -0.00043714509795746484 0.8254602637317658
0.995195734764683 0.45357420318895736 4643.477747296621 -0.00033064529615650754 0.4079400346251847
1.3597950125865907 0.5031280768545678 4838.562349563532 -0.0002793489098579662 0.942894304827983
1.3321089454730988 0.5092742986973261 4568.211888452332 2.913441770405443e-05 0.7814693354100626
1.3152389736755055 0.5544929903954755 4153.791514897771 0.00044523976186944134 0.4958955172529614
1.3152389736755055 0.5544929903954755 4153.791514897771 0.00044523976186944134 0.4958955172529614
1.4583259818456589 0.49536197248198593 4257.29321187157 0.00044994607212312323 0.9213380304954677
1.0484290577873194 0.5133192669646863 4930.899763085638 -0.0002566175072371995 0.35770912304663977
1.2909762510118028 0.5380250687822781 4927.655471562866 0.0002443969376840038 0.8127182528576964
1.2967892385453412 0.5229173358576322 4068.582211551329 0.0004492458246205365 0.8369482335675813
1.2308700860495236 0.46840826916662137 4448.667960649377 0.00038139930319907466 0.9308977186794913
1.1378830553379156 0.4917763548931092 4424.829989591548 -0.00014156944979355256 0.379562819823494
1.2462745073693438 0.4723238182024791 4687.953747433416 0.00048557579062367235 0.814057987595965
1.3717465798542596 0.47999329191629614 4149.010229595918 0.0004105792383154612 0.928663001935643
1.2165502466299962 0.49818185426915595 4913.839053728595 -0.0002005665183809199 0.6903346180940164
1.3048076693831288 0.5397578751769527 4398.064341726088 -0.00020003975240834686 0.7447872944773011
1.154451462111323 0.48381104184457235 4823.962598616377 0.00048376701051603527 0.841620797077369
1.312297132174914 0.5305761653118353 4101.432076075295 -0.0004648856349049705 0.7013646469848516
1.114219911127856 0.4734075354284374 4683.62875925672 -0.00020654168295180532 0.431968728506763
1.1670863163362633 0.47714457458398674 4484.758466659512 -9.162361038164994e-05 0.7031384298875774
1.2039029840726767 0.5359786415788169 4453.241027886879 0.0007528961730077656 0.6497816834346151
1.2466263145747938 0.4979501114087657 4539.438268131183 0.00010109033626930649 0.7871001211494464
1.222776865923758 0.5167681382667163 4133.11206479263 -0.000139241361890139 0.6912124139788529
1.3747263525066309 0.5714518420917278 4249.527479516019 0.0006621112189337744 0.8234025773005607
1.2197757639605125 0.5344913703324679 4848.015893954707 -0.00021350783517482178 0.6344501146702769
1.2830893100480787 0.4810888014935014 4308.984660065837 -2.3511264954771734e-06 0.9444127148060917
1.2740203859692836 0.47715737369310207 4255.09360889974 0.0009066431365393328 0.8137304984219803
0.9481127281254162 0.4723761655613601 4948.233611767573 -0.0005656839636200436 0.367878384066552
1.262589422565477 0.5812260054390845 4926.8134260012475 -0.0001427029670618288 0.45715744834734406
1.2574747444254097 0.48538540277747855 4974.21930022467 0.0005660979141200529 0.8331638193831769
1.0832581158756962 0.4561465361983691 4811.486512775281 -0.0004692969654243962 0.45845118126052553
1.203559621501571 0.5063198376450608 4861.9378620028 0.00036461319091220744 0.7254892734758724
1.3772888430366486 0.5422282050961513 4835.295204636229 0.00021266500450739975 0.8423129909191573
1.1722376377109152 0.49271001026565064 4641.030272315066 -0.00019302447134944862 0.5168293773253723
1.0413526452021282 0.4768691054265072 4758.037452814427 -0.0003157301968596857 0.41194373776358983
1.2951249413169237 0.5362345105081421 4549.051301779708 -0.00021484563254030992 0.7678239999215222
1.3872852488377916 0.4813403129649869 4747.534296197768 -0.00030338035713228865 0.9996367429280384
1.3063161922598792 0.4786311829741052 4395.715497704859 -0.00010458777121691197 0.9329674840462261
1.1587445768755633 0.47892532934007104 4437.725080558422 0.00017057825483808068 0.8013210497239194
1.1305266643124776 0.4942480121501358 4880.98532798413 -0.0004890928816643832 0.5606180853750515
1.0424282177682531 0.5027693140012768 4788.229124347459 0.00030933078822876483 0.3796719378937639
1.400591191903108 0.4827807998873493 4181.847827307575 0.00016076620893405792 0.977570923987225
1.2897245972423417 0.5248874536593924 4560.402777444428 -0.0006267654026145858 0.747251973213766
1.0103797942085944 0.48319764992546826 4954.806969590621 -0.0006995988988237455 0.3852883905003016
1.4118666626659284 0.5724795894035799 4344.472347226763 0.0006153050583359184 0.8794169712939952
1.2425164713707948 0.5189917044924077 4427.830510503135 0.00017208127518110884 0.5149352482614313
1.1963556161389188 0.5180880813307036 4727.378774560962 0.0005016976336899866 0.48622893476856527
1.279159882225005 0.5206793978459933 4909.532414466218 0.00023328398029637902 0.8591334562038635
1.2101021287499512 0.4790565977215042 4881.722655026096 0.0005650859611429948 0.769038701848155
1.3464892806549669 0.5181157760574078 4060.1584828454247 0.00035204384163843155 0.6131196275627908
1.1714237876632114 0.4766696368274063 4666.998171108094 -8.6239375101697e-05 0.813700782482822
1.1795150652297481 0.4653310242856838 4954.157806043344 -0.0005075000362707438 0.8004813247297737
1.4755248764389046 0.5306483230248185 4229.8193344506635 0.0001046383894716896 0.9440166833935313
1.3914052013023714 0.5391384899730284 4023.0905283550687 0.00036870209827546664 0.8195008540931206
1.3662192015489483 0.5493773155932914 4864.892726711802 -0.0003166472946648206 0.8507544766959831
1.2776254300392524 0.4751393594283223 4459.133112749434 -0.00031859719833250266 0.8506299729742672
1.3145220266548627 0.48981032216096543 4368.721750216199 -0.00029046785514062474 0.8342812633781505
1.314830303256446 0.4699334131077935 4371.42028874153 0.00022474206289711552 0.9360970614578298
1.2100328510982554 0.4740072471437018 4997.997415733636 0.0005454310156006727 0.6880299008240867
1.1057391745904612 0.46363538482944583 4868.174188964303 0.00020204021539206926 0.5451498995098095
1.2536174767539032 0.5090661968606397 4454.6980571422 0.00017531235172057132 0.7474130312216153
1.2499839713120584 0.4827997397765816 4679.224477889155 -0.000873715970274785 0.8686958483409071
1.2723390004973052 0.5144357435212694 4248.0405955427705 -0.00021317700160321498 0.7584878372457615
1.2767972172602207 0.5270008186255675 4537.573295051134 -7.51350412128812e-05 0.5416069902499533
1.1404022645524428 0.502572606008233 4853.070178348787 0.0001649835533692926 0.4255234124046143
1.2680255818456203 0.4771637519114374 4895.302613508837 0.0003656050271793832 0.7384316451118128
1.1530087987918765 0.48715892556964996 4692.14697653574 3.796673152435825e-05 0.7543159976234508
1.274024806147089 0.5294864244239958 4570.382071881434 -4.967430323086148e-05 0.7971440317256264
1.39016816864976 0.4893179931873422 4210.443978042362 0.00037919879865997753 0.8949263552689704
1.2770312712033682 0.4803151938161939 4503.911467331812 -0.00011720354816725232 0.9297050176214323
1.176822337887918 0.4877333548488356 4376.730992863314 -0.0001453439074387841 0.7330617010725087
1.312723692798658 0.5029505830532963 4053.3484103583846 6.939749571289e-05 0.8153663073437991
1.3760729769348843 0.5263721484886711 4384.045326431959 0.0005823258587697658 0.8380055814416959
1.1673200765218552 0.4887313625753528 4686.655649514322 -0.0006354867539735165 0.7460194966661402
1.303552119792637 0.5183895032783559 4621.215626445925 0.0005836438352085418 0.801065013491877
1.4105717594488691 0.4844366062630225 4449.973192897126 0.00017028347470537437 0.8772826966812648
1.308770052978356 0.5328831996980621 4907.964418392733 -1.9425637884260496e-05 0.8242390551202659
1.2630946423250404 0.49783583585657215 4368.475900988692 -0.00020447203551988307 0.7852168647082218
1.329021071289528 0.5074495326424129 4767.203949226947 8.900031875269691e-05 0.9782000175706917
1.288367066292283 0.49492785773104764 4961.115505276222 -0.00032662547566303114 0.8426912446496091
1.1663027876859622 0.4962253396309115 4674.857083871884 -0.0005303514035476515 0.39360258720941216
1.1798490825431438 0.45846605153177533 4927.212717859544 -3.3252388789142414e-05 0.8452086455724044
1.0386955580684156 0.5226070969714398 4955.511292263465 -0.00014228105947863763 0.35053541838291724
1.3444542234093388 0.5089614550120757 4838.726902698385 1.745447647330696e-05 0.8907619148007484
1.1007414746822968 0.5016551707422172 4933.946759929546 -0.0006424198143830748 0.3768104765842605
1.2177502208807063 0.5553970442712965 4674.577379499012 9.026121883280136e-05 0.36586194786152204
1.219724741813438 0.4823631574278891 4861.610732181103 -8.458012319636247e-05 0.8333920100828927
1.225158007227362 0.5023767236372525 4489.886136665578 7.181584621300619e-05 0.8252815477235494
1.277469580282787 0.47724874732942957 4162.505814247207 -0.00023585122179354886 0.9099212411428905
1.1783469012697874 0.5087863894337161 4966.975423267482 -0.0011055651999745512 0.5677080545871731
1.1841856372836843 0.5003527085106723 4850.694098761364 0.00027935633107339117 0.4004564766461397
1.3002692388319828 0.4923849865369296 4521.548985801441 -0.0007334988604269612 0.892416540841457
1.2507602612439206 0.45513138053197977 4808.521036394907 -8.682363968321645e-05 0.9159218700531682
1.1868854693100621 0.501112735633322 4547.889738778092 0.00012292782077412675 0.7413837076552333
1.2062026073348868 0.506114470095129 4734.446955701631 -0.0001446915113899909 0.6790638820603737
1.310086362362782 0.46124151554775694 4821.664329539392 -0.00044694492301625746 0.9141182997114903
1.2919380757620225 0.48671630631142454 4501.394909002199 0.0010693254792264665 0.935133378134408
1.2782407948809233 0.4746230487046631 4651.424845400505 0.0008697041994503433 0.912992247635806
1.362979050234955 0.46929614577688167 4449.102743841367 -0.00011175187400464033 0.9899697465091002
1.3176648048231092 0.5072017172973546 4645.966625882325 6.591587497697132e-05 0.841464652259265
1.3288647974590566 0.4977326943945406 4655.372826382693 0.00038979954127545233 0.9522724168409421
1.3231770046073545 0.48314588620256194 4405.770956714603 0.0004679492375112228 0.7719267980327762
1.2431202406851476 0.5219337719635756 4601.68978777244 -0.000458778812975128 0.8028794807895738
1.3353983634248556 0.5424842887097603 4650.157975971634 0.0005887418497291378 0.8536079803395928
1.2688761907384507 0.49040080917789675 4930.450908214898 0.0010558008991047934 0.7176333458320121
1.2318397240232164 0.47862445666669984 4845.719550885731 -0.0003734091695858033 0.8749056166685711
1.2655181921058825 0.49706683350768593 4801.339149207109 -0.0008302037990707803 0.8229731859165688
1.2443157977164578 0.48052535048820827 4767.315321584951 -0.00012979220399277853 0.779258485591398
1.220267159874396 0.4862190631216816 4986.979521564215 -0.0001864005100041881 0.805532741537934
1.2629105592828584 0.4762607183210378 4852.6424551462505 0.00045660290389451063 0.9062028877710867
1.3372575730958491 0.48431075540800805 4549.342933083252 0.00019549481687802637 0.9447125553695002
1.3211939887542825 0.5210740372487153 4195.317597060647 0.0004564770973649249 0.8553556348488318
1.313780415522112 0.49759065946342096 4497.453614331917 -0.00032710350459301866 0.8684739372367951
1.2598836584624813 0.4856195220581796 4862.853755853292 0.00024296391089545166 0.7821615476518806
1.3625071352829135 0.5428334442461251 4636.125980003287 0.00032473163358739385 0.7550049827317322
1.3759192643022762 0.5055756840992529 4126.502512629596 -0.0003605791545720548 0.9244341204906611
1.135794416503085 0.4752484406324523 4912.153386259457 -0.0002906934454753106 0.7228529481212795
1.1960127533362261 0.5088286933207868 4841.522386559997 0.0005054517940286765 0.5115529825325678
1.1819059341837028 0.47289058967936265 4777.12563848876 0.00010351316530730235 0.6959637870307107
1.2468202730641433 0.5135209928851288 4683.448474782991 -0.00036589835310551333 0.668853182418526
1.3375337437956416 0.5403819844838136 4092.7187710686057 0.000628948762880144 0.7702375476152985
1.2401031624078414 0.4752096628308048 4768.7306222749585 -0.0001217889086831302 0.9194055674792285
1.2295231173794992 0.4816344413285204 4556.921620695446 -0.0003945579279757342 0.8698580648411813
1.2720903120475973 0.5334582609461909 4650.353052124213 0.00027729996211773363 0.7277182689314492
1.2580431542550263 0.5038464484962188 4787.391862033572 5.2029270757196394e-05 0.8399166617025309
1.3658734096085916 0.5405691391382001 4659.02681133077 0.0005884804509167826 0.8213583487880799
1.3268937399542269 0.5173970201648621 4905.999616901066 7.929626167197864e-05 0.8318728826228079
1.2649958270115027 0.4909334902855657 4705.090020450905 0.00019864844522554643 0.8998619639748588
1.153494250851144 0.45794941658462807 4936.799661737802 -0.0002404791869835122 0.6830394541167872
1.3585944811841908 0.49453471244056046 4199.816640907649 0.00040061632604067445 0.9259435125014241
1.3860046900447598 0.5257525649828061 4096.57388144661 -0.0008270249898342396 0.855500664840803
1.1889096652296292 0.48320340045607113 4687.037326287216 0.0007531263806827717 0.735386077551214
1.34581485148987 0.5165436523306527 4053.9038141677074 0.0009502607135812077 0.7925279343412052
1.2378580713145062 0.5073045518814575 4790.633099766997 -0.00017974321625191894 0.7581537753750007
1.1299367059519345 0.4983072562988127 4570.743811218994 0.0002503115836046799 0.4609726102702126
1.240697377190771 0.5298546105153089 4053.80310505601 0.0005886708102849846 0.4512768938357801
1.220225297783643 0.5349018092418504 4739.993046082358 0.0003168970467948386 0.5519931008540626
1.0780097680618639 0.491746400237417 4882.379407382428 -0.0001997359702658909 0.40412824248502205
1.2010978300526833 0.5288907646079329 4853.875999931804 -0.0003103457434750278 0.4196227144699308
1.1373993922091545 0.5408310086880053 4811.71772083541 0.00011878763353089615 0.41778904962305446
1.1911461305304722 0.528089942333874 4899.3477540514195 -3.095550130071227e-05 0.42693389991196984
1.1456129376741788 0.5317593154916808 4836.220508496418 0.00011254957619762838 0.3701070547101799
1.2022180535796618 0.500249168199344 4992.26964576511 1.127551694514175e-05 0.6326824276055334
1.1566710714441584 0.5065678238202067 4953.472352249186 0.00011536859735247865 0.45150450463488284
1.139256590844434 0.4948431795752989 4918.387642515811 0.0004136651864796333 0.6175072306674183
1.1714855691334765 0.5016814270344281 4817.702429615132 0.0006126995961543223 0.5794310282408115
1.1205361644418645 0.51868500279787 4920.223037634408 0.0005294278584976488 0.3993725430966528
1.3072987778067513 0.5019756565545674 4739.827505661229 0.00027591440719583894 0.8861346207805825
1.3072987778067513 0.5019756565545674 4739.827505661229 0.00027591440719583894 0.8861346207805825
1.3363898765665627 0.4876347458289688 4731.559604483904 0.00047028863397993145 0.9020038669474963
1.3363898765665627 0.4876347458289688 4731.559604483904 0.00047028863397993145 0.9020038669474963
1.3139631111461836 0.518294080283762 4767.250245990207 0.00037161275716104876 0.9166114033766168
1.2970805387864435 0.5147268074167657 4982.9395557489015 0.00010871347586494385 0.8486852504041575
1.2457295606885133 0.4873453944031963 4882.159000544483 0.0005037117619059105 0.8398737435398689
1.27647256231345 0.5141033148914425 4663.932877069983 0.0006152177296718491 0.883802292934473
1.2646315745002763 0.5097350966291123 4546.807832823255 0.000620674274514786 0.783242347927722
1.3073802388855247 0.5046705018379434 4871.569360289119 0.0007605498397628347 0.8939236280911413
1.2812767628362143 0.5417124809814993 4836.341770558237 0.0006913665647601355 0.7626712763238557
1.284102926543064 0.5106763223879064 4636.156695342585 0.0007904812994793687 0.6781342985258341
1.2968903832973202 0.49111999717812604 4936.681277814872 0.0003615162475684162 0.8757041310884848
1.2968903832973202 0.49111999717812604 4936.681277814872 0.0003615162475684162 0.8757041310884848
1.1966926530538964 0.5188183111728493 4795.500574591123 0.00023498341583464517 0.7715980803448375
1.288950099991845 0.49681668539794455 4709.28100744225 0.00044519508403980475 0.7094755286956481
1.2686203085712395 0.483751919664227 4938.742440216383 0.0005424102876051623 0.8078850520072389
1.2459872536388839 0.4914785814561574 4835.9430115929135 0.0005158761727275369 0.7184525748823544
1.2417733348200946 0.5074113551883778 4937.847995574298 0.0004299368742631613 0.8390766173389153
1.2417733348200946 0.5074113551883778 4937.847995574298 0.0004299368742631613 0.8390766173389153
1.266677383219022 0.5082578608349351 4858.7889016991085 0.0008444427869198035 0.8560322275450619
1.2133651280172009 0.5187751282361702 4986.254147946799 0.0006188875159256228 0.7178301762517344
1.1662631659409393 0.4821367212871887 4937.327541792354 0.0006257589137177663 0.6566049549024155
1.2140294499309814 0.49114507941359925 4882.7143151897335 0.0007086847329288762 0.7730181206826409
1.2140294499309814 0.49114507941359925 4882.7143151897335 0.0007086847329288762 0.7730181206826409
1.2586179171494605 0.4846321563144929 4808.988260769892 0.0006343978211884707 0.8786381246056645
1.2784653956073386 0.4768178204455018 4989.174202961327 0.00019295594066891567 0.9437621929868751
1.3096311472986697 0.536430739220524 4984.1545436892 0.00038994683412836643 0.8392847110715469
1.206046639827328 0.47173725117656684 4760.970971099462 0.0004640799641812236 0.867293245895911
1.1884474688750495 0.4720598844283731 4925.366208723583 2.083965943272982e-05 0.7882634130831385
1.206342448061691 0.4775652809591242 4903.801425306393 0.00011610027487386097 0.8342070011951912
1.206342448061691 0.4775652809591242 4903.801425306393 0.00011610027487386097 0.8342070011951912
1.2276787751390525 0.4803765971255091 4941.686690484505 0.00021309225394195455 0.769431215071525
1.222048656362905 0.5149261832726493 4975.911371795668 0.0009542287749676169 0.5971864176023488
1.307213711506186 0.5182984372624091 4836.552312784214 0.0006159126082415744 0.8129129462902358
1.2604181595580624 0.5358623167091077 4911.576992067501 0.00046619980314507485 0.6529305622495335
1.3851421393057346 0.517007812564488 4615.659427049104 0.00031838516615142646 0.9441092199296564
1.2664562360558724 0.5235919794933868 4975.994517298296 0.00013929692282620444 0.7293768546936856
1.2609824237382983 0.49503348675592124 4938.482705605003 0.0009855828192914414 0.7981790236747608
1.3675668416734919 0.5032228378714881 4852.6532309231425 3.689861719552558e-05 0.9406290620685871
1.3635756677614987 0.5216216589901859 4835.617022200451 -4.1147491706407745e-05 0.930266267154787
1.3752799744526683 0.5207128050640244 4850.799053321705 0.00010904791020005438 0.8476235690249372
1.2978524138883563 0.5418559339668532 4822.588413934896 9.324456276258103e-06 0.8055811910251411
1.2978524138883563 0.5418559339668532 4822.588413934896 9.324456276258103e-06 0.8055811910251411
1.3659490469196771 0.4902357964261958 4899.989216699003 0.0002042295010182557 0.9423636791771395
1.2889746485313847 0.49390122754551996 4669.892006427724 -0.00028409600247874877 0.8584732027916004
1.2826548374656668 0.5186927905352219 4760.936979664938 -0.0002686416607740321 0.8687010195429967
1.3028292581063803 0.5146770524351507 4899.999602439831 -0.00015935517997170079 0.7854340500684279
1.3418191040934062 0.5483978210874166 4615.960196952208 -0.00043907428637761516 0.7188430443833919
1.4096936863843794 0.5177621054012326 4598.712625269967 -0.0010667854074407786 0.8882787411984929
1.2863752170658826 0.46959494236185545 4874.318244417484 8.784308983435014e-05 0.9461950915139201
1.3833051504121356 0.5141671342719113 4933.5111905212625 0.00019346149626735433 0.9437895499395772
1.3833051504121356 0.5141671342719113 4933.5111905212625 0.00019346149626735433 0.9437895499395772
1.289394549543579 0.49608168419445775 4557.767674330233 -0.0005974713133108149 0.6641681470376195
1.2467636698560842 0.5142404020004068 4814.246218011866 -0.0005304035518334196 0.5801746789521014
1.2119568595288581 0.5173484872579791 4937.152674186039 -0.0003323605622305876 0.771753555953127
1.2399623025074455 0.5071755834980841 4901.052209338296 -0.0003796720823950129 0.6418263372232906
1.2373114016005622 0.48172023680257237 4539.399532956584 -8.482382118454454e-05 0.8785474792877646
1.330287548743669 0.4674177700623845 4804.882940253236 -0.00010531493878121028 0.9853304506426677
1.3351285218371909 0.48493307895272136 4848.7165426990005 -7.36123479612941e-05 0.9058375027482315
1.2678849735871403 0.48889695593415344 4663.9237595652085 0.00010446875778589609 0.842278857491688
1.2336814816973587 0.4673122045257553 4801.478504282108 -0.00016281131485869373 0.9227985508659438
1.2845641796993506 0.4706811752275547 4737.228446292455 -9.980395448568945e-05 0.9294574871178221
1.313337827491637 0.4864210590725119 4958.833211926798 -0.00012647894869484406 0.7808597197327476
1.27810778887737 0.4924533750915466 4974.085938421831 -0.00017051093176902112 0.9138477704063779
1.347474241857864 0.48831043584909406 4905.658234862482 -0.00023568528621717785 0.884195107011543
1.2711574511578625 0.47572248336704503 4903.024927310596 2.433862996794016e-05 0.8815883583242997
1.276731875160271 0.4865756953128619 4910.664236446726 -0.00010361105143239618 0.8687370750353351
1.2090934792915493 0.4589013586915665 4687.8918404910755 -0.0002712560185023346 0.8701248384608249
1.2413749796609266 0.49398680541066686 4902.284959686283 -0.00043486416648203847 0.8883487183359675
1.2413749796609266 0.49398680541066686 4902.284959686283 -0.00043486416648203847 0.8883487183359675
1.206196123646408 0.4640436050712555 4925.626512685594 -0.0004313329812645265 0.8649577959352965
1.2236205187401716 0.4515123942193787 4777.698912221614 -0.0009844765335164864 0.9188310628225715
1.2553759807930498 0.49405294036809133 4910.116594638282 -0.000462432136663367 0.8514636168058052
1.263522754992366 0.480983657077612 4413.635773123744 -3.676760996809271e-05 0.5886160132013293
1.2177850312060092 0.47715738841757654 4836.29886669022 -7.545758943710151e-05 0.7190843454760345
1.1478451462151498 0.48120100636570684 4868.259260322879 -0.00036869943650239803 0.6432865404106142
1.2232267323446362 0.4977813099369757 4874.170032038996 -0.00012965354824982987 0.7842505459683582
1.2243019683531267 0.4829784216148028 4832.268663707943 -0.0004981182745446802 0.7190422298520154
1.2243019683531267 0.4829784216148028 4832.268663707943 -0.0004981182745446802 0.7190422298520154
1.2161339383466996 0.5005799330843275 4983.04793931939 -0.0010891456209728364 0.6468945560458021
1.2186773416420624 0.49064521725378324 4663.579717918274 -0.0005954549101622126 0.7530009174700995
1.2186773416420624 0.49064521725378324 4663.579717918274 -0.0005954549101622126 0.7530009174700995
1.3870825083938958 0.519647650315408 4352.429176098772 -0.0003765219915863751 0.8722090610982087
1.3802684136109737 0.5164154709517683 4321.467735070318 -0.0010971966356609101 0.8776181604032103
1.3875921939468043 0.5276829244055532 4511.822834291628 -0.0005836774711206752 0.927157892646203
1.365309798858696 0.5210570789957112 4056.987437782142 -0.00013538327869287657 0.881166964274915
1.3451087578402499 0.4999039699345163 4403.060771595253 -0.0002191692086780698 0.8650301737275072
1.3547855123291381 0.49845768608178376 4181.5353411039405 -0.00013080261835094793 0.929428399327571
1.4218162317969236 0.5123359892335493 4344.561840596137 -8.957081624567423e-05 0.9629318582596276
1.3555000212103918 0.48732638168290066 4272.928366483776 -0.00015537425902151746 0.9039629098559828
1.3978767941207817 0.49741054379023 4199.637639798566 -5.115887211542961e-05 0.9579018491201987
1.3193021138409764 0.4940111050841413 4549.195009413351 4.106403561975856e-05 0.8843041206918594
1.3193021138409764 0.4940111050841413 4549.195009413351 4.106403561975856e-05 0.8843041206918594
1.344561553763742 0.4868773638130189 4590.624623501851 -6.879161889841215e-05 0.9339105176051321
1.305053495455014 0.49783088534874304 4169.932829327171 0.00036149361730846303 0.8186777909734988
1.3471715254712568 0.5408480550677726 4095.6090593302424 0.0007718125155588741 0.87635646322534
1.346721152733283 0.49747488670077894 4191.329975042688 0.0008738920151342728 0.8905583517926239
1.3214496920368466 0.5103083703975642 4193.281492045557 8.491372290959661e-05 0.8742899458858179
1.3259812899726342 0.4887450938940568 4344.564776073298 1.1658299502579554e-05 0.8603488689712369
1.3935684281195302 0.520972217693251 4468.381330994324 6.405570933661643e-05 0.8378879807528349
1.3798554061491657 0.4975531637422393 4566.113402962837 0.000410001943843006 0.931702620884076
1.3066633274451607 0.5057347398696294 4546.51550401872 0.0002475600075457317 0.8703276235931364
1.3920357564642143 0.49492994377384614 4524.418881695246 0.0005750524660491055 0.9411002468793961
1.3576765516951101 0.5224122746705344 4199.831668735156 0.0002498257303858357 0.7793646841826276
