    0.103627712830980201E+01    0.826710306012330531E+00    0.441017892118686996E+04   -0.408047147465658477E-03    0.265375636641094648E+00    0.436293906160131861E+01
    0.100064265470999092E+01    0.906472304598802014E+00    0.457901889560930704E+04    0.400818668683573340E-04    0.258169762984132689E+00    0.474318398333214741E+01
    0.115181658428952893E+01    0.857621321592872743E+00    0.475867823971566668E+04   -0.164842585516179383E-03    0.608170823224481127E+00    0.511660653930095055E+01
    0.153810639165760343E+01    0.702807438514872151E+00    0.430620590719929987E+04   -0.253629888208087436E-03    0.606435922995880339E+00    0.599697172207700469E+01
    0.114872161612293211E+01    0.861475465492935188E+00    0.409585568096984707E+04   -0.643596653526529492E-04    0.291446370886213002E+00    0.628724387177074462E+01
    0.127065147000119261E+01    0.997727162135810253E+00    0.447217047552342865E+04    0.858437762034461202E-04    0.731311243841152536E+00    0.639345099492025959E+01
    0.107637403677181087E+01    0.820675195659170575E+00    0.478231459207361149E+04   -0.100900273227799578E-02    0.221726567274269093E+00    0.640181964071249432E+01
    0.114467351153925967E+01    0.917658204647971321E+00    0.461190569526129821E+04   -0.363619960988148950E-03    0.267626354045459369E+00    0.649668249226422034E+01
    0.953343786466654075E+00    0.792611430419236096E+00    0.478707597753161099E+04   -0.141893555869446018E-03    0.206338353278131437E+00    0.663673614855810534E+01
    0.119991596936392919E+01    0.966681421230189519E+00    0.442713376476136000E+04   -0.266179814616232394E-03    0.348076708810789004E+00    0.671528954110998910E+01
    0.107821266596188359E+01    0.846373805702773763E+00    0.425611549573358752E+04    0.236310262485009930E-03    0.265575683788400019E+00    0.683883171383545374E+01
    0.110809084334115648E+01    0.885157814102492724E+00    0.471936028948591684E+04   -0.721087843769042567E-04    0.247285909787305413E+00    0.686565001688427579E+01
    0.118331685882548676E+01    0.856551495937505569E+00    0.436676567433845503E+04    0.132694528788031578E-03    0.286575949425303622E+00    0.702427069352247013E+01
    0.103586655911502712E+01    0.862523516006948543E+00    0.476151410387784017E+04    0.576362603254129127E-03    0.287552066634040204E+00    0.712135426818226946E+01
    0.147210554619529210E+01    0.742693025203762236E+00    0.454605286084725049E+04   -0.767276414194712739E-04    0.880176318241193689E+00    0.715878012881809500E+01
    0.100507110369372166E+01    0.803719303755925929E+00    0.426927691756105105E+04   -0.422555858292945799E-03    0.229639084774119318E+00    0.716728300163358867E+01
    0.112244442755069684E+01    0.900118111519921937E+00    0.487911939549452927E+04    0.335724414841168876E-03    0.543779434779176452E+00    0.718298033257329394E+01
    0.110860011373425249E+01    0.984977729627962262E+00    0.494286407302234784E+04   -0.242130851524216035E-03    0.299234842778373977E+00    0.720152833297035500E+01
    0.110867425683743570E+01    0.920931757692246888E+00    0.456907167350571490E+04    0.393635407714155983E-04    0.262310404443284240E+00    0.722672921380851285E+01
    0.119033284450414456E+01    0.942671871398349071E+00    0.422544775113919241E+04    0.983388704009757877E-04    0.393598356208017697E+00    0.722740091386750017E+01
    0.115490135407576178E+01    0.878296445358648592E+00    0.472868939906534160E+04    0.216731968298916318E-03    0.374834159045579762E+00    0.723824485669844897E+01
    0.103475310677244869E+01    0.838173905663919472E+00    0.447157291943413929E+04   -0.319547617290055750E-04    0.258462095924090862E+00    0.725296594417899954E+01
    0.106315381621669447E+01    0.863378612470373952E+00    0.481819739834294433E+04    0.600743092722193575E-03    0.265983037722045679E+00    0.733239810329497566E+01
    0.110607266800623938E+01    0.888078311195870440E+00    0.478068593188990781E+04   -0.825839585399208226E-04    0.270466937063307045E+00    0.733378160754591590E+01
    0.147718926359295155E+01    0.695637147623911600E+00    0.466332871984895883E+04    0.491466613548410401E-03    0.553752912052510871E+00    0.742463532307552398E+01
    0.108011938719329392E+01    0.978196254051146075E+00    0.483202494701849355E+04    0.519349686973081073E-03    0.280650717153739016E+00    0.746058735133851236E+01
    0.955097228943264431E+00    0.744033078647933110E+00    0.493390165068763963E+04   -0.578835334798026308E-03    0.159398444970058839E+00    0.749928641448186717E+01
    0.112768705416628023E+01    0.938693000835305380E+00    0.464812806619271851E+04    0.364876787488180819E-03    0.370825524507623405E+00    0.753429960489506456E+01
    0.120374226430147324E+01    0.986349405485232422E+00    0.458513410351953553E+04   -0.293067011347997348E-03    0.306335402255298761E+00    0.758952929004057886E+01
    0.112792798739042111E+01    0.925317779370754323E+00    0.493361426920581198E+04   -0.356176434382822016E-03    0.274416941169220163E+00    0.764279154486924028E+01
    0.886549176950692908E+00    0.732082703367478271E+00    0.434074841851170459E+04   -0.135647523188713514E-03    0.160401337336592814E+00    0.764308559062330772E+01
    0.109198114531687107E+01    0.868942814258852447E+00    0.461955626991884037E+04    0.264216882231791588E-03    0.338509533394864726E+00    0.768920371872816233E+01
    0.117181179435793648E+01    0.945225673151676937E+00    0.479269118307039389E+04   -0.361977326915291313E-03    0.531748984610126652E+00    0.770997848292470778E+01
    0.135260521296969283E+01    0.738247528735159197E+00    0.492956176949097789E+04    0.423817533048631491E-03    0.865337946777462674E+00    0.771133583486618868E+01
    0.122052214802628844E+01    0.971264168389302629E+00    0.470656604801143931E+04    0.152152516049434104E-03    0.875535991003133285E+00    0.772051867680423332E+01
    0.120437367059086009E+01    0.938205631448167710E+00    0.453125448525769662E+04    0.861342913136184580E-03    0.412935880256997401E+00    0.773625727496377458E+01
    0.128846285476611300E+01    0.904958764476513577E+00    0.411309862339304618E+04    0.513276164333068024E-04    0.403711752507956656E+00    0.774840283344473413E+01
    0.152281966160035087E+01    0.705931281570006730E+00    0.467969263614443025E+04   -0.299775669391705811E-03    0.661039134907284276E+00    0.778014575369423511E+01
    0.120796506187729236E+01    0.903473975523007233E+00    0.448663900839009239E+04    0.859544705252736048E-03    0.703994827490768693E+00    0.778582737059862762E+01
    0.117211047619909392E+01    0.911633052486783391E+00    0.482893085692357636E+04   -0.483406765437651694E-05    0.570832053221592917E+00    0.779508210774124688E+01
    0.126731662210565221E+01    0.873742638122662507E+00    0.483671366280761413E+04    0.222422081679370521E-03    0.873462181186943631E+00    0.781504620423278951E+01
    0.117174829260747848E+01    0.905095178831247349E+00    0.481609988968591097E+04   -0.531451704798641261E-04    0.604226632466207891E+00    0.782217509256835974E+01
    0.108526056310011487E+01    0.901959375950314501E+00    0.406868842714435459E+04   -0.202486522446358052E-03    0.268507121295707751E+00    0.784443939403483181E+01
    0.116797985429701723E+01    0.967940706418817576E+00    0.418622711576938491E+04    0.221135257579032772E-03    0.698540863181626781E+00    0.787925847930589462E+01
    0.115290821028558121E+01    0.855981542859372668E+00    0.444308871221804475E+04    0.854123953067583710E-04    0.411785056330616350E+00    0.792025239225685063E+01
    0.127772120572136538E+01    0.859413299771979888E+00    0.419245414780170722E+04   -0.218070979680433163E-03    0.716590685491972468E+00    0.792830435513062426E+01
    0.111660951061076585E+01    0.887683242911774695E+00    0.481447897657920930E+04    0.775383672388414843E-03    0.274327369809430954E+00    0.794312936387220248E+01
    0.123992919245032374E+01    0.947189196612544304E+00    0.420476121931265516E+04    0.241737456669783592E-03    0.548049450057893073E+00    0.796189679552277774E+01
    0.127489733695710061E+01    0.939760663102355620E+00    0.461452456467510819E+04    0.332426707537568280E-03    0.506528013465195603E+00    0.798309605919745735E+01
    0.120834488051431244E+01    0.975323265311116239E+00    0.464193036139072865E+04    0.200519424804891617E-03    0.577741364394840584E+00    0.799387336571928309E+01
    0.112119243193993978E+01    0.901131192025510397E+00    0.470039843108682817E+04   -0.298648157863691782E-03    0.303675757297256599E+00    0.800657739442528715E+01
    0.151188169385483873E+01    0.639804749344343171E+00    0.449158596366707479E+04   -0.314654723181955278E-03    0.393292711892973712E+00    0.800724684347689397E+01
    0.104826272822687505E+01    0.813668560636831240E+00    0.423882284756409899E+04   -0.215619522673209845E-03    0.231399799413128660E+00    0.802182729918330750E+01
    0.120099221250388211E+01    0.930987015314837851E+00    0.497308656340373454E+04   -0.152219254084341987E-03    0.754887806262213190E+00    0.806773632076893321E+01
    0.127910564621805056E+01    0.900559788682074980E+00    0.430609815392693417E+04    0.252306420492956149E-03    0.756789555481419685E+00    0.807947551674286224E+01
    0.126455474895752684E+01    0.905919882510586083E+00    0.439099007567865829E+04    0.226255510718303011E-03    0.860410151342229201E+00    0.809039176496971280E+01
    0.114256830532786902E+01    0.896530540634468576E+00    0.426528959546229544E+04   -0.111269000490700994E-03    0.486757890331657450E+00    0.812159874396472325E+01
    0.121865732837156759E+01    0.904556436361718674E+00    0.483354250258178490E+04    0.383829348422230928E-03    0.929113993179249142E+00    0.816712901948183401E+01
    0.119583056717346548E+01    0.873846769088902908E+00    0.473666844823477823E+04   -0.677195808895138382E-03    0.550339915842717353E+00    0.818053513687464751E+01
    0.102695487852277068E+01    0.773533644574290635E+00    0.477400110670760841E+04    0.142885237100338127E-03    0.178744476028854765E+00    0.819334565056105113E+01
    0.121448728197690636E+01    0.987329774981593355E+00    0.410476688736939195E+04   -0.408456803874615820E-03    0.315916527620657084E+00    0.821456067063511952E+01
    0.120121874819885455E+01    0.862657128593837808E+00    0.485999293218432376E+04   -0.863328433817713616E-04    0.470729172540116481E+00    0.823988021148235283E+01
    0.122486645444427267E+01    0.985211542676915464E+00    0.421542747237989533E+04    0.275847516010230981E-03    0.750675237480903257E+00    0.824123423208813399E+01
    0.105732430691621149E+01    0.943509416744439777E+00    0.450654115269005706E+04    0.544416190407373611E-03    0.294184236047681735E+00    0.825639579662383660E+01
    0.115506882123859489E+01    0.982010309300278661E+00    0.484671701093991032E+04    0.566000570726201313E-03    0.355223619470955265E+00    0.827067774834891267E+01
    0.116819039737720920E+01    0.943876935649176407E+00    0.474963512810770862E+04   -0.374098084877983394E-03    0.312154035806372965E+00    0.828643028530786374E+01
    0.121171215890733652E+01    0.978312590656112646E+00    0.487264601536044756E+04    0.910093585947287492E-03    0.453677729074706937E+00    0.831474389365501843E+01
    0.111860781659604847E+01    0.907053955401978307E+00    0.426598862070826635E+04    0.634685403146773085E-03    0.413851903551642586E+00    0.834846291116836881E+01
    0.123762378935183737E+01    0.894858177534813337E+00    0.460080973089245435E+04   -0.534814034652670198E-04    0.596998360070976730E+00    0.837680721374097104E+01
    0.110651070667621521E+01    0.873984441764919739E+00    0.479237830544288227E+04    0.303825072942280971E-04    0.293567751554596412E+00    0.840856947672045152E+01
    0.113234493034251416E+01    0.894627382820866845E+00    0.460011975206203533E+04    0.407546013988992098E-03    0.293105280055528161E+00    0.841260845126080881E+01
    0.115779910700069477E+01    0.877396799499311375E+00    0.431892159853719204E+04    0.276465774909871070E-03    0.654661766391407829E+00    0.846259441651594102E+01
    0.106143378194066385E+01    0.876114102303253262E+00    0.426986880525357992E+04    0.816990028465841117E-04    0.259422337720847385E+00    0.853760259142249289E+01
    0.114531937061642486E+01    0.999028479017058935E+00    0.419282121950166038E+04    0.370732210289012847E-03    0.284974274451550547E+00    0.854436185476771115E+01
    0.125928418906032502E+01    0.927504056299029767E+00    0.478415684060602871E+04    0.134232176607888658E-03    0.970292525070383438E+00    0.858586410271565725E+01
    0.112191042789463835E+01    0.861137386761604451E+00    0.497138301689008131E+04   -0.132004501191996754E-04    0.296968783129077485E+00    0.859141463331164346E+01
    0.113202646928039452E+01    0.861095271089028946E+00    0.393413525059229914E+04   -0.310156942748635739E-03    0.267178086220866473E+00    0.859275404633458706E+01
    0.107237108287082683E+01    0.858343010257470951E+00    0.457645104855294994E+04   -0.292102616684161611E-03    0.270089265417297497E+00    0.859360293027425470E+01
    0.106475820214285011E+01    0.909370197074644504E+00    0.459517949407799188E+04    0.740749073365214801E-03    0.281499119073731485E+00    0.859384773202410024E+01
    0.106475820214285011E+01    0.909370197074644504E+00    0.459517949407799188E+04    0.740749073365214801E-03    0.281499119073731485E+00    0.859384773202410024E+01
    0.110204704547747134E+01    0.880846596388877412E+00    0.407002107342028967E+04    0.377233561614542359E-04    0.280311580512204117E+00    0.861051182586322206E+01
    0.121390845103516565E+01    0.890676609928959584E+00    0.452460705503469399E+04   -0.248052259323229790E-03    0.437947797048123366E+00    0.861064101095886159E+01
    0.119619197256088117E+01    0.925928846068152400E+00    0.420415767621579744E+04    0.556019552721428024E-03    0.353582100658463405E+00    0.862632033802681164E+01
    0.119119302486333556E+01    0.993737070125807254E+00    0.413588845745300387E+04    0.245440674619351628E-03    0.305039027090409032E+00    0.863290329649387012E+01
    0.123231689609508099E+01    0.927853314408248919E+00    0.409028705628398302E+04    0.178559599658366727E-03    0.292523672379958466E+00    0.863995908793011225E+01
    0.113532218199711687E+01    0.961175008678474052E+00    0.438090630423262428E+04    0.821886124784566440E-03    0.485109009178604111E+00    0.865495190929682146E+01
    0.113532218199711687E+01    0.961175008678474052E+00    0.438090630423262428E+04    0.821886124784566440E-03    0.485109009178604111E+00    0.865495190929682146E+01
    0.990656784782247946E+00    0.776787369271704331E+00    0.494037234997084579E+04   -0.374083865142859251E-03    0.198946154327228925E+00    0.866059097114481524E+01
    0.129321708195825469E+01    0.877233764238074976E+00    0.471993443118719642E+04   -0.359795296621502148E-03    0.500084743493309558E+00    0.867371966263469218E+01
    0.125722694968524951E+01    0.880988147819307121E+00    0.483114377533492552E+04   -0.406809840288232876E-03    0.448404970808245595E+00    0.868271811365121948E+01
    0.114395008366588824E+01    0.922926238135901578E+00    0.490657818476293778E+04    0.184980999965861506E-03    0.457347612663702163E+00    0.868504977472178830E+01
    0.120320945272519930E+01    0.863953024260995406E+00    0.435007664445420596E+04   -0.251605183936606249E-03    0.628155578957515948E+00    0.870221009177572569E+01
    0.127832126065191432E+01    0.939079620799879944E+00    0.402409595783553777E+04    0.534106121966548418E-03    0.526534697685033026E+00    0.870285431934411946E+01
    0.110576418102208196E+01    0.862277076532049880E+00    0.475768879107628163E+04   -0.100121305922309389E-03    0.308419064078082839E+00    0.873714609314241741E+01
    0.112267301157607124E+01    0.891329054702510781E+00    0.438011224673825927E+04   -0.173668894091260018E-03    0.376515435250459274E+00    0.876343093638219983E+01
    0.104718907913956238E+01    0.842985759955025893E+00    0.489217869435295506E+04    0.133840426549490966E-03    0.233220514215807251E+00    0.877243929132272449E+01
    0.104718907913956238E+01    0.842985759955025893E+00    0.489217869435295506E+04    0.133840426549490966E-03    0.233220514215807251E+00    0.877243929132272449E+01
    0.137159307330845870E+01    0.748828956436588089E+00    0.449875530012780655E+04   -0.169546507266804915E-03    0.985198418217639760E+00    0.878920356971306305E+01
    0.119194753054820657E+01    0.945193796081200688E+00    0.422024412092809234E+04   -0.367010015501431273E-03    0.498769773588217835E+00    0.879014078191293002E+01
    0.105387986969011660E+01    0.813978169183778966E+00    0.464781575708445234E+04   -0.654382636815641463E-03    0.230680319562996505E+00    0.880632070587566673E+01
    0.106958155866494065E+01    0.914488645776961762E+00    0.439162546525049947E+04    0.945812539587435961E-04    0.297915851461477588E+00    0.882412043822865044E+01
    0.115048230117692429E+01    0.936466656425849142E+00    0.455266932619194813E+04    0.155701600593755561E-03    0.288116299456285252E+00    0.882497104242156283E+01
    0.115048230117692429E+01    0.936466656425849142E+00    0.455266932619194813E+04    0.155701600593755561E-03    0.288116299456285252E+00    0.882497104242156283E+01
    0.111492351692261416E+01    0.919109979366607543E+00    0.456344630731409143E+04   -0.126076082306412259E-03    0.398995060741328955E+00    0.884629100507892119E+01
    0.111492351692261416E+01    0.919109979366607543E+00    0.456344630731409143E+04   -0.126076082306412259E-03    0.398995060741328955E+00    0.884629100507892119E+01
    0.124574390319472372E+01    0.960261061752992973E+00    0.420153329113651307E+04   -0.153086651206321700E-03    0.312540657140262579E+00    0.885472911104026927E+01
    0.111651365569078287E+01    0.867109828978919528E+00    0.412272388541213877E+04   -0.305171070806557668E-05    0.273188322697781538E+00    0.885612778205895168E+01
    0.108130020199123189E+01    0.887822099746998661E+00    0.419764807651625506E+04    0.312182422473644271E-03    0.304060863957005267E+00    0.886416723913893634E+01
    0.114768723341409373E+01    0.938032118980366980E+00    0.459945727303688727E+04   -0.511234073211899601E-03    0.366057917903430008E+00    0.887737876787174329E+01
    0.116759908177024663E+01    0.887283980186626686E+00    0.482069587722429151E+04    0.207313517425952167E-03    0.897973099903129346E+00    0.888066002996350790E+01
    0.132378777439411777E+01    0.995460281002053637E+00    0.463395990517325481E+04   -0.689944629949836279E-03    0.557859582767865847E+00    0.888284572854272625E+01
    0.106305387815130037E+01    0.859849673222737865E+00    0.486475196048092130E+04    0.458418740877210534E-03    0.256469767144836491E+00    0.888534853498510913E+01
    0.119636936023759155E+01    0.924460882866306788E+00    0.488485987388890862E+04   -0.376502358426121432E-03    0.568745781212956159E+00    0.888857415263525397E+01
    0.120802575697665970E+01    0.996806379164955070E+00    0.475535628856488984E+04    0.433749349085365415E-03    0.450056602683300389E+00    0.890011829826478440E+01
    0.115866265166451843E+01    0.931371110909171129E+00    0.442101732934952543E+04   -0.261380142777813845E-03    0.306813048598917559E+00    0.890812222286237088E+01
    0.114860232312814770E+01    0.946379868289593529E+00    0.461039475549219696E+04   -0.123517453139022114E-04    0.414244255577286613E+00    0.894399677175671926E+01
    0.111229723017279980E+01    0.905822131001023600E+00    0.493124813405441455E+04    0.646290769243497643E-04    0.286064564053851389E+00    0.896612317125996050E+01
    0.105645834166138131E+01    0.894496661550604255E+00    0.450029734611984713E+04   -0.288200939717345129E-04    0.273631774837309827E+00    0.896761516063808095E+01
    0.110972583244188883E+01    0.886225281680606436E+00    0.440645540383627394E+04   -0.266207747281428978E-03    0.362293286162941541E+00    0.898651651759644210E+01
    0.121749518192935979E+01    0.984099723747942079E+00    0.434809417114612279E+04    0.258213452503878852E-03    0.613032104988652127E+00    0.898987606811571993E+01
    0.129068611932030830E+01    0.992475699337223238E+00    0.477407387227462823E+04   -0.737621144979232440E-03    0.468448825725135243E+00    0.900263982893277515E+01
    0.124491348191064843E+01    0.931997357149866756E+00    0.491424809249865302E+04   -0.763239654979508539E-03    0.780345773636076823E+00    0.903096482308762560E+01
    0.117380054789482791E+01    0.908485797299627862E+00    0.479941631488327948E+04   -0.427097632767402583E-03    0.368570473725898906E+00    0.903469529437310115E+01
    0.111102847840905028E+01    0.926754564456981456E+00    0.478385338240587316E+04    0.225735602359212483E-04    0.300641127657104879E+00    0.905517103384666910E+01
    0.111568737832148246E+01    0.880597610871158842E+00    0.492408480645813415E+04    0.459033611081606033E-04    0.322099742515274179E+00    0.905753552924367256E+01
    0.111568737832148246E+01    0.880597610871158842E+00    0.492408480645813415E+04    0.459033611081606033E-04    0.322099742515274179E+00    0.905753552924367256E+01
    0.108686504514692839E+01    0.924441709200562012E+00    0.492496057436266528E+04    0.117820519821086546E-03    0.320969704585573390E+00    0.906034731683664774E+01
    0.117033785436927840E+01    0.926885535007027861E+00    0.426196502893950583E+04   -0.294729824482362513E-03    0.318831360569345523E+00    0.907942841577230908E+01
    0.117033785436927840E+01    0.926885535007027861E+00    0.426196502893950583E+04   -0.294729824482362513E-03    0.318831360569345523E+00    0.907942841577230908E+01
    0.116506288794894064E+01    0.870737691479460119E+00    0.474819877684697167E+04   -0.249093223415546624E-03    0.423591030148017356E+00    0.908170010992616028E+01
    0.116506288794894064E+01    0.870737691479460119E+00    0.474819877684697167E+04   -0.249093223415546624E-03    0.423591030148017356E+00    0.908170010992616028E+01
    0.121364957005320351E+01    0.978952605732467118E+00    0.467772200079717913E+04   -0.448173576034371468E-03    0.417443415378161597E+00    0.909975590356950903E+01
    0.117007530877550936E+01    0.945445495953862070E+00    0.439978921986793102E+04    0.130651301389845501E-03    0.426882467281379019E+00    0.910260227158974189E+01
    0.117007530877550936E+01    0.945445495953862070E+00    0.439978921986793102E+04    0.130651301389845501E-03    0.426882467281379019E+00    0.910260227158974189E+01
    0.121153713006059660E+01    0.905156444509971458E+00    0.473138689964244077E+04   -0.886228010354924139E-03    0.573933503038261406E+00    0.912790684532248520E+01
    0.108248664456816357E+01    0.855574622131057949E+00    0.456671228621581577E+04    0.608712020594626558E-03    0.249341520414151696E+00    0.913934801782504103E+01
    0.120460867405071292E+01    0.995676163286246974E+00    0.416888830284290452E+04   -0.214137327338509718E-03    0.368143787775357223E+00    0.916193047157271501E+01
    0.112620667407648956E+01    0.905736914784178615E+00    0.470120249711042743E+04    0.156292668174682942E-03    0.503822273987433511E+00    0.916987572835082432E+01
    0.104044417399272349E+01    0.853659827156723394E+00    0.491332378621219868E+04    0.339032630210236443E-03    0.249832794249765761E+00    0.917530612654659805E+01
    0.104044417399272349E+01    0.853659827156723394E+00    0.491332378621219868E+04    0.339032630210236443E-03    0.249832794249765761E+00    0.917530612654659805E+01
    0.120741751544888065E+01    0.907047000099516332E+00    0.419232229552964600E+04   -0.818033468606840092E-03    0.359817698953174170E+00    0.918998587728464145E+01
    0.120741751544888065E+01    0.907047000099516332E+00    0.419232229552964600E+04   -0.818033468606840092E-03    0.359817698953174170E+00    0.918998587728464145E+01
    0.120599126483708363E+01    0.893508867636616633E+00    0.406841752449072283E+04    0.374970847454263444E-04    0.487575110914455101E+00    0.919417940335836192E+01
    0.125382655091690887E+01    0.976255174673035686E+00    0.423808980222677746E+04   -0.118694616503636755E-03    0.429388524556615359E+00    0.921287150004188327E+01
    0.114065323993909895E+01    0.877348078039705492E+00    0.451957617264924011E+04    0.790858393960310144E-04    0.378414122400410502E+00    0.921296182431660426E+01
    0.115376835796926791E+01    0.872146463534283711E+00    0.458192813122681218E+04    0.358927586488290700E-03    0.262198422236100404E+00    0.923081482779037188E+01
    0.110425922261169496E+01    0.917303066559241986E+00    0.442008609478648577E+04   -0.236728235868941499E-03    0.331069811164654892E+00    0.924033724798486666E+01
    0.110425922261169496E+01    0.917303066559241986E+00    0.442008609478648577E+04   -0.236728235868941499E-03    0.331069811164654892E+00    0.924033724798486666E+01
    0.118760823667439563E+01    0.896863731146759990E+00    0.487571397003056882E+04   -0.800806807985129883E-04    0.446068351546839881E+00    0.924510063871629661E+01
    0.123320874167360217E+01    0.911080796356979139E+00    0.491469149960455798E+04    0.235843867108907746E-03    0.631388697245345853E+00    0.927438400082476022E+01
    0.123320874167360217E+01    0.911080796356979139E+00    0.491469149960455798E+04    0.235843867108907746E-03    0.631388697245345853E+00    0.927438400082476022E+01
    0.111943581155190253E+01    0.932744927164641191E+00    0.450644253285092418E+04    0.103359780254260796E-04    0.306767633559958619E+00    0.927804325895523618E+01
    0.111943581155190253E+01    0.932744927164641191E+00    0.450644253285092418E+04    0.103359780254260796E-04    0.306767633559958619E+00    0.927804325895523618E+01
    0.104939792013399291E+01    0.839993063976967269E+00    0.479527095213561824E+04   -0.164415170241964898E-03    0.255726739051867047E+00    0.928758563321227548E+01
    0.104332055634225740E+01    0.840514474916146281E+00    0.464705620005724450E+04    0.423328628210085565E-03    0.246320863251312777E+00    0.929833010343793198E+01
    0.126929590168712769E+01    0.744984141693102009E+00    0.417796375407265805E+04    0.132437390680773898E-03    0.987254970916080277E+00    0.930750103550575858E+01
    0.137534953484386469E+01    0.738837693105840909E+00    0.440607112607425643E+04    0.462539430635785357E-04    0.897853542425089857E+00    0.932303898494533101E+01
    0.123529307322924620E+01    0.881951406754047373E+00    0.477917108695701245E+04    0.618842719019133711E-04    0.566161684865358894E+00    0.934104864523822442E+01
    0.123529307322924620E+01    0.881951406754047373E+00    0.477917108695701245E+04    0.618842719019133711E-04    0.566161684865358894E+00    0.934104864523822442E+01
    0.105193081653004628E+01    0.836851926927294265E+00    0.497560150695095035E+04    0.397455087108500218E-04    0.236614755514064856E+00    0.934230408015579528E+01
    0.128158805187178770E+01    0.964882306406278700E+00    0.426667974724397391E+04    0.210974965315286123E-03    0.465642048457175495E+00    0.935366748521205338E+01
    0.128158805187178770E+01    0.964882306406278700E+00    0.426667974724397391E+04    0.210974965315286123E-03    0.465642048457175495E+00    0.935366748521205338E+01
    0.109481082314294476E+01    0.892129182284520317E+00    0.461734167613481350E+04   -0.411072284413917396E-03    0.293603253311892076E+00    0.937349236324374324E+01
    0.109481082314294476E+01    0.892129182284520317E+00    0.461734167613481350E+04   -0.411072284413917396E-03    0.293603253311892076E+00    0.937349236324374324E+01
    0.124983572523433550E+01    0.988170580356829142E+00    0.475165505750683496E+04    0.278150811197961842E-03    0.500317233726136235E+00    0.938082222332742433E+01
    0.124983572523433550E+01    0.988170580356829142E+00    0.475165505750683496E+04    0.278150811197961842E-03    0.500317233726136235E+00    0.938082222332742433E+01
    0.120713708942979903E+01    0.908651093011728195E+00    0.444529009749108627E+04   -0.900979270663329200E-03    0.306420195290675657E+00    0.938368058885296108E+01
    0.120713708942979903E+01    0.908651093011728195E+00    0.444529009749108627E+04   -0.900979270663329200E-03    0.306420195290675657E+00    0.938368058885296108E+01
    0.121841102147932245E+01    0.918990941815148066E+00    0.488772091959390946E+04    0.273680815381661281E-04    0.649411763980112688E+00    0.938866584276922111E+01
    0.121841102147932245E+01    0.918990941815148066E+00    0.488772091959390946E+04    0.273680815381661281E-04    0.649411763980112688E+00    0.938866584276922111E+01
    0.113297659518912908E+01    0.873005838280483393E+00    0.476324323785795514E+04   -0.562824772324370870E-03    0.337569020652406571E+00    0.940008821155574559E+01
    0.117087958082686971E+01    0.914661059738124393E+00    0.477947014992333607E+04   -0.224720676612954849E-03    0.324103845546915292E+00    0.940912671865784134E+01
    0.115439879513438615E+01    0.985995550558664724E+00    0.473462754040764685E+04   -0.409738365518493808E-04    0.379220573542531580E+00    0.941666302775787223E+01
    0.123723193962861555E+01    0.975027158462430155E+00    0.418952388171381699E+04   -0.118556386054889928E-03    0.396116266280456486E+00    0.941922234846664530E+01
    0.129367143377965399E+01    0.948328140629685734E+00    0.410701125135202074E+04    0.123563218397898273E-03    0.896271798497183303E+00    0.943328658477566506E+01
    0.129367143377965399E+01    0.948328140629685734E+00    0.410701125135202074E+04    0.123563218397898273E-03    0.896271798497183303E+00    0.943328658477566506E+01
    0.120060682611317238E+01    0.956264370358607230E+00    0.475528306816309214E+04   -0.403773629933269458E-03    0.394317220060219686E+00    0.943770712697490310E+01
    0.140442530221871231E+01    0.737107005750798461E+00    0.497273063767937765E+04   -0.272577977926207978E-03    0.869654201340329114E+00    0.945245060454476871E+01
    0.140442530221871231E+01    0.737107005750798461E+00    0.497273063767937765E+04   -0.272577977926207978E-03    0.869654201340329114E+00    0.945245060454476871E+01
    0.109902529325394904E+01    0.942544617327559120E+00    0.466067811496773629E+04    0.547598643482578580E-03    0.291644025482414415E+00    0.945806020638173095E+01
    0.109902529325394904E+01    0.942544617327559120E+00    0.466067811496773629E+04    0.547598643482578580E-03    0.291644025482414415E+00    0.945806020638173095E+01
    0.115652474585976006E+01    0.988335707151868248E+00    0.420458548901605263E+04    0.482237136755794566E-03    0.299186164085563644E+00    0.945944826444665310E+01
    0.115652474585976006E+01    0.988335707151868248E+00    0.420458548901605263E+04    0.482237136755794566E-03    0.299186164085563644E+00    0.945944826444665310E+01
    0.995896040601069732E+00    0.854615595048648258E+00    0.483062825333988258E+04   -0.340211028422215793E-03    0.253402515068107681E+00    0.946012683587007430E+01
    0.995896040601069732E+00    0.854615595048648258E+00    0.483062825333988258E+04   -0.340211028422215793E-03    0.253402515068107681E+00    0.946012683587007430E+01
    0.113848015280810544E+01    0.924480350056541167E+00    0.431876501188992734E+04    0.252524312527515975E-03    0.529214137987033983E+00    0.947850254972292561E+01
    0.116653387307228384E+01    0.943384944646521006E+00    0.489665814840805706E+04   -0.591094308524437785E-03    0.468621778570165959E+00    0.947910819663932536E+01
    0.116653387307228384E+01    0.943384944646521006E+00    0.489665814840805706E+04   -0.591094308524437785E-03    0.468621778570165959E+00    0.947910819663932536E+01
    0.115480524880126745E+01    0.867717641522469441E+00    0.445821053638831199E+04   -0.404393471890804118E-03    0.416816715750084332E+00    0.948783181334822423E+01
    0.110655066596644591E+01    0.890303915866809015E+00    0.483090068069452445E+04   -0.490473921940308877E-03    0.421984157635955870E+00    0.948965561002932390E+01
    0.116770260064125964E+01    0.884925183227055379E+00    0.434416839028799404E+04   -0.238887347353929513E-04    0.273989846608550969E+00    0.950876146578999659E+01
    0.127504475613293433E+01    0.959834083210347022E+00    0.409030064752163435E+04    0.101985465204281516E-03    0.349855209837934555E+00    0.951209172760642829E+01
    0.127504475613293433E+01    0.959834083210347022E+00    0.409030064752163435E+04    0.101985465204281516E-03    0.349855209837934555E+00    0.951209172760642829E+01
    0.114892374506551853E+01    0.942800682222985631E+00    0.444878775424035666E+04    0.777574768637635723E-04    0.388800460311231277E+00    0.951958327516858915E+01
    0.110846612573505210E+01    0.937448527010959931E+00    0.473060064690571198E+04    0.374693374314184139E-03    0.294082798519035515E+00    0.953249555530472037E+01
    0.110846612573505210E+01    0.937448527010959931E+00    0.473060064690571198E+04    0.374693374314184139E-03    0.294082798519035515E+00    0.953249555530472037E+01
    0.120551164525306986E+01    0.965245781332915276E+00    0.412845649711458373E+04   -0.198442440677184016E-03    0.409609613839811315E+00    0.953938559356629057E+01
    0.120551164525306986E+01    0.965245781332915276E+00    0.412845649711458373E+04   -0.198442440677184016E-03    0.409609613839811315E+00    0.953938559356629057E+01
    0.124823839860622998E+01    0.907034267656185000E+00    0.497879882056188853E+04    0.202966242114385054E-03    0.642986966329522236E+00    0.954077612875121162E+01
    0.124823839860622998E+01    0.907034267656185000E+00    0.497879882056188853E+04    0.202966242114385054E-03    0.642986966329522236E+00    0.954077612875121162E+01
    0.112176068131967877E+01    0.985432779016162441E+00    0.471115965713832429E+04    0.859045594141558664E-03    0.371942378457150835E+00    0.955505858324140078E+01
    0.125992968975249631E+01    0.980281408932437204E+00    0.446943884999115562E+04    0.381414045920264056E-04    0.460898792535449797E+00    0.956158393763008796E+01
    0.120862194253222044E+01    0.945635850681633694E+00    0.488713424542314442E+04   -0.255010461338498016E-03    0.609434379142912874E+00    0.956314891736349892E+01
    0.117617930789386138E+01    0.895287282368104509E+00    0.442047604576300546E+04   -0.217254105123431285E-03    0.537616964390871921E+00    0.956964263543271798E+01
    0.125806443739780427E+01    0.905485366268523606E+00    0.482661628129765631E+04    0.130120143017187456E-03    0.637584634387993843E+00    0.957099103310172694E+01
    0.115300893621890843E+01    0.912197302551205458E+00    0.481457380385389661E+04   -0.410866360022378195E-03    0.281132401570070800E+00    0.959255849314768483E+01
    0.115300893621890843E+01    0.912197302551205458E+00    0.481457380385389661E+04   -0.410866360022378195E-03    0.281132401570070800E+00    0.959255849314768483E+01
    0.126717563939282174E+01    0.938347593662594348E+00    0.410724149031732850E+04    0.770019431966197961E-04    0.544029809795492203E+00    0.959408606607136605E+01
    0.126717563939282174E+01    0.938347593662594348E+00    0.410724149031732850E+04    0.770019431966197961E-04    0.544029809795492203E+00    0.959408606607136605E+01
    0.111981847417911196E+01    0.881222016783882012E+00    0.472968788629227492E+04   -0.168016066178218693E-03    0.325142388896426660E+00    0.959872833574173967E+01
    0.126852655304443518E+01    0.985988617503324893E+00    0.456660458985114292E+04   -0.596845176982860911E-03    0.333273347244700757E+00    0.960885452605462120E+01
    0.114019666618417070E+01    0.873486469030153034E+00    0.480419721905878669E+04   -0.303581411383308311E-03    0.290052410659687565E+00    0.961523010138128598E+01
    0.110498295715701955E+01    0.899514458559966590E+00    0.475970137890465594E+04    0.761812719618057719E-04    0.466994788888179913E+00    0.961916492782629895E+01
    0.116014829463705937E+01    0.905698800354959754E+00    0.477057468005694955E+04   -0.467627003712062383E-04    0.525875240962736412E+00    0.962040459430620132E+01
    0.116014829463705937E+01    0.905698800354959754E+00    0.477057468005694955E+04   -0.467627003712062383E-04    0.525875240962736412E+00    0.962040459430620132E+01
    0.115659384958261691E+01    0.957060245775361196E+00    0.489286977665045924E+04   -0.279524471153680106E-03    0.388985080366587854E+00    0.962224803122010286E+01
    0.125587357733784089E+01    0.927501966584215687E+00    0.466997436174373161E+04    0.124267217793326784E-03    0.929731520420063129E+00    0.963007586849693453E+01
    0.116337322857732017E+01    0.868913565834472212E+00    0.479282424452022769E+04   -0.512151536883364558E-03    0.395211370374149329E+00    0.963059007105385589E+01
    0.119444737562996539E+01    0.890489359239952538E+00    0.488444963664989882E+04   -0.109146136548019944E-02    0.486402096733188460E+00    0.963926286525878950E+01
    0.119444737562996539E+01    0.890489359239952538E+00    0.488444963664989882E+04   -0.109146136548019944E-02    0.486402096733188460E+00    0.963926286525878950E+01
    0.130639957176583699E+01    0.944548739281819705E+00    0.406035685226375335E+04   -0.143281409824530363E-04    0.377304137262859718E+00    0.964200268489742207E+01
    0.119816961074916772E+01    0.962310945040120047E+00    0.494012956582184688E+04   -0.357860935465470595E-03    0.366875050278022918E+00    0.964495775098593988E+01
    0.107750636324356952E+01    0.894410186155661480E+00    0.461679149098456674E+04   -0.141829862890021372E-03    0.356444829083908565E+00    0.964731357847752946E+01
    0.107750636324356952E+01    0.894410186155661480E+00    0.461679149098456674E+04   -0.141829862890021372E-03    0.356444829083908565E+00    0.964731357847752946E+01
    0.118205970991534026E+01    0.902623151172163629E+00    0.499384840228322355E+04   -0.167789656774334220E-03    0.564182537884634239E+00    0.966823211468855703E+01
    0.118205970991534026E+01    0.902623151172163629E+00    0.499384840228322355E+04   -0.167789656774334220E-03    0.564182537884634239E+00    0.966823211468855703E+01
    0.116643167586458496E+01    0.883161547346207221E+00    0.419953410462333341E+04    0.333104560399508727E-03    0.287217776972194139E+00    0.967290657485946426E+01
    0.126013671098609836E+01    0.915692775473556653E+00    0.492123093612365483E+04    0.678295726288936067E-04    0.763385382516755362E+00    0.968115787026778207E+01
    0.122164957379190220E+01    0.909919107892567580E+00    0.485677191014889831E+04    0.137992911190689825E-03    0.661808089384596232E+00    0.968500384996825758E+01
    0.122164957379190220E+01    0.909919107892567580E+00    0.485677191014889831E+04    0.137992911190689825E-03    0.661808089384596232E+00    0.968500384996825758E+01
    0.122679066027699246E+01    0.972035577510379722E+00    0.483217645752983481E+04   -0.187924058396255237E-03    0.723382023199917956E+00    0.969211722089293737E+01
    0.111319352732302734E+01    0.902055236943862360E+00    0.485947149599730437E+04    0.198771103856977582E-03    0.316690677043787838E+00    0.969380535343572625E+01
    0.119998665112480696E+01    0.915836711555743421E+00    0.480772811775855189E+04   -0.359475212156430061E-03    0.423117959684536360E+00    0.969696521012205892E+01
    0.122399977800095017E+01    0.999161146192307559E+00    0.498541153637313528E+04   -0.132460354979421985E-03    0.453922762666754354E+00    0.969859595616928161E+01
    0.119584934845488156E+01    0.960965712456025911E+00    0.490916627605447047E+04   -0.123426564666493949E-03    0.473854398038310753E+00    0.970190416044984616E+01
    0.111495465512021830E+01    0.876936757839532177E+00    0.497718245019673577E+04   -0.194032360715397102E-03    0.300009103717358949E+00    0.970654285923039950E+01
    0.117069953179078157E+01    0.953033049481665451E+00    0.474362267058027646E+04   -0.340154994159838934E-03    0.395766071864162461E+00    0.970865345468399710E+01
    0.117069953179078157E+01    0.953033049481665451E+00    0.474362267058027646E+04   -0.340154994159838934E-03    0.395766071864162461E+00    0.970865345468399710E+01
    0.143556006769518829E+01    0.661952740349533331E+00    0.478862811277709352E+04   -0.272212616177835781E-03    0.470479353293168534E+00    0.971897422807515454E+01
    0.117882416120886413E+01    0.912487245579661543E+00    0.454901424717503687E+04    0.277132640030546820E-03    0.358587430091465431E+00    0.972195622790591329E+01
    0.112012417657453911E+01    0.940511382650290773E+00    0.480004309503030345E+04    0.399514705762105398E-03    0.453707169671263510E+00    0.973503131907533259E+01
    0.113005067795503100E+01    0.983124985910558191E+00    0.465698466261485646E+04    0.414038908799268515E-03    0.318561990720708010E+00    0.973956044787983721E+01
    0.113005067795503100E+01    0.983124985910558191E+00    0.465698466261485646E+04    0.414038908799268515E-03    0.318561990720708010E+00    0.973956044787983721E+01
    0.111562370851354786E+01    0.959126039518937823E+00    0.482456127884096804E+04    0.366741309545954750E-03    0.299466172680348808E+00    0.973992656985347693E+01
    0.104451782095710421E+01    0.834212198555769113E+00    0.464263440976463062E+04   -0.133323926226175101E-04    0.231274940354129932E+00    0.974513938673930546E+01
    0.116049700412118062E+01    0.920743092259172946E+00    0.445065332532933007E+04    0.377627516408335590E-03    0.357347978816423995E+00    0.974853925739868643E+01
    0.110690508091566242E+01    0.920660129862891030E+00    0.468069050094426893E+04    0.541182723069198778E-03    0.323448517458704066E+00    0.975007029157058369E+01
    0.115337754969357942E+01    0.960195874860259924E+00    0.489687482769135295E+04   -0.199390185107816011E-03    0.394789783631178337E+00    0.975049343024951298E+01
    0.113028855503902270E+01    0.980389367247166854E+00    0.488844126614717516E+04    0.276961753000903865E-03    0.377623841477332411E+00    0.976072599692077247E+01
    0.113826340786918379E+01    0.996997219312639404E+00    0.489391637946556602E+04    0.595899594492287532E-03    0.413959579929952359E+00    0.977235106800925557E+01
    0.115823799214748124E+01    0.892879819115392492E+00    0.473152637296112334E+04   -0.396619890750763153E-03    0.355808599022229388E+00    0.977377969294223625E+01
    0.115823799214748124E+01    0.892879819115392492E+00    0.473152637296112334E+04   -0.396619890750763153E-03    0.355808599022229388E+00    0.977377969294223625E+01
    0.115925114596108036E+01    0.892514298203876955E+00    0.429498303661292903E+04   -0.266329317921354110E-03    0.474686674441980316E+00    0.978583220481836946E+01
    0.118287595003799595E+01    0.992925641903568357E+00    0.436267711002953820E+04   -0.256150960204845403E-04    0.448598049186005099E+00    0.978861272179949005E+01
    0.105154533052527821E+01    0.853420654804007750E+00    0.416208146359535112E+04   -0.189604368248465314E-03    0.250426051431015373E+00    0.978889040438657432E+01
    0.105154533052527821E+01    0.853420654804007750E+00    0.416208146359535112E+04   -0.189604368248465314E-03    0.250426051431015373E+00    0.978889040438657432E+01
    0.121698520702066926E+01    0.889618653692628381E+00    0.498492369795933791E+04   -0.264899533086760145E-03    0.507589303390466928E+00    0.978889759356342459E+01
    0.121698520702066926E+01    0.889618653692628381E+00    0.498492369795933791E+04   -0.264899533086760145E-03    0.507589303390466928E+00    0.978889759356342459E+01
    0.109693026685828299E+01    0.950166483868194689E+00    0.497973314148581903E+04    0.517732596785113212E-03    0.294589609421614662E+00    0.978944601804252912E+01
    0.116772391881164284E+01    0.974245991115701870E+00    0.496771969646805883E+04   -0.802898283815075983E-04    0.606533659707434114E+00    0.979334320199812325E+01
    0.120474983362732546E+01    0.899419753989038506E+00    0.449740269840375277E+04   -0.511815193229850406E-03    0.520999544426180128E+00    0.980805902587793987E+01
    0.120474983362732546E+01    0.899419753989038506E+00    0.449740269840375277E+04   -0.511815193229850406E-03    0.520999544426180128E+00    0.980805902587793987E+01
    0.120412842551133492E+01    0.992595785676218867E+00    0.490919745977945240E+04    0.229233755145804224E-03    0.570274206541561579E+00    0.981202712948277167E+01
    0.120412842551133492E+01    0.992595785676218867E+00    0.490919745977945240E+04    0.229233755145804224E-03    0.570274206541561579E+00    0.981202712948277167E+01
    0.118406565761684845E+01    0.986541080713914553E+00    0.497581863611089375E+04    0.606090927073648527E-03    0.391791289921600894E+00    0.981249434468503345E+01
    0.142863228690846489E+01    0.701873939699469540E+00    0.445316749626667752E+04   -0.252105739266249209E-03    0.634508523319176954E+00    0.981251275669446343E+01
    0.118281961111607359E+01    0.876390188593197506E+00    0.481653868427763155E+04    0.164493077776350558E-03    0.692669785888782585E+00    0.983158241338425753E+01
    0.117776924950596107E+01    0.901982238160195737E+00    0.490989616357498653E+04   -0.431679520680205899E-03    0.357798445321848013E+00    0.984745282473894612E+01
    0.115555862916565522E+01    0.915149926375898648E+00    0.448898837197269313E+04    0.240992852448085874E-03    0.319734290498854046E+00    0.985269247685718952E+01
    0.121125368342070283E+01    0.962512670498846812E+00    0.416847052578586772E+04   -0.278009557578444422E-03    0.392037219274666171E+00    0.986319494023127419E+01
    0.108877547219617155E+01    0.860171281872632809E+00    0.463087095180907636E+04    0.199323000159447436E-03    0.264056483613977655E+00    0.988085701170437858E+01
    0.107279176739544568E+01    0.909181690434122891E+00    0.466337497340051232E+04   -0.380681957399558893E-03    0.272959439338856746E+00    0.988391032715642837E+01
    0.107754191835759627E+01    0.854617344633446629E+00    0.424920159645468448E+04   -0.358289094543909131E-03    0.257846015036736709E+00    0.989981285350917339E+01
    0.108850519830020054E+01    0.885095091443331095E+00    0.425973559958900387E+04    0.655119807281745480E-03    0.272965217641138347E+00    0.990598561795180288E+01
    0.120927543999840337E+01    0.895186873969266217E+00    0.420419864709215744E+04   -0.300566766018704734E-03    0.381540803355785996E+00    0.991942555378066260E+01
    0.117314305275272091E+01    0.985062005007923291E+00    0.496483413786849906E+04    0.387405231434411682E-03    0.328607202896371020E+00    0.992509391165913968E+01
    0.117314305275272091E+01    0.985062005007923291E+00    0.496483413786849906E+04    0.387405231434411682E-03    0.328607202896371020E+00    0.992509391165913968E+01
    0.119559779910435293E+01    0.881927977968059551E+00    0.481071170882416118E+04   -0.332288550892729736E-03    0.394279261752394028E+00    0.992684538384641968E+01
    0.108776541199284926E+01    0.878879580682224493E+00    0.447050121755479267E+04    0.505330444040708732E-03    0.273264464599806689E+00    0.993505760302318564E+01
    0.114251649780899478E+01    0.998600814242562196E+00    0.479584644023214878E+04    0.184780622028224179E-03    0.522135953297056088E+00    0.994126273641220948E+01
    0.120123598912026441E+01    0.939012517757134235E+00    0.476599829946234968E+04    0.404885191916888316E-03    0.577923112427069285E+00    0.995040892019306078E+01
    0.110594626589891076E+01    0.910099625527902800E+00    0.481492440122285007E+04    0.411071375875296323E-03    0.288931007215375180E+00    0.995147162939400687E+01
    0.119311960486974011E+01    0.921045376415143835E+00    0.489624667948148726E+04   -0.469879121496763474E-03    0.691679313261590600E+00    0.996000189131370561E+01
    0.118167520532298553E+01    0.911606963298672301E+00    0.493401063727950259E+04    0.102356311946256851E-03    0.528098230449119965E+00    0.996199203813678658E+01
    0.118167520532298553E+01    0.911606963298672301E+00    0.493401063727950259E+04    0.102356311946256851E-03    0.528098230449119965E+00    0.996199203813678658E+01
    0.120971535753544579E+01    0.990958648843475731E+00    0.486528264683466023E+04   -0.197044215720937484E-03    0.376897730094447381E+00    0.996296996771205023E+01
    0.117414952892176849E+01    0.975935181908535565E+00    0.446570561353663015E+04    0.622033621574388584E-04    0.392282918694071447E+00    0.997696373589102947E+01
    0.114195603506610888E+01    0.935284415171856343E+00    0.484942516761484694E+04    0.239554934198701921E-04    0.297963309074777583E+00    0.998051338533827348E+01
    0.110913629849982098E+01    0.908475517091822615E+00    0.478709394854091715E+04    0.589714475700686930E-03    0.390345570032013200E+00    0.998063072262416640E+01
    0.110913629849982098E+01    0.908475517091822615E+00    0.478709394854091715E+04    0.589714475700686930E-03    0.390345570032013200E+00    0.998063072262416640E+01
    0.115138139745590329E+01    0.988502487375966687E+00    0.493260364049426153E+04    0.316367956267951558E-03    0.495792536106232307E+00    0.100019802830327400E+02
    0.115138139745590329E+01    0.988502487375966687E+00    0.493260364049426153E+04    0.316367956267951558E-03    0.495792536106232307E+00    0.100019802830327400E+02
    0.113078417515770013E+01    0.916052241864091621E+00    0.474316686294497867E+04   -0.376732279748544991E-04    0.300338089338698710E+00    0.100116988298347600E+02
    0.115913866626793638E+01    0.920176852490020236E+00    0.481980672081554076E+04   -0.308918227006029682E-03    0.475694149690581880E+00    0.100137517859254430E+02
    0.117847280912371444E+01    0.940841965285368897E+00    0.494249208412927419E+04    0.387824382036220793E-03    0.635277045625198378E+00    0.100176931453883231E+02
    0.119236350714124462E+01    0.906924906482031390E+00    0.478186498294687226E+04    0.543918240777410710E-03    0.920676284861666527E+00    0.100188765261824457E+02
    0.121099360558097890E+01    0.987645047256143327E+00    0.434429225865853550E+04    0.219740990424159848E-03    0.319140154954846655E+00    0.100290367524515922E+02
    0.138255843806665779E+01    0.722155370245803341E+00    0.462344028885759781E+04    0.284242141699790445E-03    0.764950241183713797E+00    0.100311729942032564E+02
    0.118078875177278353E+01    0.904852326827917830E+00    0.464400091946611519E+04    0.225456521485755448E-03    0.548218341551166444E+00    0.100456364280225579E+02
    0.118078875177278353E+01    0.904852326827917830E+00    0.464400091946611519E+04    0.225456521485755448E-03    0.548218341551166444E+00    0.100456364280225579E+02
    0.117582851153143619E+01    0.918224738814752084E+00    0.490531737308897300E+04    0.107298137102799303E-03    0.412888439435899146E+00    0.100458913731161008E+02
    0.122345266529134045E+01    0.931007113739768521E+00    0.461572189213171805E+04   -0.160096360949478700E-03    0.320951937772672835E+00    0.100499546872719137E+02
    0.118358930192369050E+01    0.959246964080976205E+00    0.479771423404922007E+04   -0.479354952133395976E-03    0.554814392679722768E+00    0.100624325662575380E+02
    0.117823045149025862E+01    0.944940160456935407E+00    0.479635546337738197E+04   -0.416951603416520675E-03    0.376496042413581478E+00    0.100665258776056792E+02
    0.117823045149025862E+01    0.944940160456935407E+00    0.479635546337738197E+04   -0.416951603416520675E-03    0.376496042413581478E+00    0.100665258776056792E+02
    0.108205819988224761E+01    0.914537909868992194E+00    0.479250081891304126E+04   -0.771208703348225696E-04    0.297422740835006527E+00    0.100670637881384017E+02
    0.125121201382618730E+01    0.980242453494459709E+00    0.496035518043618049E+04    0.213299918915196829E-03    0.525356837414741373E+00    0.100690017489540793E+02
    0.125121201382618730E+01    0.980242453494459709E+00    0.496035518043618049E+04    0.213299918915196829E-03    0.525356837414741373E+00    0.100690017489540793E+02
    0.123463477773326247E+01    0.917611167693195062E+00    0.404615136027647941E+04    0.261506423668919445E-03    0.546491622054317006E+00    0.100737914989870294E+02
    0.119375882709754988E+01    0.929000039534165212E+00    0.464276247757429155E+04   -0.191227763289901652E-04    0.477352547932149318E+00    0.100755619885046457E+02
    0.109124355379102900E+01    0.881154578149006329E+00    0.477784981352010982E+04   -0.218312821845477868E-03    0.293944125074639517E+00    0.100863739569184023E+02
    0.109124355379102900E+01    0.881154578149006329E+00    0.477784981352010982E+04   -0.218312821845477868E-03    0.293944125074639517E+00    0.100863739569184023E+02
    0.110855632329917952E+01    0.902127670966151540E+00    0.476898166111237333E+04    0.319722642070655147E-03    0.322196589593637173E+00    0.100974299524264666E+02
    0.114039031530655732E+01    0.886710535347586593E+00    0.497950815066040013E+04   -0.196639947789883115E-03    0.332867482766686484E+00    0.101013504105845620E+02
    0.121102866449000768E+01    0.957733400999272066E+00    0.420413391228739147E+04   -0.199824101054113404E-03    0.398270895854466067E+00    0.101069647009163752E+02
    0.121102866449000768E+01    0.957733400999272066E+00    0.420413391228739147E+04   -0.199824101054113404E-03    0.398270895854466067E+00    0.101069647009163752E+02
    0.120370361665056258E+01    0.950329753104926622E+00    0.465681162147567829E+04   -0.436907707039182366E-04    0.677978033776135636E+00    0.101071119398687284E+02
    0.113511309262287119E+01    0.880719443557161141E+00    0.496696356988003845E+04   -0.468959052728802153E-04    0.309887156342637027E+00    0.101146370870165860E+02
    0.113511309262287119E+01    0.880719443557161141E+00    0.496696356988003845E+04   -0.468959052728802153E-04    0.309887156342637027E+00    0.101146370870165860E+02
    0.121137265216229051E+01    0.977249049373900780E+00    0.470454244677170027E+04    0.439047932670541573E-03    0.616741671095095034E+00    0.101237970182898493E+02
    0.122670383950691431E+01    0.996700356131937859E+00    0.427204252735123009E+04    0.266688698292623491E-03    0.418213561705213233E+00    0.101355739881318456E+02
    0.113579270223918249E+01    0.911949965297052412E+00    0.493945106633912110E+04    0.491992627382429877E-04    0.323569692372162321E+00    0.101391975321370325E+02
    0.114388119005757272E+01    0.950194266969404677E+00    0.450614362445186998E+04    0.265184312861887453E-03    0.373185886738817307E+00    0.101418303015963431E+02
    0.114388119005757272E+01    0.950194266969404677E+00    0.450614362445186998E+04    0.265184312861887453E-03    0.373185886738817307E+00    0.101418303015963431E+02
    0.111364762099112657E+01    0.948142579497393445E+00    0.442037016449456314E+04    0.561050816761078154E-03    0.330261977662688389E+00    0.101427819179671594E+02
    0.114489112233367529E+01    0.917666921858323659E+00    0.470868472378165552E+04    0.586240233412901347E-05    0.364317186342483723E+00    0.101598685761445928E+02
    0.114542981492303420E+01    0.975567821860524820E+00    0.474064361210685183E+04    0.128327994042893754E-03    0.509981832945505364E+00    0.101664334337758948E+02
    0.110194937473184895E+01    0.960025778299560817E+00    0.488045937348938605E+04    0.477443826858889981E-03    0.350441472715710911E+00    0.101721715226473393E+02
    0.116957302346720660E+01    0.910587101923423292E+00    0.441510270224057695E+04    0.261231169497792598E-03    0.297413752264266862E+00    0.101729079649339340E+02
    0.112762117124283923E+01    0.910874059437754235E+00    0.493645965187140064E+04    0.472879696409698731E-03    0.358709249803331187E+00    0.101841491436198233E+02
    0.111314560432647958E+01    0.870354360945998273E+00    0.497623395625678950E+04   -0.334222206393374843E-03    0.295804177293933990E+00    0.101915848767119961E+02
    0.128672414693570736E+01    0.912246626429848884E+00    0.424942755928313090E+04    0.214009055499806333E-03    0.494808907778936879E+00    0.101920422697279918E+02
    0.128672414693570736E+01    0.912246626429848884E+00    0.424942755928313090E+04    0.214009055499806333E-03    0.494808907778936879E+00    0.101920422697279918E+02
    0.109711507379319340E+01    0.942055482288921553E+00    0.496267347920150041E+04    0.822661803011580329E-03    0.301118824858528256E+00    0.101955168147469166E+02
    0.109507045154980487E+01    0.895429933956038315E+00    0.473140977908061359E+04    0.509338570122655379E-03    0.299053593039833809E+00    0.102023294555074457E+02
    0.111698254142990105E+01    0.928302649111748535E+00    0.457483429290589083E+04   -0.165424701192705814E-04    0.313530608066026284E+00    0.102070294956637895E+02
    0.115401027867743045E+01    0.921287935704481531E+00    0.479328914138997879E+04    0.246483186113090845E-03    0.377113313800938599E+00    0.102077453212008713E+02
    0.108684886039040629E+01    0.901718617364123287E+00    0.461820344979527727E+04    0.343892339466745397E-03    0.281123227595753977E+00    0.102122892927122706E+02
    0.114844448150898337E+01    0.901976219019914649E+00    0.480976886505299444E+04    0.390653835559737314E-03    0.760851936995360356E+00    0.102165371274578796E+02
    0.114844448150898337E+01    0.901976219019914649E+00    0.480976886505299444E+04    0.390653835559737314E-03    0.760851936995360356E+00    0.102165371274578796E+02
    0.117845608299273175E+01    0.930377619079542306E+00    0.450305148760946668E+04    0.440134888072028470E-03    0.502039653929231999E+00    0.102179387092984371E+02
    0.117362614066761872E+01    0.892671437357184239E+00    0.436264356435601167E+04   -0.311066856357853464E-04    0.383671668638494556E+00    0.102196590186910754E+02
    0.113007459045434233E+01    0.931136406945808570E+00    0.413663679729879459E+04    0.791512826796758303E-03    0.323861339911315382E+00    0.102249747206258874E+02
    0.111357178238255461E+01    0.888420401296971973E+00    0.486429685820000850E+04    0.262793684479589317E-03    0.275668169012273756E+00    0.102296457634902556E+02
    0.100045297297210833E+01    0.862269479672909567E+00    0.476481612719200984E+04   -0.558195354602428114E-04    0.260205340773107641E+00    0.102297435209561343E+02
    0.100045297297210833E+01    0.862269479672909567E+00    0.476481612719200984E+04   -0.558195354602428114E-04    0.260205340773107641E+00    0.102297435209561343E+02
    0.122298138132282008E+01    0.908371676181677468E+00    0.480542363003420996E+04    0.543837983072858474E-04    0.635470848786209075E+00    0.102307339195710441E+02
    0.109735507017950429E+01    0.848010676691087428E+00    0.451000900666564758E+04   -0.665917423398798471E-03    0.248519679525539106E+00    0.102564754408360663E+02
    0.115367984952555203E+01    0.913773396967381801E+00    0.463102793333778482E+04   -0.288382198731357059E-03    0.419411747858776163E+00    0.102600612827286106E+02
    0.109138195697674467E+01    0.944297050057431808E+00    0.479213417316110736E+04    0.301790036666880600E-03    0.309981725033838251E+00    0.102617163553253583E+02
    0.111139238327672074E+01    0.884384158963362754E+00    0.484302462145001482E+04    0.654754543249950978E-04    0.287765256124752955E+00    0.102746241779597192E+02
    0.120121376862354667E+01    0.988561287256261134E+00    0.494958226957833995E+04   -0.171613413574723362E-03    0.492665370093094412E+00    0.102869916952684726E+02
    0.124080324719537582E+01    0.928443774935965416E+00    0.450293384811676242E+04    0.164752780892684036E-03    0.642744853146920869E+00    0.102907518205371051E+02
    0.111455490501287069E+01    0.905074679508148683E+00    0.466913900968487997E+04    0.476332092049018953E-03    0.301571834693431851E+00    0.102912952016936288E+02
    0.111455490501287069E+01    0.905074679508148683E+00    0.466913900968487997E+04    0.476332092049018953E-03    0.301571834693431851E+00    0.102912952016936288E+02
    0.121034037703795727E+01    0.900797794257047868E+00    0.477154010866173758E+04    0.328558485416417356E-03    0.915099788722462004E+00    0.102917854502996118E+02
    0.118291165770356588E+01    0.925657812771753963E+00    0.496582193326107335E+04    0.327097082989516574E-04    0.925663441162579592E+00    0.102939058847705844E+02
    0.117539068806150970E+01    0.941769476371191017E+00    0.425373358376572014E+04    0.237508545384052525E-03    0.332443159525300402E+00    0.102958868171820725E+02
    0.107297884787879028E+01    0.911618248388262331E+00    0.472285536028259594E+04    0.151763641290761830E-03    0.334595012464575792E+00    0.103036244903647578E+02
    0.104819252650927175E+01    0.861365773281392189E+00    0.483288669889297671E+04   -0.211450716500175126E-03    0.255442310562708941E+00    0.103096464771823548E+02
    0.113869317212733190E+01    0.918722537746096690E+00    0.472134200409776076E+04    0.627608474162228238E-03    0.656864870977961424E+00    0.103130511362696389E+02
    0.113869317212733190E+01    0.918722537746096690E+00    0.472134200409776076E+04    0.627608474162228238E-03    0.656864870977961424E+00    0.103130511362696389E+02
    0.111041022007441481E+01    0.936084852639728848E+00    0.462910357087647208E+04   -0.756807548008335237E-04    0.323410475589921198E+00    0.103136982229285366E+02
    0.110797516760925596E+01    0.960668476969212426E+00    0.481747809371416679E+04   -0.276074510403004788E-05    0.305842923154614921E+00    0.103140174242096023E+02
    0.113971947269171259E+01    0.926494293011250525E+00    0.467796720112676121E+04    0.369685524206502664E-03    0.292535380428790015E+00    0.103186766926136002E+02
    0.121684650319792764E+01    0.917131788454464081E+00    0.488933993477517743E+04   -0.871368241826185700E-04    0.839738626013462830E+00    0.103204588189800699E+02
    0.109437537965921505E+01    0.892364686562557519E+00    0.457070990182656533E+04    0.195143021263100572E-03    0.295066583586900966E+00    0.103245145450894160E+02
    0.101802106139950421E+01    0.842570578381149127E+00    0.491513258138368747E+04   -0.646693204523437516E-03    0.239890238659889288E+00    0.103253063983304791E+02
    0.116549661458761755E+01    0.899580167031245215E+00    0.487627853779543784E+04   -0.117869823882478319E-03    0.432278492272555603E+00    0.103274535961129335E+02
    0.120547881570495918E+01    0.915651898807003706E+00    0.469344694675085884E+04    0.173766224435889527E-03    0.869036047270537959E+00    0.103356442942575377E+02
    0.116407826758251565E+01    0.977629603369702394E+00    0.472996630713615650E+04    0.511589061960287606E-03    0.543468501573766694E+00    0.103401127651813649E+02
    0.102767564181720283E+01    0.879302895171689691E+00    0.492792251556877272E+04    0.322395645509275378E-03    0.285354264980163697E+00    0.103433949774543610E+02
    0.115114735122607126E+01    0.940342424243110542E+00    0.488783560304796083E+04   -0.225981134570415212E-03    0.331943110533670982E+00    0.103453600513828832E+02
    0.116368538794988652E+01    0.958341270168729498E+00    0.489243255130402849E+04   -0.665193858837822758E-04    0.423929017275680775E+00    0.103511306438996371E+02
    0.112379920947751355E+01    0.915967844166432510E+00    0.462353602305887125E+04   -0.311462082553633397E-03    0.382104373683606502E+00    0.103575277477903605E+02
    0.115810993765705939E+01    0.937539134879951552E+00    0.479496133416578596E+04   -0.377071000410418914E-03    0.310684703171299259E+00    0.103611632806049094E+02
    0.115982939728616463E+01    0.928593591977763033E+00    0.447945842721695226E+04   -0.940729626912411366E-05    0.351994310954122369E+00    0.103632979382670971E+02
    0.117550918464030918E+01    0.907659678340860698E+00    0.494255629411291193E+04   -0.415847644584340173E-03    0.529584338389893383E+00    0.103636600344890759E+02
    0.121353692777287669E+01    0.978454942819795725E+00    0.477914665383222473E+04    0.165660567772276198E-03    0.521693919666012529E+00    0.103646638736266716E+02
    0.117126759085128263E+01    0.977929327223283962E+00    0.481760584051569276E+04    0.327584115454191088E-04    0.548036393746526351E+00    0.103655389970175555E+02
    0.122249738513366202E+01    0.929414671810529947E+00    0.455150660531800713E+04   -0.569462536397443393E-04    0.445842324533874290E+00    0.103749584763250944E+02
    0.117234589959432700E+01    0.941192440044853584E+00    0.488873906323502342E+04   -0.325243525431336532E-03    0.579616059121454197E+00    0.103776758593078533E+02
    0.114436621838036023E+01    0.847912117581449132E+00    0.475101213155843379E+04   -0.695811831575324073E-03    0.257678031682853748E+00    0.103812704022814213E+02
    0.119418689250479715E+01    0.923358664459302592E+00    0.466490096125464424E+04   -0.602504007714605339E-04    0.359469382714680763E+00    0.103817058887643405E+02
    0.119283228145482578E+01    0.928204110648209735E+00    0.481756218033664936E+04   -0.178588315888110786E-03    0.737147713891812328E+00    0.103899679160476062E+02
    0.102292389157031072E+01    0.812233891726825474E+00    0.498017747108459207E+04   -0.402934191328120693E-03    0.220066953423713879E+00    0.103911430442082420E+02
    0.116981931094470992E+01    0.873949522350925156E+00    0.486126319366326607E+04   -0.845458488034193348E-03    0.536220268367863073E+00    0.103973395349670632E+02
    0.123313359636139985E+01    0.874878746544267671E+00    0.485278322058115828E+04   -0.422484871338385764E-03    0.539667027062969762E+00    0.104058570211966313E+02
    0.117551304642147225E+01    0.948687129947618613E+00    0.446589494385630678E+04    0.301243095206153212E-03    0.404461599683216710E+00    0.104094481665977483E+02
    0.119577733087757565E+01    0.891980680253539826E+00    0.484841045305551052E+04   -0.393680895430240248E-03    0.466855336759501083E+00    0.104191139425131603E+02
    0.107304129278554394E+01    0.888205376010401060E+00    0.494662884391464922E+04    0.406900837172696262E-03    0.296772308348691616E+00    0.104209611145609991E+02
    0.117826029093392348E+01    0.875939940704170028E+00    0.497325704074570331E+04   -0.867252253837244949E-03    0.429916884317729786E+00    0.104241039055181943E+02
    0.112256213349906653E+01    0.879227169453065449E+00    0.487143174007943981E+04   -0.690874771811579070E-04    0.282781387907129422E+00    0.104280074923195087E+02
    0.121020637144692667E+01    0.934655296872594965E+00    0.463579859305760147E+04   -0.979862797194979644E-04    0.319183759086089258E+00    0.104293204977643690E+02
    0.999496682969509109E+00    0.830919465313249672E+00    0.496648363995551426E+04    0.100060757114704755E-02    0.234540260553583901E+00    0.104295478982650653E+02
    0.119208273951509636E+01    0.973578735938763207E+00    0.474147913592385157E+04    0.328674520842705436E-03    0.374596140215400553E+00    0.104314633724132424E+02
    0.108577066298874891E+01    0.874987612115808999E+00    0.467791345469133557E+04    0.181189158600661226E-03    0.262263677015811492E+00    0.104357373361142152E+02
    0.114646386332680361E+01    0.943182597153970348E+00    0.499002520431276298E+04    0.446859225578131937E-03    0.348798001536353652E+00    0.104378802802260875E+02
    0.118310898891388905E+01    0.942477825777896738E+00    0.482185240621556386E+04   -0.313855510916715113E-03    0.315232407365528378E+00    0.104450736686129240E+02
    0.117411452824104545E+01    0.932121167649012872E+00    0.469126246317566802E+04    0.497415313757315668E-03    0.429436956206898035E+00    0.104464898947869571E+02
    0.117031491835579216E+01    0.972346736605588124E+00    0.472775507424928946E+04    0.438692319581908267E-03    0.346362917399374193E+00    0.104466530740313210E+02
    0.124119984086085711E+01    0.906279480843169116E+00    0.442857275677898815E+04   -0.198553797965640872E-05    0.523179393401644544E+00    0.104532652464844986E+02
    0.111348087775620197E+01    0.938570366640673726E+00    0.485230041902958510E+04    0.687177841377370631E-03    0.310687966616330413E+00    0.104563235476270986E+02
    0.113561329545650747E+01    0.895192794563201222E+00    0.488150770662966897E+04   -0.353641110245280811E-03    0.356697487430782445E+00    0.104605922953536439E+02
    0.113602927166902123E+01    0.918902042426059884E+00    0.444929391279386800E+04    0.888962596841162217E-04    0.304475370930872291E+00    0.104630295237391664E+02
    0.121807435804120789E+01    0.996071120062640092E+00    0.469885712326032444E+04    0.333291321171525076E-03    0.415010667038260062E+00    0.104651020101232959E+02
    0.122239637483950259E+01    0.931391465584280764E+00    0.491077963012939836E+04    0.195690885285642935E-03    0.836370747101577772E+00    0.104779987252820188E+02
    0.104849848709902371E+01    0.853669207103149530E+00    0.493491288181181881E+04   -0.284746561620261636E-03    0.261047213210301665E+00    0.104824928554186361E+02
    0.113580531943736784E+01    0.935446775103214057E+00    0.493459375139859549E+04    0.310401338473053159E-03    0.372466045935492929E+00    0.104825473453310067E+02
    0.117291246839328256E+01    0.973947424979780707E+00    0.461895007916014492E+04    0.327461655247339271E-03    0.326180658018294711E+00    0.104947911147393409E+02
    0.115673219100591251E+01    0.923277355331879046E+00    0.488191570468340251E+04    0.353247187504586078E-03    0.440397851756905045E+00    0.104952409630012244E+02
    0.113274395962666552E+01    0.936864761967301618E+00    0.473211814511024659E+04    0.116802715648056587E-03    0.313339799637952943E+00    0.105033850015676400E+02
    0.113184970998285439E+01    0.949425505637359723E+00    0.488943549033392537E+04    0.142883843341070054E-03    0.340900945356785334E+00    0.105060155251071166E+02
    0.118427810130185596E+01    0.972703054251109034E+00    0.471091490493567562E+04    0.608215590834870995E-03    0.479951614441143315E+00    0.105135801564609128E+02
    0.115943957642631368E+01    0.962620930227549576E+00    0.477188048409577550E+04    0.331018619379253596E-03    0.462488940987331565E+00    0.105228994656927846E+02
    0.116758350137550826E+01    0.895566669750474387E+00    0.481075417319052667E+04   -0.560406742648887537E-03    0.328893200782919670E+00    0.105444193144187714E+02
    0.117459950819792547E+01    0.887663088239425302E+00    0.467653489614750015E+04   -0.355477028889269108E-03    0.374557567436044403E+00    0.105452197182254306E+02
    0.117683188688862894E+01    0.944836281283054080E+00    0.484089101420836960E+04    0.322383852685593770E-03    0.325236985229632958E+00    0.105479561533727910E+02
    0.115847335564234633E+01    0.891054493573891437E+00    0.490880899466129631E+04   -0.410897995993878267E-03    0.568948760067186088E+00    0.105499337846263224E+02
    0.118952822640717959E+01    0.994028711887843364E+00    0.493876073379611535E+04    0.138371835439736658E-03    0.476012509165710584E+00    0.105508137665300197E+02
    0.123423895078923973E+01    0.941848243464701751E+00    0.455152395310908014E+04   -0.132153193545892671E-03    0.517300797180199390E+00    0.105556329885816922E+02
    0.119099436155350791E+01    0.926983118025225927E+00    0.476040058285643954E+04   -0.121621256677802338E-03    0.708506409302754547E+00    0.105611096078314652E+02
    0.118966180654495157E+01    0.906391955756502776E+00    0.498801396482148175E+04   -0.987102538186937869E-04    0.433028413710840332E+00    0.105622087021561999E+02
    0.117688975288041187E+01    0.967996331550386557E+00    0.473740054671911457E+04   -0.636874728027286244E-04    0.408248514648945959E+00    0.105665150352435546E+02
    0.111326173277363516E+01    0.876171695637160908E+00    0.453664614443201481E+04    0.491031631413410986E-03    0.279379039013758990E+00    0.105670362830350655E+02
    0.115033328605238472E+01    0.913605103585418465E+00    0.493333777985326469E+04   -0.232127285815798785E-03    0.290496559029406964E+00    0.105672298600615093E+02
    0.111736103604652137E+01    0.950851450296423706E+00    0.499957286549364653E+04    0.235829083341263423E-03    0.353183118330398949E+00    0.105740797652631180E+02
    0.100863163616189677E+01    0.834566858726649818E+00    0.490231885628599503E+04   -0.694605137235369114E-04    0.238407625683275393E+00    0.105797915861191765E+02
    0.118975586595907146E+01    0.983549334933720321E+00    0.427065673564281951E+04    0.307098182428565804E-03    0.345138563188864933E+00    0.105802674987868279E+02
    0.120372063820316488E+01    0.980248064603932212E+00    0.484962288199501199E+04   -0.165670339086723738E-03    0.307091330221562375E+00    0.105867268389549345E+02
    0.122099004394075994E+01    0.955418556971329602E+00    0.471980316950540691E+04   -0.249891275976283787E-03    0.319813788062573545E+00    0.105927504715189862E+02
    0.114275679468717462E+01    0.924861274691464397E+00    0.498123704681379968E+04   -0.932585302756369525E-04    0.430123052753738522E+00    0.105949972250915394E+02
    0.113500737734500268E+01    0.904590707738045174E+00    0.490278979386608353E+04    0.329488348551365030E-03    0.366421423812661518E+00    0.106013939521818159E+02
    0.116749208220905509E+01    0.952659991830515862E+00    0.484045336334393414E+04    0.435984955000254270E-03    0.302484341614313146E+00    0.106048885030391062E+02
    0.104085764655386415E+01    0.867682351207719416E+00    0.493620719731311692E+04    0.280187005406621107E-03    0.268756344213774145E+00    0.106062755763061389E+02
    0.107101088181048310E+01    0.920215437117652857E+00    0.492552748704495298E+04    0.452395714912888676E-03    0.304063942138300514E+00    0.106109343780768484E+02
    0.108891910162270023E+01    0.917354794927236372E+00    0.479627799859754759E+04    0.766350953520113947E-03    0.297902153752155674E+00    0.106311779274679044E+02
    0.129110021863945024E+01    0.915442629375063155E+00    0.459851436451604422E+04   -0.530495463890696874E-03    0.582473737359578192E+00    0.106367221019769609E+02
    0.122072597677749584E+01    0.921283691660408022E+00    0.481412258448341800E+04   -0.168681256237228843E-03    0.377374758204327254E+00    0.106435008245459137E+02
    0.123568272762605025E+01    0.885627899738659852E+00    0.416270931159031988E+04    0.845783719831365565E-04    0.806721774187634466E+00    0.106442857341538826E+02
    0.118364788003831212E+01    0.916111333495968849E+00    0.496700016170037270E+04   -0.106477740115161317E-04    0.694255991336015121E+00    0.106443976537885483E+02
    0.104963067535854138E+01    0.909383870104696790E+00    0.455628849864353288E+04    0.289688160301594774E-03    0.295700745958132782E+00    0.106494185268494270E+02
    0.119092697684469240E+01    0.931609133704952130E+00    0.440339787204120694E+04    0.170102899707424954E-03    0.412360632182206699E+00    0.106510741927955443E+02
    0.116935781646640979E+01    0.963310390547460926E+00    0.479774029382591198E+04   -0.116275782890509020E-03    0.449386422811745401E+00    0.106514531739715537E+02
    0.111397531964298491E+01    0.935933751511316192E+00    0.491548805842774891E+04   -0.158725116282271459E-03    0.329373693911257370E+00    0.106550450201155549E+02
    0.117858771278248176E+01    0.941660144699927537E+00    0.488704545950784541E+04    0.159949305498187887E-03    0.430842581478532605E+00    0.106556982697986360E+02
    0.125573261224240951E+01    0.926774513120012911E+00    0.414079539817774730E+04   -0.156861705320281240E-03    0.417648109241783971E+00    0.106576318265553418E+02
    0.113271003295752237E+01    0.966135228449657713E+00    0.496804420293391286E+04    0.100929292399874098E-03    0.363734131831339624E+00    0.106696569766189491E+02
    0.126004774583653090E+01    0.923961255011200411E+00    0.414278139566059872E+04   -0.119454168630722096E-03    0.458928412961605525E+00    0.106713798404878162E+02
    0.110791404686151540E+01    0.899143869715801958E+00    0.490503634919902379E+04   -0.477432908285335472E-03    0.303103724804855978E+00    0.106953976724380162E+02
    0.117647975010738626E+01    0.958223817164964631E+00    0.493896336942165181E+04   -0.649285529768280501E-04    0.399474312218614902E+00    0.106967598936266377E+02
    0.123665829272019634E+01    0.946628110266659939E+00    0.467405773435048377E+04   -0.150821563637294042E-04    0.337315508799777120E+00    0.107019934388665412E+02
    0.118723623690515767E+01    0.914145068092305335E+00    0.497631034909841037E+04   -0.194235364677001412E-04    0.544469519455030193E+00    0.107027434607986578E+02
    0.122308469182000712E+01    0.912855658410758664E+00    0.463425239531171701E+04   -0.458898047383001016E-03    0.417836431814974540E+00    0.107035876130803747E+02
    0.117161995540354491E+01    0.954271351887800323E+00    0.471925486769796771E+04    0.305803882295634826E-03    0.298022100927359479E+00    0.107128395361068094E+02
    0.117433041754423573E+01    0.923166980154745076E+00    0.488701679345687171E+04   -0.401227529526439230E-03    0.382147720680930392E+00    0.107132557745028567E+02
    0.115659222408313922E+01    0.899662737309388061E+00    0.489531968198165578E+04    0.555023929439049137E-03    0.297204122795543257E+00    0.107141507546951615E+02
    0.122713015572626438E+01    0.908651778688390199E+00    0.465048611591917052E+04   -0.468438119161659493E-03    0.488007227587611392E+00    0.107196656429697512E+02
    0.121402317557507788E+01    0.917604717382508150E+00    0.467136499313897548E+04   -0.187296186961198358E-03    0.416021754005468980E+00    0.107302533250970704E+02
    0.116102083331037687E+01    0.916687542237509478E+00    0.457266861286367930E+04    0.142617220851145118E-03    0.326932292597393537E+00    0.107323270388493945E+02
    0.114189780095692939E+01    0.929411824911882789E+00    0.488371090021836244E+04   -0.397008703785709040E-05    0.486992785119405247E+00    0.107349943622681945E+02
    0.112408507548269831E+01    0.873221414485946923E+00    0.498579588174999844E+04    0.594511680361553487E-03    0.278790288640104467E+00    0.111111889789192091E+02
    0.109491355298495141E+01    0.916006984966314719E+00    0.483251352553650486E+04    0.543338520976410213E-03    0.285643462214299426E+00    0.108838735584807758E+02
    0.107377929963114749E+01    0.935955613525654262E+00    0.490331786362910589E+04    0.462593615232025123E-03    0.295525180254384179E+00    0.113030818323127917E+02
    0.113233063666042622E+01    0.933047427235170979E+00    0.478448602527413004E+04    0.246281531047055230E-03    0.302449522453755337E+00    0.113360095642844083E+02
    0.111527706428215234E+01    0.930578836903804718E+00    0.493619960437717418E+04    0.133317492736698351E-03    0.326989837335977140E+00    0.114748402003789192E+02
    0.107571985956087968E+01    0.898589321233728699E+00    0.482928008160495119E+04    0.208944932309366133E-04    0.296608091820167896E+00    0.107846204562605195E+02
    0.112015920479032860E+01    0.924199935519206761E+00    0.477716584297555528E+04    0.275224285883128551E-04    0.318546773794926963E+00    0.107378819621010582E+02
    0.113909053884921496E+01    0.932575849284017266E+00    0.493614238943841428E+04    0.121455224990515187E-03    0.375925442629316819E+00    0.113994671995591261E+02
    0.116128279507187604E+01    0.913963269319929217E+00    0.493395605819071534E+04    0.962402074901956388E-04    0.302601034632680010E+00    0.110641768451308096E+02
    0.113696869744420437E+01    0.918598413541723890E+00    0.491407785548544871E+04    0.148975199443838454E-03    0.306774485131189878E+00    0.108040469647591557E+02
    0.113840258167139097E+01    0.892726384792487671E+00    0.490315500840478853E+04    0.414777756069935300E-04    0.359476057743655375E+00    0.109901345804995643E+02
    0.116655809912047270E+01    0.953516687382185646E+00    0.473794317759955720E+04    0.667657232388469736E-04    0.359748604097718749E+00    0.108967931166856111E+02
    0.117115591852845791E+01    0.955779636457420478E+00    0.489212477363146263E+04    0.364302894631521326E-04    0.477874983460156000E+00    0.110518627790651855E+02
    0.119376385789648798E+01    0.925669804890575931E+00    0.453692879909905059E+04    0.113815496592859411E-03    0.319504301059371332E+00    0.112750011158892161E+02
    0.120176068060305541E+01    0.920638543814011667E+00    0.472518913521483228E+04   -0.284016656023805489E-04    0.390446269634168786E+00    0.107360823153119522E+02
    0.119300676265552119E+01    0.950928172944355055E+00    0.479492284726509479E+04   -0.404087866221273362E-05    0.381966175521662010E+00    0.109961921860237197E+02
    0.123324636769354390E+01    0.960288482097376384E+00    0.485370052651744936E+04    0.201727502214792724E-04    0.455751385382818119E+00    0.115422504660703638E+02
    0.118076066043489281E+01    0.941886845759618785E+00    0.479609265811033674E+04   -0.109024762938977559E-05    0.390714518760782448E+00    0.107658155928419443E+02
    0.122522602714061590E+01    0.956830639807914718E+00    0.480396437539739782E+04   -0.285489631903172133E-04    0.376655973897419172E+00    0.114175577788901386E+02
    0.122522602714061590E+01    0.956830639807914718E+00    0.480396437539739782E+04   -0.285489631903172133E-04    0.376655973897419172E+00    0.114175577788901386E+02
    0.126449863292232689E+01    0.970515912619503540E+00    0.471993091193709006E+04   -0.899431391800810777E-04    0.439359909550419037E+00    0.108719408243417526E+02
    0.119522621372919469E+01    0.943307153503103679E+00    0.482134148565339001E+04   -0.317488652313599898E-04    0.345615913318474133E+00    0.112823048140220283E+02
    0.111566956995401978E+01    0.930338930342261339E+00    0.490366405659791872E+04    0.214527848369630786E-03    0.341101596304504762E+00    0.107817132515771696E+02
    0.110436886478290286E+01    0.908081393866497666E+00    0.493644922608053366E+04    0.708676098428611713E-04    0.305509756198696136E+00    0.111955799770559778E+02
    0.112829546601052177E+01    0.890020399446603938E+00    0.489220498501632392E+04   -0.293617046051446596E-03    0.318626149457834740E+00    0.110608627634371093E+02
    0.112559695786547564E+01    0.883809876774673486E+00    0.476428719096523764E+04   -0.469758447568956097E-03    0.444811652265953206E+00    0.111313840538141946E+02
    0.114853743142111675E+01    0.897432814786028210E+00    0.493143600195677391E+04   -0.393614620690443246E-03    0.336033616003821478E+00    0.107377919428721196E+02
    0.117112101576116134E+01    0.885891961397511807E+00    0.489992710390998400E+04   -0.570335036581157205E-03    0.303452470846735101E+00    0.112904858270740380E+02
    0.114923952017989928E+01    0.870224361843593863E+00    0.480683271455029535E+04   -0.236016582473969148E-03    0.269823865783534123E+00    0.112755271946384106E+02
    0.111184479209069931E+01    0.883520952679092142E+00    0.490261997011291987E+04   -0.213874715282155113E-03    0.316564295824742770E+00    0.111701130115745535E+02
    0.109151132079408919E+01    0.840789162423120184E+00    0.474191950284756422E+04   -0.682858715550729183E-03    0.246363731771033323E+00    0.109739110187058202E+02
    0.107351106084871262E+01    0.894340873761996780E+00    0.481791005874605980E+04   -0.201965047085457273E-03    0.293486950572945271E+00    0.111526986729856699E+02
    0.112038570925425529E+01    0.866624551450843272E+00    0.491592228336391963E+04   -0.721032178179775761E-03    0.304359590682210746E+00    0.109131152398711500E+02
    0.107217594681917294E+01    0.893536369508250772E+00    0.475261190661196088E+04   -0.379328684327710436E-04    0.316652597651130741E+00    0.108883802466437096E+02
    0.115101027254186894E+01    0.879385481634725963E+00    0.482931012818312865E+04   -0.910467374804960162E-03    0.384830122161915145E+00    0.108476963519644123E+02
    0.111173307105193464E+01    0.895059354392277573E+00    0.494152575847367279E+04   -0.755543600638383932E-04    0.298639217007620195E+00    0.111004675893207470E+02
    0.119275239883346273E+01    0.895625527785975817E+00    0.498806600764928498E+04   -0.465917379953334303E-03    0.434462848822285919E+00    0.109025577266957576E+02
    0.116244477931739065E+01    0.908774519751442078E+00    0.499164287324833367E+04   -0.471723939923290251E-05    0.358186476838499468E+00    0.110548582445678143E+02
    0.113639926259041246E+01    0.918392964704030756E+00    0.479794522540405706E+04   -0.782316777048944309E-04    0.330035662654610262E+00    0.109724987279570172E+02
    0.115646843503266727E+01    0.908067757110604834E+00    0.483784651490247597E+04   -0.534791726707495662E-04    0.384502313245425331E+00    0.112352464409363542E+02
    0.116513764102712880E+01    0.904639547056147908E+00    0.467741075465140875E+04   -0.742587949062370586E-04    0.321769660090683585E+00    0.111484791946320847E+02
    0.116093569567864474E+01    0.909452472386988231E+00    0.493686040997334476E+04   -0.815813040755920242E-05    0.432791751276414949E+00    0.116190259072669573E+02
    0.118430618410931010E+01    0.887983597365692323E+00    0.486933149534526365E+04   -0.191381945921977238E-03    0.307923631207980109E+00    0.110248265603475097E+02
    0.115899831484791171E+01    0.909894375866822314E+00    0.486276480963898302E+04   -0.972525574348064405E-04    0.321373105981369978E+00    0.107640844009886827E+02
    0.115825889937825477E+01    0.894394140844302354E+00    0.476002398802999778E+04   -0.215915522261611110E-03    0.395185903819483542E+00    0.112275252831393786E+02
    0.117535236605875504E+01    0.906712051210661452E+00    0.481759683520558247E+04   -0.358529175146676793E-03    0.489038943627365108E+00    0.115197156896179997E+02
    0.115700287088964582E+01    0.913439927120701989E+00    0.477725285061585782E+04   -0.171513397647694106E-03    0.359136803057522380E+00    0.115494140525631330E+02
    0.115700287088964582E+01    0.913439927120701989E+00    0.477725285061585782E+04   -0.171513397647694106E-03    0.359136803057522380E+00    0.115494140525631330E+02
    0.116908991167586063E+01    0.923808188048546031E+00    0.473032040340045842E+04   -0.360287610326153862E-03    0.400204897277987581E+00    0.107904489368087688E+02
    0.117160078201073103E+01    0.921903387065288071E+00    0.480437360959794933E+04   -0.225310100363810466E-03    0.342542517575228911E+00    0.111259250194879158E+02
    0.113297675784443319E+01    0.915205399816729548E+00    0.479404546150363058E+04    0.903663117068612180E-04    0.291566733379556575E+00    0.111664472642573216E+02
    0.118018952685572698E+01    0.915146465599577907E+00    0.494940606505438154E+04   -0.730537331256943278E-03    0.362787149585429680E+00    0.110532577881472420E+02
    0.119423725555837801E+01    0.881348679747385400E+00    0.481733722937023049E+04   -0.189157708855751405E-03    0.586730463735258612E+00    0.116571597911489633E+02
    0.121252810422794566E+01    0.892444812240203333E+00    0.473763900703448871E+04   -0.201874639206978145E-03    0.524548471277280992E+00    0.108351575283589572E+02
    0.127359049400474000E+01    0.918206157312648097E+00    0.451056097678430251E+04   -0.424248866743172793E-03    0.561410191843877304E+00    0.108860185475448858E+02
    0.128089347285633859E+01    0.917077981855083713E+00    0.459848431405195151E+04   -0.270746794566841019E-03    0.525264534502775993E+00    0.108623703720430917E+02
    0.123637123911305369E+01    0.933087599724987893E+00    0.466889697988232092E+04   -0.204363952103136181E-03    0.551238091596870650E+00    0.114375372946338807E+02
    0.121469571686579592E+01    0.921365887248898119E+00    0.466961298803032241E+04   -0.109915389442617769E-03    0.454929817352030419E+00    0.107591768811072015E+02
    0.124378476526878456E+01    0.910026588851357676E+00    0.467103375918335769E+04   -0.160296094743191657E-03    0.597653055426899282E+00    0.107816249052560060E+02
    0.118589138945254646E+01    0.880369052308791700E+00    0.476053393446670998E+04   -0.208598625728406858E-03    0.517362855922013143E+00    0.109897381112003885E+02
    0.122106034805538677E+01    0.918839120881981275E+00    0.414014714762838867E+04   -0.189566853602941349E-03    0.336546156464439861E+00    0.108577629520352108E+02
    0.120618564241932180E+01    0.990552484247728904E+00    0.478448153760414880E+04    0.291722910871086575E-03    0.455098922938494410E+00    0.111159550605084725E+02
    0.121486600457058613E+01    0.959968511591833273E+00    0.483234658668201337E+04    0.430136509000298524E-03    0.577706021957083538E+00    0.113410119751253511E+02
    0.125408305986683466E+01    0.985350777741960449E+00    0.485358546582518375E+04    0.314726803358798520E-03    0.631452765792676840E+00    0.111757703069566858E+02
    0.122189316292309291E+01    0.940508454967281415E+00    0.483219534221757385E+04    0.407822813893927744E-03    0.610725090975892226E+00    0.114895524315890434E+02
    0.118086621695209693E+01    0.978293061888004467E+00    0.457446482581279543E+04    0.281435297932274410E-03    0.595799952758051088E+00    0.111346231219504013E+02
    0.123624052361445536E+01    0.957641972114852691E+00    0.489134839923947584E+04    0.324257154904119150E-03    0.622336200715075671E+00    0.110704847933398440E+02
    0.119484818313349161E+01    0.952929715785955200E+00    0.486537348288760222E+04    0.194834063545144798E-03    0.350267346639357768E+00    0.110803623398143785E+02
    0.117994172182052770E+01    0.939905350543877471E+00    0.486565081218710384E+04    0.271838435221651140E-03    0.321044246402305666E+00    0.108058829359399216E+02
    0.115321973549384205E+01    0.942379491622125753E+00    0.499135987901439057E+04    0.205633627452505603E-03    0.344784140845423692E+00    0.110680412258442136E+02
    0.116744320505244037E+01    0.938709451680196372E+00    0.497772456204155060E+04    0.797962759791800400E-04    0.410601102125130013E+00    0.108063041972044473E+02
    0.117130766282996568E+01    0.983383118021366354E+00    0.493811304997625120E+04    0.258528160901895325E-03    0.389280319020540944E+00    0.107805786332935085E+02
    0.116899748820596860E+01    0.939623500057240268E+00    0.492234303520804224E+04    0.201022119606949237E-03    0.349049327310995805E+00    0.111762415198219109E+02
    0.115874887607842059E+01    0.951906296383787653E+00    0.474352503856543262E+04    0.124493197916924158E-03    0.359466542742178263E+00    0.110147939868334248E+02
    0.115451773302002136E+01    0.949372560759672135E+00    0.499721179788741847E+04    0.393036781885673159E-03    0.339464480308274308E+00    0.109678002744163976E+02
    0.115970334867543290E+01    0.924650817908890810E+00    0.446853831796209397E+04    0.748573176122297942E-03    0.281889355895040050E+00    0.108705185365792474E+02
    0.114320035678268828E+01    0.962599048913445055E+00    0.462932016795236359E+04    0.374677476560205866E-03    0.405010900600116963E+00    0.110269561744800786E+02
    0.114064259202681306E+01    0.966551197505920889E+00    0.468760013607678957E+04    0.484695555922390255E-03    0.414959193312602670E+00    0.110121171057346743E+02
    0.118718262317267698E+01    0.972292464599649575E+00    0.467461946652693496E+04    0.264299593753469255E-03    0.291307603749190458E+00    0.108668240612306288E+02
    0.111378503249179261E+01    0.936002167038179622E+00    0.484795592828670488E+04    0.416253836357482511E-03    0.392935036988658226E+00    0.108762532302420318E+02
    0.116192623856832222E+01    0.920388942412662558E+00    0.487475876613664059E+04    0.145779252269020413E-03    0.437908041399128312E+00    0.109428763561692186E+02
    0.117788498266421504E+01    0.921657140181854073E+00    0.477706662112028698E+04    0.238126960833608494E-03    0.433268306336655751E+00    0.113656783337193854E+02
    0.117788498266421504E+01    0.921657140181854073E+00    0.477706662112028698E+04    0.238126960833608494E-03    0.433268306336655751E+00    0.113656783337193854E+02
    0.118038971319955177E+01    0.947623662343381246E+00    0.485232754319731430E+04    0.566739842051930485E-03    0.379857901220560068E+00    0.110634841938166097E+02
    0.120707649300325071E+01    0.933642338594223964E+00    0.458131107628319751E+04    0.435323993286748255E-03    0.322599646434971576E+00    0.111609304929838018E+02
    0.115707215413156494E+01    0.939464582806968873E+00    0.483639403866264638E+04    0.265435767995941428E-03    0.321276070869941366E+00    0.114124485351574734E+02
    0.117730964439208563E+01    0.952213334549443680E+00    0.498803190880353850E+04   -0.117936195051345444E-04    0.414864698038648338E+00    0.109633866981146806E+02
    0.113793405722961483E+01    0.930852409741632081E+00    0.488280439623998245E+04    0.410654644608754275E-03    0.364266520048929010E+00    0.113804830122785230E+02
    0.118668012306042936E+01    0.959634510803312413E+00    0.467758003186709630E+04    0.395622603355401923E-03    0.366439389682189365E+00    0.111190243203099861E+02
    0.120216983472605143E+01    0.904580755236666034E+00    0.488808857496715154E+04    0.366306660233625475E-03    0.957559425782909757E+00    0.109576419595086563E+02
    0.123231350855225275E+01    0.902290178612224159E+00    0.488792793317891937E+04    0.102862827989355009E-03    0.838618749705085542E+00    0.112057477071204588E+02
    0.119507807161069368E+01    0.902637989392678364E+00    0.493664144008030144E+04   -0.138029587304235832E-03    0.688287381833493694E+00    0.113971458947631561E+02
    0.119792790031680685E+01    0.897643236288045654E+00    0.490340763663925100E+04   -0.130334692918270819E-03    0.697423461244558118E+00    0.116447565944730762E+02
    0.119792790031680685E+01    0.897643236288045654E+00    0.490340763663925100E+04   -0.130334692918270819E-03    0.697423461244558118E+00    0.116447565944730762E+02
    0.119304676830401446E+01    0.901236710544838449E+00    0.493641738769901622E+04    0.215420003612218368E-04    0.646794784049196214E+00    0.116077629609518826E+02
    0.119304676830401446E+01    0.901236710544838449E+00    0.493641738769901622E+04    0.215420003612218368E-04    0.646794784049196214E+00    0.116077629609518826E+02
    0.121521778806665237E+01    0.905289995905808498E+00    0.488931437745578933E+04   -0.335781161269258543E-04    0.781733037446822765E+00    0.113959441463429929E+02
    0.119743909525139425E+01    0.928368172688851523E+00    0.473467897814821390E+04   -0.441975670520149176E-05    0.651922594677894818E+00    0.108940427650761897E+02
    0.118949637144455789E+01    0.917984564538389725E+00    0.481707289302386835E+04    0.110235059434126638E-03    0.643417748382433707E+00    0.117019693133027243E+02
    0.119612576002471149E+01    0.930295783617524519E+00    0.485857080867941295E+04   -0.583296524731032937E-04    0.635312734974665894E+00    0.108609788539498346E+02
    0.120972810578890533E+01    0.928069550613662586E+00    0.493801044180721874E+04   -0.280877596090522118E-03    0.582664629625501695E+00    0.111641290402454647E+02
    0.119352145592709968E+01    0.928407052788763676E+00    0.495306872924098116E+04   -0.340100722504967990E-03    0.418966395045369644E+00    0.109068192535630537E+02
    0.122433760506350264E+01    0.892461861589905925E+00    0.497554519665936914E+04   -0.258177884513997803E-03    0.563817858047566567E+00    0.113879249805755745E+02
    0.123430932979718433E+01    0.950460300795270996E+00    0.497809442265190137E+04   -0.109733219452471624E-04    0.564004043968774904E+00    0.112973016159261892E+02
    0.130142702035676550E+01    0.949484205866505393E+00    0.496927211475816785E+04   -0.133742063848476725E-03    0.545656364297373742E+00    0.107862995011822314E+02
    0.120574319581875677E+01    0.949228089020732191E+00    0.483697208998050701E+04   -0.163741272098709764E-03    0.446054281587456525E+00    0.110751636370970843E+02
    0.120233627071657545E+01    0.979327183209743213E+00    0.494915756819081071E+04   -0.824877027553497336E-04    0.494521010943922756E+00    0.107805247901849555E+02
    0.120535978563912072E+01    0.956568282495661726E+00    0.494199739523349217E+04   -0.129408234179238032E-03    0.610298112523675829E+00    0.109917688190605602E+02
    0.118955215222773036E+01    0.931767009284417247E+00    0.499415692240377302E+04   -0.139795468518203088E-03    0.496905237255892418E+00    0.115698198265942089E+02
    0.117962203813996602E+01    0.919382814312937668E+00    0.488489122594437595E+04   -0.132603841865105017E-03    0.461827346364376723E+00    0.109245963114709213E+02
    0.120436238265767281E+01    0.916409395750818478E+00    0.493824259696144236E+04   -0.516684978922550661E-03    0.518185852127731383E+00    0.111632609410688382E+02
    0.120386085026926026E+01    0.918115834266654218E+00    0.489102423315076976E+04   -0.445393897373039791E-03    0.382181747980392394E+00    0.115479638263227162E+02
    0.120386085026926026E+01    0.918115834266654218E+00    0.489102423315076976E+04   -0.445393897373039791E-03    0.382181747980392394E+00    0.115479638263227162E+02
    0.120140074072662939E+01    0.929830875478122598E+00    0.497754654482556816E+04   -0.934812855754588780E-04    0.626205093927592715E+00    0.109346655611509576E+02
    0.124393384541998442E+01    0.943805296248965253E+00    0.483164960605395754E+04   -0.924479084671872916E-04    0.460969597747256266E+00    0.110496044088090350E+02
