    0.137875249065728900E+01    0.859952179390497284E+00    0.418579243717625832E+04    0.330056512116773805E-03    0.612221000297231921E+00    0.700197587224411055E+00
    0.149407509331737476E+01    0.823409317070316615E+00    0.494357809023483151E+04   -0.439786161396715173E-03    0.253230536273992168E+00    0.251036949840629697E+01
    0.126770244618489070E+01    0.879998899021845915E+00    0.466770014022854502E+04    0.105881965373285148E-03    0.582380252856607550E+00    0.262687047698089238E+01
    0.139261707654615363E+01    0.852967354721668292E+00    0.493481036089579811E+04    0.330628738380405449E-03    0.293469228333334275E+00    0.363852935655777632E+01
    0.140906273401634463E+01    0.866194660830868601E+00    0.457379407271505988E+04   -0.152266910922681004E-03    0.483105747456141987E+00    0.392431402355726799E+01
    0.141946848386040614E+01    0.836335161445346364E+00    0.485933149065758880E+04    0.281903670344429665E-03    0.249528601848834741E+00    0.420371229252527989E+01
    0.145776880481042781E+01    0.877868126462882814E+00    0.480823458419910457E+04    0.116584416326054579E-02    0.656364061558060041E+00    0.446054466817265105E+01
    0.152644095614637676E+01    0.810848739852482181E+00    0.472674557968531099E+04   -0.405769841709462828E-04    0.115031419031429827E+00    0.459887873083669252E+01
    0.127298576393375718E+01    0.891041782477459909E+00    0.461622055710270342E+04   -0.152458368139254307E-03    0.698170756641150136E+00    0.474396783012957890E+01
    0.136898110120740757E+01    0.841687954467297494E+00    0.477071721237599104E+04    0.114549116464356094E-03    0.355672338852227377E+00    0.487718938263249324E+01
    0.144420788271988165E+01    0.811736264387351802E+00    0.472700767088697285E+04   -0.224861034316670735E-03    0.177889600634320300E+00    0.491477681626090668E+01
    0.142534795391712543E+01    0.882528313303963863E+00    0.415738711238185260E+04   -0.904236270377371419E-03    0.678008932999322189E+00    0.498609153132474248E+01
    0.146966563765150093E+01    0.812409740504985711E+00    0.479111245230653367E+04    0.511955813401202215E-03    0.175337551975215888E+00    0.507836756317370064E+01
    0.131397277289880265E+01    0.827320768286744612E+00    0.438131366220657219E+04    0.378708021704243824E-03    0.220844344148240612E+00    0.518350595736432673E+01
    0.138395172273753242E+01    0.824278812875037126E+00    0.474446985407051397E+04    0.497671920124559836E-04    0.210791144502681632E+00    0.521801024515678602E+01
    0.136324482022718452E+01    0.877984881820879748E+00    0.432719962666860647E+04   -0.256230768001273720E-03    0.527318959861673875E+00    0.524502678194306604E+01
    0.138417657883989764E+01    0.887751187028939071E+00    0.455088668154417610E+04   -0.490228810079198704E-03    0.726536559925061054E+00    0.524832975903491672E+01
    0.163236297738736025E+01    0.822039021697882344E+00    0.480668344042922217E+04    0.405663723137291430E-03    0.242487402427967014E+00    0.531442061870656079E+01
    0.136967801338816098E+01    0.841281246390562010E+00    0.417634442506905998E+04    0.290544176893890380E-03    0.228156976234630382E+00    0.563387476212055915E+01
    0.139989013149593999E+01    0.832237656189826924E+00    0.413876349847785332E+04    0.104130678587023313E-02    0.206537135601898458E+00    0.563639610261251356E+01
    0.136871545148775753E+01    0.862769774265337297E+00    0.413959862236333629E+04    0.306692828297496317E-04    0.468787828252180794E+00    0.565920976641806917E+01
    0.154007678655768832E+01    0.876538221816623553E+00    0.412716375996776424E+04    0.411714209428510648E-03    0.923824210738310003E+00    0.582504950568772450E+01
    0.141192426229238555E+01    0.880981304296131085E+00    0.481086945307102542E+04    0.281765220663448082E-03    0.897068736609246242E+00    0.590097535816812346E+01
    0.145563068669868279E+01    0.874567926267853846E+00    0.467176224897343309E+04    0.485819782311577516E-03    0.891875530178796061E+00    0.591589028362054403E+01
    0.132189801114398442E+01    0.889274347348607330E+00    0.462097554280176337E+04   -0.154456378507544074E-03    0.815106520795832123E+00    0.597717562680944958E+01
    0.160554316060451896E+01    0.841174235538906023E+00    0.463383130252491264E+04   -0.170997447185153995E-03    0.268229818559975242E+00    0.606653892496862390E+01
    0.144466019899254050E+01    0.846200880084936768E+00    0.474901069827519132E+04   -0.142108829083730545E-03    0.364569824043081969E+00    0.608707369471861348E+01
    0.161426763126465889E+01    0.889838952629698698E+00    0.484142880829285969E+04    0.124145807194279132E-02    0.977119469987438594E+00    0.612578077045574787E+01
    0.159903558686264935E+01    0.885642028498904388E+00    0.489539576670877159E+04    0.350106242948786724E-03    0.958948651177587874E+00    0.613974278812622476E+01
    0.155142434267139007E+01    0.875962734766611906E+00    0.470963828792292225E+04    0.470782827901262567E-03    0.725981434340775555E+00    0.614756383133421735E+01
    0.140862932270912333E+01    0.869010264617511075E+00    0.430253426449770723E+04    0.458564414627727777E-03    0.586232139692241749E+00    0.618015096358777871E+01
    0.131010978619753304E+01    0.889438824331023170E+00    0.460876100897246033E+04   -0.856795235692395626E-04    0.769998380371064162E+00    0.618062504608598218E+01
    0.138266493288894177E+01    0.885700837338458169E+00    0.430246317557558814E+04   -0.534449526979101407E-03    0.914950114999185438E+00    0.619338202269327098E+01
    0.143509489480034924E+01    0.880919903217253442E+00    0.416836801038137401E+04    0.140777149396217400E-03    0.603995853092500479E+00    0.620840044730930440E+01
    0.143082381552081461E+01    0.870862251113723840E+00    0.491477279088284467E+04    0.394241182277868020E-03    0.660163386217882509E+00    0.630162257389905101E+01
    0.139219932757855025E+01    0.877523181068620706E+00    0.481800557302456491E+04   -0.851315061060792873E-03    0.724941131787890991E+00    0.632240771100038046E+01
    0.182054533901259852E+01    0.826637943570052158E+00    0.477310199994221603E+04    0.106201300486714325E-02    0.213552999469256599E+00    0.632429533988536896E+01
    0.137356823156855046E+01    0.878482525675381765E+00    0.465131463086041640E+04   -0.109327825554137890E-02    0.658219310001651570E+00    0.633929386624849300E+01
    0.151800879365631736E+01    0.850669086557009235E+00    0.456809327191417469E+04   -0.537600665588397930E-03    0.424029444468849936E+00    0.636962143941209913E+01
    0.146438746832798006E+01    0.864320934670711138E+00    0.394153916739530359E+04    0.341343656168071295E-03    0.463835433941210962E+00    0.639930266983633622E+01
    0.155492784436248055E+01    0.845331391061742710E+00    0.416028083698405680E+04   -0.111877570458315622E-03    0.328886599144038394E+00    0.640655994220248726E+01
    0.134469952906725387E+01    0.827672864064082914E+00    0.480816711685672726E+04   -0.316979380149914696E-03    0.184131844997601296E+00    0.645847512368521137E+01
    0.159199059706742574E+01    0.808782163345265537E+00    0.437944412038375867E+04    0.528729296357820255E-03    0.147442636024307655E+00    0.648161769573172730E+01
    0.156274202978576682E+01    0.807746498144882308E+00    0.432485503849531324E+04    0.112680705182469451E-03    0.138608965714122984E+00    0.650206966089841742E+01
    0.171939810738727372E+01    0.871613950444720453E+00    0.424872500868982297E+04    0.102595140093895087E-02    0.754781658265140099E+00    0.650685550382156386E+01
    0.185091637239632156E+01    0.828193220974057009E+00    0.467457799474943658E+04    0.118932154432522131E-02    0.211809808185574516E+00    0.655745586240415523E+01
    0.140791356356756170E+01    0.875479882133183063E+00    0.447321863437366846E+04    0.100314257906328782E-02    0.846618780368570079E+00    0.661472354744210733E+01
    0.177215376482715969E+01    0.878750825620399412E+00    0.478415061861254799E+04    0.119057658671808259E-02    0.738104905444170845E+00    0.662613060940550991E+01
    0.159331849332818054E+01    0.806853848487502523E+00    0.467570513294643933E+04    0.114556273244688410E-02    0.153347559819051071E+00    0.664774207213442025E+01
    0.144643733999448210E+01    0.849859123325229504E+00    0.487335359367080855E+04    0.456079077242083682E-03    0.307943722573383372E+00    0.665526626019657108E+01
    0.144280705900668527E+01    0.860080367157394554E+00    0.415059311659917603E+04    0.618328364132589119E-04    0.371689825318850031E+00    0.668257413510095510E+01
    0.143625756592250142E+01    0.870734185229925406E+00    0.491093092102567152E+04    0.152173145791018906E-02    0.786443638901735298E+00    0.669490567725453101E+01
    0.150588129364571666E+01    0.861188627655557815E+00    0.493221331259192448E+04    0.977845318677275730E-03    0.505544362656542345E+00    0.671112061295564821E+01
    0.150594765197857816E+01    0.877076835125471410E+00    0.409512291353582577E+04    0.712228093573766681E-04    0.863655020359013870E+00    0.672645266570296929E+01
    0.168199128008118137E+01    0.878130489175694917E+00    0.496128095855260199E+04    0.153363655651571405E-02    0.793001995422174977E+00    0.675655676445004083E+01
    0.141406404210833725E+01    0.884173986556563984E+00    0.414394288380815033E+04    0.153554041725484098E-03    0.920393573114522745E+00    0.678673533518664840E+01
    0.142064673645315032E+01    0.868617455900341562E+00    0.477748944677179770E+04    0.189545858036782144E-03    0.751927136379966998E+00    0.682033503402383889E+01
    0.142711475256168674E+01    0.885189710283514453E+00    0.416826631854913740E+04    0.660029181289805805E-04    0.862168472406851794E+00    0.686616167011071532E+01
    0.145613543620899732E+01    0.815252538455226494E+00    0.459604558045183603E+04    0.456042954809181950E-03    0.171925166077975589E+00    0.690576256659610888E+01
    0.144673638439802410E+01    0.835645366017875091E+00    0.491409768641750816E+04   -0.335635941127248813E-03    0.301787796357133986E+00    0.691629345714843957E+01
    0.139979219669173549E+01    0.860787306109146333E+00    0.424287540397799239E+04    0.647091414383437505E-04    0.507054049971890963E+00    0.695056593749072249E+01
    0.132413449351235046E+01    0.881359038304826425E+00    0.428874079974575943E+04    0.216251124543503061E-04    0.701033472496962018E+00    0.698718138727992333E+01
    0.132413449351235046E+01    0.881359038304826425E+00    0.428874079974575943E+04    0.216251124543503061E-04    0.701033472496962018E+00    0.698718138727992333E+01
    0.141791713845689094E+01    0.857163868094088954E+00    0.485516992197337640E+04    0.789870538071562754E-04    0.511198046549323548E+00    0.699620992068474479E+01
    0.141791713845689094E+01    0.857163868094088954E+00    0.485516992197337640E+04    0.789870538071562754E-04    0.511198046549323548E+00    0.699620992068474479E+01
    0.140849251438018785E+01    0.874070944936184868E+00    0.440607753961232265E+04    0.147987017895096135E-02    0.673878490241440420E+00    0.700808068445703469E+01
    0.138824114310129842E+01    0.880534266082193651E+00    0.413378627666026387E+04   -0.418718688549208154E-03    0.834147110613254750E+00    0.702158712911755245E+01
    0.130962675896732250E+01    0.880386598461485259E+00    0.431810345063804198E+04   -0.746148237757059780E-03    0.836009720506532550E+00    0.702318683038903302E+01
    0.137863458501947589E+01    0.859187691135103071E+00    0.479586219542817980E+04   -0.461042634515573054E-03    0.393010007471780110E+00    0.703321231757752496E+01
    0.173831409961450944E+01    0.847872334234653025E+00    0.446728859234709762E+04    0.126271716384554846E-02    0.341674051675656343E+00    0.703359637082573297E+01
    0.173831409961450944E+01    0.847872334234653025E+00    0.446728859234709762E+04    0.126271716384554846E-02    0.341674051675656343E+00    0.703359637082573297E+01
    0.137284766439841821E+01    0.863779959811357578E+00    0.476112323607931103E+04    0.361205278743321145E-03    0.599771277568012295E+00    0.705622321187405621E+01
    0.137284766439841821E+01    0.863779959811357578E+00    0.476112323607931103E+04    0.361205278743321145E-03    0.599771277568012295E+00    0.705622321187405621E+01
    0.140115334677082015E+01    0.877087316718152543E+00    0.413334561816366659E+04   -0.167925629052917126E-03    0.630180011345207070E+00    0.706422003666092291E+01
    0.140115334677082015E+01    0.877087316718152543E+00    0.413334561816366659E+04   -0.167925629052917126E-03    0.630180011345207070E+00    0.706422003666092291E+01
    0.137991434705901383E+01    0.850296049200351733E+00    0.476647868246217058E+04    0.564890040859553907E-04    0.353872691044686327E+00    0.707578569783002465E+01
    0.138636964426901477E+01    0.888267411980302457E+00    0.426093278504660975E+04    0.310142704680366318E-03    0.934918025617994308E+00    0.708325677883475713E+01
    0.138636964426901477E+01    0.888267411980302457E+00    0.426093278504660975E+04    0.310142704680366318E-03    0.934918025617994308E+00    0.708325677883475713E+01
    0.137117975662934022E+01    0.879666928312290874E+00    0.407626132963029477E+04   -0.684719030461986857E-03    0.821834866087671756E+00    0.708676358816200391E+01
    0.141857401671773742E+01    0.839995406050982107E+00    0.473421983618280501E+04    0.232930405942152107E-03    0.336007043298325314E+00    0.708715985035534324E+01
    0.146549110511843494E+01    0.880687241798837617E+00    0.486259210179782895E+04    0.143833217253460039E-02    0.746564965086578325E+00    0.710114387669345426E+01
    0.151254671069056101E+01    0.877289449558782186E+00    0.409558919835846109E+04   -0.103313196710607911E-04    0.823317016679838032E+00    0.710482618871859373E+01
    0.142770268907180498E+01    0.877953695126711842E+00    0.419253742732691535E+04   -0.238058928457490039E-03    0.730649515910410163E+00    0.713625215288848835E+01
    0.175836731944073277E+01    0.833532785153400013E+00    0.445335439558108828E+04    0.107179484002878269E-02    0.243704476892774635E+00    0.713766382752148232E+01
    0.137225111654158027E+01    0.865131381821495515E+00    0.424462392866324808E+04   -0.137583200622299251E-03    0.455420819956460055E+00    0.715777830372225488E+01
    0.137225111654158027E+01    0.865131381821495515E+00    0.424462392866324808E+04   -0.137583200622299251E-03    0.455420819956460055E+00    0.715777830372225488E+01
    0.170151542551068058E+01    0.864556635819346497E+00    0.419170972524544504E+04    0.105399118463919759E-02    0.591923839208834179E+00    0.717860435933060259E+01
    0.150742956910614634E+01    0.880285003544974742E+00    0.411205418635050592E+04   -0.466576745496127652E-04    0.875046293684327403E+00    0.722610139841323651E+01
    0.152641260830324699E+01    0.874971979681055334E+00    0.409298318048082456E+04   -0.130364624329033405E-03    0.623247913238451301E+00    0.724192429844475960E+01
    0.152641260830324699E+01    0.874971979681055334E+00    0.409298318048082456E+04   -0.130364624329033405E-03    0.623247913238451301E+00    0.724192429844475960E+01
    0.142246479974287077E+01    0.864197838059263646E+00    0.440339266880173818E+04    0.900770975874131893E-03    0.554594350638566658E+00    0.724889290931309827E+01
    0.142246479974287077E+01    0.864197838059263646E+00    0.440339266880173818E+04    0.900770975874131893E-03    0.554594350638566658E+00    0.724889290931309827E+01
    0.132320516928190690E+01    0.829667032988583020E+00    0.438129524924847919E+04    0.609182545502342620E-03    0.190354783208006695E+00    0.726308248191011785E+01
    0.146596120528258211E+01    0.824391948517016804E+00    0.495123407661706369E+04   -0.274194992626453050E-03    0.190185512500815668E+00    0.726542050156608177E+01
    0.151492003433258104E+01    0.849552156332003761E+00    0.488370871833947513E+04    0.108865731151288367E-02    0.437569067837245584E+00    0.726839092475308668E+01
    0.150593439801511852E+01    0.831485660975743945E+00    0.441622468097639103E+04    0.431487665646570345E-03    0.208125112106149535E+00    0.729415094325971758E+01
    0.141057366010710727E+01    0.879054210434443206E+00    0.497776735741852008E+04   -0.348196864359710107E-03    0.684552895423647501E+00    0.730334919074262423E+01
    0.144944123765139921E+01    0.885205807150581614E+00    0.436987419359104933E+04    0.288580888458130611E-03    0.819552063784937945E+00    0.731187342423349484E+01
    0.148523856410020527E+01    0.892932780177614904E+00    0.426682212037508270E+04   -0.393465767095654861E-03    0.800780251114312946E+00    0.732039690432908685E+01
    0.133956827824150548E+01    0.817056600775669661E+00    0.447390305473347416E+04   -0.358639877523997429E-03    0.151804285452550203E+00    0.732849565888386323E+01
    0.147124587454634925E+01    0.845281614870843190E+00    0.469499566102894278E+04   -0.513016379974435402E-04    0.359369692757250114E+00    0.733002499950876008E+01
    0.144455184426451066E+01    0.817674131221574618E+00    0.489797354507603904E+04    0.169654089736933364E-03    0.151005505213278157E+00    0.733053096390192938E+01
    0.139593019360950366E+01    0.874155905492877250E+00    0.450747725470164733E+04    0.376143350578763129E-03    0.682588079897063382E+00    0.733256607322327270E+01
    0.155993172251481438E+01    0.858481275855385695E+00    0.419708469255299951E+04    0.138864415696281370E-02    0.447200864111614471E+00    0.733315323215750858E+01
    0.132591794975551380E+01    0.861511326640492126E+00    0.482051663961315080E+04   -0.390142588636043289E-03    0.548455740993114671E+00    0.734910062326300384E+01
    0.132591794975551380E+01    0.861511326640492126E+00    0.482051663961315080E+04   -0.390142588636043289E-03    0.548455740993114671E+00    0.734910062326300384E+01
    0.130907607603084664E+01    0.890988469066229749E+00    0.483431330815963975E+04   -0.688023476153353680E-03    0.950054955284979852E+00    0.735569150521357074E+01
    0.148205014483316955E+01    0.848629659206865283E+00    0.486500428387896955E+04    0.279382684986106901E-03    0.333757465212363935E+00    0.736349629506051606E+01
    0.134951456803205705E+01    0.871380139670840603E+00    0.484572590495475197E+04    0.217318150244830556E-04    0.564801074179050011E+00    0.736544946766922770E+01
    0.133387928431924863E+01    0.848963760130713618E+00    0.446664654303454608E+04    0.152576103928692377E-04    0.403316956544165051E+00    0.737067546704538223E+01
    0.146640911282019681E+01    0.879657459095587013E+00    0.474296319113422760E+04    0.104682286978803238E-02    0.880846346699257654E+00    0.738675788393768684E+01
    0.135393042149739751E+01    0.886578239307845628E+00    0.430879041957196659E+04   -0.447217641935478160E-03    0.702290187655622233E+00    0.739853951656236397E+01
    0.137293242017652406E+01    0.823380270185339103E+00    0.488002892678478929E+04   -0.242165283848715091E-03    0.166642134341640435E+00    0.740496153461833551E+01
    0.137293242017652406E+01    0.823380270185339103E+00    0.488002892678478929E+04   -0.242165283848715091E-03    0.166642134341640435E+00    0.740496153461833551E+01
    0.140228108293992859E+01    0.840073722247245636E+00    0.472940571594636549E+04   -0.994249657775894815E-04    0.298173486042484392E+00    0.740553360360654089E+01
    0.154570924921208253E+01    0.845298103450389693E+00    0.495010236242084102E+04    0.120025715034340985E-03    0.372672888814179148E+00    0.740759988853096729E+01
    0.149661100710206552E+01    0.880045839503924232E+00    0.421214051604315500E+04   -0.429247402983553975E-03    0.814527609470253044E+00    0.741220749623411379E+01
    0.143981599989551023E+01    0.881459106460562469E+00    0.454861822627302809E+04   -0.251623082583229683E-04    0.801754631978419341E+00    0.741236330695708290E+01
    0.146106151631562131E+01    0.881232921734312002E+00    0.447692331654838654E+04   -0.955050673303912230E-04    0.707388814964135859E+00    0.744613517935494063E+01
    0.134633154088180396E+01    0.878233971443104222E+00    0.417852352635158695E+04   -0.348125957072801509E-03    0.706313079193388371E+00    0.746961983023067244E+01
    0.159501461741532768E+01    0.800125495901348738E+00    0.434450034430390224E+04    0.179464730707942262E-03    0.980700598387300726E-01    0.747330292249885542E+01
    0.145920226914543782E+01    0.886445605965770267E+00    0.491178804371421393E+04    0.862814016048433791E-03    0.954549815596946738E+00    0.748062100648850503E+01
    0.139085225693324066E+01    0.876604512322826990E+00    0.425249640692577123E+04    0.549168746343761151E-04    0.749653027341644296E+00    0.748078568317712911E+01
    0.139085225693324066E+01    0.876604512322826990E+00    0.425249640692577123E+04    0.549168746343761151E-04    0.749653027341644296E+00    0.748078568317712911E+01
    0.140033400363904237E+01    0.819158594126887740E+00    0.488178901821772979E+04   -0.187993240287740891E-03    0.175419806208342133E+00    0.748298646672589562E+01
    0.143758595578093074E+01    0.822760979147552085E+00    0.426088752845693762E+04    0.822782326464256328E-03    0.163640046006154671E+00    0.748550751296655204E+01
    0.146364087765216189E+01    0.886378950922988351E+00    0.416155870206212785E+04    0.504274242552548728E-04    0.863865767331306600E+00    0.749463615353346313E+01
    0.131371873053827226E+01    0.878225152988929336E+00    0.445649636089152773E+04   -0.376176667413354493E-03    0.740822333184845805E+00    0.751020225730184166E+01
    0.131371873053827226E+01    0.878225152988929336E+00    0.445649636089152773E+04   -0.376176667413354493E-03    0.740822333184845805E+00    0.751020225730184166E+01
    0.132243555247634204E+01    0.879533665694056443E+00    0.425418630910508546E+04    0.372080871504368185E-03    0.844150226995685427E+00    0.751349632741311169E+01
    0.132243555247634204E+01    0.879533665694056443E+00    0.425418630910508546E+04    0.372080871504368185E-03    0.844150226995685427E+00    0.751349632741311169E+01
    0.134585851886461105E+01    0.882427702217537302E+00    0.490019325810201099E+04   -0.598837933855477390E-04    0.745153960211315081E+00    0.751465563286940963E+01
    0.138082958760728824E+01    0.846391228463007073E+00    0.448518284758064328E+04   -0.220308232134896516E-03    0.340477531311282167E+00    0.754337453394743296E+01
    0.141388827293105201E+01    0.809460883592553415E+00    0.450067924070196750E+04   -0.969187299168812325E-04    0.139258101730756645E+00    0.755368004039982655E+01
    0.138973724614698257E+01    0.848615101692261398E+00    0.491741464592220836E+04   -0.159595076234629753E-03    0.384505787190620896E+00    0.756381754605642165E+01
    0.138973724614698257E+01    0.848615101692261398E+00    0.491741464592220836E+04   -0.159595076234629753E-03    0.384505787190620896E+00    0.756381754605642165E+01
    0.146457468307188088E+01    0.849213743506707197E+00    0.481115399403262381E+04    0.517244541382923446E-03    0.427286142241033007E+00    0.756638888781861141E+01
    0.134999058788878812E+01    0.882440280849986713E+00    0.445315246688046318E+04    0.179112528963716947E-03    0.847130053290394258E+00    0.757611613040426235E+01
    0.142872184505874289E+01    0.845421731882607275E+00    0.455387598913662623E+04    0.259867681588182376E-03    0.295139798644372398E+00    0.757907753078743074E+01
    0.159605862143382415E+01    0.805217576708113336E+00    0.463575341116865457E+04    0.249260841488375029E-03    0.119362804300357533E+00    0.758465977711563966E+01
    0.146456074520238033E+01    0.848963931771202773E+00    0.497159499295947717E+04    0.191333127085214279E-03    0.329074803929135129E+00    0.758525619827319098E+01
    0.137987708893079319E+01    0.882455491576155771E+00    0.493723953396941488E+04   -0.514183842931215232E-04    0.703683576528035815E+00    0.758676396143152498E+01
    0.150501615402278288E+01    0.818516542446835249E+00    0.478464475425663750E+04    0.526436302875805300E-03    0.189892682213804898E+00    0.759647547356000530E+01
    0.144251390843230420E+01    0.883443214759239814E+00    0.489991764100711407E+04   -0.396309126129502638E-03    0.831424138111138578E+00    0.759733379546217513E+01
    0.144251390843230420E+01    0.883443214759239814E+00    0.489991764100711407E+04   -0.396309126129502638E-03    0.831424138111138578E+00    0.759733379546217513E+01
    0.144801558668368813E+01    0.857954902866670310E+00    0.460560727943916572E+04   -0.164709005334735879E-03    0.440535181592733138E+00    0.759783956425761620E+01
    0.144801558668368813E+01    0.857954902866670310E+00    0.460560727943916572E+04   -0.164709005334735879E-03    0.440535181592733138E+00    0.759783956425761620E+01
    0.143336437362563629E+01    0.891089212826486676E+00    0.490166836398362921E+04    0.552571268829980269E-03    0.992800040672577988E+00    0.760102774638987455E+01
    0.142245935853118066E+01    0.793701984776924330E+00    0.456189592931515108E+04    0.210509253508850048E-04    0.891011356133427496E-01    0.761375562861763111E+01
    0.142245935853118066E+01    0.793701984776924330E+00    0.456189592931515108E+04    0.210509253508850048E-04    0.891011356133427496E-01    0.761375562861763111E+01
    0.156456658955138517E+01    0.880671176720465909E+00    0.441584495386197523E+04    0.400079980941970192E-03    0.939212585984607773E+00    0.763079267564329111E+01
    0.133654664956245761E+01    0.864687934754687082E+00    0.457762870446797297E+04   -0.235194581535819782E-03    0.590827725754102695E+00    0.763633073655904049E+01
    0.141249406439672587E+01    0.862708176694063633E+00    0.468586009531661875E+04    0.677126890686959471E-04    0.553208086056904524E+00    0.765610524483267163E+01
    0.140112807222723301E+01    0.875338814967751455E+00    0.472712900137214183E+04   -0.248160048560506835E-03    0.728511771745201431E+00    0.767981889677938767E+01
    0.136736814860406453E+01    0.892563651786640322E+00    0.491081317643837519E+04   -0.669934511717746044E-03    0.973715932237603554E+00    0.770731661374961341E+01
    0.145694383802699035E+01    0.863561104417130521E+00    0.495950890549863652E+04    0.170140211837274170E-03    0.557176575081217873E+00    0.771051463831658968E+01
    0.133223726182853186E+01    0.884980384935716513E+00    0.439708385106623155E+04   -0.475272474430440151E-04    0.844817035902739821E+00    0.771939339107135769E+01
    0.145222598664735481E+01    0.872691613389311227E+00    0.418180008915264625E+04    0.154448901163962337E-03    0.675508436661754086E+00    0.772227702879503042E+01
    0.134426568280541803E+01    0.877108593719074014E+00    0.426305613029736378E+04   -0.298025775629165435E-03    0.833969032272226962E+00    0.773165078963413421E+01
    0.134426568280541803E+01    0.877108593719074014E+00    0.426305613029736378E+04   -0.298025775629165435E-03    0.833969032272226962E+00    0.773165078963413421E+01
    0.157044095613785473E+01    0.881362604835853825E+00    0.459998268458737675E+04    0.105244224541603147E-02    0.922823704578969450E+00    0.773329049583831463E+01
    0.141682096403181990E+01    0.863123815659719851E+00    0.479383324979736608E+04   -0.266185317318087605E-03    0.512747097518956974E+00    0.773519332818747962E+01
    0.157558656933472330E+01    0.813136803549492360E+00    0.464468120670816006E+04    0.107505699593521279E-02    0.144316102398557494E+00    0.774154144544729128E+01
    0.162056034938683835E+01    0.859880790760060520E+00    0.487387527676258014E+04    0.126335787593108125E-02    0.457628509436256825E+00    0.774175811376437828E+01
    0.162056034938683835E+01    0.859880790760060520E+00    0.487387527676258014E+04    0.126335787593108125E-02    0.457628509436256825E+00    0.774175811376437828E+01
    0.141541031718108723E+01    0.854298638025244417E+00    0.473775218434857652E+04    0.720366408545494670E-04    0.391169017589648005E+00    0.775018573969310687E+01
    0.141541031718108723E+01    0.854298638025244417E+00    0.473775218434857652E+04    0.720366408545494670E-04    0.391169017589648005E+00    0.775018573969310687E+01
    0.147664565381299373E+01    0.877646300458802764E+00    0.408013035596040982E+04   -0.332730468960409616E-03    0.583609054906667923E+00    0.776185197543542937E+01
    0.137410468457127033E+01    0.877709047084398564E+00    0.483704777763868151E+04   -0.392715552212291488E-03    0.674367727926577620E+00    0.776357642309539742E+01
    0.152177805005995337E+01    0.882948346304465392E+00    0.461193782297878533E+04    0.272285339981046394E-03    0.976880393210610043E+00    0.776361579496021470E+01
    0.145557203127572299E+01    0.841319357237135135E+00    0.425540788427198640E+04   -0.166174672695246537E-03    0.277555189966438409E+00    0.777270443800155419E+01
    0.137826177520882975E+01    0.871763310695879201E+00    0.477878642646567278E+04   -0.214079146341503499E-03    0.757629844147272080E+00    0.778372720431183218E+01
    0.135746741526482451E+01    0.839382962532673194E+00    0.486107614185266721E+04   -0.717320751162365920E-04    0.283798594374541413E+00    0.779148272137255482E+01
    0.127991284667196248E+01    0.879989530273717735E+00    0.455681995096151149E+04   -0.612238715702158212E-03    0.643084124021653603E+00    0.779157530630025352E+01
    0.143220815874590457E+01    0.826165281122850703E+00    0.485508753676618198E+04    0.443935221340211524E-04    0.174089404994020647E+00    0.779762767509678589E+01
    0.156417671301180539E+01    0.830233968203094697E+00    0.484983982795925840E+04   -0.376114657015369448E-03    0.198225115190193674E+00    0.780384820985602090E+01
    0.150093870387125872E+01    0.885001060165337972E+00    0.411238559295858795E+04   -0.195267982963114197E-03    0.879302885761233721E+00    0.781410474079937067E+01
    0.140094390664045365E+01    0.872229543933850548E+00    0.468502823905704372E+04   -0.854457671198168668E-04    0.571720756013540443E+00    0.782044438094189065E+01
    0.144670948057392490E+01    0.862676480856722661E+00    0.462163491142151906E+04    0.108441005928758339E-03    0.437977007748861891E+00    0.782127093599653644E+01
    0.143080308395920452E+01    0.857549612188812205E+00    0.480775097042349717E+04    0.378486174516008071E-03    0.423086066315702281E+00    0.783626168925140565E+01
    0.136567878271336607E+01    0.889586965892892323E+00    0.477199233369611648E+04   -0.247989578531662735E-03    0.942757515026550585E+00    0.784742446774129565E+01
    0.136567878271336607E+01    0.889586965892892323E+00    0.477199233369611648E+04   -0.247989578531662735E-03    0.942757515026550585E+00    0.784742446774129565E+01
    0.155560796097555043E+01    0.842902930711283305E+00    0.470702826209519480E+04    0.107754157008160063E-02    0.319490842216754112E+00    0.785550712640306248E+01
    0.143687757994076204E+01    0.820596481448907733E+00    0.466249122925214851E+04   -0.127467768359223988E-03    0.170026875552748702E+00    0.786734999674355517E+01
    0.143687757994076204E+01    0.820596481448907733E+00    0.466249122925214851E+04   -0.127467768359223988E-03    0.170026875552748702E+00    0.786734999674355517E+01
    0.142942483591141967E+01    0.879904281309187741E+00    0.483676698742531971E+04    0.267160512538098019E-03    0.886009688604086354E+00    0.787503548620596483E+01
    0.135665265924989065E+01    0.864742426137675491E+00    0.442376791747426250E+04    0.480396132609011187E-03    0.562802717279444975E+00    0.788095777222865301E+01
    0.134882027986021358E+01    0.881571104323503829E+00    0.460195871959684519E+04   -0.550601838549910887E-03    0.652035332278723456E+00    0.790011882354876960E+01
    0.161000357234815761E+01    0.879160869849506588E+00    0.464133073495650206E+04    0.126700843250195810E-02    0.824321453869111154E+00    0.790273326670156617E+01
    0.135328094962727463E+01    0.864148794534296272E+00    0.417608493429214286E+04   -0.729912477109871590E-04    0.537248233686489551E+00    0.790306611425181771E+01
    0.135328094962727463E+01    0.864148794534296272E+00    0.417608493429214286E+04   -0.729912477109871590E-04    0.537248233686489551E+00    0.790306611425181771E+01
    0.132568195165494340E+01    0.870030070686344303E+00    0.489420265883514367E+04    0.315487724942585708E-03    0.636328005741704894E+00    0.791301639372405674E+01
    0.132568195165494340E+01    0.870030070686344303E+00    0.489420265883514367E+04    0.315487724942585708E-03    0.636328005741704894E+00    0.791301639372405674E+01
    0.165844877408586289E+01    0.869576975941755537E+00    0.465277180608541676E+04    0.113798294079658089E-02    0.721831047588595287E+00    0.791842228195673492E+01
    0.165844877408586289E+01    0.869576975941755537E+00    0.465277180608541676E+04    0.113798294079658089E-02    0.721831047588595287E+00    0.791842228195673492E+01
    0.164406829780139829E+01    0.856719510846273846E+00    0.446678708584743163E+04    0.114137004853350258E-02    0.505762593189284293E+00    0.792639206215246706E+01
    0.145122675590670136E+01    0.858535266657865281E+00    0.494765618079222986E+04    0.393016694000451663E-03    0.437699603856256614E+00    0.793053296259753004E+01
    0.145122675590670136E+01    0.858535266657865281E+00    0.494765618079222986E+04    0.393016694000451663E-03    0.437699603856256614E+00    0.793053296259753004E+01
    0.151958747961952234E+01    0.871307135449871040E+00    0.471963531383754616E+04   -0.456742717676133744E-03    0.568327702346219543E+00    0.793280136253027557E+01
    0.144880008434386198E+01    0.884912453635675056E+00    0.472531860422790669E+04    0.690312158468091297E-03    0.826835415186545242E+00    0.794101677421857666E+01
    0.153615057107010866E+01    0.826203045226171162E+00    0.495571652035806255E+04   -0.308456642902160791E-03    0.210873167711123966E+00    0.796990773384136197E+01
    0.148874250758188786E+01    0.889743079414200055E+00    0.408326703416362125E+04   -0.359295869185879285E-03    0.769154262385190912E+00    0.796996906206741151E+01
    0.132573427207136607E+01    0.880046519803579175E+00    0.457798910265845461E+04   -0.365979389866421861E-03    0.762553764534404488E+00    0.797149775248257519E+01
    0.132573427207136607E+01    0.880046519803579175E+00    0.457798910265845461E+04   -0.365979389866421861E-03    0.762553764534404488E+00    0.797149775248257519E+01
    0.144673626127243793E+01    0.868793109903847061E+00    0.431603807610754484E+04    0.485882857091977395E-03    0.561642815104480442E+00    0.798901401356837049E+01
    0.140378943589271410E+01    0.835260605654135180E+00    0.482578203501228199E+04    0.662146523748258155E-03    0.272866022948158815E+00    0.799488652165544700E+01
    0.146266205788290726E+01    0.860797714934686042E+00    0.478476423757837620E+04    0.877006952220430244E-04    0.522654204004473155E+00    0.799789025161230249E+01
    0.150904135252725591E+01    0.872065723251453040E+00    0.414270020059523540E+04    0.805243989709217875E-03    0.607909897334785954E+00    0.799798682000424321E+01
    0.150904135252725591E+01    0.872065723251453040E+00    0.414270020059523540E+04    0.805243989709217875E-03    0.607909897334785954E+00    0.799798682000424321E+01
    0.142798322025108959E+01    0.881531147507093937E+00    0.425336644644658463E+04    0.823976071780987648E-04    0.724217044708809765E+00    0.800748135510611192E+01
    0.146555286709938448E+01    0.872763198580405297E+00    0.469837631982687435E+04    0.106192271241505306E-03    0.766294552054299971E+00    0.801044764645480356E+01
    0.151636483090477836E+01    0.868468369175147581E+00    0.485592040860045108E+04    0.107102381257448203E-02    0.692720961814156433E+00    0.803654637667832183E+01
    0.144153363697389270E+01    0.876070146709505115E+00    0.499739467299027456E+04   -0.403504314470006788E-03    0.724447591182681094E+00    0.803722333228110308E+01
    0.147695353808450180E+01    0.869152444225491427E+00    0.423830592918608727E+04   -0.151437052093076387E-03    0.545804514320474277E+00    0.806812580547544300E+01
    0.147695353808450180E+01    0.869152444225491427E+00    0.423830592918608727E+04   -0.151437052093076387E-03    0.545804514320474277E+00    0.806812580547544300E+01
    0.140164263177049531E+01    0.867681906928010949E+00    0.430251517157508442E+04   -0.328412811216672814E-03    0.570288887548127010E+00    0.806940282625527061E+01
    0.143632897508341983E+01    0.818525257638242576E+00    0.472890255923570658E+04    0.608895528813684387E-03    0.146656773084430980E+00    0.807633142677579130E+01
    0.140646995354958770E+01    0.887191855319305667E+00    0.480717976115001693E+04   -0.117642230968093687E-03    0.892252427793409408E+00    0.808081501264098101E+01
    0.141478482329203592E+01    0.851121265236469915E+00    0.467508560238730479E+04   -0.111886618207753102E-03    0.342459676390029333E+00    0.808130450717142423E+01
    0.141478482329203592E+01    0.851121265236469915E+00    0.467508560238730479E+04   -0.111886618207753102E-03    0.342459676390029333E+00    0.808130450717142423E+01
    0.135747438415289023E+01    0.869911728783759663E+00    0.490330250652949417E+04    0.245846088170127372E-03    0.624596199624096737E+00    0.809011457480188767E+01
    0.166010476427165798E+01    0.878763344750579489E+00    0.453987906917302371E+04    0.109015853962054717E-02    0.814086528874357396E+00    0.809750061400088583E+01
    0.154708328416136576E+01    0.832365959850984938E+00    0.456844882866939588E+04    0.106157633774685544E-03    0.230878744226967997E+00    0.809839843210883004E+01
    0.135440180885600392E+01    0.849655616087664267E+00    0.440666905753570882E+04    0.156212964363691714E-03    0.352935512898014503E+00    0.809971251695750638E+01
    0.155032941835731708E+01    0.834269801914705678E+00    0.459893266844776736E+04    0.733343026420095836E-03    0.231326537405509458E+00    0.810022842122761411E+01
    0.155032941835731708E+01    0.834269801914705678E+00    0.459893266844776736E+04    0.733343026420095836E-03    0.231326537405509458E+00    0.810022842122761411E+01
    0.142023148501415886E+01    0.851848984887027205E+00    0.464165244061195517E+04   -0.315534583501497139E-03    0.400441702297780366E+00    0.810034152354600323E+01
    0.139644241599631336E+01    0.880067037661063201E+00    0.470840379940903222E+04    0.568952124964512110E-03    0.772574770987760839E+00    0.811537539381829554E+01
    0.147433743349867341E+01    0.859642247876740151E+00    0.430623281267842867E+04    0.480614976237990528E-04    0.405435520257013904E+00    0.812045362425499917E+01
    0.141652060370962030E+01    0.875108378698307710E+00    0.413302851853732136E+04    0.415825538747561249E-03    0.709894658271048473E+00    0.813294345048486278E+01
    0.171463600305838071E+01    0.884608090148259918E+00    0.480219227815935756E+04    0.117607789322532398E-02    0.969104542366306165E+00    0.813414242109671548E+01
    0.171463600305838071E+01    0.884608090148259918E+00    0.480219227815935756E+04    0.117607789322532398E-02    0.969104542366306165E+00    0.813414242109671548E+01
    0.132450893123680524E+01    0.828440287056657509E+00    0.483000429602901113E+04   -0.731226990070547216E-03    0.239543098135105381E+00    0.813529212453199868E+01
    0.135303331618325950E+01    0.880115802358540589E+00    0.446392389416759761E+04    0.747050132032121101E-03    0.826239506008895730E+00    0.814239218335432824E+01
    0.137880556637421936E+01    0.873860239640412484E+00    0.457509009687350317E+04   -0.338623383776807995E-03    0.706283368080994123E+00    0.814488156929037110E+01
    0.130300554852020856E+01    0.877818839699310960E+00    0.434032629576801264E+04   -0.426823998681162943E-03    0.845250142634469070E+00    0.815243890370945934E+01
    0.149904183883175079E+01    0.876020863754137125E+00    0.422446270060622464E+04    0.469035014103078701E-03    0.789130085025832040E+00    0.816630043003059924E+01
    0.149904183883175079E+01    0.876020863754137125E+00    0.422446270060622464E+04    0.469035014103078701E-03    0.789130085025832040E+00    0.816630043003059924E+01
    0.138251968643096479E+01    0.885246521915145301E+00    0.490595699021254040E+04    0.634517400906084396E-03    0.797562010390653775E+00    0.817052474370350268E+01
    0.133519818723789419E+01    0.883926630849113715E+00    0.490866348689962160E+04   -0.443733284013696759E-03    0.807667393526324218E+00    0.818348159817638177E+01
    0.139571499375093921E+01    0.875387317326583148E+00    0.469545055953323390E+04    0.451043477159052705E-03    0.755013967309088874E+00    0.818553854151479143E+01
    0.142996992416875957E+01    0.842916452018700357E+00    0.469329958390554384E+04    0.113409112423942067E-02    0.336495261922606093E+00    0.818734883368288102E+01
    0.142996992416875957E+01    0.842916452018700357E+00    0.469329958390554384E+04    0.113409112423942067E-02    0.336495261922606093E+00    0.818734883368288102E+01
    0.134268812408825333E+01    0.876064493209636641E+00    0.455917515268253828E+04   -0.268224984317266216E-03    0.791058538855527016E+00    0.819170394443675143E+01
    0.134268812408825333E+01    0.876064493209636641E+00    0.455917515268253828E+04   -0.268224984317266216E-03    0.791058538855527016E+00    0.819170394443675143E+01
    0.147449047554069224E+01    0.873306256990393326E+00    0.474142696574632464E+04    0.287378070827486920E-04    0.739739603239930821E+00    0.819192723338447948E+01
    0.147449047554069224E+01    0.873306256990393326E+00    0.474142696574632464E+04    0.287378070827486920E-04    0.739739603239930821E+00    0.819192723338447948E+01
    0.136739310759768085E+01    0.887171682230923242E+00    0.487617118474302879E+04   -0.390362832777879263E-03    0.802928301511585008E+00    0.821516831589081598E+01
    0.136739310759768085E+01    0.887171682230923242E+00    0.487617118474302879E+04   -0.390362832777879263E-03    0.802928301511585008E+00    0.821516831589081598E+01
    0.136008002184961718E+01    0.866138187601192433E+00    0.482974659394404171E+04    0.261713365261755310E-03    0.482709886047148040E+00    0.821610346615457310E+01
    0.136008002184961718E+01    0.866138187601192433E+00    0.482974659394404171E+04    0.261713365261755310E-03    0.482709886047148040E+00    0.821610346615457310E+01
    0.137265360043127460E+01    0.867811404128500330E+00    0.457696524745204806E+04   -0.324983616388479200E-03    0.515295813263149105E+00    0.822236875795176125E+01
    0.139929347056424813E+01    0.895715004573503615E+00    0.479644178648960406E+04   -0.317871008684332556E-03    0.994764010366018026E+00    0.822417934347883595E+01
    0.134812544749717023E+01    0.866301046997784319E+00    0.431061703277108154E+04   -0.693304670500583279E-03    0.523325421542245817E+00    0.822436609569913912E+01
    0.141389183937830198E+01    0.887984533179918545E+00    0.467757219583200185E+04   -0.431319796439925832E-03    0.824793730604527209E+00    0.822781268181608461E+01
    0.141111358541269549E+01    0.873050088518212197E+00    0.485295358735401078E+04   -0.229620399175496247E-03    0.648089353863756434E+00    0.823000635780360312E+01
    0.145824340002142572E+01    0.872390803503372947E+00    0.495628223980278472E+04   -0.116432306771217748E-03    0.716266450516921394E+00    0.824454309542845465E+01
    0.137766525664712125E+01    0.891583611913251528E+00    0.471380661093605704E+04   -0.239393328504024455E-03    0.854960784921526273E+00    0.824872324432941539E+01
    0.144485830787775771E+01    0.821530799945102141E+00    0.496810496134359710E+04   -0.540970453662082407E-04    0.204288889646985827E+00    0.824876378858646220E+01
    0.152514879786575941E+01    0.870902458276263336E+00    0.432435557121024158E+04    0.644631351659565401E-03    0.660618081665582668E+00    0.825921343873105052E+01
    0.138117705809876501E+01    0.863275830261715504E+00    0.471209143055849381E+04   -0.378825791130716391E-03    0.473634596205022240E+00    0.826181628193998030E+01
    0.135955437277381064E+01    0.840427632074730147E+00    0.448243102257484861E+04    0.164875215106382911E-03    0.282328693019493981E+00    0.826236899864558083E+01
    0.135955437277381064E+01    0.840427632074730147E+00    0.448243102257484861E+04    0.164875215106382911E-03    0.282328693019493981E+00    0.826236899864558083E+01
    0.134560397359021766E+01    0.847751388624312097E+00    0.487959127587986768E+04    0.688729253630483815E-03    0.382233332099016387E+00    0.827316172781833892E+01
    0.140633880453328519E+01    0.872133518837627353E+00    0.442558399249114609E+04   -0.489749965978829969E-04    0.648612724293917475E+00    0.828449509301656306E+01
    0.144637522541387731E+01    0.859358457554006749E+00    0.420251836200970683E+04    0.159778041593222241E-04    0.416338602393422685E+00    0.828571643070410957E+01
    0.138816886150223517E+01    0.859512769228919615E+00    0.490257666427266849E+04    0.364868637880713057E-03    0.514270941930378478E+00    0.828732068600795202E+01
    0.139279951684513081E+01    0.847558055297506829E+00    0.482870079779567004E+04   -0.745817119155242928E-03    0.342525768882588399E+00    0.829452887962156282E+01
    0.141757734419916148E+01    0.860071881964565521E+00    0.444938104313498570E+04    0.438917784937609958E-03    0.446224918629537060E+00    0.830273828231770317E+01
    0.140617410360582262E+01    0.872890557102103393E+00    0.435117319401973782E+04   -0.420975247926179126E-03    0.615861285039049688E+00    0.830344206535341556E+01
    0.146799566895651212E+01    0.857428229368075057E+00    0.495636924620456193E+04   -0.830274655236842065E-04    0.463307516148657117E+00    0.830750216753011195E+01
    0.146799566895651212E+01    0.857428229368075057E+00    0.495636924620456193E+04   -0.830274655236842065E-04    0.463307516148657117E+00    0.830750216753011195E+01
    0.159539020069504867E+01    0.868334253364660302E+00    0.472994408002092223E+04    0.117488623846961687E-02    0.655760583784023243E+00    0.831129933004779176E+01
    0.159539020069504867E+01    0.868334253364660302E+00    0.472994408002092223E+04    0.117488623846961687E-02    0.655760583784023243E+00    0.831129933004779176E+01
    0.146381627023291205E+01    0.872235567676185597E+00    0.459047073237373661E+04    0.185978761396036986E-03    0.644570565043271926E+00    0.831136447023087221E+01
    0.146381627023291205E+01    0.872235567676185597E+00    0.459047073237373661E+04    0.185978761396036986E-03    0.644570565043271926E+00    0.831136447023087221E+01
    0.146838162943701711E+01    0.828433912178104914E+00    0.497036613624065740E+04   -0.676006222084243728E-03    0.233479996855852190E+00    0.831616797468572244E+01
    0.148028875903535662E+01    0.874682831212780343E+00    0.474122538346230158E+04    0.221505609920937473E-03    0.836134850199704349E+00    0.831963241860472813E+01
    0.138228950454038002E+01    0.878397082504612681E+00    0.488925665791313440E+04   -0.277965343642812258E-03    0.715329610549632067E+00    0.834986547904203569E+01
    0.141822925164215019E+01    0.859468388582992460E+00    0.474811208271264786E+04    0.116668216419329548E-03    0.542357280166085198E+00    0.835359381776190091E+01
    0.137372060465802659E+01    0.886819627778191677E+00    0.466389738052720440E+04   -0.247786447210990844E-03    0.948297843652073147E+00    0.836826935851235909E+01
    0.137372060465802659E+01    0.886819627778191677E+00    0.466389738052720440E+04   -0.247786447210990844E-03    0.948297843652073147E+00    0.836826935851235909E+01
    0.148253282582916457E+01    0.836794538621436157E+00    0.499716328761198838E+04    0.190471106959765541E-04    0.288926429080793690E+00    0.837037437734512579E+01
    0.140300054736299806E+01    0.880494688499549483E+00    0.498691594960846396E+04    0.794817345061981528E-04    0.851534930785938005E+00    0.837061842700427938E+01
    0.140300054736299806E+01    0.880494688499549483E+00    0.498691594960846396E+04    0.794817345061981528E-04    0.851534930785938005E+00    0.837061842700427938E+01
    0.137976145069491851E+01    0.844015371170201090E+00    0.408464281678754878E+04   -0.275330306370566112E-04    0.284121222343878377E+00    0.837237530891084347E+01
    0.137976145069491851E+01    0.844015371170201090E+00    0.408464281678754878E+04   -0.275330306370566112E-04    0.284121222343878377E+00    0.837237530891084347E+01
    0.153190144705617293E+01    0.857078503170947692E+00    0.467446664038775998E+04    0.356512924797851652E-03    0.478647504396871593E+00    0.837910368964547914E+01
    0.148041842836001480E+01    0.844038569548023143E+00    0.486511191726150719E+04   -0.192774153555076824E-03    0.326915746681937902E+00    0.838359447916632838E+01
    0.138456686187497047E+01    0.822949131568765924E+00    0.432986648915640126E+04    0.206076500823490206E-03    0.204928846929373465E+00    0.839325361897746802E+01
    0.145098738066560839E+01    0.864912207229911467E+00    0.494792046523546469E+04    0.473569371481203348E-03    0.585296420832136399E+00    0.839890090562559166E+01
    0.154203595647539782E+01    0.884573892732027578E+00    0.449061537036421760E+04    0.574944529323266618E-03    0.939947154843706167E+00    0.840698453748208507E+01
    0.145553721796978142E+01    0.876521040589812728E+00    0.461886885744947904E+04    0.367650579327269010E-03    0.770084672920100965E+00    0.840936603781005587E+01
    0.134558072974597476E+01    0.874590363101226731E+00    0.476882080650503576E+04   -0.225626220923044762E-03    0.548295518049365604E+00    0.841942020440359329E+01
    0.135877485155405786E+01    0.888566092606561164E+00    0.448505836853517485E+04   -0.475065278405407390E-03    0.940049495685222669E+00    0.842004747609884063E+01
    0.135877485155405786E+01    0.888566092606561164E+00    0.448505836853517485E+04   -0.475065278405407390E-03    0.940049495685222669E+00    0.842004747609884063E+01
    0.134652931207919968E+01    0.869106864947002067E+00    0.467800373790400135E+04    0.232448720633602875E-03    0.578323935503263886E+00    0.842246693193422757E+01
    0.152937710608135990E+01    0.886605876112037117E+00    0.480551682144097595E+04    0.452716179793010755E-03    0.944346365594972426E+00    0.842894134692139829E+01
    0.157364554876028562E+01    0.867797372895037555E+00    0.490271797439262536E+04    0.115047869897372951E-02    0.727577931935268207E+00    0.844310164295451493E+01
    0.144297474864967290E+01    0.882689125857525902E+00    0.489937738521220217E+04   -0.527727737828792283E-03    0.745942864212511103E+00    0.844420622442822300E+01
    0.157126270669443846E+01    0.859433661892119893E+00    0.482101121017008973E+04    0.106134456408242105E-02    0.536959580702223715E+00    0.844551149087099517E+01
    0.144992299034087369E+01    0.829822658367265542E+00    0.491473440877960456E+04   -0.196943423826444143E-03    0.212605737894409480E+00    0.844819194375290472E+01
    0.139103512376672667E+01    0.847395113121468868E+00    0.493759835357832162E+04   -0.438550821809791016E-03    0.354522814037927847E+00    0.845514081521187855E+01
    0.139103512376672667E+01    0.847395113121468868E+00    0.493759835357832162E+04   -0.438550821809791016E-03    0.354522814037927847E+00    0.845514081521187855E+01
    0.141453592169573517E+01    0.882708683987232234E+00    0.435196345724121602E+04    0.455467025498961051E-03    0.798782100173885845E+00    0.846726426608475258E+01
    0.143172246249344504E+01    0.858745679282888030E+00    0.434854609457384777E+04   -0.107609723905688045E-03    0.469068533002998167E+00    0.847395161535377994E+01
    0.143172246249344504E+01    0.858745679282888030E+00    0.434854609457384777E+04   -0.107609723905688045E-03    0.469068533002998167E+00    0.847395161535377994E+01
    0.135717507959246886E+01    0.884288397542228988E+00    0.455408569967500443E+04    0.270777281986616227E-03    0.895004544015228776E+00    0.847633914578759295E+01
    0.134820712798313602E+01    0.866093040556724758E+00    0.426241698979297234E+04   -0.304569292602223948E-03    0.576100488452139348E+00    0.848104976286299106E+01
    0.141341080285570397E+01    0.861561825455934738E+00    0.498613118639466211E+04    0.104538308903251578E-03    0.464213898622435894E+00    0.848505442855747383E+01
    0.132812922093551133E+01    0.889646961760396260E+00    0.467366496168728099E+04   -0.269464884559607169E-03    0.913961348887048164E+00    0.848970337156821486E+01
    0.162662336064380408E+01    0.868299079568320531E+00    0.479020642594062701E+04    0.126947474120095395E-02    0.675628860048809621E+00    0.849322627014564979E+01
    0.144562611748371150E+01    0.885990504075197083E+00    0.499728189238556661E+04   -0.343950644061170483E-03    0.898160233443363598E+00    0.849377446825224247E+01
    0.136604914380474796E+01    0.886470647864709305E+00    0.488151480212109163E+04   -0.351007730830704733E-03    0.872790799758298985E+00    0.849568129937472527E+01
    0.139110194741241333E+01    0.829707367242057625E+00    0.408401730934251691E+04    0.891769747455076721E-05    0.211109978491756889E+00    0.850237187876675193E+01
    0.139110194741241333E+01    0.829707367242057625E+00    0.408401730934251691E+04    0.891769747455076721E-05    0.211109978491756889E+00    0.850237187876675193E+01
    0.146912924356945007E+01    0.861760918257114428E+00    0.476053241157942830E+04    0.110464175468583418E-02    0.475517935256482838E+00    0.851034419776310713E+01
    0.134736404768326268E+01    0.876886924818822133E+00    0.438631968752428929E+04    0.115586184828529015E-03    0.729189934760675396E+00    0.851111938441630755E+01
    0.153088239744235888E+01    0.867721538288095617E+00    0.492100516499286550E+04    0.125939348567066117E-02    0.657301705790477198E+00    0.853521892870758236E+01
    0.141448343512147279E+01    0.889325195877123220E+00    0.473265894643486354E+04   -0.362488142626118655E-03    0.984832818940850396E+00    0.854133446133977614E+01
    0.146060192190930449E+01    0.864816708683005086E+00    0.483708963337431578E+04    0.102503497321550598E-02    0.610315923164413965E+00    0.854588129573190081E+01
    0.140930672025018744E+01    0.879234016255854622E+00    0.491454007554058353E+04   -0.856860914870687866E-03    0.615738745125249731E+00    0.855401890587648772E+01
    0.141262138446184271E+01    0.814921701517946628E+00    0.478251141613655000E+04   -0.579265393545361370E-03    0.136354742036642718E+00    0.855984782871831662E+01
    0.139748226836293155E+01    0.855690373330959542E+00    0.487566216713020003E+04   -0.361071326659707638E-04    0.428626136068594010E+00    0.856263849997088400E+01
    0.146117684034296991E+01    0.870693964074680027E+00    0.499785046380723907E+04    0.241889750649579294E-03    0.715641790709768633E+00    0.856463755079773215E+01
    0.146953217706464168E+01    0.879376924421851669E+00    0.477647671189877747E+04   -0.278616787328994295E-03    0.789800527846600708E+00    0.856616409154177560E+01
    0.135137918528079659E+01    0.885798337322862062E+00    0.485719360901613618E+04    0.185466887998896897E-03    0.883385856234092159E+00    0.857302446359844694E+01
    0.140410437175146141E+01    0.880191660129633680E+00    0.496838032746546469E+04   -0.220039938468010150E-04    0.887536942319188005E+00    0.858864512188960205E+01
    0.143275214306578969E+01    0.867770019766130329E+00    0.493809964617222158E+04    0.176350125381030757E-03    0.634202609651426386E+00    0.859043324334286851E+01
    0.137372748746426243E+01    0.878696272899860742E+00    0.499315422490798028E+04    0.276745260841084254E-03    0.768595233895094765E+00    0.859227046222523327E+01
    0.152286822158203083E+01    0.874781594158246745E+00    0.471994917844691099E+04   -0.534113999020707428E-03    0.691799196740697120E+00    0.859602166773351506E+01
    0.159792909519392179E+01    0.884494193984609489E+00    0.494721947168493534E+04    0.133798963346500022E-02    0.952179052396135650E+00    0.859746055156671574E+01
    0.147392191222944380E+01    0.887201049459864555E+00    0.496499779501877492E+04   -0.243614194971440105E-03    0.929128545899046476E+00    0.859908951754092854E+01
    0.138802510506428334E+01    0.894748344690373232E+00    0.473704564206601663E+04   -0.415373169765051486E-03    0.963641442792346536E+00    0.861054587402862737E+01
    0.133135125998232029E+01    0.864849421652282846E+00    0.480896224825058107E+04    0.521866770477557901E-03    0.507016159629235186E+00    0.862248012573427580E+01
    0.143770290613174456E+01    0.885562404990196228E+00    0.494920095455646515E+04    0.742538886128561964E-03    0.855467081069946289E+00    0.862402246198454669E+01
    0.134722713044051190E+01    0.886791093352249038E+00    0.444736567411510441E+04   -0.389531150570122107E-03    0.877191350534681558E+00    0.863291493327648141E+01
    0.134722713044051190E+01    0.886791093352249038E+00    0.444736567411510441E+04   -0.389531150570122107E-03    0.877191350534681558E+00    0.863291493327648141E+01
    0.151297272129362748E+01    0.846653817072507531E+00    0.451017600246460734E+04    0.179880839965906636E-03    0.329784656878492788E+00    0.864510761038331488E+01
    0.137716748149099288E+01    0.853386345020980874E+00    0.467219277024720486E+04    0.396354943385990169E-03    0.352531813506099800E+00    0.864649281633683842E+01
    0.143224352421233037E+01    0.885551442079975826E+00    0.483825361634593173E+04   -0.346569065757346367E-03    0.923205888738408142E+00    0.865139480847639675E+01
    0.145040499175718907E+01    0.890502598781012900E+00    0.487758421056979387E+04   -0.226123368653285772E-03    0.955107911251298569E+00    0.865685761773900531E+01
    0.138511201478734591E+01    0.876917513107479785E+00    0.450124973094219058E+04    0.539380068332096711E-03    0.692090907077262285E+00    0.866406645845386514E+01
    0.139051066153037262E+01    0.873273113084634622E+00    0.425817615442642727E+04   -0.215965855773688685E-03    0.653369016950695380E+00    0.866705617199501077E+01
    0.158626393037813962E+01    0.878869349982199122E+00    0.423593010971957028E+04    0.121147157158513446E-02    0.928484118985113183E+00    0.867754337987169144E+01
    0.141363510781008994E+01    0.854686927911062488E+00    0.496236113424970426E+04   -0.536141299298401128E-03    0.406953463717610153E+00    0.867950453579255843E+01
    0.139952185449380462E+01    0.840927129504182136E+00    0.471266312041721540E+04    0.744625794899923886E-04    0.280049727557147687E+00    0.868140254908324138E+01
    0.150912004038151348E+01    0.853772635951885572E+00    0.479434190622782353E+04   -0.462642452844661651E-03    0.375769797028942809E+00    0.868808020476587295E+01
    0.146350031086367105E+01    0.878000873847592400E+00    0.495738390611841805E+04    0.345991463880278836E-03    0.686569365242576835E+00    0.869656301223913708E+01
    0.135568116439698372E+01    0.894221550563072287E+00    0.486392598262961474E+04   -0.554067123673234732E-03    0.891779125294950847E+00    0.869875041061487586E+01
    0.138214521940887147E+01    0.872529973076258569E+00    0.490246258173581191E+04    0.707491923504619029E-04    0.760894421259049603E+00    0.870245776843371033E+01
    0.138214521940887147E+01    0.872529973076258569E+00    0.490246258173581191E+04    0.707491923504619029E-04    0.760894421259049603E+00    0.870245776843371033E+01
    0.140157765341420881E+01    0.869956658639472913E+00    0.473097254837669880E+04    0.368627258863465717E-03    0.588083719427533347E+00    0.870352668258567874E+01
    0.151616120616712391E+01    0.880979600816845676E+00    0.496043207455702850E+04   -0.315541249537833180E-03    0.964645432832873628E+00    0.870661569566092020E+01
    0.136943285758814826E+01    0.867651491153924259E+00    0.469180532830806169E+04   -0.704759907147962440E-03    0.459774446642628010E+00    0.871970429996971319E+01
    0.152893440530181146E+01    0.851339222483228686E+00    0.453691976228147723E+04    0.579365989726083621E-03    0.373189833907019541E+00    0.872113271899733533E+01
    0.144323968310404105E+01    0.882678657942691847E+00    0.442889703759101394E+04    0.392887196641271376E-03    0.827125850261258289E+00    0.872824752748125654E+01
    0.148149622488105615E+01    0.866266456759468562E+00    0.477319075812442043E+04   -0.835453219368742137E-03    0.510539812080316180E+00    0.873255720387548351E+01
    0.136674207863248776E+01    0.894266483406602974E+00    0.484847409735535530E+04   -0.504606627769413601E-03    0.923103824304968512E+00    0.874014117050201733E+01
    0.152454292665363988E+01    0.869213730864914380E+00    0.474060712933220930E+04    0.115751908282894084E-02    0.721387643961338476E+00    0.874286831943263465E+01
    0.135600921814949826E+01    0.887463540141043894E+00    0.481641028809871568E+04    0.179137867625189524E-03    0.936073882579158134E+00    0.875426350731165748E+01
    0.144736349407980103E+01    0.882250406264267761E+00    0.469538981180739938E+04    0.125855461261856140E-02    0.913426330291618571E+00    0.876051946402975190E+01
    0.140722870660604649E+01    0.798903655387635192E+00    0.494655345651708922E+04    0.339358337628441100E-03    0.103821771310353334E+00    0.876180992442027318E+01
    0.143952605876067974E+01    0.863408960051261221E+00    0.449184431655986282E+04    0.226342275434530336E-03    0.540963214635032719E+00    0.876227296879459594E+01
    0.138930871324163951E+01    0.837137077960716014E+00    0.493454707672387303E+04   -0.482446840846042081E-03    0.252188231765772708E+00    0.876586968429117519E+01
    0.143889997332861741E+01    0.819517716504246541E+00    0.497724219401492155E+04   -0.216029245363591384E-03    0.170836874029240804E+00    0.876795048226903795E+01
    0.139803809971719595E+01    0.868003458141133111E+00    0.460432077999965986E+04   -0.440167567847668669E-03    0.511226534445657022E+00    0.876828497515251115E+01
    0.139954378596436313E+01    0.891268676882192024E+00    0.452457405595596265E+04   -0.631969622017613001E-03    0.793792510843868926E+00    0.877165599217025083E+01
    0.143340374313577490E+01    0.861765686569955558E+00    0.434897174755741980E+04    0.336637471793208622E-04    0.496087236078925797E+00    0.877566549034779086E+01
    0.133639306603761376E+01    0.870337195898813643E+00    0.482925481468916314E+04   -0.723457224200962316E-03    0.466313221221356100E+00    0.877611297474625829E+01
    0.137177585321825291E+01    0.866539069666372508E+00    0.444713983145371640E+04    0.694145072241385416E-04    0.554962906191881489E+00    0.877863400662753790E+01
    0.133380091504016285E+01    0.886713821521620815E+00    0.448469080226958613E+04   -0.289243340939407954E-03    0.911438770637025164E+00    0.878180175953565723E+01
    0.147388149275188174E+01    0.832508026395250122E+00    0.492106859097823144E+04   -0.210468861729270546E-03    0.225443507035349711E+00    0.878212637650922012E+01
    0.141253844122195305E+01    0.882205534174002159E+00    0.474860422335732255E+04    0.489283113120491026E-03    0.870925940908638063E+00    0.878563013982513041E+01
    0.143853785013181934E+01    0.862335437577500308E+00    0.434840549980910237E+04    0.329855647804397193E-03    0.508286763721751411E+00    0.879390888348741129E+01
    0.141722946651565485E+01    0.877270398948762797E+00    0.481006153735514818E+04    0.145797422815427439E-04    0.736652186674134568E+00    0.879587004122711846E+01
    0.149552365796582376E+01    0.864645605096940995E+00    0.479447135966099631E+04   -0.645432794824523184E-03    0.526781750172026775E+00    0.883519535649909038E+01
    0.137031500287426211E+01    0.818814558350327570E+00    0.477278852367809304E+04   -0.419210281052016342E-03    0.160467584424903859E+00    0.883747984261152908E+01
    0.146404052127297879E+01    0.874036634658385325E+00    0.495193453579196193E+04    0.112829156419673188E-02    0.791909542812514800E+00    0.884169750130190124E+01
    0.145454295939661682E+01    0.870810957935157948E+00    0.481556534787644432E+04   -0.261924746163911387E-03    0.568381164091799840E+00    0.884363480449400896E+01
    0.130769089186622445E+01    0.886332469681711199E+00    0.457796922150654336E+04   -0.766895116855453667E-03    0.776641056329728685E+00    0.884432803907244391E+01
    0.143971532604141705E+01    0.880936504541708687E+00    0.452411176643040471E+04    0.729265212429351228E-03    0.813451625129179234E+00    0.884571912480149969E+01
    0.160562452091434094E+01    0.872196783964253375E+00    0.488628795966245252E+04    0.107041055668130689E-02    0.750900260021864940E+00    0.884807690571141592E+01
    0.152139706569854294E+01    0.864786537302562608E+00    0.480950591940828599E+04    0.113951091953498054E-02    0.555679172826293533E+00    0.885042926651185091E+01
    0.142485224585785719E+01    0.853240247289597020E+00    0.462929036751961576E+04    0.271949146241601410E-03    0.384537051341570679E+00    0.885278989887837753E+01
    0.136729681746952636E+01    0.859229016125031553E+00    0.493250149946208148E+04    0.677450855179983699E-03    0.416366082438954899E+00    0.885770993476450563E+01
    0.138069828105560299E+01    0.841799503803130289E+00    0.493698084767362161E+04    0.782311052048718632E-04    0.325260145284660074E+00    0.885960005927948835E+01
    0.135614659197299270E+01    0.820770972608810601E+00    0.460858827321741501E+04   -0.113303331321251599E-03    0.158580251628903268E+00    0.886072923920567135E+01
    0.152940960759425870E+01    0.874898938476103005E+00    0.468193617624163653E+04    0.116878061376311424E-02    0.751626929328168991E+00    0.886739526892813679E+01
    0.135336280206879445E+01    0.881267621369263954E+00    0.486142909242997212E+04    0.509314691197834506E-03    0.854136452661705681E+00    0.886742475812446074E+01
    0.142453840874566318E+01    0.864307707065980813E+00    0.491968607956174128E+04   -0.371141566217421653E-03    0.501125488764299631E+00    0.886775089280308038E+01
    0.131783021532382216E+01    0.861917791042764003E+00    0.486673152172903247E+04   -0.141507135998384889E-03    0.452446971572510126E+00    0.887042391113537576E+01
    0.138330086154163290E+01    0.869073663822252263E+00    0.497938259207009196E+04    0.388399745326161892E-03    0.538419706353411298E+00    0.888050602734063155E+01
    0.135538423898191063E+01    0.858554187221087006E+00    0.485732672715674744E+04   -0.288273328982361341E-03    0.437784650747306325E+00    0.888814183952640136E+01
    0.136353655437234211E+01    0.884820785748821392E+00    0.472894132358667230E+04   -0.790349757223171188E-03    0.711909236828716652E+00    0.889111048277688987E+01
    0.142312756369591531E+01    0.834244873033409884E+00    0.496693451521583847E+04   -0.828229607882186253E-04    0.225139823718035981E+00    0.889725976382712958E+01
    0.137739756693186655E+01    0.812881577273503853E+00    0.491805484137488202E+04   -0.640171948363018847E-04    0.170716902357099631E+00    0.889831743181779977E+01
    0.151348372795645636E+01    0.882568924768524443E+00    0.496089657304485900E+04   -0.360324566150560977E-03    0.868249685078673727E+00    0.890059854271824236E+01
    0.141129980723329518E+01    0.856752151434639564E+00    0.470472214163637364E+04    0.176736294561636350E-03    0.420792255820327643E+00    0.890493991418822262E+01
    0.140878424227363652E+01    0.853746985869747066E+00    0.457404622324019510E+04    0.122581832348437892E-03    0.405084285202535588E+00    0.890702537774181202E+01
    0.138523610280424947E+01    0.890747922573708717E+00    0.472793015251579527E+04   -0.471352578953259760E-03    0.767553872565521100E+00    0.891482274043766232E+01
    0.148890695571610610E+01    0.880895784159386741E+00    0.495589089520308880E+04   -0.872635280711086397E-03    0.805362336950050661E+00    0.891654710775699222E+01
    0.141107372553142274E+01    0.822322028982535813E+00    0.499930028430943457E+04   -0.303381377119702085E-03    0.169329512872893551E+00    0.891936300600469423E+01
    0.135018640853716310E+01    0.888888810676498498E+00    0.442040133498059004E+04   -0.460573670158824033E-03    0.894505826648388291E+00    0.892398852938095466E+01
    0.133185222061695918E+01    0.894012263074653091E+00    0.476805633099032366E+04   -0.423810408282890999E-03    0.908612784511384164E+00    0.892821118468046038E+01
    0.138717044253095967E+01    0.840892281223970084E+00    0.488895606271405450E+04   -0.441104038221094824E-04    0.312586423281068060E+00    0.893121701965354831E+01
    0.140043656878720801E+01    0.871766030869418729E+00    0.493785339740518975E+04    0.761332472076242661E-03    0.598787842960657568E+00    0.893313611585434586E+01
    0.136690094274003382E+01    0.892338383137691649E+00    0.467608298078781991E+04   -0.175419302812583611E-03    0.803622502421659890E+00    0.893421959953979083E+01
    0.144589619499616751E+01    0.885091903425241355E+00    0.495746040788956088E+04   -0.462873628342646670E-03    0.862510703602170969E+00    0.893750556563674969E+01
    0.151321385933839103E+01    0.859627966398267995E+00    0.479457798671816454E+04   -0.143405817905837771E-03    0.435225120337143445E+00    0.894030406229866159E+01
    0.135275433659703981E+01    0.877448588706629895E+00    0.488033625850392764E+04   -0.819622570310604020E-04    0.727831748065579154E+00    0.894119983261758300E+01
    0.140984683054681748E+01    0.884247857922497493E+00    0.496616738470185828E+04    0.728966304352047199E-03    0.812695692754243804E+00    0.894871235935735676E+01
    0.136948077638794707E+01    0.868101298363779916E+00    0.464583633489520707E+04   -0.324640864472766166E-03    0.515056560713504030E+00    0.895001704469326853E+01
    0.140491525575766563E+01    0.816940904426545766E+00    0.488274926560883432E+04    0.251343663200763684E-03    0.176619125704811031E+00    0.895048747064728545E+01
    0.139648834908797470E+01    0.874143336378639613E+00    0.496794503035823618E+04    0.419439378254230204E-03    0.713201668046094417E+00    0.895543773387444020E+01
    0.133236386530442497E+01    0.880201078181819918E+00    0.457744424701765183E+04    0.243975509814435169E-03    0.815350087240137800E+00    0.897133055007124547E+01
    0.141932530964061465E+01    0.877360657453536086E+00    0.489248919569455484E+04    0.111125946309335172E-02    0.778114682305655503E+00    0.897345871607495127E+01
    0.135262178852616222E+01    0.871971161318842225E+00    0.481741827181307690E+04   -0.226698094697732488E-03    0.574525038609772443E+00    0.897486485589007899E+01
    0.131780431938381559E+01    0.869241186044983127E+00    0.446679492356831088E+04   -0.241974096012751621E-03    0.538964826464788493E+00    0.897658760322581628E+01
    0.145657244662293417E+01    0.865558743892421267E+00    0.457299024462527996E+04    0.523478945424800802E-03    0.549954209042969433E+00    0.897857804763021505E+01
    0.135266165708930020E+01    0.897956483602097344E+00    0.479025692583700038E+04   -0.488943170777994757E-03    0.914785196321229899E+00    0.898050969538517663E+01
    0.137650814679398636E+01    0.876961779756927795E+00    0.473118547747107914E+04   -0.386957066501043552E-03    0.694340553688291617E+00    0.898209389513288947E+01
    0.136383101487760161E+01    0.842613841761998272E+00    0.481645258525506870E+04   -0.325536839138945309E-03    0.281077978290039499E+00    0.899352010720520312E+01
    0.140951597736280854E+01    0.859402270919379263E+00    0.472770920296763143E+04   -0.360539240316795758E-03    0.403150245136171481E+00    0.900137316352476802E+01
    0.143678326980649818E+01    0.846223093355120248E+00    0.464275161566484167E+04    0.104805318891090709E-03    0.319619673003379123E+00    0.901126913253254713E+01
    0.142134264388260201E+01    0.886052080939811137E+00    0.495307004442256130E+04   -0.278006299575030440E-03    0.861967804718721253E+00    0.901528391017135178E+01
    0.134058705118295229E+01    0.883133688907360326E+00    0.471162083413727760E+04   -0.334476201340833004E-03    0.793833684229687586E+00    0.901558248884074587E+01
    0.142159030710270273E+01    0.863599789854487265E+00    0.473291877576037677E+04   -0.704457001631796499E-03    0.496405887698628034E+00    0.901779518593524365E+01
    0.132310679177601997E+01    0.879943367735170456E+00    0.478716492917374580E+04   -0.299156120237403123E-04    0.725484972446201137E+00    0.902312317561817601E+01
    0.137996503541482074E+01    0.886349986540882262E+00    0.478242357968092438E+04   -0.188804236797284218E-03    0.777973864549675431E+00    0.902674980576898456E+01
    0.140661358037498996E+01    0.829849745140435524E+00    0.488974087166340450E+04   -0.917294046965502698E-03    0.197816159218213494E+00    0.902759243633382624E+01
    0.136251487853380437E+01    0.886629119990046677E+00    0.473110362446338149E+04   -0.727315940317438143E-03    0.648799053558684613E+00    0.903721343269637245E+01
    0.136315649296674746E+01    0.885382545301124591E+00    0.497920555600038369E+04   -0.219944734915555624E-03    0.800207670287385819E+00    0.903836347634895887E+01
    0.145650254545479552E+01    0.867829011264361627E+00    0.466976268828283992E+04    0.218949977734849078E-03    0.605836183118041771E+00    0.904402539102811787E+01
    0.139816456515914989E+01    0.867563230851832512E+00    0.473033594256045853E+04   -0.197891005221523431E-05    0.587963422386432177E+00    0.904553543099009083E+01
    0.137608482445759983E+01    0.816167768668886517E+00    0.482952407178087742E+04   -0.225519588130852376E-03    0.150997011746493548E+00    0.904618868401959375E+01
    0.134920846183380938E+01    0.865960223264685913E+00    0.492534852700761348E+04   -0.234604200210668945E-03    0.459456716727569714E+00    0.904915552700260051E+01
    0.135324814702915575E+01    0.886923851628091953E+00    0.493668008396182358E+04    0.131607459559220541E-03    0.871422032627618304E+00    0.905323556425569009E+01
    0.136616932422087700E+01    0.851328559129205575E+00    0.480106668193336100E+04   -0.292116152030111082E-03    0.393250357732400968E+00    0.905767520062427955E+01
    0.150158481069816485E+01    0.876680629481517926E+00    0.496121512038085530E+04    0.125882882068328655E-02    0.838992698913135548E+00    0.906255969435433251E+01
    0.137476976468431866E+01    0.863721890917216850E+00    0.493647705118189515E+04    0.266549036712614975E-03    0.468676293702373792E+00    0.907063290994206639E+01
    0.147870251893661298E+01    0.874373370278305750E+00    0.480307131975999891E+04   -0.421795900676122683E-04    0.665294146769207062E+00    0.907556072065473884E+01
    0.140313789912963260E+01    0.884467482879762068E+00    0.479659997024450422E+04   -0.274390860371457896E-03    0.758129797186040677E+00    0.908048791593647309E+01
    0.139779705832086099E+01    0.883386632311360609E+00    0.489218780514465652E+04    0.628711055792023648E-05    0.855301981987259041E+00    0.910526536309504309E+01
    0.136541407085449862E+01    0.876952550709907408E+00    0.490876512248223480E+04    0.512849092223034448E-03    0.788762993171268412E+00    0.910697464871561024E+01
    0.159933885534873221E+01    0.855400206871583468E+00    0.498411315683533667E+04    0.110476251974448120E-02    0.479125174156346034E+00    0.911053272751205157E+01
    0.151552955553381841E+01    0.855313727582593164E+00    0.453671109948257254E+04    0.310259573652976479E-03    0.413931648063194713E+00    0.911304087722021805E+01
    0.139024929194857405E+01    0.892161994535959013E+00    0.480435749085874886E+04   -0.109372508289284464E-03    0.943348459159371044E+00    0.912402696350944709E+01
    0.140080396424579257E+01    0.848240494930994737E+00    0.488704676633377039E+04   -0.247041372223320670E-03    0.334417907256423064E+00    0.912562482926255747E+01
    0.152863348943918975E+01    0.876861743514740444E+00    0.489128775600851895E+04   -0.974361509796792323E-04    0.858663689610502434E+00    0.913268679953985796E+01
    0.138821558544460144E+01    0.866539021535744580E+00    0.457466453260518301E+04   -0.551168394706095491E-03    0.491889349529385289E+00    0.913631693708568093E+01
    0.135187982834885090E+01    0.865527240241063978E+00    0.481687098498577780E+04   -0.277118913104620153E-03    0.505313064194918393E+00    0.914116462752784642E+01
    0.136290543681592458E+01    0.882883178364232468E+00    0.466347624603063105E+04   -0.767192210421529792E-03    0.648891950636575232E+00    0.914909587173353955E+01
    0.142136791992673772E+01    0.890003877767274743E+00    0.483633087914931275E+04    0.117625404450347738E-03    0.897748685880619401E+00    0.915779923519271755E+01
    0.138828284949938086E+01    0.882352740056332685E+00    0.460228059414802283E+04    0.163816488620420659E-03    0.858521673527016249E+00    0.916649314516944358E+01
    0.136047694990292367E+01    0.868051916484421593E+00    0.488699011298976347E+04    0.769278893499448883E-04    0.612320210731885917E+00    0.917355835285635912E+01
    0.135783367990187021E+01    0.872606207086067842E+00    0.488218402799264095E+04   -0.875332134528667409E-04    0.509809818800012970E+00    0.917586229973501943E+01
    0.137917314708205252E+01    0.871244709195434064E+00    0.494654038059694994E+04    0.264593120472267883E-03    0.696412465098031230E+00    0.918280779041325168E+01
    0.146362074096028394E+01    0.882176084057443299E+00    0.486554900742398604E+04   -0.669560485780762478E-05    0.850812894761014959E+00    0.920039542919888298E+01
    0.150833348549611035E+01    0.875442619911555919E+00    0.480231660159560943E+04    0.194796209384549246E-04    0.736556208658148970E+00    0.924696391657926497E+01
    0.148751951146299710E+01    0.877879874619517997E+00    0.485324682951349132E+04   -0.788133390876572237E-04    0.778219071028639853E+00    0.947256559261992592E+01
    0.148285377358235859E+01    0.881423065008696494E+00    0.485390438100070514E+04   -0.111337483461839256E-03    0.874781488996347223E+00    0.951314756896769964E+01
    0.144302092908643331E+01    0.877000397107541185E+00    0.481127527070512497E+04    0.154100888630022003E-03    0.818392562470532381E+00    0.965648774850105340E+01
    0.145786394211585457E+01    0.878906809212984697E+00    0.491160934693061881E+04    0.221118345683503625E-03    0.825026947510502096E+00    0.954043048428900420E+01
    0.145549603503360636E+01    0.880443116566596018E+00    0.481561678252558431E+04    0.232170094120900006E-03    0.761157614893930856E+00    0.923223447748759085E+01
    0.144307142635415930E+01    0.871915795697310703E+00    0.494776985105361018E+04    0.108812583925020208E-03    0.653572090211681278E+00    0.939035617964144009E+01
    0.145934357399973269E+01    0.885251394444571127E+00    0.495718349747327466E+04    0.233857533809068773E-03    0.944021973158499783E+00    0.940056345569922058E+01
    0.146644312721971071E+01    0.881204119884973491E+00    0.489999467495588306E+04    0.155911829846317401E-03    0.896813561067801523E+00    0.943321525556275553E+01
    0.135888187244707193E+01    0.887343740873142939E+00    0.493695836835173395E+04    0.847377306664933859E-04    0.932603986097062743E+00    0.967347348324888578E+01
    0.135730198262517021E+01    0.884326999127899471E+00    0.488294496078883003E+04    0.376249077729722204E-04    0.849124603664642597E+00    0.953313384976732792E+01
    0.135083605700189069E+01    0.893520109427063836E+00    0.481701010970099560E+04   -0.441048068444266554E-04    0.965458342832345551E+00    0.101494111567729934E+02
    0.142422054455975688E+01    0.882204226972029049E+00    0.483213936224689587E+04    0.622733253149982519E-04    0.902902771296033357E+00    0.933935254900322320E+01
    0.137789145305065786E+01    0.888052737314007690E+00    0.493791112958764734E+04   -0.811374916916779659E-04    0.986670419441976421E+00    0.100084049924352669E+02
    0.143100427383263828E+01    0.885714601458793771E+00    0.495381977366806404E+04    0.110603330209048200E-03    0.934739388082315159E+00    0.918809474478296551E+01
    0.142248407111873476E+01    0.884234000980828827E+00    0.493844255815156066E+04   -0.276650086488256236E-04    0.896448580604071399E+00    0.939862176996963150E+01
    0.135423830383105903E+01    0.890019710557818922E+00    0.468765993348151278E+04    0.454469512045615685E-05    0.943208690896948920E+00    0.936998655725563268E+01
    0.136971501756063430E+01    0.891329906246041803E+00    0.466312985320861299E+04    0.813947092351726464E-05    0.943654084374458524E+00    0.976109673546390511E+01
    0.137295277231095292E+01    0.885154623104042582E+00    0.490211438295232983E+04    0.263061139873937391E-03    0.871246915046019588E+00    0.924207000157010583E+01
    0.136999243736117071E+01    0.865548335764200205E+00    0.481756853190208949E+04    0.692989327864279456E-04    0.560554030563555572E+00    0.948667873679342932E+01
    0.140039519745985253E+01    0.885251444348293171E+00    0.488971263269897463E+04    0.417883915303659062E-03    0.913712714842463414E+00    0.981452056630144654E+01
    0.137532478350229703E+01    0.880579822754267716E+00    0.486873850064047929E+04    0.527980996447785880E-03    0.883818409788233783E+00    0.960561623859715397E+01
    0.138058555665913274E+01    0.881520978237196329E+00    0.489871771757276474E+04    0.326476591394015650E-03    0.845603292539768514E+00    0.935846637114683233E+01
    0.138283171695614193E+01    0.882752570829098970E+00    0.490223564395960420E+04    0.371068741917508337E-03    0.868971693565645520E+00    0.964855538757806563E+01
    0.136911759621947060E+01    0.882378220098097077E+00    0.492740890046302775E+04    0.480350888152147903E-03    0.810622319910537126E+00    0.987405242312572184E+01
    0.136911759621947060E+01    0.882378220098097077E+00    0.492740890046302775E+04    0.480350888152147903E-03    0.810622319910537126E+00    0.987405242312572184E+01
    0.139499366184442408E+01    0.876535780214294902E+00    0.494869001532493712E+04    0.276400635674435775E-03    0.748037904982678858E+00    0.974851271318754087E+01
    0.138751225720085847E+01    0.879686047700800278E+00    0.490235427163091117E+04    0.613920687627183170E-03    0.790750889715462479E+00    0.984223153700212805E+01
    0.137534433847167747E+01    0.880108497732332018E+00    0.486828545991680767E+04    0.475719509437926512E-03    0.864288636778597130E+00    0.964190167808951237E+01
    0.136458625073977147E+01    0.877885455896214584E+00    0.468716435583915427E+04    0.204971030080934136E-03    0.725317054223022395E+00    0.965475760485496082E+01
    0.133111529610728230E+01    0.876158119628056564E+00    0.460814719679280006E+04    0.237383823129897441E-03    0.737738850298923499E+00    0.938841520603290647E+01
    0.135227590255965291E+01    0.882485847653181277E+00    0.474021634217425799E+04    0.613932293878084387E-03    0.869007933946985389E+00    0.943381798090015877E+01
    0.143278097474998312E+01    0.876297587463368499E+00    0.457345845736051251E+04    0.532108478476344044E-03    0.801649020268939028E+00    0.931881243168679063E+01
    0.137739259864085484E+01    0.871724555605933094E+00    0.443804882547145644E+04    0.369908861399920533E-03    0.632725101476185436E+00    0.946615689347414069E+01
    0.145162591565291299E+01    0.882850137297083171E+00    0.467776490112370084E+04    0.115297146197352695E-02    0.922600723823138846E+00    0.931734589471953711E+01
    0.137533168917477866E+01    0.863299044778644387E+00    0.488658682040596614E+04    0.605274897388568124E-03    0.530690100853555946E+00    0.966174395848676859E+01
    0.142547839403757903E+01    0.879391866350845763E+00    0.493774736561566715E+04    0.111816232484812064E-02    0.807399104728714567E+00    0.933196930935634228E+01
    0.141434501044260674E+01    0.870591354971528064E+00    0.489209800139111667E+04    0.542693739260010429E-03    0.681702663845398904E+00    0.920984516742468884E+01
    0.143436494051703889E+01    0.880929768117769130E+00    0.483215279443478630E+04    0.668155164530870619E-03    0.801960182992521364E+00    0.956922136430970127E+01
    0.143047135708479045E+01    0.871269999620350899E+00    0.481727555161965483E+04    0.106172075630993259E-02    0.658480735550749818E+00    0.954710106639372569E+01
    0.141605562911109040E+01    0.867891625120239985E+00    0.473025797902108297E+04    0.929624526585685960E-03    0.558021787137897962E+00    0.928643369438798416E+01
    0.140155536689054583E+01    0.861091924549302723E+00    0.490577801371818077E+04    0.115173723143036327E-02    0.484640960820034550E+00    0.949500338997118121E+01
    0.147632821245662660E+01    0.872172341076460134E+00    0.489934611145297913E+04    0.280034258925657197E-03    0.666747544833729888E+00    0.968747350283981667E+01
    0.157493533961378684E+01    0.859991100350987248E+00    0.479759150179043900E+04    0.110910906381241330E-02    0.530143467975454530E+00    0.930924778235251082E+01
    0.150826509727553049E+01    0.869587798786951249E+00    0.481121293975672052E+04    0.116919382913673107E-02    0.693056258565800332E+00    0.969752153640170711E+01
    0.148896884542064223E+01    0.865618091187244754E+00    0.481765470999844365E+04    0.126167670344456994E-02    0.585626288102157111E+00    0.993484801959979436E+01
    0.152362666773984490E+01    0.869030943675405787E+00    0.480428666357176371E+04    0.119048862213433251E-02    0.680347902474424115E+00    0.932542968328636945E+01
    0.154942136412372244E+01    0.869355365745101194E+00    0.480486402820277453E+04    0.121228861368829870E-02    0.685323794203847259E+00    0.924387623487831789E+01
    0.146850716337652054E+01    0.867987331921143968E+00    0.483645944529782810E+04    0.116942983941021694E-02    0.589278007196748277E+00    0.959304776831618256E+01
    0.148029611173671971E+01    0.867077414111283917E+00    0.496886364176811730E+04    0.118245940956544825E-02    0.663816305431743747E+00    0.930030746688979448E+01
    0.152196111622983321E+01    0.860483303382262310E+00    0.490280183644819681E+04    0.110313295444002630E-02    0.520203998728835160E+00    0.957674407440334008E+01
    0.145287040961396441E+01    0.866373404875020237E+00    0.495183004407296539E+04    0.647073435323587578E-03    0.564397409587036991E+00    0.925102264033908561E+01
    0.137664265282468934E+01    0.869769561000880653E+00    0.490354544552098378E+04    0.816187936978703945E-03    0.627516624890911756E+00    0.989273041737167169E+01
    0.142405342176475269E+01    0.815035289450264488E+00    0.488964160044830442E+04   -0.491887410691944850E-03    0.161359513865346221E+00    0.943334734510788664E+01
    0.133434887063346785E+01    0.854132699717107591E+00    0.475201538219463873E+04    0.112219602134486075E-03    0.390893273810078101E+00    0.962430593461338191E+01
    0.137529862026722061E+01    0.847941914410527575E+00    0.479261442339089717E+04   -0.181976740413760258E-03    0.328772228347768203E+00    0.928369144311082906E+01
    0.141208501836896216E+01    0.829748545663362425E+00    0.466392991592606359E+04    0.539081160643040141E-04    0.229748392357257525E+00    0.930346719358293228E+01
    0.137843919843497709E+01    0.851127291976559119E+00    0.468794812817626735E+04    0.215055440760168184E-03    0.360582423799520768E+00    0.954613522351649024E+01
    0.135291860072455594E+01    0.865344995122780514E+00    0.476015660840597320E+04   -0.709820112350206074E-03    0.457972521085165507E+00    0.983082434656099480E+01
    0.138747470811955775E+01    0.863580197704297170E+00    0.457414893990583005E+04   -0.633384934818451454E-03    0.463781824480370197E+00    0.935822950903417805E+01
    0.134631089923282277E+01    0.861096863242591604E+00    0.476824142972074515E+04   -0.443222918800706585E-03    0.421688009414432630E+00    0.918365661429228552E+01
    0.141459351347542839E+01    0.853729253185977699E+00    0.496830683560976195E+04   -0.438520352743656573E-03    0.439182350581661329E+00    0.924873191399876937E+01
    0.141664837413329359E+01    0.847374204735688807E+00    0.497532669397520203E+04   -0.354963471581635310E-03    0.308046592556098453E+00    0.933968476764030342E+01
    0.140546092980187964E+01    0.846834461445867159E+00    0.489674887155356282E+04   -0.670323718383681981E-03    0.333674493889177359E+00    0.944275604472383101E+01
    0.143071472098234742E+01    0.832603759653712472E+00    0.496895486269358480E+04   -0.387588882600676588E-03    0.230619517020283410E+00    0.923800507107520730E+01
    0.138488689070525339E+01    0.856449268248476225E+00    0.490274236266701791E+04   -0.320234772050663388E-03    0.423269911776420982E+00    0.950760087965208989E+01
    0.136104320247322508E+01    0.859692201946597567E+00    0.490392925829115211E+04   -0.154728920679039680E-03    0.410437345130048037E+00    0.100976568601709360E+02
    0.136104320247322508E+01    0.859692201946597567E+00    0.490392925829115211E+04   -0.154728920679039680E-03    0.410437345130048037E+00    0.100976568601709360E+02
    0.140478198316404890E+01    0.860304077000111689E+00    0.491077886144028435E+04   -0.127323449279776076E-03    0.466246690996458435E+00    0.932951597928571985E+01
    0.140309605131898429E+01    0.853855887004802083E+00    0.491042105518139942E+04   -0.255101364300171988E-03    0.374089368100247066E+00    0.929434674342093459E+01
    0.136167920464871717E+01    0.859398055484229539E+00    0.491597601847376700E+04   -0.404117957314893976E-03    0.440985145501818110E+00    0.956651335333745934E+01
    0.142169709038472813E+01    0.869927692358071880E+00    0.483671309466136154E+04   -0.679425997683855880E-03    0.572465693081836147E+00    0.976046383039362553E+01
    0.146434516974975759E+01    0.863952530942136199E+00    0.489965202347876675E+04   -0.518783109511586848E-03    0.557207918317113027E+00    0.922092808762057103E+01
    0.141942401579756705E+01    0.867894622132200255E+00    0.499224970769966421E+04   -0.618198188545535554E-03    0.563602139632418453E+00    0.932004355243961768E+01
    0.140479352944497959E+01    0.859905431394310305E+00    0.477776500540373218E+04   -0.781660323697655154E-03    0.473719490536175403E+00    0.968107773374238789E+01
    0.135134113833732461E+01    0.864607983934339241E+00    0.495208850262434953E+04   -0.580477919359377831E-03    0.513107721046988097E+00    0.935534633917137626E+01
    0.141354974700032976E+01    0.865908615079091448E+00    0.499461691974022688E+04   -0.481370001305186652E-03    0.487633598070687402E+00    0.928520523952838950E+01
    0.136591061159211025E+01    0.884885241387770138E+00    0.490256303480261886E+04   -0.125324313247383634E-03    0.822772767469385879E+00    0.940457337490579448E+01
    0.134634545169470798E+01    0.884914935944281722E+00    0.492711419158843273E+04   -0.171391129726487378E-03    0.754201707033260837E+00    0.931939818623917304E+01
    0.133833526004331160E+01    0.890196061677438588E+00    0.481697583946389295E+04   -0.411549457837846885E-03    0.899656214894863249E+00    0.934822574508773130E+01
    0.137199520852027135E+01    0.891766533553110308E+00    0.473190295913328646E+04   -0.310629115561144242E-03    0.931413997724359399E+00    0.936036203876525619E+01
    0.135342746011322834E+01    0.886295105450683351E+00    0.481781637732922627E+04   -0.892224394865629941E-04    0.741241011973315267E+00    0.949098422434858691E+01
    0.133285440077151884E+01    0.890029390234052142E+00    0.490358599146665256E+04   -0.701233255098162971E-03    0.793949253381420528E+00    0.102831237136216469E+02
    0.133285440077151884E+01    0.890029390234052142E+00    0.490358599146665256E+04   -0.701233255098162971E-03    0.793949253381420528E+00    0.102831237136216469E+02
    0.136047920593417793E+01    0.875373070463345115E+00    0.486746075550285786E+04   -0.310330317294862034E-03    0.682978769841353750E+00    0.926881319072558796E+01
    0.134908988287582332E+01    0.875326862344897427E+00    0.492702439984489865E+04   -0.417948246198668403E-03    0.670616716399741852E+00    0.924128913034094879E+01
    0.135381473475326586E+01    0.888436203197067731E+00    0.479097874237971064E+04   -0.606011152604397810E-03    0.746946142772162092E+00    0.957723607825361967E+01
    0.135105877010017394E+01    0.883052134604978334E+00    0.476085314638668569E+04   -0.158359246486485010E-03    0.700817363398996585E+00    0.942620019154238165E+01
    0.145080260772484326E+01    0.882451016327676974E+00    0.489902689730768361E+04   -0.387173622099250682E-03    0.763848762070093112E+00    0.948374182037651359E+01
    0.140486072903604153E+01    0.880179371778599062E+00    0.477705602798075324E+04   -0.187179859470792053E-03    0.773179506607633460E+00    0.983115838877803228E+01
    0.139698396336922781E+01    0.872478714425370172E+00    0.491089617910376637E+04   -0.101220206222338126E-03    0.628662766432824816E+00    0.946140106549525939E+01
    0.142736245307550469E+01    0.872538195970760433E+00    0.495365206434207175E+04   -0.395215599009953377E-03    0.644255142872831699E+00    0.926511284578034022E+01
    0.144589859084789207E+01    0.886578094245453752E+00    0.481579060507517079E+04   -0.290563918694777780E-03    0.943259995697701581E+00    0.948193595885912721E+01
    0.132078183568373242E+01    0.882894325683036052E+00    0.449889576884128292E+04   -0.682958643779395030E-03    0.735888154418289364E+00    0.942461867543425846E+01
    0.134796492892937048E+01    0.870337954747069320E+00    0.451912581471551584E+04   -0.779806916211862341E-04    0.580991237270961580E+00    0.979497935451303370E+01
    0.136697812057933588E+01    0.882255952849483882E+00    0.453910975768495155E+04   -0.525185749429919009E-03    0.744274236143765089E+00    0.923159928236113103E+01
