 F
        6841       18768           3         512
   -0.407912774243129945E+02   -0.313246688463834317E+02
 T
   2
    0.200000000000000000E+01    0.300000000000000000E+01    0.722656250000000000E-01    0.927734375000000000E+00
   0
   0
 T T     0           0
    0.000000000000000000E+00   -0.100000000000000002+101    0.000000000000000000E+00
 T F     1          37
    0.103273877296248412E-04   -0.528233434729230709E+02   -0.441573715455632012E+02
 T F     1         475
    0.303474244509710010E-05   -0.407912833746477759E+02   -0.313245924872788137E+02
