 F
       17885      185061           3        2048
    0.212060642405341104E+01    0.644568170144678643E+01
 T
   2
    0.200000000000000000E+01    0.300000000000000000E+01    0.152832031250000000E+00    0.847167968750000000E+00
   0
   0
 T T     0           0
    0.000000000000000000E+00   -0.100000000000000002+101    0.000000000000000000E+00
 T F     1         313
    0.104551973995818768E-03    0.161037064670424113E+00    0.632101960414057285E+01
 T F     1        1735
    0.342930279276475723E-03    0.196871424964999764E+01    0.646613061328998295E+01
