 F
        3559        9465           3         256
   -0.751545063875907147E+02   -0.660484923276323457E+02
 T
   2
    0.200000000000000000E+01    0.300000000000000000E+01    0.105468750000000000E+00    0.894531250000000000E+00
   0
   0
 T T     0           0
    0.000000000000000000E+00   -0.100000000000000002+101    0.000000000000000000E+00
 T F     1          27
    0.104577469161176764E-05   -0.778869999358657736E+02   -0.670851729907355150E+02
 T F     1         229
    0.191100200661626673E-05   -0.752217759571146587E+02   -0.659763561824400426E+02
