chirp_mass mass_ratio EOS alpha zeta
1.0995405011250785 0.4416614938457571 4866.2955335358165 6.70491229581517e-06 0.042230932304425546
1.4119647468286876 0.5488347424489045 4089.50626454828 -0.00033662844703005143 0.05352372916932931
0.8952387719206629 0.48809406431611957 4442.316799103577 0.00015606915528594664 0.02277422333180002
1.073650640183082 0.5141400272506289 4730.626582490624 0.00011806139998269416 0.020056293344148275
1.30877373248717 0.5246081150448606 4989.353163571224 -6.474833615536106e-05 0.07280431855477816
1.2038568067763635 0.4537556780610157 4152.734922475992 3.5845581926216734e-05 0.06309230410910369
1.2027003492345718 0.4693375706246693 4968.984852476143 -0.0005123952048299863 0.06135831429303369
0.878919690251607 0.45779104855786185 4690.223672998557 0.0002526952422294522 0.02300418744566185
1.263265266681902 0.46235319348723236 4606.359010875703 -0.0003438775637118989 0.06031466523157176
1.2956964607536887 0.4999818815011678 4903.711146074024 0.0003109970148298892 0.07328312017961525
1.3500625261546375 0.5506892019532856 4671.939893173566 0.0004019257007029358 0.056432547592996374
1.4374371990501131 0.5275327670882652 4208.133373668657 0.000129761918941026 0.07243795885797441
1.2524599535306185 0.5146360261030194 4973.717015779775 -0.0005720516250451829 0.06508747271621936
1.0120095949960204 0.5211628550209562 4694.119991439197 -0.00018691193839339324 0.02300252889951395
1.321019325602268 0.5345957959662382 4191.311674865383 0.00015344101332879711 0.06867881418959706
1.3028173334156656 0.479857181934641 4281.431657419665 0.00017018830306567191 0.05075249788166981
1.2161044851788256 0.5647641925232039 4492.540653381784 -0.0003272191590902044 0.03114217676986144
1.4011656241096986 0.5114490230472136 4053.3801689146326 -2.6755484956035077e-05 0.05470629100754468
0.8838321905741283 0.47663978319518424 4178.410703816829 0.0005403118723955535 0.023854480990544456
1.1013974461425307 0.4984392623913219 4541.268263086894 0.00013058605313138455 0.026841371410247214
0.879871295306129 0.47133638388976384 4133.1881162985355 0.00030984167181219804 0.02537680445790081
1.0967731597855683 0.541911570572474 4905.578861160612 -0.00043170692808236136 0.023513345822824445
1.170886831466533 0.5516480029560948 4369.242881223529 -0.0003316352789164263 0.02552982078415151
1.1576065642273374 0.5211397239143004 4698.23641172334 -0.00038353980227336164 0.031700974927321046
0.9058877073480138 0.48027280192669725 4728.741935082635 -0.0006710469193735198 0.027229561024589018
1.2683848661873025 0.5652874496309159 4452.507925888346 -7.550342870289257e-05 0.06322759932560842
1.0330642367116356 0.5336262040624112 4585.90517322911 -0.0001538952568460066 0.02366701281831448
1.2348032700568778 0.5157843074328483 4679.127116075276 0.00041089265705166914 0.0394646807463419
1.3881369338669864 0.5210455866439864 4130.250537753482 0.0003134775669846226 0.050135267736786664
1.2278630377216582 0.4765963588334592 4021.5438730308647 -9.648121291579209e-06 0.05686091432351918
1.2970760234590655 0.5688044482391793 4580.543661839087 -0.000150454879725686 0.0324772810474674
0.8974973252582178 0.46045355494160956 4884.64866536381 3.6401261481316714e-05 0.02291686874008939
0.9008191553449757 0.48721723662463007 4877.307469885252 0.0002933368061949789 0.02349531276449563
1.239334888692208 0.4956824684312018 4402.374658691916 0.000728641086394897 0.0485280017893325
1.0378158532203847 0.5433678768014444 4831.015422290078 0.0006461755435735159 0.02519628215445955
0.8907224736270947 0.48172472641647657 4827.7079834447495 -5.9356071139371174e-05 0.023095547417966024
1.2718908145676873 0.5115076934579138 4593.529800457683 -0.0005151745493125244 0.041016578108588206
1.2050647154965082 0.5329591687793556 4737.958863123219 -0.0002493183800610056 0.03373821266855425
1.2071504531945942 0.5581905444695314 4056.765822322275 -0.0004795589385683939 0.02931500026687956
1.1385829618690122 0.484424990598067 4757.870692569452 0.000155815860895384 0.044736388047486864
1.2931914901509562 0.5508574203032237 4607.145185324195 -0.0002934015118144706 0.0409869111332767
1.2410668703216305 0.49016059523203287 4938.110183506356 3.761682314416947e-05 0.0444904345927717
0.9374915920372013 0.4996324112613663 4395.106418213992 7.850534625336827e-05 0.02426126253608641
1.2595739745046148 0.5428973450579608 4573.770257238358 -0.0003574400300181709 0.06784488863465826
1.2430871876093348 0.54662569019744 4661.21934542449 0.0006373408450554484 0.04146517795686236
0.9633724084359246 0.4649630584055952 4954.657693025562 0.00040669397071152745 0.024738824979938862
1.0844330454597955 0.4902597125098528 4434.52834599359 0.0005285137030092501 0.02334436035872426
0.966986047329606 0.5183136900360619 4498.033535057166 -5.912750782359296e-05 0.024982569631578008
1.1028872579532005 0.5079148721690694 4788.9766770048245 0.0005825386390650487 0.035331987452471895
0.91158302998621 0.471278024280469 4964.464229512269 -0.0002219306597890964 0.025204279234615504
1.3676302440030943 0.4818519104696996 4899.310352841145 -0.00028235681410960204 0.05744717463335859
1.2860812326427253 0.4670932476380107 4663.145011198975 -0.00018739502528174334 0.05367254511317142
1.2021354234874295 0.46796099830581883 4302.449888384956 -1.1727285377865295e-05 0.043607045371481114
1.2796044669252251 0.5067436486337062 4593.050431265536 -0.00021558050726595376 0.05294724888238887
0.9398572479926716 0.47867436684600606 4457.673542216094 0.00014965905464580618 0.025876705606515983
0.9383695606428869 0.4878992567325495 4471.524468034068 -0.0004152738833413505 0.024131857601854212
1.0774549956343207 0.5226265835834754 4390.634648766323 -0.00011028130425348213 0.02710532297946408
1.2937935113582268 0.5348539324016461 4305.867586724462 0.0001310313411484508 0.036692975756581175
1.2060641847600495 0.4712072807261084 4605.087873506143 -1.8442254975305484e-05 0.041471062305292156
1.2060641847600495 0.4712072807261084 4605.087873506143 -1.8442254975305484e-05 0.041471062305292156
1.31723871799495 0.4879381331926968 4344.591158565421 0.00031837182693660135 0.0469805348298141
1.3242045624779433 0.4922258960137604 4203.8724796897495 5.084008883893667e-05 0.05423526879693376
1.152876042464383 0.47937878868368244 4961.043278763134 -0.0003745828780918653 0.04149197804452702
1.1501160048786425 0.47237806508464547 4538.00876433292 -0.0007776642868677049 0.050514261608401646
1.3313449203473993 0.5183084492241911 4589.996046945134 0.0009508214995095045 0.0474847243000128
1.1616307685583003 0.5128304466803386 4204.2915216829915 0.0003495223172135313 0.03154459860774433
1.1813798851765243 0.46801596441789645 4712.597478305159 -0.00015964375621118902 0.04553828318690609
1.1295872840112815 0.5450724263015756 4720.020092674499 -0.00024101389663901555 0.025321203427741558
1.3091979036300998 0.5457851273405717 4657.212643023273 -0.0005478178358830383 0.038924369009844084
1.3091979036300998 0.5457851273405717 4657.212643023273 -0.0005478178358830383 0.038924369009844084
1.1300455368551106 0.5175744903041867 4781.087292349975 -2.5376660518864853e-05 0.03612935464371224
1.1300455368551106 0.5175744903041867 4781.087292349975 -2.5376660518864853e-05 0.03612935464371224
1.2994473115237841 0.5195813807709215 4189.316269465626 1.9260820710099245e-05 0.04242892063652917
1.0509610658336863 0.4750360320962559 4987.349535578607 0.00031322709106730204 0.025670429702026203
0.9313501649435106 0.4849318200830226 4549.838344375112 -0.00043802138448263385 0.025108203680001124
1.1527565495642424 0.5473838381529931 4092.5951720504977 -3.6272237279698556e-05 0.024235187585898807
1.1527565495642424 0.5473838381529931 4092.5951720504977 -3.6272237279698556e-05 0.024235187585898807
1.0896370191394613 0.4906380243291901 4544.701005137602 -7.94084560683228e-05 0.03210616908599648
1.0896370191394613 0.4906380243291901 4544.701005137602 -7.94084560683228e-05 0.03210616908599648
1.2969228253851466 0.49193941496080684 4486.568108171888 2.4549913763664806e-05 0.06263401843805684
1.015401743158801 0.48967098732493985 4423.535947643031 -0.00033578186301293765 0.02454949354994929
1.015401743158801 0.48967098732493985 4423.535947643031 -0.00033578186301293765 0.02454949354994929
1.0961007588539349 0.49012155789167644 4729.655402764678 -0.00020020787082715907 0.02519190524120759
1.2700405264338868 0.5672098114443838 4300.277482168896 0.00026610246505674766 0.02812602787590211
1.3590881753634811 0.47382953818365314 4940.555472468229 -4.908826550573448e-05 0.06600266805852273
1.2402172768520265 0.4940149306814537 4703.395849135096 0.00015954761286644532 0.050708461045469395
1.2453746185628274 0.4744560673666591 4136.054573951738 -0.0002736459340282297 0.058755518543438016
1.3114020534584132 0.4834321354371643 4676.7344731834455 0.0006046370541791859 0.06873525924031496
1.38135030940947 0.5094310894408058 4130.634017381998 -0.0003625699868022499 0.05378457486631534
1.266497559503916 0.4906602681972116 4829.472467321336 0.00023872040982165688 0.05279611326307571
1.472596252919878 0.49852976346575517 4142.744747919323 -9.7194436645071e-05 0.05733933128650673
1.297435352428919 0.5413482570839736 4089.032536706095 -2.6703525172637743e-05 0.04622695756753521
1.1167184729237016 0.5432479833626431 4710.885085659467 0.000528074643671629 0.025858840641679474
1.4513563539489107 0.5149459910423557 4320.9015956541925 -0.0005411645488921954 0.05754027360691839
0.9514556434686341 0.48037733886133505 4512.464399901335 -0.00043507365586885495 0.02567700619786876
1.3149549056643086 0.46579115120319964 4489.386027372406 -0.00046479094142818625 0.06658621951679516
1.3149549056643086 0.46579115120319964 4489.386027372406 -0.00046479094142818625 0.06658621951679516
1.0687112689337401 0.4778273463234721 4549.130594193506 -0.0006746196185237535 0.023893489586669894
0.8976127581538661 0.4650604951974717 4989.674770418064 -0.00010833794747140857 0.024669983427147303
0.8976127581538661 0.4650604951974717 4989.674770418064 -0.00010833794747140857 0.024669983427147303
1.273744740198217 0.4529748164664385 4925.248280227712 0.0002505901185351528 0.06449610315068421
1.0792162511397345 0.48505516643844926 4710.182072109758 -0.00024670740253711636 0.027339186909471368
1.1901436233403682 0.5188790262871397 4617.914964335761 0.00021530281082081593 0.04742645471803399
1.046626748223986 0.49220474240287937 4408.455957376169 -0.0003948646748047511 0.02505571353710859
1.1245822707247863 0.5393994984515618 4046.0096670482094 0.00016399885630807162 0.026145960850143736
1.026839829965339 0.518311790855604 4574.795218601947 -0.00015448839869949076 0.025029512036271746
1.2065934371624791 0.4788830784354159 4843.185198340267 -9.652299612591807e-05 0.042069790905868945
1.284000955922914 0.5124065450131744 3926.83781750632 0.0003479227387531162 0.04494235375021326
1.080091931412893 0.5073994385053014 4821.51272736542 0.00037969949541088934 0.028254061581548334
1.2305579654731835 0.4940415059152984 4666.949746232078 -0.00043632101600050445 0.063591339075727
1.1536940032879455 0.4962678407147988 4770.990074749798 0.00018177723267505348 0.037890493008713666
1.1536940032879455 0.4962678407147988 4770.990074749798 0.00018177723267505348 0.037890493008713666
1.2441699359497491 0.491725800050437 4323.328515986131 -0.00021263754271863002 0.034693499234207587
1.2127015541962725 0.5340066608055918 4162.208309721495 -0.00038486050646926496 0.04004338203843504
1.3814441250364733 0.557974510210347 4635.670665057821 -0.0004473218378861016 0.05985575947161895
1.2794501727202205 0.5059544151161257 4738.196216047311 0.0005062144568191915 0.06289948355147282
1.258464517400998 0.5309558638750808 4903.422418340723 -0.00021881118262658604 0.06070393554794717
1.2803641261553862 0.5098429258542261 4332.203242892664 0.00020572640356547774 0.053755593097166446
1.2803641261553862 0.5098429258542261 4332.203242892664 0.00020572640356547774 0.053755593097166446
1.0244641676984423 0.4939895932386105 4870.561540583742 -0.0003684393052009102 0.02598673508027326
1.2589877296932737 0.526000479353098 4571.943926613039 -8.654926009648118e-05 0.056289346546754555
1.3248817150928929 0.49484739448964815 4346.771023957213 0.00048505395348172835 0.05789944771872986
1.2947365377007176 0.49865397521376187 4218.386801498936 0.00023604669083552882 0.0613552625522625
1.2947365377007176 0.49865397521376187 4218.386801498936 0.00023604669083552882 0.0613552625522625
1.2804408701661527 0.4994718061933043 4453.292565733612 -0.000589827804846518 0.0540005766472578
1.3545996259343975 0.49712801953599733 4243.913940953158 -5.285092359123569e-05 0.06153070287030814
1.3545996259343975 0.49712801953599733 4243.913940953158 -5.285092359123569e-05 0.06153070287030814
1.2569837777554398 0.5169775842143682 4202.008210326694 -0.00041704547916243575 0.03786984512420998
1.2636917911756123 0.5298643871968598 4211.772600186465 -0.0003455196946387207 0.053300066351578655
1.2636917911756123 0.5298643871968598 4211.772600186465 -0.0003455196946387207 0.053300066351578655
1.1357078651382686 0.4949843253609295 4429.968692086313 -0.0004129402957757041 0.03945027765713337
1.1357078651382686 0.4949843253609295 4429.968692086313 -0.0004129402957757041 0.03945027765713337
1.2965375473283964 0.5417372293722083 4590.0775586150085 0.00039324825208577387 0.05097070544991495
1.283996872397351 0.4875855545657011 4195.751675034601 -6.393931841053425e-06 0.04926399968950986
1.2340803290800038 0.5272748024969884 4384.539184072758 -0.0003749826409815624 0.02623505589205256
1.344469569523334 0.5180637843451519 3936.0969226716484 0.0002442214189902228 0.047363731701892696
1.344469569523334 0.5180637843451519 3936.0969226716484 0.0002442214189902228 0.047363731701892696
1.4441081570177992 0.5553058491270013 4300.045556980926 0.00012099549014234237 0.05744919491169122
1.124526109957173 0.5222732304254882 4541.7079025078965 0.0006855457820613024 0.03480996315155317
1.2594255766494897 0.520533423703863 4797.742416046784 -5.4268950938198936e-05 0.050007453069943635
1.1343738443968339 0.5227099031851572 3985.0439725885317 0.00034131123838832363 0.024089212731890963
1.1649022785584062 0.47260761987720706 4466.407951325398 0.00020241955969801386 0.055863312996021715
0.9736467747444248 0.4887947121995364 4758.800127144593 0.0006911106343995256 0.02355672146290441
1.1422984121588384 0.469762734222213 4758.773208154391 -0.0005914440108695348 0.05250112982454147
1.0131882880571865 0.5152621293820087 4874.804535263796 -0.0001493644814292168 0.023720963661947633
1.0131882880571865 0.5152621293820087 4874.804535263796 -0.0001493644814292168 0.023720963661947633
1.109788650572358 0.4993338776844122 4911.0566155838305 -0.00014577772655371618 0.02934990808778866
1.109788650572358 0.4993338776844122 4911.0566155838305 -0.00014577772655371618 0.02934990808778866
1.3792477525945186 0.49184970120133503 3965.913395506545 -0.0005330270096789373 0.06005090199800707
1.3792477525945186 0.49184970120133503 3965.913395506545 -0.0005330270096789373 0.06005090199800707
1.1437888232192592 0.48866223240217765 4520.435982336028 0.00012618037653241252 0.0379080274099506
1.1437888232192592 0.48866223240217765 4520.435982336028 0.00012618037653241252 0.0379080274099506
1.3134830934547517 0.5340475656049654 4509.507539767291 0.0003601802074973306 0.05269503804929437
1.3134830934547517 0.5340475656049654 4509.507539767291 0.0003601802074973306 0.05269503804929437
1.1560001898992924 0.5340402376969737 4720.202406665693 -0.00020308195001978092 0.02828780635001515
1.0415273048772293 0.5127539196382385 4310.212262693376 -0.0005046261726206425 0.024005621863848463
1.1255242772338676 0.511765861571942 4617.163132241051 -0.0001834982800059775 0.03207654315547601
1.1255242772338676 0.511765861571942 4617.163132241051 -0.0001834982800059775 0.03207654315547601
0.9894378222284496 0.5184189781208529 4852.473817262486 0.0003969386186442603 0.024731174787345222
0.9894378222284496 0.5184189781208529 4852.473817262486 0.0003969386186442603 0.024731174787345222
1.3479384296715524 0.48563262607934815 4162.371463641216 0.0003442512105256407 0.06077420507774836
1.3164513949698387 0.5012321491998887 4110.992718702289 -0.00021818741012638614 0.0600239974328075
1.1329920239961007 0.5211644133628063 4329.372746540689 -3.974332432627117e-05 0.03845281356042285
1.1329920239961007 0.5211644133628063 4329.372746540689 -3.974332432627117e-05 0.03845281356042285
1.303427090849131 0.4616222274358993 4348.892188532114 0.0012948520434798527 0.05746204969759933
1.132509954468948 0.4902293616980363 4722.967799366845 0.00016165988905582059 0.05101392201061783
1.132509954468948 0.4902293616980363 4722.967799366845 0.00016165988905582059 0.05101392201061783
1.069992973429215 0.5193402304877799 4890.867325951697 0.00014488625641914822 0.026060326150518707
1.3657195388232943 0.5216623642769815 4104.463533558888 0.00024341054598425212 0.06241457599793954
1.1966337910714548 0.48678020299656105 4453.120712410662 -0.000572056094569351 0.05261119991965627
1.051336856867692 0.48588079034731996 4622.811630992803 0.000276448819167141 0.023875047778542748
1.3441984783769882 0.5347509840790124 4733.930900426319 -0.00025821720839476107 0.06635353765728906
1.2710215778086686 0.5269049376883774 4052.354797206243 0.0005035859043548719 0.05376237915813991
1.2009646320850667 0.4950214418336718 4423.0046417643825 0.0005443534746770462 0.05906661433452566
1.2009646320850667 0.4950214418336718 4423.0046417643825 0.0005443534746770462 0.05906661433452566
1.2389997612940304 0.5371596655592759 4940.113997103117 -0.0002632965685626348 0.03829773334836806
1.3280154629413587 0.5208767600064463 4090.4532893530536 4.064629008656281e-05 0.03649361266547123
1.4363030693964203 0.4942577646018304 4266.556707823506 -0.0001418560360602793 0.061095866850574235
1.4363030693964203 0.4942577646018304 4266.556707823506 -0.0001418560360602793 0.061095866850574235
1.0160580616863744 0.5021506555409923 4652.67125469481 -0.0003808694939184631 0.023553279394597476
1.0160580616863744 0.5021506555409923 4652.67125469481 -0.0003808694939184631 0.023553279394597476
1.2656067708086218 0.5138375029048581 4876.034430520538 -0.0001799733738468644 0.05418028886735857
1.049487574189888 0.49185833097063264 4253.3786469567995 0.00047000964068929943 0.025086567291081083
1.1436939070947418 0.5157434382828356 4552.656104151868 -0.0002200468291232506 0.02886897545323352
0.9860478389120044 0.48484513033808946 4368.278315266579 5.930730103363512e-05 0.02514596502728403
0.9860478389120044 0.48484513033808946 4368.278315266579 5.930730103363512e-05 0.02514596502728403
1.4560684641136237 0.5069292093465665 4096.190278964328 -5.6724484012921134e-05 0.06151415640049606
1.3405294541755968 0.4848013654539257 4877.556382853417 -2.651803733401537e-05 0.061193636414292145
1.3405294541755968 0.4848013654539257 4877.556382853417 -2.651803733401537e-05 0.061193636414292145
1.4553180760874596 0.5067287870028747 4635.7330241506315 0.000677162349764387 0.06802540392849864
1.4553180760874596 0.5067287870028747 4635.7330241506315 0.000677162349764387 0.06802540392849864
1.0468105209992966 0.48429367629234 4510.564874842758 0.00011346178095353974 0.025276170967637943
1.3814947287403359 0.5351691298030179 4657.605989188065 0.0007231356066530991 0.05426116458387271
1.3814947287403359 0.5351691298030179 4657.605989188065 0.0007231356066530991 0.05426116458387271
1.3668739370613547 0.4669274580076266 4727.528345521464 -0.0003367691778882207 0.05822634777101956
1.2322796991552472 0.489671693181106 4827.25234720514 -0.0002042786540098606 0.05298210382603208
1.148128023782258 0.49247551838783177 4344.854278981603 -0.0001211350860724832 0.02454754008478989
1.1444898254175815 0.523671362954155 4753.2612889850925 0.00045967411135426883 0.026186410233622722
1.1444898254175815 0.523671362954155 4753.2612889850925 0.00045967411135426883 0.026186410233622722
1.4162943623740467 0.5192036889167992 4747.231690375609 -0.0007102626439836753 0.06763643921500877
1.211095939201638 0.5166474320644873 4564.967392233574 -0.0008617620256033043 0.034501584859969445
1.2880286266608854 0.5042959617479001 4833.428405345111 -2.4443491535650726e-05 0.06170818921817164
1.2880286266608854 0.5042959617479001 4833.428405345111 -2.4443491535650726e-05 0.06170818921817164
1.2778852842834403 0.4702205405920251 4760.244083642484 -0.00022827941441232375 0.05709441753680558
1.1538253972779124 0.5085809451728962 4219.322440105676 0.0002541837373309569 0.02690964915910089
1.1538253972779124 0.5085809451728962 4219.322440105676 0.0002541837373309569 0.02690964915910089
1.2405108114166492 0.5000701891552852 4916.388402253354 0.00022805962949143317 0.055271187736121934
1.089289875632001 0.5209428770145518 4577.472802108204 -0.0007207186108682499 0.029463387820519025
1.089289875632001 0.5209428770145518 4577.472802108204 -0.0007207186108682499 0.029463387820519025
1.0875014382826202 0.514287375708995 4133.463893204016 -0.0002968619156382826 0.026987308602001787
1.266790547221788 0.5407266482058455 4548.476428303513 0.00022933502076028227 0.05187795135082873
1.2591159095512294 0.5288715504956465 4569.6394052022915 0.00018302941508125214 0.04749716415573111
1.2591159095512294 0.5288715504956465 4569.6394052022915 0.00018302941508125214 0.04749716415573111
1.1948574000969494 0.5408695740194267 4655.763074677206 0.00038166240680382306 0.034859851735567826
1.0897668680710764 0.4854924140176243 4735.962796726416 2.018540493530415e-05 0.03588665689796544
1.0897668680710764 0.4854924140176243 4735.962796726416 2.018540493530415e-05 0.03588665689796544
1.3129390828293328 0.5305750328407475 4271.672840187983 -7.254540704806984e-05 0.05381354254626568
1.2553030096904654 0.48813227242945967 4260.147542677511 0.0005861244262952721 0.05663671135705926
1.2204498448050924 0.5098190950649558 4565.416559580955 0.0005841695703180169 0.05076558343775409
1.2204498448050924 0.5098190950649558 4565.416559580955 0.0005841695703180169 0.05076558343775409
1.2875835871879386 0.48388768290696127 4329.6549539039615 -9.823980635054424e-05 0.06701402009735968
1.2875835871879386 0.48388768290696127 4329.6549539039615 -9.823980635054424e-05 0.06701402009735968
1.4345993300445854 0.5406895847848205 4105.320846656572 -5.695185519733356e-05 0.06482147395488147
1.0916863953007026 0.4814931628068284 4949.469527514286 -0.0009875947038133649 0.027518178755618697
0.9938665967025464 0.4838811351957729 4778.679360754263 -6.710032901362299e-05 0.02412197411914374
1.187986982143878 0.5085782660680433 4244.228643978499 -0.00023555996405536856 0.041518216295987224
1.0708906960946023 0.5221023424750352 4664.948368454643 6.286840352445107e-05 0.024427572143482606
1.0708906960946023 0.5221023424750352 4664.948368454643 6.286840352445107e-05 0.024427572143482606
1.0176187488170931 0.5033130975192291 4959.934436061084 0.00020527609612690237 0.025806781138636353
1.4279888385209945 0.5446165884925919 4719.529599522048 -6.280405420025698e-05 0.06509708872736206
1.4279888385209945 0.5446165884925919 4719.529599522048 -6.280405420025698e-05 0.06509708872736206
1.2403143688697478 0.5058551022369262 4703.301702507376 0.00042604902092189054 0.047194292570620563
1.0775991104217928 0.5082870133755264 4951.996467079713 -0.00014990742297065233 0.02297971758324372
1.0775991104217928 0.5082870133755264 4951.996467079713 -0.00014990742297065233 0.02297971758324372
1.416510444040465 0.501787130243247 4257.571876084682 0.000967284304050496 0.0656311195882968
1.416510444040465 0.501787130243247 4257.571876084682 0.000967284304050496 0.0656311195882968
1.2048516518688268 0.4946003224433745 4391.766121307521 -0.00015257240154452519 0.05435706484395197
1.3216494456486194 0.4702475681968155 4162.681345407459 0.00028202817869058813 0.06375416679679778
1.2997167769767388 0.5120523566030473 4970.988763851829 0.00022804937440088513 0.06180441515555048
1.2997167769767388 0.5120523566030473 4970.988763851829 0.00022804937440088513 0.06180441515555048
1.156006891401439 0.5160413165552742 4386.648183140269 0.00041431230320168074 0.041946438663725646
1.0061039532183393 0.48909214577702914 4829.2790725235645 5.154907495451854e-05 0.026509560679688172
1.3279796476098307 0.5341957560701078 4930.988924242843 -0.0008336719803671353 0.05052831862439675
1.2180533283317436 0.5389227019006876 4208.361072492296 -0.00040949373667029755 0.026516420184080222
1.238178037894046 0.5222316669695888 4978.047660030817 0.0007853060956781497 0.04546550579783959
1.238178037894046 0.5222316669695888 4978.047660030817 0.0007853060956781497 0.04546550579783959
1.093228416286006 0.48086868934674354 4602.336042767531 0.0001326339141781336 0.028635532453824147
1.0764733758519716 0.5111917964296149 4253.815211168 0.00018775320214322268 0.023832528421956843
1.3277542039951338 0.5032099289038451 4143.949170886995 0.0001811100852214245 0.05899093037983684
1.2077451330825084 0.5224231615544788 4519.483063477753 -4.2953086234862445e-05 0.052953518963578305
1.1105885279457266 0.5445552910697444 4899.118759651548 -0.0005372286333371458 0.026017472898430274
1.196017267665699 0.4813327243400428 4961.299535079235 0.0008374293922986691 0.04891714643542672
1.206861023419464 0.4961253139157253 4263.565778922418 -0.00010885331467816961 0.05800623675922996
1.2335329412097693 0.5229979730443923 4225.039957372069 0.0004697513703875658 0.04245567912722535
1.2335329412097693 0.5229979730443923 4225.039957372069 0.0004697513703875658 0.04245567912722535
1.2798849748712486 0.503008100330839 4794.095938150973 -0.0001604886150900157 0.05807167401337293
1.2798849748712486 0.503008100330839 4794.095938150973 -0.0001604886150900157 0.05807167401337293
1.1630102559666566 0.5166175278531133 4488.419442939022 0.00018362243361180457 0.029218779398533304
1.2225333981643647 0.5115969043446124 4847.347513432619 0.0001001512614842439 0.06238414654043877
1.2225333981643647 0.5115969043446124 4847.347513432619 0.0001001512614842439 0.06238414654043877
1.2430559110376516 0.4825784196454 4602.808665069511 0.00018405876670903076 0.06183091662418798
1.3219785069536185 0.49552868473088 4323.240208598895 -8.325786212359907e-05 0.05479805494112827
1.1615696071965838 0.524933896253168 4257.718457705819 3.432226971438738e-05 0.02735369151129633
1.2190142705099227 0.538202713002406 4951.598368930975 0.0005231150430929213 0.03719481978179952
1.1669188659375793 0.5364698455335712 4767.167340410432 -0.00026043209101222884 0.02605893298240625
1.4603877436109407 0.549330763325205 4615.672533261886 -0.0002018755883305858 0.06723298385182047
1.2449320535421013 0.481688914172179 4233.126080333953 -0.00039802229674018824 0.057747221285477095
1.32270990609595 0.5261048420884202 4100.654698183167 0.00037008755606064567 0.049472177002334305
1.268468144016547 0.5462458850141859 4650.4772988503855 9.59846599139876e-05 0.0459944765029396
1.4066702561185274 0.5404730365965553 4201.3521829980355 0.00019673474269142553 0.06370457254716885
1.5180031210511862 0.5142301823373736 4405.629188373786 8.824502767990541e-07 0.06319879468264256
1.2629315543215809 0.5533015292289305 4366.237121496582 -4.036942604980536e-05 0.035441418571871164
1.2095625486133241 0.47864466092199426 4941.731905994755 0.00034578111136510917 0.047755076221153034
1.2096150738964864 0.5113512714998645 4176.529562115265 3.2632965643426164e-05 0.04797110017041201
1.2827176060829266 0.4979657264217698 4944.034612478524 0.0008340332072993881 0.0591238780847606
1.3518587510963045 0.5061204303549012 4510.088448269186 -0.0004789212067364151 0.06415715837593562
1.3518587510963045 0.5061204303549012 4510.088448269186 -0.0004789212067364151 0.06415715837593562
1.0433772129202035 0.4886033992238742 4862.468895094218 -0.00030740240883443394 0.02443258913948834
1.2996596858959104 0.4966211330897745 4501.127891175698 1.0295566862756996e-05 0.05832968798245006
1.1511940620874657 0.49889697608956524 4968.771498970117 -0.0005105542328408447 0.04015665512917216
1.3535502466425902 0.49687955270624745 4604.8549070453755 0.00017101500923003116 0.05812246373192469
1.0903201031953378 0.5110738670492613 4695.945877734891 0.00019668472966170538 0.027283817200270503
1.2290717527215635 0.549926379394564 4983.850550127587 -0.00014901493944719042 0.03796318691331177
1.0487142262145017 0.48874392709341713 4642.1186883844775 0.00031343522443266704 0.02401177577637128
1.4436845980806239 0.5225995005368422 4566.650910200605 -0.00020072007600639474 0.06512208625232746
1.4436845980806239 0.5225995005368422 4566.650910200605 -0.00020072007600639474 0.06512208625232746
1.3311029006227246 0.5294476474849505 4100.582752828401 -0.00013916628265995965 0.052089495236920164
1.1379033560687333 0.5335656248022522 4365.193915076208 -0.0004873342445489968 0.026144779476878717
1.1379033560687333 0.5335656248022522 4365.193915076208 -0.0004873342445489968 0.026144779476878717
1.2893604514790127 0.4967398720953625 4963.251432785107 -0.00015167994948861221 0.06296605522943752
1.0479234924516407 0.5184933172607777 4822.106965881368 -1.3349667537362154e-05 0.024205428020021
1.0084702657105635 0.4978038369107914 4948.603401190958 -0.00021923415900235274 0.023348692861016127
1.048732309599383 0.5072082647336478 4557.144480146111 0.0002031748296392847 0.02515606568865752
1.4014292456786217 0.526823597029374 4598.079564719709 3.2593616947767516e-05 0.06618599970023467
1.247211190932989 0.5403251581173993 4043.7698068160776 0.0002176923180216685 0.02851560404537827
1.133773373045369 0.5263235782027258 4992.964907484937 0.0005005185907699693 0.03036298921700715
1.0871891484841132 0.5026411182292805 4410.232194648391 4.0662291121307926e-05 0.029921601380152544
1.1195799204485861 0.5001544977884851 4942.40165763813 -0.00037843886842794884 0.032007177031906496
1.3253778303013428 0.5054960540287867 4691.186680130353 -0.00026093083239578564 0.06517646249218867
1.2359206779189353 0.4964032233398 4913.283771793492 0.00032045792229249786 0.05193751697122487
1.1736554192155977 0.5100607080158154 4853.959562647874 3.08125424005263e-05 0.031078255696764298
1.1736554192155977 0.5100607080158154 4853.959562647874 3.08125424005263e-05 0.031078255696764298
1.3323179531048668 0.518248363091186 4212.337713807863 5.5150392253413994e-05 0.0527104602481583
1.4693603138972906 0.5029352472548849 4850.672037671565 0.00024779709169418107 0.06567547663356482
1.171474742870815 0.49740740891914265 4530.069773043828 -9.109931657060766e-05 0.044910860776738726
1.1960975737173871 0.48243648951003376 4788.613965807562 0.0005847844632477765 0.0529360550662825
1.2832807040022565 0.5026772263820587 4933.016387308525 -0.0002454822975851763 0.044967292026374374
1.2832807040022565 0.5026772263820587 4933.016387308525 -0.0002454822975851763 0.044967292026374374
1.3621821423172824 0.4851040184066189 4691.422113239603 -0.00044703254066518535 0.0633827709625797
1.2289702070545594 0.4971555382250665 4923.767620908066 0.00022391873140692323 0.05041346815237792
1.188222212952006 0.5146820372016925 4960.505653275985 -0.0009631744262783942 0.030904035875418314
1.3598737180693419 0.4877082187355234 4804.240326109776 -6.56405901379868e-05 0.05603939847481938
1.3598737180693419 0.4877082187355234 4804.240326109776 -6.56405901379868e-05 0.05603939847481938
1.2506739518290801 0.506851354073795 4882.239185504009 3.7444607309395967e-06 0.05186007177669777
1.107475360184031 0.5053959850772893 4404.293191256746 0.0002457508519171825 0.02561129053028127
1.343411457885344 0.5090205146797517 4270.2886168844225 0.0003864289909247365 0.06509849808502506
1.3057308838604649 0.5294960264803399 4683.266893328289 0.00045423400817091504 0.06060074694142955
1.2257100952998372 0.5118389616068653 4826.962296037664 9.010490963003396e-05 0.03328652678686624
1.1257662307709493 0.5021698757624675 4850.990047311259 0.00027686482813616276 0.02571870969982704
1.2197592314383916 0.48793871600172956 4761.824590519969 -0.00028411290792325534 0.05797165782367818
1.2096339378564955 0.5017177670851822 4808.414168096508 -0.00028382342872221517 0.05783224832939923
1.2096339378564955 0.5017177670851822 4808.414168096508 -0.00028382342872221517 0.05783224832939923
1.2302013148725102 0.510875036275467 4443.641914919573 -0.0003241131421505562 0.0557641641180889
1.2246548499335246 0.5501214587621406 4840.920115101375 -0.00016236291786584666 0.03022404797814461
1.207930236019983 0.4883480376757081 4968.008635692204 0.00018666195454656405 0.0478170788861276
1.1999096474366988 0.49982834194869863 4286.415556367758 -0.0005803641388392202 0.050451165344435736
1.2868982642942879 0.5348991451435371 4196.557726147354 0.000559226962897592 0.03332153316259939
1.2868982642942879 0.5348991451435371 4196.557726147354 0.000559226962897592 0.03332153316259939
1.2115626944622488 0.501860808178062 4176.05237530209 0.0004861603572376991 0.05504889542531341
1.2890114781671587 0.49159188175548163 4821.460026477488 -0.0006634681543330317 0.05639282698850816
1.02870245375329 0.5157801786259194 4427.626573196529 -0.00010378908213383331 0.024508979252570038
1.3356543018153793 0.5149732140530028 4351.185566992731 -0.00020729017406748067 0.06305154494181688
1.284114118482491 0.5134720908313337 4344.395679113983 -0.00014973100298978776 0.034886364227599755
1.284114118482491 0.5134720908313337 4344.395679113983 -0.00014973100298978776 0.034886364227599755
1.0967653669837563 0.5062746244020406 4963.783468625635 -5.2031805791426955e-05 0.026252800318279448
1.2362230047872294 0.5303752681102564 4572.988468907518 8.823696834922027e-05 0.039498523025831955
1.2021050103822883 0.5087953101526608 4501.439506579527 0.00033762163176685283 0.05116201014965775
1.209317973552165 0.5074525305270794 4577.1005828482 -2.1345522269803613e-05 0.060028605269174876
1.1880663904225601 0.5002856670447773 4574.751108425284 3.883074240758438e-05 0.04708534041584203
1.266860211946224 0.5215466919830423 4236.006975161728 -0.00015561891251492145 0.035819535946199556
1.2820822670119432 0.4643117813147788 4949.229911346221 0.00033831865990678275 0.05878022758632441
1.2940801059037694 0.5263007828872184 4878.924333286741 -0.00011556424711748832 0.05701957458373676
1.1411975069348081 0.4875965270248929 4896.795789378574 0.0005141232934722609 0.03337871593621806
1.0167841837821852 0.49581768307923885 4468.17652785968 7.844691312025733e-05 0.023871977095037213
1.3121550324350324 0.5095799946498771 4731.477691091998 3.351286227769016e-05 0.059322624704282415
1.1805665747420124 0.5156098158855293 4737.015061360922 -0.00017435374417705567 0.0374204547196922
1.184090251649517 0.5082858187721008 4567.300122170711 0.0002086827275214291 0.053141632820132734
1.2418156917030123 0.5238081927698757 4120.481426305281 0.00018453826651315406 0.03239425382033752
1.2671602880614858 0.5123990761905401 4710.053150183154 5.614208521868439e-06 0.052876892461221445
1.353613841297554 0.5719550467799398 4566.458186350496 -0.0002584082700996878 0.04389211982042722
1.2718638639234272 0.4892195861330752 4858.928037288182 0.0002667876694309373 0.05505160366596322
1.211743349759986 0.5039936765829682 4386.883457592536 -0.00015122453904182313 0.05480385982643628
1.256145247066695 0.4960705869422418 4549.387955178264 6.14861965531731e-05 0.04871638171784931
1.1996855777415072 0.48160161645400756 4519.637685525196 -2.0101328172178352e-06 0.05567642458427328
1.2144800076260382 0.5041343258892388 4857.95900965014 0.0003528824791091689 0.05736299671528741
1.2914577850946198 0.5227425988538917 4634.455081317045 0.00041572013497164124 0.04903029266980281
1.2914577850946198 0.5227425988538917 4634.455081317045 0.00041572013497164124 0.04903029266980281
1.0871346693547457 0.5020005384404804 4982.593688312594 0.0006330910048567619 0.024631186000099777
1.2850274520721814 0.5508274332902376 4201.265698712486 -0.0003360849640704578 0.033368715927385245
1.1947481298109193 0.524668866428013 4645.271590885322 0.00016039321998591845 0.04317090149972716
1.3894716259294149 0.4934847462218561 4698.123561456783 5.8294026296859216e-05 0.05858461937660635
1.1780659810689131 0.5387037369666707 4985.275404927751 0.00031383848597281064 0.03152174953798388
1.3626360108693554 0.4761901791387192 4905.303505118033 -0.0002234520085984659 0.06062576907955777
1.27478408241108 0.5104120529108068 4700.690783986919 -0.0003863596681704357 0.05045263862791156
1.1228008383643462 0.528137725174425 4907.838422761136 4.7503194709107875e-05 0.02612178529075312
1.09088776864955 0.4983362555420539 4942.990672780025 -0.000354842978722261 0.02657701055232053
1.2800260743996745 0.5058040142034106 4671.865197992517 -0.00044725557364642683 0.055859757137678476
1.2803524589224855 0.5216673835186239 4804.104502668401 -0.0002735106155003908 0.06123827768713966
1.2518955686914612 0.5432391831562131 4234.695513253798 0.00032157416780447505 0.028484591284399084
1.4098528950883251 0.5367881324457424 4142.735834583962 -0.00022616596108760678 0.06270922067256204
1.147760614693139 0.5189285744539803 4490.786143295263 2.365804994973934e-05 0.028720279438350184
1.2462481874618228 0.5067478370196299 4556.771875651051 -0.00016387607512237054 0.06044472552237186
1.1903482101163696 0.5058665845307807 4966.405283140008 -0.0003868092772913133 0.04443755440834972
1.300751305855078 0.49016932496657356 4368.024066942891 0.00032342715192669436 0.06004747017939231
1.260348739714783 0.5057921072565342 4204.92554928198 0.00015172499270344722 0.04741556267329842
1.1182093761894527 0.4888735811068384 4961.129959835504 0.0001405242012689112 0.030610066195170864
1.2041435785613317 0.5157067196760601 4710.632734259022 -0.0007637739224116888 0.04310947455392765
1.2814891757311688 0.5116974199259449 4169.704917639102 -0.0001602270324672817 0.046414631862331114
1.0964820176301335 0.5281137924636599 4674.203007312886 -0.0007743134905665432 0.025528701113965272
1.1477683296765018 0.540072050316985 4767.264042617941 -9.594401771288406e-05 0.026160041206057978
1.279435131603652 0.47644649471003847 4934.2244013632335 -4.599910141622514e-05 0.05878021793243084
1.2976091643032603 0.4953867014498897 4618.823121785019 0.00021257761366775778 0.054209914360499545
1.3347586171502654 0.4800654321402595 4676.264199137054 -0.00023924228958722518 0.05900259198997737
1.1953526828151202 0.4902060052590437 4489.892653159264 0.00013182965994901427 0.05735961164526366
1.1903303719960836 0.5116552518870581 4110.216239240239 -6.962780294886723e-06 0.04495078496143021
1.1867399563098766 0.5152981468418554 4302.247538023079 0.00011664589534949941 0.03328114811996904
1.097107488664936 0.5097134786645076 4883.92721323989 6.209330486340826e-05 0.02971541723278888
1.1739942558431475 0.5449773965339011 4442.890556128156 6.985838253275477e-06 0.025455809839575162
1.0164670241938851 0.5032107203924462 4904.061815011593 0.0003918444873109176 0.026453008640665188
1.3122043974471513 0.5204299496736016 4727.798399551951 2.15905612548813e-05 0.06121971581861461
1.3619665850971687 0.5556270422952936 4105.603714562944 -0.00024442223151115606 0.03805715556339804
1.2827343941457015 0.5183776563181255 4253.886163969177 0.00013576375054410116 0.05086835217806118
1.3098152306356758 0.5005625558119099 4150.584324266697 -0.0007957588669988381 0.057633329896679866
1.388319661537632 0.5364328553539148 4654.0507859316285 1.911440688351887e-05 0.05594566489422251
1.198575846767096 0.5319732958109473 4476.12520730835 -0.00030611613602863865 0.029946864488444958
1.272918346744932 0.5573041890741588 3931.561125478849 0.0003507711608307751 0.032385246108789206
1.27451469231265 0.5419406747680284 4709.586149492035 -0.00045224879164210385 0.03307715801672079
1.2929477267549674 0.5179656263022099 4253.416798616978 0.000303782907749402 0.053356616714771696
1.2395422587314213 0.532873782513164 4964.8821317810325 0.00044797253383569986 0.03592257059923647
1.2348645631137767 0.5224339193438687 4784.978584310994 -8.040547378966263e-05 0.046308238451200745
1.2259595422292182 0.5345861110292676 4632.506792056993 -5.945402150812925e-05 0.024372733247468102
1.2983738582413031 0.5153392998333586 4669.143562906218 -0.00045473781825406637 0.054199359822995986
1.3134412886286322 0.5022899838002441 4814.100572393504 -0.0001466444036260979 0.051101765451502495
1.242570465603432 0.49337689895564335 4691.413545257509 0.00022351216455953861 0.05384342906618046
1.3688401488542121 0.5219848494438355 4442.375657671859 0.0002483280275452127 0.05709561728764134
1.1599743211668234 0.5164124872252248 4569.758234764827 0.0007135511793718544 0.02548979168966675
1.1554875053143094 0.517423737279384 4669.346285609555 -0.00043520201761904586 0.0260726524513747
1.1955951621815348 0.49656386476308845 4734.090072623217 8.315470460250583e-06 0.041832365242988584
1.2258051256016793 0.5167579924827563 4669.51297347995 -0.0001424801834954414 0.04257672105137096
1.1950988494265755 0.5106711193908078 4302.738487321482 -9.629505096917213e-05 0.03566429735093083
1.161207941704688 0.5193502058116637 4169.288460373934 0.0004721269294720507 0.026020569538352842
1.1687382488900457 0.49888840963003417 4501.311889425757 0.00016206550147935124 0.04128196976516631
1.0858520193320504 0.49387427851649457 4951.553008764108 0.00023577802137731953 0.025872481290689163
1.2612150739744459 0.506248247385932 4974.048988179931 0.000578166814359334 0.06274490587209788
1.0086185756733608 0.49228206280003584 4941.436752470227 -0.0009885864912743754 0.024579305561692515
1.3048989435443255 0.5428545290097732 4659.292332182371 -0.00042232154861976493 0.03964637236083696
1.0644679837640552 0.5284708891009702 4984.404137094967 0.000488767590903984 0.025053770113478292
1.2066094467447595 0.4837581372421845 4995.965412830716 -0.0003140433586785643 0.053655505747308894
1.2355858544407967 0.5128980354710566 4329.484991500958 -1.6952645091441988e-05 0.05657062111286664
1.283341964230252 0.5175589116579123 4959.759201106939 0.00022987833496937202 0.05899459530806696
1.281495838489377 0.5126542458448519 4351.151266793653 -0.0006637162214020107 0.056009593847957506
1.3321460053530783 0.5228384842218339 4643.131893577748 0.0006202764028523087 0.03865864779098628
1.11980433387674 0.4889797381499969 4438.952448236371 -0.0007211276690516113 0.029856595017188372
1.3444000584770093 0.5382527907388676 4603.921460136257 0.0004251108972175917 0.05322714172957042
1.354607620442629 0.5591527327826142 4632.904747681418 0.0002842390228514725 0.04589333326035376
1.241091976741227 0.49483250031906223 4704.529740391225 0.0003078330394233089 0.05205976200788569
1.247601345663696 0.5173494928145326 4799.670989417184 0.0009111800589163944 0.05157424670154486
1.3406012079244 0.49331348205485104 4852.417277441412 0.0002126366550794463 0.05819550098142775
1.1196828538667325 0.5086315391490684 4479.15912469158 -0.0005697836697858985 0.027594483764642443
1.205670844123872 0.5448691504016729 4632.79189959022 -0.00040282168368346806 0.026668653375053423
1.3378794675299839 0.5157275413469281 4767.5491502194445 -0.0001703361879120873 0.06473362985284006
1.0855136341194065 0.5032663649098926 4892.681886651395 -0.0002449601926316605 0.02578245896271837
1.1805165716944326 0.5064114954271353 4938.38184407866 -0.0003660830003890723 0.037264544019537
1.3666839263153605 0.5347962411296139 4120.738270376569 0.0006044765056325432 0.059049225589630557
1.270307794023219 0.5094633613983912 4988.430214226882 1.2544305277006973e-06 0.06024813545237135
1.341936141579601 0.5085444749507111 4814.370320148952 0.00010715877751642977 0.05525345811123429
1.3664615990520925 0.4961032944551751 4590.9616287524295 -0.0007740657247078003 0.0633973329105996
1.1474357610474364 0.5095545574289675 4687.9222960434445 -0.0004441227984516544 0.034881750849806006
1.153651755648092 0.5135815328474985 4768.496766291329 -0.00027026502805917895 0.036413606618320944
1.2197652113721063 0.5316324632947435 4142.2111582310645 0.00021402744726764817 0.030899446728170556
1.3572927411222557 0.5734131552077378 4643.032393158218 -8.748043217778025e-05 0.04521565600695654
1.3198104068608676 0.5172872384205931 4864.985121997767 -0.00034429993692632467 0.048806041356464006
1.2893644547966625 0.49857436500584607 4691.981562683219 -0.0006045186913438285 0.059528257808494425
1.1780435429188731 0.528686433223614 4405.63670009785 -0.00037007777525463123 0.023413639010932435
1.17920245235879 0.511363927054466 4895.740190419755 0.00012272796874597232 0.028284863287339226
1.3254499364946868 0.5588807233819852 4526.124797222635 -6.662991868082936e-05 0.042001607103863386
1.184365745806208 0.4943718138719464 4883.758146594482 0.0004904706825663843 0.050215896419757565
1.237895566164084 0.5301494136432741 4569.03301438101 -1.3303450915954757e-05 0.038420035438912065
1.1861415239108055 0.4935265877417787 4986.5232439339 -0.00046433198675411593 0.04421888626479327
1.189224725350425 0.4750724496357908 4918.949570341561 0.0002524775199027653 0.056302892832733265
1.2405170942876207 0.5113272456465472 4939.528276956947 0.00030933687681384495 0.05145907542089527
1.295186824822048 0.5191256311324245 4683.820892054827 -0.0002462750171288798 0.059029134588986135
1.360667395435048 0.49953050258099974 4877.440331608578 -0.00025536596497646534 0.06158839398054819
1.3261223612103217 0.510403129361035 4841.9105493155785 -0.00020146326000847277 0.05715457935544058
1.2150274543261184 0.4974751365442409 4792.544462447057 -3.8655770186406786e-05 0.054591224403271854
1.1954104376468178 0.5078822015328357 4725.592897510733 0.00019472258265221655 0.031607113016818636
1.3274705567534664 0.5156679175566308 4674.435952751463 0.0007265985176932752 0.046137556735335164
1.0431222347393436 0.5043735831403972 4806.339673826274 -0.0006397433045179421 0.0240016219050959
1.1748241698679036 0.49929106149169733 4704.4840454084 0.0004416369695469529 0.032884220723394114
1.3145904701071145 0.4733853976498413 4915.713169534771 -0.00021572207396777012 0.06143673434173259
1.075693953513537 0.5091981069773401 4968.283332442032 -0.00013193092542651173 0.02760606279115862
1.2811809515745989 0.4902133320526529 4605.755812348174 -0.00027803444384213473 0.05547087634234439
1.1524409139846048 0.49222084984894576 4898.056912929816 -0.0002208507457777044 0.03522273049748398
1.2704083963283317 0.486602604513434 4927.531509601148 -0.00018298774738143556 0.059125527730342714
1.2360151719717873 0.4996387648954677 4728.586770139613 -0.0005414198700692996 0.05201860681176099
1.2228380145143314 0.5017445618464592 4961.3857181907415 -0.0002844572705716058 0.053869160367679005
1.2840124894145082 0.5273416435383447 4832.625398093556 -0.0002553435430860788 0.054783444965978347
1.2336685692261922 0.4964611251186312 4760.6920384367995 -0.0010321815382454379 0.059710451138087796
1.3476892390948798 0.5162136745691602 4826.881249091682 -0.00023640021919730893 0.06162678663998564
1.253275719382661 0.4994758699680867 4902.598988787903 -0.00018018667835307026 0.0591024639924482
1.350412768209873 0.4960721244067617 4841.845755783713 -0.0005508347632764356 0.06244721667850734
1.2554012260756169 0.4857887399208065 4989.14731011761 -0.0003035919147453848 0.060741375033191734
1.2071359246364501 0.5053991868423164 4937.407463473928 -0.000636366937315864 0.05136788207214235
1.291167216426206 0.5007246332411945 4876.783542173385 -0.0004799780934476077 0.06064016017496896
1.2705848019897974 0.5109914967673945 4984.786559517737 -0.0004155179900319185 0.059795163611673065
1.3038388413809134 0.5274395334313269 4836.7332469075645 -0.000353590562249839 0.0597953562920719
1.2950767507813803 0.513860264224135 4899.749997259261 -0.00013743391412629767 0.05317068508705545
1.2950767507813803 0.513860264224135 4899.749997259261 -0.00013743391412629767 0.05317068508705545
1.2635165468814324 0.4893248579798827 4848.597505891356 0.00023355577214388112 0.057765270288132234
1.2417149267535916 0.5012953976820129 4949.103420782377 0.00018139639823690844 0.047521101822499745
1.2417149267535916 0.5012953976820129 4949.103420782377 0.00018139639823690844 0.047521101822499745
1.2505197198201292 0.5021766298463046 4730.44995548686 0.00013232801925180273 0.05473545097921711
1.2444259730936273 0.5172368403947365 4927.89783900172 4.993829975584663e-05 0.057085871918061776
1.316166762487571 0.4826128631982378 4760.714024771282 8.54321617493253e-05 0.06234385160780178
1.2669205645890926 0.49290654070509854 4731.128578560017 -5.251328989276731e-05 0.05928797132779283
1.2616744802397497 0.5225460633725494 4947.570211698608 1.0048110244187024e-05 0.051409485693070044
1.2235896376083673 0.5035222833864367 4420.647206029738 -9.963743275698472e-05 0.05501803986197648
1.275849054436937 0.5049903293070462 4803.227309758977 5.672059727746216e-06 0.046076463603448706
1.2916040995676528 0.4958036524967039 4848.558763345082 -5.045983011451898e-05 0.06132151721191293
1.2504101768313913 0.5129757709710823 4796.378624563709 -6.792536770990754e-05 0.04935242855367686
1.203758071459113 0.49120065299735877 4539.729647551307 -8.156141945020542e-05 0.04857188329457244
1.2386176918946805 0.5028951198680263 4663.809678191557 -3.868108041131287e-05 0.04916257590311421
1.3005993992798408 0.5057865723815591 4803.81056656431 2.6493609149485348e-05 0.051043329364712064
1.3447541921053483 0.504270117257518 4784.395141678357 -0.0004413357850138827 0.06521128020892908
1.3055097640564055 0.4937333081320779 4817.960603383728 0.00032367763409905893 0.05839400295247586
1.3023705730642448 0.4844462955696372 4882.183383122753 -6.794494193214917e-05 0.060728884510188375
1.225196105404441 0.5006668538480534 4896.023509498716 -9.588514346389356e-05 0.051097489124534906
1.3304435328919864 0.5147946716376456 4592.488775679557 -0.0004842011026864213 0.05719510180511471
1.2208035688373595 0.49090299904630735 4918.60563132052 -0.0003440929265025045 0.05430791798258236
1.3320180419603473 0.5273752356285195 4585.114658024385 0.0008259966904575081 0.046053941929677183
1.289021344527368 0.5331963559925923 4988.925255886672 0.0005303886250519819 0.06153119177729838
1.3262472787864097 0.5359940575520274 4950.924288620316 0.000736789681195786 0.05831588287125111
1.3003245546644888 0.5453256309018488 4982.905133915088 0.00046407657634289 0.05649284824735523
1.2368438153784702 0.5133599288162812 4902.60956488312 0.0003639203308011847 0.06260148573382114
1.2438316633783253 0.5137390780861961 4760.862310812013 0.0005004658570450953 0.05319044805282078
1.1795299753980588 0.5022471744540554 4918.284224828333 0.0006388182085981418 0.056337669217166125
1.2457198307252704 0.5093514878719014 4760.607321294369 0.0005132365215394462 0.05989184056196328
1.3122618881972754 0.5275659963475322 4982.703533893631 0.0004663536936532285 0.054433628516601745
1.2461185258693797 0.5206042351457963 4954.478008031064 0.00037011308498743163 0.05775842295817345
1.3385645385887819 0.5453998671289102 4709.166388454355 8.212836174240827e-05 0.05289208070864684
1.3385645385887819 0.5453998671289102 4709.166388454355 8.212836174240827e-05 0.05289208070864684
1.3639283882220514 0.5301605615372172 4379.046844081641 0.0001535857842818557 0.05801997482043312
1.4487599943175806 0.5352068409092311 4643.928713546599 0.00036095706651841666 0.06372115742675066
1.4580564432667966 0.5362262415804726 4300.427511510124 4.026844176626916e-05 0.05985123501060938
1.3939977653320037 0.5301628514457137 4615.475658472879 0.00019199992767209562 0.05950573206117562
1.3519827269144784 0.5327664959600376 4536.524641427664 -0.00012402471854255383 0.05774064264764327
1.3389269334738465 0.5291703121766876 4379.128263673618 -0.000220656218546793 0.05156607930216604
1.4062271262603134 0.5267503194955216 4580.240633517806 -0.00015349534645734932 0.06231484018322731
1.4005902014728 0.5350016667782875 4849.238055553441 -7.133820055530006e-05 0.0568369321667576
1.3948645137529674 0.5187029954386666 4300.83774742181 -5.7223743383132745e-05 0.06071379286561375
1.2898810434778973 0.5347967021217763 4803.437980425832 -7.931999714532813e-05 0.042836920350777526
1.2898810434778973 0.5347967021217763 4803.437980425832 -7.931999714532813e-05 0.042836920350777526
1.3274183635820638 0.5303248919975467 4598.415752132674 0.00029862815859335427 0.05129726066378605
1.3123607858723918 0.5431711368674048 4527.332698918989 0.00048644619761071026 0.047768431688401274
1.3508522907835026 0.5300005700055395 4344.0926880684065 0.00035990093905068765 0.05722647403857608
1.3080321096587415 0.520743053836661 4270.537882713137 0.0009027948480450315 0.05544191154034075
1.2805362404904015 0.5210064464197546 4569.36872723271 8.048854676928688e-05 0.04831130380684179
1.3140275252492721 0.5538980372907043 4526.114420013075 -0.0004897317295289667 0.04101513170717543
1.3155231759850117 0.5507905123102534 4344.850809152237 -0.00034355115562482514 0.043768171277055304
1.2717470471607484 0.5306993353125571 4306.144126244094 0.00027334154251861204 0.04564645689468719
1.3007781438618347 0.536591699162318 4379.787059840355 0.00016969009295627994 0.04542874483003291
1.3156896918478176 0.5313030508006964 4405.519915857127 0.00012026503156573612 0.03943996721284988
1.3019591088346623 0.5167236684848018 4306.522388622715 4.482421018731299e-05 0.05493019845005236
1.3059616437058885 0.5356499099080276 4527.493141175031 -0.00013712617087242052 0.04542371372553597
1.227253939366562 0.5077310820944423 4794.97280167894 -0.0001517466108307031 0.03880777149362208
1.2042494308226002 0.5003235019155525 4975.366292027841 -8.691637790948996e-05 0.040286753523085236
1.2069958449829934 0.5106241757710925 4814.858845803501 -0.00015169279720801416 0.031165649754571936
1.2205009503176238 0.5162187042608176 4988.544619668605 -0.00040021141774769416 0.042312947427969566
1.174920963585293 0.49991457859418875 4903.832128186124 -0.00023300297735010848 0.04321009227618369
1.174920963585293 0.49991457859418875 4903.832128186124 -0.00023300297735010848 0.04321009227618369
1.195260698104727 0.5162060738757133 4994.834507734887 -0.0002933684836392255 0.04125446440960734
1.155545424414201 0.5201205872796519 4949.734569556435 -3.2847560267875346e-05 0.030257518712452063
1.1656747114230561 0.4990096066720079 4892.758153676575 1.1666691388691764e-05 0.03518164720423941
1.1996608909346669 0.526123354597058 4836.568763449709 -0.00037418384380038855 0.032867819138519945
1.1613942829929267 0.5197775949963994 4984.897151721454 -0.0005161061705549545 0.03196347311641337
1.1736004176578931 0.5258437709049147 4683.769156981383 -0.00018891801318361321 0.03065329499347471
1.1763909879922783 0.5224169753419974 4536.194875947059 -0.00044617132428485356 0.026821482603371492
1.1763909879922783 0.5224169753419974 4536.194875947059 -0.00044617132428485356 0.026821482603371492
1.1864318011411368 0.5143790571895108 4683.887991065353 -0.000717062164045859 0.033937729438900714
1.0509565518528874 0.5003998608078688 4668.257292748413 -0.0008943498503775464 0.025738286598301078
1.0508243971103 0.5004347356281917 4949.180645764881 -0.0007170309741925321 0.02438498504657869
1.1290930336692686 0.5203166515529065 4794.722534366267 -0.00016920493451295734 0.0243605836425048
1.1572819903798373 0.5146498283276202 4895.027818407851 -1.4926929786713306e-05 0.026021784863277112
1.2107449902483198 0.53396901449823 4797.508417155762 -0.00011965240143771572 0.04428863517665396
1.245202255746447 0.5150549354673398 4815.718934722446 0.00020769366735217624 0.03999037471228445
1.2252461536180992 0.5377432261969342 4831.904030045168 -5.012633638823374e-05 0.03007302853766224
1.217032708275715 0.5148002869917672 4957.618858256008 0.0003076595157615258 0.035494382262357654
1.217032708275715 0.5148002869917672 4957.618858256008 0.0003076595157615258 0.035494382262357654
1.1624738365870364 0.5415411309875999 4895.817440296301 0.0003595996608603923 0.027324419950242644
1.2375919805075082 0.5450538378593894 4933.3214525274425 0.00025406514136983445 0.03283795668365932
1.2784565228312292 0.5379144881925685 4413.505387991282 0.0001642919005160103 0.035919915856693074
1.2086630316426286 0.5340961286035879 4300.721957717425 1.0547813841400034e-05 0.025568182105725687
1.2086630316426286 0.5340961286035879 4300.721957717425 1.0547813841400034e-05 0.025568182105725687
1.1607818563947816 0.5108929261790793 4491.6577921932385 7.467958928100765e-05 0.029474893533407848
1.170949717975344 0.5222660887997457 4536.855985003586 0.00016914432445091536 0.025143070858634556
1.170949717975344 0.5222660887997457 4536.855985003586 0.00016914432445091536 0.025143070858634556
1.2685521985050323 0.5275603592900532 4249.606967151611 0.0002555610379761888 0.03524493236788623
1.2685521985050323 0.5275603592900532 4249.606967151611 0.0002555610379761888 0.03524493236788623
1.2184561303290218 0.5066871433755742 4836.783833286185 -4.073365455844421e-05 0.04213692913906958
1.140185000122737 0.5084200253513884 4903.625197059824 0.0001518066919369053 0.03091785723238369
1.0732898189016393 0.5064726878317147 4849.456525223214 0.0003783711400090897 0.02600232870969547
1.1620392999067273 0.5058554778887545 4948.856956918215 0.00010227515833995987 0.04054864080499636
1.1787218783696092 0.49681642922239255 4911.160474976277 0.00010235424359743324 0.03313751066777754
1.1444482257060073 0.4986861553503937 4989.739661059805 0.0003186165940481125 0.033111629644771975
1.154543372060861 0.5100959905510611 4886.546339976491 0.00022835706995369135 0.03781746297377772
1.1663650963616286 0.5160608730212102 4817.909010648343 0.0005169455506216835 0.038481538286273466
1.1861093602711335 0.516096489245637 4719.926291478776 0.0003677046238854743 0.027187896749754296
1.2092452072313995 0.5169873612950158 4704.926105782713 5.1623158628515614e-05 0.04173937866252013
1.1393799361085872 0.5167405782645382 4815.0260931165485 0.00017738392407378167 0.025618186829095047
1.1404276251033476 0.5036522671412772 4936.571509360845 0.0008660639269628817 0.03279691935712992
1.1404276251033476 0.5036522671412772 4936.571509360845 0.0008660639269628817 0.03279691935712992
