    0.118912177989537460E+01    0.585049352812071932E+00    0.451349926960246285E+04    0.147278187754531386E-03    0.684993456267797285E+00    0.402777594327286614E+01
    0.102441375207165386E+01    0.651511054339114493E+00    0.492061465350934304E+04   -0.294248206257840335E-03    0.356199306557451856E+00    0.443244067178492340E+01
    0.130054766346179029E+01    0.613858336546877492E+00    0.416133520778777529E+04    0.263875181704882535E-03    0.660425303613066728E+00    0.463213076420499092E+01
    0.118179219832346072E+01    0.629178012246818796E+00    0.440221293775693812E+04   -0.251279495669759988E-03    0.444515105878973582E+00    0.474391341080849926E+01
    0.144140655726575329E+01    0.596511286562418253E+00    0.442858897328534204E+04    0.726471943703486305E-04    0.864653625135838211E+00    0.539723495672995135E+01
    0.118853906066605020E+01    0.646171299521329567E+00    0.413918942054359468E+04    0.476195848075052408E-03    0.624701329424457885E+00    0.546959284148564784E+01
    0.134198092187859208E+01    0.535455399344409111E+00    0.423395110558998113E+04   -0.100808693265757993E-03    0.863334325432980165E+00    0.558513818870744849E+01
    0.142782532640948157E+01    0.574816618723267947E+00    0.473131591499255319E+04   -0.466086791689274626E-04    0.940158142141822362E+00    0.566317259745629009E+01
    0.143371471968270203E+01    0.565602450095596954E+00    0.433285697882193108E+04   -0.797684008540938954E-04    0.843040002701967772E+00    0.574983081390610451E+01
    0.994600558939241264E+00    0.581988890786714896E+00    0.481641190727965477E+04    0.255176218010305688E-03    0.359147494091037134E+00    0.577609680530883729E+01
    0.129529849452138679E+01    0.652342930499262841E+00    0.485541788654935499E+04    0.752634308044070684E-04    0.911114472023057620E+00    0.588982668078454985E+01
    0.112323779988857497E+01    0.647923429369734794E+00    0.451518596533843447E+04   -0.482721931944485858E-03    0.521562101993965688E+00    0.599626114870003413E+01
    0.101096576967905305E+01    0.623388474688284511E+00    0.495367343777568931E+04    0.141847469869498923E-05    0.372823082553490448E+00    0.603417872582932358E+01
    0.139807585937386292E+01    0.599316492101062859E+00    0.398644576560275800E+04   -0.544690336196670239E-03    0.993898077699427951E+00    0.605106592025947165E+01
    0.141223178878937183E+01    0.629992462076412463E+00    0.419314168033063379E+04    0.258486442744054572E-03    0.983076476251946385E+00    0.608231108658875108E+01
    0.135033053862081309E+01    0.598536008795368835E+00    0.451934089308950297E+04    0.520634261822298288E-03    0.991311020552358979E+00    0.616850242444209673E+01
    0.121078264394251245E+01    0.606781678512682499E+00    0.425201242862451909E+04   -0.136272779058726275E-03    0.496404574183806013E+00    0.630778860313271217E+01
    0.100379041788849399E+01    0.606304814478572540E+00    0.403285821086104170E+04    0.540682884264694899E-03    0.358447083012326584E+00    0.632644841379799860E+01
    0.115363966069652291E+01    0.635336062106239385E+00    0.430313820345781460E+04   -0.345462584122258585E-03    0.423491630571427524E+00    0.633866223324018740E+01
    0.959905499605155477E+00    0.582409642924626381E+00    0.497177085624632855E+04   -0.225578307015100477E-03    0.348924434786796633E+00    0.652204886343572809E+01
    0.131369967460654546E+01    0.578373602474604009E+00    0.490290121429275132E+04   -0.149602848613658221E-03    0.925826429356580882E+00    0.654208694501864052E+01
    0.115373756953392670E+01    0.646846747507438535E+00    0.442147106453791639E+04    0.168779200185141729E-04    0.359725323996935242E+00    0.669293434495189921E+01
    0.105050574781609929E+01    0.642464860704773266E+00    0.480570713644950229E+04   -0.985618405780653309E-04    0.371097022463846793E+00    0.669987624195831799E+01
    0.133379098723081979E+01    0.659358931211172949E+00    0.467185184454683440E+04    0.174979834328704072E-03    0.906022546368657089E+00    0.670478298227088576E+01
    0.123112656702385381E+01    0.652970654123280259E+00    0.468510927237740452E+04    0.416649243627863382E-03    0.525199154506307386E+00    0.679734924119913408E+01
    0.121631089664323366E+01    0.657595023148251467E+00    0.488651637312730327E+04    0.346300961687277841E-03    0.795627997234313544E+00    0.689973357899622908E+01
    0.137375692857688891E+01    0.613967213818892743E+00    0.495878037960799338E+04   -0.190860097651818081E-03    0.828012394058329271E+00    0.694336225587609768E+01
    0.130161148725065035E+01    0.613295415380117559E+00    0.410268592604609876E+04    0.220543912041478005E-03    0.931071519751233811E+00    0.694341729968745192E+01
    0.106525346895896389E+01    0.613610351297767087E+00    0.438453257890142231E+04   -0.605671715286323805E-04    0.362974483291699235E+00    0.694527057935286685E+01
    0.109096016107007188E+01    0.611436217491703737E+00    0.470594073429185573E+04   -0.582867062070135396E-04    0.355279314538137214E+00    0.696391205217799492E+01
    0.136466426346551462E+01    0.606949538911628506E+00    0.473824266368862391E+04   -0.992625806208238804E-04    0.985555157023024542E+00    0.698595914979065746E+01
    0.133770853094581499E+01    0.623710451178933090E+00    0.463176866465738840E+04   -0.656779616100560347E-03    0.967349049358635638E+00    0.699882934418524094E+01
    0.123981993847588656E+01    0.624076877389187379E+00    0.442429643890820444E+04   -0.316222355022817740E-03    0.420514785600080487E+00    0.702374843761844581E+01
    0.140088398674922354E+01    0.607746148062949243E+00    0.481374084141661115E+04   -0.192006414324308252E-03    0.921609364004996934E+00    0.702689592388063211E+01
    0.135959729477615809E+01    0.601678864926190160E+00    0.456951717915346853E+04   -0.532086281001703542E-03    0.929455887197766284E+00    0.711166956245043025E+01
    0.131180529884720976E+01    0.602252533572854354E+00    0.459492256958942835E+04   -0.196722210286922198E-04    0.987695606259272552E+00    0.712060790262437227E+01
    0.134418297570080991E+01    0.681943585556840315E+00    0.420149872219130884E+04    0.108907577040702933E-03    0.623593014423780678E+00    0.715327718451177841E+01
    0.133017756356247174E+01    0.552050582157004754E+00    0.429493208321850852E+04   -0.282357197557066850E-03    0.849404179384555702E+00    0.719423112147893473E+01
    0.103977112493233381E+01    0.603129987331634809E+00    0.493627175845535112E+04   -0.654402380542078941E-04    0.366858180483863150E+00    0.724741880960113871E+01
    0.126045762738117029E+01    0.641309691817174232E+00    0.463805700530691229E+04    0.236516756895265793E-03    0.710572241244973646E+00    0.725382778043550047E+01
    0.129970466979353794E+01    0.671876584705258795E+00    0.458126216106651282E+04   -0.756278925347847594E-03    0.571841693754969072E+00    0.729584072778476944E+01
    0.131601933488292655E+01    0.550657701062900129E+00    0.449867929389905839E+04   -0.454476086848586472E-03    0.868636208286371003E+00    0.730283592235470636E+01
    0.141253494783208589E+01    0.558834118626147736E+00    0.492774956411007315E+04   -0.385243564506256801E-03    0.937799065347139971E+00    0.730579476486634150E+01
    0.128348801329923656E+01    0.629944076724093138E+00    0.472349344275536987E+04    0.483019105155797757E-03    0.905315590969512307E+00    0.731343630540985412E+01
    0.123267846278474535E+01    0.608743106268009759E+00    0.450350324830449154E+04    0.464641091661507227E-03    0.691524155007011698E+00    0.732025157106187230E+01
    0.127945776553826174E+01    0.591040219755369911E+00    0.468785017210109163E+04   -0.128033284749689945E-03    0.831942963600269092E+00    0.732872209000879415E+01
    0.121489869782877724E+01    0.568920698039450334E+00    0.475986317591999159E+04   -0.290145712732611599E-03    0.820246986218972296E+00    0.733313909261346009E+01
    0.113115027331847706E+01    0.623670318402259172E+00    0.456409597971048970E+04    0.383715171009447835E-03    0.350455003513297503E+00    0.735685787488273490E+01
    0.121939570202149516E+01    0.581960403553943628E+00    0.489493658346696793E+04    0.329567199891356625E-03    0.824492417228849028E+00    0.736400329191999692E+01
    0.118953224025126958E+01    0.639399021621676722E+00    0.406889914221713298E+04   -0.283897067206736943E-03    0.463017571884476009E+00    0.737386204393281730E+01
    0.106789952528795506E+01    0.590591393226868933E+00    0.457419214394360188E+04   -0.274640271943986467E-03    0.362631399755275030E+00    0.739438748803654988E+01
    0.107121934631205828E+01    0.639353446479586474E+00    0.433265464891844749E+04   -0.725803016292613976E-03    0.355584505434151710E+00    0.743593213297577371E+01
    0.122308074746423179E+01    0.642066053256867719E+00    0.426791899085382283E+04    0.106272586842665393E-03    0.555175415719022181E+00    0.744026263678135713E+01
    0.124566839109041849E+01    0.629120576770184514E+00    0.468004700912455610E+04    0.213839766820388657E-04    0.808847521886032261E+00    0.745351834311596306E+01
    0.120859481672235014E+01    0.600800777594566959E+00    0.472966639831209795E+04    0.236109950139002902E-03    0.640170111139511722E+00    0.746726346369405913E+01
    0.103165490540531457E+01    0.607525711776526145E+00    0.464003958034030165E+04   -0.611077207584014015E-03    0.347845437578714001E+00    0.748456589137317962E+01
    0.111048810117975627E+01    0.650231684284266476E+00    0.482581567632997940E+04   -0.720628869891358449E-03    0.374731238741081996E+00    0.748554995462763983E+01
    0.108579111434383924E+01    0.600639923008149834E+00    0.489562077352396591E+04   -0.564293604158740505E-03    0.337728026164953288E+00    0.752017978398899345E+01
    0.125136002325257678E+01    0.633248046648345664E+00    0.489997175081078058E+04   -0.293912948433355792E-03    0.512514069788570170E+00    0.753972911882257435E+01
    0.131653811484588257E+01    0.623614671958859113E+00    0.445094588360948637E+04   -0.365739847139783685E-03    0.969315545550287649E+00    0.754123381175801732E+01
    0.133513810959213863E+01    0.629530654806212731E+00    0.465198444874196412E+04   -0.138228699841342272E-03    0.960297773867740290E+00    0.755442606305074449E+01
    0.111991171624806540E+01    0.619543951708718899E+00    0.435401810378675964E+04    0.399804964866794503E-03    0.454553237117732378E+00    0.756019942050804516E+01
    0.128830609022697429E+01    0.613836578664719079E+00    0.439267351581828007E+04   -0.170384632463626786E-03    0.920948791042132342E+00    0.756998424957708504E+01
    0.126355111592048575E+01    0.610128989876206007E+00    0.465219523350062809E+04    0.591746355545132597E-04    0.953475453658579331E+00    0.760339117770778827E+01
    0.122258821770742943E+01    0.652508428733027612E+00    0.472883360584705497E+04   -0.664823946423147684E-03    0.588974141144399277E+00    0.761009365798761905E+01
    0.112049772755476362E+01    0.627639203495445330E+00    0.494505063076708393E+04    0.321095538941456378E-03    0.348599961002618530E+00    0.761022763918767708E+01
    0.108795140467821039E+01    0.602328384334538947E+00    0.464428489949727464E+04   -0.609608063679375339E-03    0.369493692310220445E+00    0.762232802579143609E+01
    0.128256840489885993E+01    0.623447479521009096E+00    0.446307461409619827E+04   -0.373609362453921755E-03    0.977392509430915490E+00    0.762925967854247489E+01
    0.116268671568739612E+01    0.603058761137484023E+00    0.448294381199644522E+04   -0.372400634250905755E-03    0.624956241742480767E+00    0.764383304873429026E+01
    0.101988065803914307E+01    0.610135069124789209E+00    0.442522237299729204E+04   -0.385424193465914230E-03    0.354664941750287899E+00    0.764746051581226283E+01
    0.112121546234062275E+01    0.621551724110832149E+00    0.489335794036199331E+04    0.402904680436858269E-03    0.407589466284209889E+00    0.765089496800532842E+01
    0.126060087507425855E+01    0.594072128116796661E+00    0.442378773146790445E+04   -0.232625937948860808E-03    0.879268489748499249E+00    0.771525499079807187E+01
    0.102148338058262489E+01    0.625172090145239667E+00    0.420026201507933729E+04   -0.450704156629913480E-03    0.342499467795143786E+00    0.773581861466002429E+01
    0.134784725646424430E+01    0.630764394223054969E+00    0.498538225565870107E+04    0.161344522385525630E-03    0.978462747373196162E+00    0.775307460379545255E+01
    0.135646388116871797E+01    0.600937714812159962E+00    0.482471037920517574E+04   -0.591049863936098509E-03    0.988626260335863982E+00    0.778267870730723565E+01
    0.135646388116871797E+01    0.600937714812159962E+00    0.482471037920517574E+04   -0.591049863936098509E-03    0.988626260335863982E+00    0.778267870730723565E+01
    0.133975637921421598E+01    0.610663195564534300E+00    0.418557132934322908E+04    0.816937958357476712E-03    0.968231254866458335E+00    0.782447378043853270E+01
    0.141503546656246360E+01    0.610196197286826059E+00    0.420313625236743974E+04    0.627044866030152317E-03    0.976971893275922709E+00    0.782903683811318896E+01
    0.129573699298082934E+01    0.635428999198930256E+00    0.488207286749355808E+04    0.191129353217080943E-03    0.979787517897797611E+00    0.785783023362806965E+01
    0.111317064970780022E+01    0.650786383533029977E+00    0.452315774733443322E+04    0.499726390952783485E-04    0.371926758197213436E+00    0.786965433140612447E+01
    0.145308416106113447E+01    0.559009234979642056E+00    0.419183255287091197E+04    0.288528432129361990E-04    0.906595138458888394E+00    0.787604711447410111E+01
    0.128334519211528364E+01    0.609702484910015663E+00    0.474650878936185563E+04    0.365549863537122511E-03    0.969169962301780208E+00    0.787653591442810175E+01
    0.128566863018476152E+01    0.644194120549236748E+00    0.442558364726221498E+04    0.206562677954320563E-03    0.936624689722702630E+00    0.787784411636335591E+01
    0.128566863018476152E+01    0.644194120549236748E+00    0.442558364726221498E+04    0.206562677954320563E-03    0.936624689722702630E+00    0.787784411636335591E+01
    0.114237444510472153E+01    0.628917780577461727E+00    0.452943930118890876E+04    0.655775988919895207E-04    0.380418020928659839E+00    0.788373262850274248E+01
    0.125756085173419674E+01    0.606833110783660867E+00    0.496542210615554177E+04    0.441129204389828858E-03    0.858249859415502581E+00    0.789261235858512755E+01
    0.115711732871801720E+01    0.654769419102220307E+00    0.498622443383541031E+04   -0.242807286665402619E-03    0.446132057510181479E+00    0.789329320601005868E+01
    0.139532010755565250E+01    0.605299464720449709E+00    0.459347007109054994E+04   -0.135793171659789565E-03    0.914481801396309635E+00    0.791196056796490588E+01
    0.114232948762326525E+01    0.637974114416171689E+00    0.488280275445908319E+04   -0.799869022940756643E-03    0.417464865686689279E+00    0.791315420569048555E+01
    0.132401279130387772E+01    0.631832799577409454E+00    0.447646807303342666E+04    0.376609047924595524E-03    0.842440166832961190E+00    0.792059368342296111E+01
    0.134659845769427733E+01    0.596374303200821743E+00    0.473740889011054242E+04    0.870230889682292377E-04    0.969240131052230613E+00    0.792167059923916028E+01
    0.100471216788133910E+01    0.600078564532893655E+00    0.425050770353551161E+04   -0.166554149544757374E-03    0.342362112363727600E+00    0.792503348034133381E+01
    0.101689359722615125E+01    0.610172768928064047E+00    0.485214249897863465E+04    0.112144124052272298E-02    0.359665221054570883E+00    0.792768199929189343E+01
    0.137078752146605654E+01    0.572239536803271998E+00    0.460089235493137039E+04   -0.957315122121183966E-03    0.897794735469458649E+00    0.796368955760453723E+01
    0.143804478371099265E+01    0.577991829707073190E+00    0.495375371654217906E+04   -0.296617803233549595E-04    0.888089787498547945E+00    0.796982563658772047E+01
    0.130102802524193284E+01    0.639559047935710834E+00    0.489701266643864074E+04   -0.111783411706064501E-03    0.962168361171160447E+00    0.798535940135582756E+01
    0.130102802524193284E+01    0.639559047935710834E+00    0.489701266643864074E+04   -0.111783411706064501E-03    0.962168361171160447E+00    0.798535940135582756E+01
    0.119814237971920523E+01    0.625969163817422625E+00    0.484591800688651801E+04   -0.303695595515554768E-03    0.698910395199504708E+00    0.798577472300285862E+01
    0.904753264988985784E+00    0.568167438112241907E+00    0.451053235821550516E+04    0.757361127992539434E-03    0.328859273950654507E+00    0.798686010938889090E+01
    0.117951643415490892E+01    0.587833175336824110E+00    0.457959420951247830E+04   -0.817839299040480638E-03    0.765146349000705994E+00    0.800285815348237506E+01
    0.120875237873641117E+01    0.631985519512759719E+00    0.475728187123956195E+04   -0.456029694094083038E-03    0.722246446788531560E+00    0.801241213277476838E+01
    0.120875237873641117E+01    0.631985519512759719E+00    0.475728187123956195E+04   -0.456029694094083038E-03    0.722246446788531560E+00    0.801241213277476838E+01
    0.129944803356385985E+01    0.591575046964364026E+00    0.462528143785078282E+04   -0.599108997395085357E-03    0.941078054008140041E+00    0.801274883679838901E+01
    0.118550729356493645E+01    0.626514846548224091E+00    0.409280198597902609E+04   -0.212193852285078212E-03    0.357464482335508649E+00    0.802738916076115672E+01
    0.131507667084513269E+01    0.576351920071470181E+00    0.461789687113021137E+04   -0.344482957530870850E-03    0.896437378545224872E+00    0.803731888989073084E+01
    0.127146318169459560E+01    0.660713279676176657E+00    0.396563670102597825E+04    0.968926010731799102E-04    0.568683505477074691E+00    0.804181568575254069E+01
    0.120851793487928205E+01    0.653059442932846457E+00    0.394136764242611980E+04    0.269226081315967842E-04    0.425726883972299186E+00    0.804561757868891547E+01
    0.121173262596130371E+01    0.663760662078857422E+00    0.449549921607971191E+04    0.884953118587263011E-03    0.765826344490051270E+00    0.804706270725531780E+01
    0.108033051415896941E+01    0.610765943228332553E+00    0.459386319703658501E+04    0.680538079296661829E-04    0.354722431271327798E+00    0.805055418013961877E+01
    0.134077035091637864E+01    0.573217791375430052E+00    0.487537743491343736E+04   -0.632842370965386119E-03    0.868348554060236699E+00    0.805865570755132765E+01
    0.129937437757178609E+01    0.667791518699931808E+00    0.491153631281444359E+04    0.591857976417994956E-03    0.845022338733242173E+00    0.808607462993690973E+01
    0.130100352209664871E+01    0.663636471151590968E+00    0.467188291623435543E+04    0.311496765875102094E-04    0.784253238626870353E+00    0.809158818821836334E+01
    0.114169915916207465E+01    0.661718169030914072E+00    0.490199926135326314E+04   -0.281438015722197969E-03    0.367689183470256697E+00    0.811060470693707103E+01
    0.140787086407949902E+01    0.585529485637277358E+00    0.487611653895255131E+04    0.150618196044282465E-03    0.890904458385406328E+00    0.811447638712901309E+01
    0.140787086407949902E+01    0.585529485637277358E+00    0.487611653895255131E+04    0.150618196044282465E-03    0.890904458385406328E+00    0.811447638712901309E+01
    0.129249126743306686E+01    0.594884540484147073E+00    0.461040837123304027E+04   -0.169408713282839736E-03    0.879279263884804152E+00    0.811880849044963426E+01
    0.132789774380278436E+01    0.679008872956492371E+00    0.422941107594292043E+04   -0.151489704114839570E-04    0.573180414182756781E+00    0.811882562866280466E+01
    0.132538789494752063E+01    0.625001674678032693E+00    0.436242708937768020E+04   -0.189140580866140799E-03    0.916274512932781171E+00    0.812048674649583191E+01
    0.117385173552359001E+01    0.618499769121360843E+00    0.434075593624647445E+04   -0.457342826484568839E-03    0.717093955619332202E+00    0.812087715486343242E+01
    0.121743741365376934E+01    0.634845792740714288E+00    0.461714591790485883E+04   -0.604511060447664194E-03    0.641676947802238828E+00    0.815884558344563082E+01
    0.103055491912560404E+01    0.624364139719722266E+00    0.433752063977086254E+04   -0.408312973892085916E-04    0.358082587993372226E+00    0.817073899774418066E+01
    0.140450963437995657E+01    0.565522459454309345E+00    0.487574471006232216E+04   -0.456134263982184562E-04    0.865810404141833967E+00    0.817102671302196804E+01
    0.125493929237597568E+01    0.584182733695087664E+00    0.483400329497498024E+04    0.260025730307754529E-03    0.875723978138377768E+00    0.817466371538450787E+01
    0.955611584076638376E+00    0.575649360421121581E+00    0.451091005806661815E+04    0.954234210635035332E-04    0.336246442267023216E+00    0.817842213684379260E+01
    0.955611584076638376E+00    0.575649360421121581E+00    0.451091005806661815E+04    0.954234210635035332E-04    0.336246442267023216E+00    0.817842213684379260E+01
    0.131243567504150782E+01    0.624848932624982423E+00    0.479162549730174032E+04   -0.141690032811197668E-03    0.873546392922853077E+00    0.820364383010041109E+01
    0.136143470030331803E+01    0.657588321918848528E+00    0.409216237066514987E+04    0.190446261743795731E-03    0.875018579740840741E+00    0.823135107146258349E+01
    0.120445607188313941E+01    0.667289713910502846E+00    0.481492294167555337E+04   -0.639072633090919935E-03    0.397887071947460980E+00    0.824926538127206044E+01
    0.124228045141104393E+01    0.611633413877952004E+00    0.459455043858750196E+04    0.199465559977858261E-03    0.854313049593682372E+00    0.825770149472736392E+01
    0.133193505407733914E+01    0.651118180099842681E+00    0.470997101838082199E+04   -0.204896310220751605E-03    0.643830224756892666E+00    0.828323428002220652E+01
    0.128164841289089426E+01    0.624112030873706813E+00    0.485370912543573286E+04    0.529108719055870541E-03    0.562223298935565441E+00    0.829599201032538325E+01
    0.884100869024964209E+00    0.585596555431434407E+00    0.475202976231488628E+04    0.121955996791353214E-03    0.330509724737038102E+00    0.829817144614450442E+01
    0.125841249802891508E+01    0.571339392985480754E+00    0.451546056290308479E+04    0.397678302421793984E-03    0.881019953822584134E+00    0.831631313320565368E+01
    0.958769297556961497E+00    0.604743779965967176E+00    0.473737747225483872E+04   -0.254457206040382977E-03    0.340228645395200480E+00    0.833771928874778823E+01
    0.958769297556961497E+00    0.604743779965967176E+00    0.473737747225483872E+04   -0.254457206040382977E-03    0.340228645395200480E+00    0.833771928874778823E+01
    0.101652008910505054E+01    0.619723294040218864E+00    0.474609380355635130E+04    0.365203966641151000E-03    0.337569291405410254E+00    0.833937710613155403E+01
    0.114391998902983349E+01    0.605568565191702990E+00    0.430221670712563173E+04   -0.963988708784372706E-03    0.375997585531800405E+00    0.834891968637354687E+01
    0.136421815779052036E+01    0.609728781167583778E+00    0.416121102758257803E+04   -0.546966848323811040E-04    0.904767630284119662E+00    0.836381144734664872E+01
    0.114851264641392281E+01    0.628225141601974402E+00    0.468375673093604746E+04   -0.353756238955730033E-03    0.389497576446377392E+00    0.837535939381025329E+01
    0.116822295868248838E+01    0.620593573618614225E+00    0.492570183338962215E+04    0.223373881828438955E-03    0.451062150143520246E+00    0.838159363679248770E+01
    0.116822295868248838E+01    0.620593573618614225E+00    0.492570183338962215E+04    0.223373881828438955E-03    0.451062150143520246E+00    0.838159363679248770E+01
    0.130628081851575395E+01    0.569191996517083076E+00    0.426321017766030673E+04    0.884508201127001984E-03    0.900834115064978125E+00    0.839309082762925485E+01
    0.136231456756826885E+01    0.553589213902453192E+00    0.460209684333180303E+04    0.398920101432066016E-03    0.838732227272650954E+00    0.840126367508315042E+01
    0.136231456756826885E+01    0.553589213902453192E+00    0.460209684333180303E+04    0.398920101432066016E-03    0.838732227272650954E+00    0.840126367508315042E+01
    0.106110524388392191E+01    0.632010997183618750E+00    0.448565482991407953E+04   -0.268971593422381828E-03    0.352698559374271359E+00    0.840992586339474002E+01
    0.130044164004080165E+01    0.597027913728056747E+00    0.469596984625471941E+04   -0.222113586536214853E-04    0.861304465266920394E+00    0.844705873487730585E+01
    0.942160131265763257E+00    0.591195730339564296E+00    0.468753776335035855E+04   -0.465980844766187511E-03    0.343193309654043821E+00    0.845763731235045668E+01
    0.942160131265763257E+00    0.591195730339564296E+00    0.468753776335035855E+04   -0.465980844766187511E-03    0.343193309654043821E+00    0.845763731235045668E+01
    0.114255926403799934E+01    0.623295272253731381E+00    0.474702356517489261E+04    0.300428348532852018E-04    0.346653020379986576E+00    0.846997559759889285E+01
    0.114255926403799934E+01    0.623295272253731381E+00    0.474702356517489261E+04    0.300428348532852018E-04    0.346653020379986576E+00    0.846997559759889285E+01
    0.138140873701029987E+01    0.602465658095510781E+00    0.420261295436280761E+04   -0.100541210193891953E-03    0.951820514894994751E+00    0.847650508645640066E+01
    0.138140873701029987E+01    0.602465658095510781E+00    0.420261295436280761E+04   -0.100541210193891953E-03    0.951820514894994751E+00    0.847650508645640066E+01
    0.129246088725171981E+01    0.553321717319486428E+00    0.461335271922721859E+04    0.116358445991978865E-04    0.825327526083327712E+00    0.848088037518973969E+01
    0.133209848773343964E+01    0.659674875168470232E+00    0.492688647326362934E+04    0.513200522804655910E-03    0.727390634604372255E+00    0.848330616877019494E+01
    0.133209848773343964E+01    0.659674875168470232E+00    0.492688647326362934E+04    0.513200522804655910E-03    0.727390634604372255E+00    0.848330616877019494E+01
    0.126979177818871980E+01    0.628200772174082767E+00    0.493604774241788618E+04   -0.510939861095877188E-03    0.834269293398172018E+00    0.848900466116713837E+01
    0.126979177818871980E+01    0.628200772174082767E+00    0.493604774241788618E+04   -0.510939861095877188E-03    0.834269293398172018E+00    0.848900466116713837E+01
    0.116286820731850193E+01    0.612349475821949873E+00    0.490162368995397173E+04   -0.185044028414674760E-03    0.370003915400150651E+00    0.849567496896704810E+01
    0.116286820731850193E+01    0.612349475821949873E+00    0.490162368995397173E+04   -0.185044028414674760E-03    0.370003915400150651E+00    0.849567496896704810E+01
    0.133586205045407991E+01    0.587270117630914634E+00    0.448520973098645300E+04   -0.108010718527793095E-03    0.937042795068799061E+00    0.849756481075606018E+01
    0.133586205045407991E+01    0.587270117630914634E+00    0.448520973098645300E+04   -0.108010718527793095E-03    0.937042795068799061E+00    0.849756481075606018E+01
    0.121016255204014689E+01    0.659864411366103409E+00    0.475379030616367800E+04   -0.345276269739282836E-04    0.438829836249373662E+00    0.849758279670478700E+01
    0.115332739675285656E+01    0.650438714487281744E+00    0.493008308265170672E+04    0.677612067095304210E-03    0.355319957311134083E+00    0.850767434172796122E+01
    0.136421531975975840E+01    0.543975701668349410E+00    0.473411933814656732E+04   -0.263346702015224133E-03    0.879105713246891018E+00    0.851417132343420668E+01
    0.136421531975975840E+01    0.543975701668349410E+00    0.473411933814656732E+04   -0.263346702015224133E-03    0.879105713246891018E+00    0.851417132343420668E+01
    0.121528313064491278E+01    0.609102134428387343E+00    0.485873257225231100E+04    0.135814765136969825E-05    0.567885263686167430E+00    0.851482191764842611E+01
    0.140403059791540863E+01    0.591003571754283641E+00    0.484841616223828441E+04   -0.313263103252106286E-03    0.902931679806150189E+00    0.851530058586389060E+01
    0.111799303881188261E+01    0.629968864669293249E+00    0.439570227545317994E+04   -0.235888185993102263E-04    0.346070222749845002E+00    0.851777980032615467E+01
    0.136263037391098618E+01    0.639245466289804054E+00    0.481361787406465737E+04   -0.882157846794880680E-05    0.868508331321473648E+00    0.851867574194745103E+01
    0.136263037391098618E+01    0.639245466289804054E+00    0.481361787406465737E+04   -0.882157846794880680E-05    0.868508331321473648E+00    0.851867574194745103E+01
    0.128428530297898735E+01    0.599771242469606225E+00    0.477137175532317724E+04    0.297248389355047617E-03    0.908331011478377692E+00    0.852011903832487327E+01
    0.124836156918330410E+01    0.638468953733622113E+00    0.404693987540123362E+04   -0.387762551755739884E-03    0.532732858593030878E+00    0.852596501679458818E+01
    0.106123300068750948E+01    0.629329896093014485E+00    0.460243177080095757E+04    0.452177783762819989E-04    0.366525464700013570E+00    0.853322372139597718E+01
    0.115905129652794470E+01    0.612056016384190160E+00    0.454414876703823120E+04   -0.653571233532296725E-03    0.486742191004355340E+00    0.853514607317001683E+01
    0.127716720512226134E+01    0.621951130795119989E+00    0.439197364789775020E+04   -0.548277112160357942E-03    0.961737087834459659E+00    0.853738880666391609E+01
    0.127716720512226134E+01    0.621951130795119989E+00    0.439197364789775020E+04   -0.548277112160357942E-03    0.961737087834459659E+00    0.853738880666391609E+01
    0.980681696928513924E+00    0.597629810152029206E+00    0.482594084683782421E+04    0.466000662035587643E-03    0.348056723444926774E+00    0.854977490126584350E+01
    0.137465024271554004E+01    0.608586730956864885E+00    0.483833534892326134E+04    0.239460727449439893E-03    0.974422738380415598E+00    0.855361368270689759E+01
    0.131976315863903615E+01    0.620783930000620376E+00    0.433416432130703197E+04    0.313329804787597507E-03    0.805922347935562833E+00    0.856853208643925335E+01
    0.132999781529370487E+01    0.581741617703790848E+00    0.467808163118401353E+04    0.640732692764676764E-03    0.893844921221624844E+00    0.857663451412972577E+01
    0.132852148322571528E+01    0.604228427309264848E+00    0.428416713935851385E+04   -0.551975672245168209E-04    0.938495134111794194E+00    0.862401607148440519E+01
    0.114848003228738249E+01    0.618034621908990056E+00    0.444991296211484405E+04    0.705225795110413543E-04    0.378174598396916695E+00    0.862432345046777371E+01
    0.142554804359614473E+01    0.596186945047448180E+00    0.447071924697235409E+04    0.190542969806371717E-03    0.935574896552000324E+00    0.863293335809526141E+01
    0.129476407978591035E+01    0.612264611504936052E+00    0.429511934048799230E+04   -0.407475649080741328E-03    0.882276724360971820E+00    0.863340205166336894E+01
    0.112414503822140399E+01    0.660456383520238610E+00    0.485862533946922667E+04    0.440915290530183193E-03    0.381139473861207279E+00    0.865028848950762708E+01
    0.943030656097436082E+00    0.588965870736491093E+00    0.485932149141678292E+04   -0.241541079021411089E-03    0.339605908855355410E+00    0.865082678056415233E+01
    0.129482902294862345E+01    0.610591370884119744E+00    0.478716816190761438E+04   -0.150601057295811532E-03    0.984095431741545124E+00    0.865704123804506409E+01
    0.127926716254169293E+01    0.623274198410094904E+00    0.419726452635916485E+04    0.628514239963074307E-03    0.944680436748381092E+00    0.866956798489447067E+01
    0.127926716254169293E+01    0.623274198410094904E+00    0.419726452635916485E+04    0.628514239963074307E-03    0.944680436748381092E+00    0.866956798489447067E+01
    0.116430700184450120E+01    0.631566391720734366E+00    0.454891791223368818E+04    0.193047444789885462E-03    0.400636924016386231E+00    0.867304835018106424E+01
    0.106525297084032911E+01    0.621711600637639750E+00    0.481002223342791240E+04    0.109291637771039463E-02    0.346519711855101054E+00    0.867686475473746555E+01
    0.997083298586521560E+00    0.609261861999536913E+00    0.446795205878922570E+04   -0.728680240624515318E-03    0.342891536892599103E+00    0.868363852783114254E+01
    0.129316893426748880E+01    0.661394871792438499E+00    0.487860914046002563E+04    0.995794988651682806E-04    0.863999831468457047E+00    0.870063942502663323E+01
    0.979829399696057202E+00    0.602312168897590761E+00    0.468302791110162707E+04   -0.761617424801741983E-03    0.330602333488718148E+00    0.870286072902386643E+01
    0.108925331845830553E+01    0.638880961682926740E+00    0.481986202713762759E+04   -0.794015658983232803E-03    0.361240729899954538E+00    0.870470077535194164E+01
    0.123259188477976300E+01    0.637538252469472599E+00    0.491351660648994039E+04    0.162332312394172708E-03    0.637313464743744396E+00    0.870541663861927617E+01
    0.119859719203049564E+01    0.630845777183096867E+00    0.498259329072247056E+04   -0.974024056836568340E-04    0.413134684385846662E+00    0.870907451026009660E+01
    0.125485907099182326E+01    0.638182327244967151E+00    0.495660238231161566E+04   -0.142634461829211392E-03    0.641550381919511414E+00    0.871106889512581617E+01
    0.125485907099182326E+01    0.638182327244967151E+00    0.495660238231161566E+04   -0.142634461829211392E-03    0.641550381919511414E+00    0.871106889512581617E+01
    0.134940836201157044E+01    0.610540090659081436E+00    0.413354642325290388E+04   -0.231467951377643913E-03    0.955338673720838694E+00    0.873500982560895167E+01
    0.101629653077262927E+01    0.615023579008118881E+00    0.406851837978945514E+04    0.105616487362410790E-03    0.350026506103005897E+00    0.875559354409366364E+01
    0.114761992820000791E+01    0.655959121895799524E+00    0.489674840220063470E+04   -0.327932270817667462E-03    0.403812825074074844E+00    0.875800754241744173E+01
    0.114761992820000791E+01    0.655959121895799524E+00    0.489674840220063470E+04   -0.327932270817667462E-03    0.403812825074074844E+00    0.875800754241744173E+01
    0.114083043013859986E+01    0.631680493919879571E+00    0.495675408076779149E+04    0.414712194426923057E-04    0.374855291017118730E+00    0.877056000857344742E+01
    0.126144763323486164E+01    0.627211698985847166E+00    0.456236649886995474E+04   -0.275958212709482491E-03    0.898702626117314329E+00    0.877702959031814345E+01
    0.131632999327860611E+01    0.603953031521182182E+00    0.480118058937959722E+04   -0.721463453331639033E-03    0.966051318780315915E+00    0.878101192908163952E+01
    0.131632999327860611E+01    0.603953031521182182E+00    0.480118058937959722E+04   -0.721463453331639033E-03    0.966051318780315915E+00    0.878101192908163952E+01
    0.116723044368787110E+01    0.617622065028630263E+00    0.424438148154661940E+04   -0.479033933376438496E-03    0.433377094647849348E+00    0.879359754642027269E+01
    0.142421470960245777E+01    0.577471348159105391E+00    0.468570352584596276E+04    0.136016527444593813E-03    0.912546831880060361E+00    0.879419412743839857E+01
    0.129280938736217044E+01    0.617758388624487509E+00    0.462179059824698015E+04   -0.427846524527470513E-03    0.693957644156673936E+00    0.880019374059963511E+01
    0.108025859127869017E+01    0.608674014784162942E+00    0.466331197518561567E+04    0.520155839840241049E-04    0.348179693145819091E+00    0.880534957450189992E+01
    0.108025859127869017E+01    0.608674014784162942E+00    0.466331197518561567E+04    0.520155839840241049E-04    0.348179693145819091E+00    0.880534957450189992E+01
    0.137051467926442561E+01    0.645906383989618860E+00    0.454018844500402793E+04    0.363882318308470019E-03    0.910279910930933744E+00    0.883066323337309989E+01
    0.139781245399743592E+01    0.592322220318774573E+00    0.425202084117502909E+04   -0.883495134695055115E-03    0.913575533255953753E+00    0.884025700953832683E+01
    0.137598860522566291E+01    0.582449062782264715E+00    0.449737436383642853E+04   -0.116651456392448958E-02    0.906709859685131958E+00    0.885152035787405111E+01
    0.137598860522566291E+01    0.582449062782264715E+00    0.449737436383642853E+04   -0.116651456392448958E-02    0.906709859685131958E+00    0.885152035787405111E+01
    0.110449576030436725E+01    0.646974574037957884E+00    0.425314860441714245E+04    0.316351714991476378E-03    0.357769105012897437E+00    0.885842490516053971E+01
    0.119553404732443869E+01    0.606390400061282753E+00    0.476185700016587543E+04   -0.148614975144727114E-02    0.651084607492559364E+00    0.886004221776364886E+01
    0.119553404732443869E+01    0.606390400061282753E+00    0.476185700016587543E+04   -0.148614975144727114E-02    0.651084607492559364E+00    0.886004221776364886E+01
    0.120270873124555822E+01    0.629122164920294380E+00    0.406866633748996765E+04   -0.436005448747836955E-03    0.455932943642930577E+00    0.886028552916072698E+01
    0.134681099692330264E+01    0.548298260099880808E+00    0.444314900183645932E+04    0.383733094171265492E-03    0.890724779528414112E+00    0.886793600231464119E+01
    0.134681099692330264E+01    0.548298260099880808E+00    0.444314900183645932E+04    0.383733094171265492E-03    0.890724779528414112E+00    0.886793600231464119E+01
    0.116081722146528188E+01    0.636643820516875514E+00    0.446812791219107930E+04    0.283988164014707244E-03    0.374082363786781835E+00    0.887837800398636467E+01
    0.107708332631822157E+01    0.632109441082569168E+00    0.489064381436817348E+04   -0.658468593089574250E-03    0.358856629488232326E+00    0.888278766881803250E+01
    0.993873596484095234E+00    0.595718619247748826E+00    0.494204839082541457E+04   -0.485610414692374279E-03    0.344614441664932381E+00    0.888303227628484038E+01
    0.102100026765725671E+01    0.632585658504133841E+00    0.480100651939049567E+04    0.655046085760384094E-03    0.361031326422794174E+00    0.889016939923364902E+01
    0.108143269595220115E+01    0.630894914966036224E+00    0.479781220041560846E+04   -0.504325936761298109E-03    0.375830501436241804E+00    0.889414376820148789E+01
    0.108143269595220115E+01    0.630894914966036224E+00    0.479781220041560846E+04   -0.504325936761298109E-03    0.375830501436241804E+00    0.889414376820148789E+01
    0.114265834519131571E+01    0.640341999221606173E+00    0.470015209572816821E+04   -0.360126807493579219E-03    0.380676807985191601E+00    0.891488192780125388E+01
    0.114265834519131571E+01    0.640341999221606173E+00    0.470015209572816821E+04   -0.360126807493579219E-03    0.380676807985191601E+00    0.891488192780125388E+01
    0.123874479831117323E+01    0.631565222650550151E+00    0.452046510432384639E+04    0.642389019411687364E-03    0.886920893694931878E+00    0.891600593429375721E+01
    0.123874479831117323E+01    0.631565222650550151E+00    0.452046510432384639E+04    0.642389019411687364E-03    0.886920893694931878E+00    0.891600593429375721E+01
    0.117061104882859479E+01    0.630469017153233779E+00    0.493583965025441830E+04   -0.662604832537216454E-04    0.477029761280996001E+00    0.891676648000666106E+01
    0.114821081250504342E+01    0.619865962747653709E+00    0.496117764753301071E+04   -0.507074329709516407E-04    0.424284819631386756E+00    0.891844930000359426E+01
    0.114821081250504342E+01    0.619865962747653709E+00    0.496117764753301071E+04   -0.507074329709516407E-04    0.424284819631386756E+00    0.891844930000359426E+01
    0.138376858671040326E+01    0.575364599279119870E+00    0.419700401387408237E+04   -0.731093961596757639E-04    0.911910220349131495E+00    0.891889018380272347E+01
    0.109222607341019740E+01    0.636433581135001147E+00    0.467421399543554526E+04   -0.474445456114997864E-03    0.366530586859615481E+00    0.891923980015114815E+01
    0.109222607341019740E+01    0.636433581135001147E+00    0.467421399543554526E+04   -0.474445456114997864E-03    0.366530586859615481E+00    0.891923980015114815E+01
    0.135793846766784032E+01    0.620194102955998972E+00    0.414334267476573677E+04   -0.602696232922737458E-04    0.959217298797795381E+00    0.892226044660654871E+01
    0.135793846766784032E+01    0.620194102955998972E+00    0.414334267476573677E+04   -0.602696232922737458E-04    0.959217298797795381E+00    0.892226044660654871E+01
    0.131036422212241188E+01    0.568812744413568883E+00    0.475234993149460115E+04   -0.149313865742260174E-03    0.875571570807118338E+00    0.892598708660234763E+01
    0.131036422212241188E+01    0.568812744413568883E+00    0.475234993149460115E+04   -0.149313865742260174E-03    0.875571570807118338E+00    0.892598708660234763E+01
    0.129153802997884881E+01    0.615309280879051679E+00    0.457581273867518939E+04   -0.177472693685740656E-03    0.954692784253057702E+00    0.893465076807902214E+01
    0.110167457095055199E+01    0.629927688880978054E+00    0.496881574197240298E+04    0.247865770974856093E-04    0.357703995465282532E+00    0.893615560892228622E+01
    0.133976993689580093E+01    0.591391094985693422E+00    0.460950438423545620E+04    0.498148240274235660E-05    0.933247952644272738E+00    0.893686119816899271E+01
    0.133976993689580093E+01    0.591391094985693422E+00    0.460950438423545620E+04    0.498148240274235660E-05    0.933247952644272738E+00    0.893686119816899271E+01
    0.126750896550512060E+01    0.602386260088525249E+00    0.431814551777616543E+04   -0.451091328559058847E-03    0.898491099940541327E+00    0.894370605612772351E+01
    0.126750896550512060E+01    0.602386260088525249E+00    0.431814551777616543E+04   -0.451091328559058847E-03    0.898491099940541327E+00    0.894370605612772351E+01
    0.131975785113664323E+01    0.601223424078672353E+00    0.461745036516722303E+04    0.161672014903084510E-03    0.936489198929600919E+00    0.895608510631013566E+01
    0.131975785113664323E+01    0.601223424078672353E+00    0.461745036516722303E+04    0.161672014903084510E-03    0.936489198929600919E+00    0.895608510631013566E+01
    0.138468122359958778E+01    0.615551410954863432E+00    0.470008164620835214E+04    0.488367893141671700E-03    0.963888738937209499E+00    0.895939107678786151E+01
    0.138468122359958778E+01    0.615551410954863432E+00    0.470008164620835214E+04    0.488367893141671700E-03    0.963888738937209499E+00    0.895939107678786151E+01
    0.136311973741088499E+01    0.576380328309637702E+00    0.488652973092725279E+04   -0.160410298127777366E-03    0.942772008814699802E+00    0.897408782339820910E+01
    0.116703669351360206E+01    0.630831830248824610E+00    0.444856008545200621E+04   -0.236193697902935197E-03    0.454195102728256195E+00    0.898824576802161879E+01
    0.133895029881051109E+01    0.596435250798567074E+00    0.452262812652121920E+04    0.596109766199845359E-04    0.904630712964928585E+00    0.899566219833684144E+01
    0.135004588070794429E+01    0.571468432133652615E+00    0.455638819773609976E+04   -0.493399071927135631E-03    0.870433529093814773E+00    0.900347928635912886E+01
    0.135004588070794429E+01    0.571468432133652615E+00    0.455638819773609976E+04   -0.493399071927135631E-03    0.870433529093814773E+00    0.900347928635912886E+01
    0.122099675235741101E+01    0.649801130208256139E+00    0.399219336674177021E+04   -0.274508029245634040E-03    0.414442537881123674E+00    0.900828226452372149E+01
    0.122099675235741101E+01    0.649801130208256139E+00    0.399219336674177021E+04   -0.274508029245634040E-03    0.414442537881123674E+00    0.900828226452372149E+01
    0.125412838997807885E+01    0.644958446118284678E+00    0.477577391713507950E+04    0.705126536245683421E-03    0.496801818407133444E+00    0.901738388142036662E+01
    0.110970799444030876E+01    0.641971856970868782E+00    0.497760210744198957E+04   -0.142262800234560570E-03    0.367046910959928807E+00    0.902893084225894604E+01
    0.136718359372760734E+01    0.570152980226671824E+00    0.492563097147615736E+04   -0.509668951608241005E-03    0.879578270062656431E+00    0.903473715273380584E+01
    0.133549330818481904E+01    0.557869579970062590E+00    0.468740324382711242E+04   -0.128551387254776880E-03    0.900757763240793263E+00    0.903631597439116163E+01
    0.123815367238624452E+01    0.631544439662198975E+00    0.484508314460357724E+04   -0.414099462377779952E-04    0.851136254987749141E+00    0.904097784694448592E+01
    0.134560532788117815E+01    0.582893833364629410E+00    0.483706080008434765E+04   -0.497834404514454435E-03    0.945779632014238869E+00    0.904352232123336464E+01
    0.106408596168177061E+01    0.645522535730407188E+00    0.446360323207160855E+04    0.324014904813951863E-03    0.367407902958941546E+00    0.904968639124843577E+01
    0.106408596168177061E+01    0.645522535730407188E+00    0.446360323207160855E+04    0.324014904813951863E-03    0.367407902958941546E+00    0.904968639124843577E+01
    0.106325650108790848E+01    0.637376432642895341E+00    0.487428180478135619E+04   -0.288086067182148251E-03    0.352386312871774021E+00    0.906109690940032664E+01
    0.131868940623047015E+01    0.586177730923000295E+00    0.480817063316372150E+04    0.606379313671663302E-06    0.932449035541518478E+00    0.907706341935568695E+01
    0.127172261556388477E+01    0.622358517233269848E+00    0.478434910987694275E+04   -0.333983636961739311E-03    0.660738533274762618E+00    0.907968537201109172E+01
    0.127172261556388477E+01    0.622358517233269848E+00    0.478434910987694275E+04   -0.333983636961739311E-03    0.660738533274762618E+00    0.907968537201109172E+01
    0.126905381814392482E+01    0.612834562787771375E+00    0.462918179295252139E+04    0.297134421544166982E-03    0.903866663214828558E+00    0.908961600958145510E+01
    0.127582709175407971E+01    0.616366420239269353E+00    0.441476748736154696E+04    0.364908722232108751E-03    0.919795280776466884E+00    0.909210075560314834E+01
    0.105445556067067492E+01    0.625670216984447802E+00    0.495090709484738454E+04    0.307140672657983910E-03    0.347899546981712438E+00    0.909281530969853158E+01
    0.111259888950218544E+01    0.645331709728026892E+00    0.476889901800314965E+04   -0.378173833518996160E-03    0.379683861353543262E+00    0.910611221671110727E+01
    0.130482473761589945E+01    0.578346518459683323E+00    0.437679521064864821E+04   -0.115534709602600796E-03    0.901779875383382001E+00    0.910682608297300611E+01
    0.132949962656182552E+01    0.607670230499785413E+00    0.469567802699339154E+04    0.141710449452776371E-03    0.905227443067678772E+00    0.911230554620354027E+01
    0.146966885597526398E+01    0.580047173882240696E+00    0.485388230355460382E+04   -0.282096075839306586E-03    0.905818638304686896E+00    0.911529643960784597E+01
    0.118063237386621989E+01    0.662774280927396986E+00    0.493397235469352381E+04   -0.485173713228615312E-03    0.375847826356396852E+00    0.911629744232076611E+01
    0.125760448455876883E+01    0.596386671885953623E+00    0.480941363205262496E+04    0.191398080324916409E-03    0.954427341148360031E+00    0.911757702977897644E+01
    0.125760448455876883E+01    0.596386671885953623E+00    0.480941363205262496E+04    0.191398080324916409E-03    0.954427341148360031E+00    0.911757702977897644E+01
    0.959150667711968552E+00    0.589430733259063810E+00    0.495721034955359210E+04    0.651831797210180994E-04    0.330249052855646874E+00    0.912241365308348584E+01
    0.124602012795406747E+01    0.643613348098718951E+00    0.466481327428556142E+04    0.104930459367341935E-03    0.501012672403565618E+00    0.913627470892853211E+01
    0.116912773662773373E+01    0.626941279854594025E+00    0.455902972878135552E+04   -0.364285158050638223E-03    0.552415897083184726E+00    0.913929880133449757E+01
    0.132454564730983382E+01    0.603934138007222288E+00    0.481625972953754808E+04    0.186698352170864797E-03    0.947210107159868753E+00    0.914344663897745846E+01
    0.136672908338251720E+01    0.618309182551967540E+00    0.459072888765717653E+04   -0.527788361968256755E-03    0.929357150421607825E+00    0.915612614463252328E+01
    0.136672908338251720E+01    0.618309182551967540E+00    0.459072888765717653E+04   -0.527788361968256755E-03    0.929357150421607825E+00    0.915612614463252328E+01
    0.107285998174577957E+01    0.611026167316528923E+00    0.478838058225408440E+04   -0.473194816340521030E-03    0.366561023505874550E+00    0.916650466727772084E+01
    0.118152558974145405E+01    0.613012121358137541E+00    0.462597085377138228E+04   -0.372265596323369632E-03    0.630774937960029591E+00    0.917053819157289141E+01
    0.100129283649472600E+01    0.608740296045180984E+00    0.495330518782664058E+04   -0.335027977619994563E-03    0.339110022252280152E+00    0.918888545084643482E+01
    0.127392638808423442E+01    0.610467367827697061E+00    0.482445889537390576E+04    0.270283539756351607E-03    0.773328589492425555E+00    0.918919730192223128E+01
    0.111793302377164361E+01    0.630895604574064128E+00    0.483070679633659711E+04    0.350064443834126218E-03    0.475254870990991674E+00    0.921127284797778501E+01
    0.111793302377164361E+01    0.630895604574064128E+00    0.483070679633659711E+04    0.350064443834126218E-03    0.475254870990991674E+00    0.921127284797778501E+01
    0.127949891572855545E+01    0.630943366606824818E+00    0.467568703470298806E+04   -0.469675712022913359E-03    0.878106724586862564E+00    0.921259784159856032E+01
    0.122206195816607766E+01    0.621192364927176666E+00    0.474036250377680335E+04   -0.717303326108863736E-03    0.752295129329609180E+00    0.921412870523445449E+01
    0.115760092025392547E+01    0.664595989205910342E+00    0.481155403864758227E+04   -0.377642887337806613E-03    0.416282005835319491E+00    0.922232309448982512E+01
    0.130979732483120426E+01    0.595453534282791019E+00    0.444110073185973488E+04   -0.182367366560119075E-03    0.892729889455196157E+00    0.923607015291395328E+01
    0.128407190598507159E+01    0.618756901947211557E+00    0.465617362484983187E+04   -0.397247281172053454E-03    0.846367570595368934E+00    0.924898416514843902E+01
    0.998123597155400999E+00    0.600438690798822394E+00    0.494622447900510997E+04   -0.284490307320684588E-04    0.340886611205915346E+00    0.925342514790777848E+01
    0.111364306239448085E+01    0.618398281379215042E+00    0.487330195613352225E+04   -0.342210834586904704E-03    0.365120599930243095E+00    0.926605381530630900E+01
    0.133096663489176281E+01    0.588563736428933781E+00    0.444170271002195750E+04    0.167181082299034907E-03    0.918466591160641110E+00    0.927584087912819122E+01
    0.142120994137480228E+01    0.576242104679066003E+00    0.486256827114784119E+04    0.711210095263483180E-03    0.915504143802324255E+00    0.928259314579699257E+01
    0.131596880957985274E+01    0.621437619975440114E+00    0.419532494637734726E+04    0.751177393620634684E-04    0.764090863292514300E+00    0.928268955405573415E+01
    0.140531021301487247E+01    0.578082138459928174E+00    0.491453997794209590E+04   -0.551403854052060307E-03    0.915170654196026723E+00    0.928279931543751502E+01
    0.120336024800087094E+01    0.635180144652540579E+00    0.467283758413806117E+04    0.123600277938823130E-03    0.529023467402897851E+00    0.929019774343810134E+01
    0.135599093661876813E+01    0.604645812360090074E+00    0.481591228073747243E+04    0.165571415636513289E-03    0.879575406586802000E+00    0.929137294531049029E+01
    0.113914731878859543E+01    0.654513633777081605E+00    0.485397788324735757E+04   -0.174943538301923675E-03    0.360780255089600432E+00    0.929886578179158363E+01
    0.139278473612514730E+01    0.594833777357598015E+00    0.481029133667751739E+04    0.229924339448115327E-05    0.967377451079425632E+00    0.930376485359647276E+01
    0.110141849696543814E+01    0.637092112742902339E+00    0.435436940114933532E+04   -0.786733535243665163E-04    0.395264214165299221E+00    0.930746848599730825E+01
    0.110141849696543814E+01    0.637092112742902339E+00    0.435436940114933532E+04   -0.786733535243665163E-04    0.395264214165299221E+00    0.930746848599730825E+01
    0.106361028804167557E+01    0.630003701481540723E+00    0.483658835184901727E+04   -0.152481468495282031E-03    0.365987472991276097E+00    0.931041413684849672E+01
    0.125948558142893052E+01    0.628285207467814466E+00    0.497320643536624539E+04   -0.352004794202070211E-03    0.809965933649643421E+00    0.932407413001428154E+01
    0.124494908768583779E+01    0.626615981724283455E+00    0.499527300177762754E+04   -0.325287964312836184E-03    0.810681051499401395E+00    0.933936847465359321E+01
    0.124494908768583779E+01    0.626615981724283455E+00    0.499527300177762754E+04   -0.325287964312836184E-03    0.810681051499401395E+00    0.933936847465359321E+01
    0.121219272766616371E+01    0.625231578297076873E+00    0.444947712885447982E+04   -0.534145930427017322E-04    0.459522573640749665E+00    0.935179025804430175E+01
    0.128305513435852969E+01    0.607926247736609193E+00    0.466215580592114111E+04   -0.666221090472383427E-03    0.871234424060162604E+00    0.935597550364672159E+01
    0.102147517630418028E+01    0.616306712603424289E+00    0.498785228311571973E+04   -0.325675309810906626E-03    0.340205239279206761E+00    0.936204900690169772E+01
    0.107971607118074209E+01    0.640325463073276868E+00    0.476890073836482679E+04   -0.227303300472781627E-03    0.369524456958073455E+00    0.936967930762080137E+01
    0.126602903938282885E+01    0.648214292132267778E+00    0.498332688409338789E+04   -0.343001037434372352E-04    0.681957195713864817E+00    0.937060262696387269E+01
    0.114706028789146175E+01    0.634145353319862659E+00    0.499288311723422430E+04    0.358966660437261308E-03    0.402171268831722051E+00    0.938921089889528027E+01
    0.124381627873247291E+01    0.625414094451064329E+00    0.464537747183915144E+04   -0.288473401937926763E-03    0.713663356508766888E+00    0.939146205115713428E+01
    0.109109525748709890E+01    0.632008509725613066E+00    0.477699647348078815E+04    0.321732340128659099E-03    0.353229128560485717E+00    0.939620600522737881E+01
    0.136964663612320248E+01    0.576388715581667377E+00    0.499444248641666400E+04    0.193212112348490868E-03    0.898651920404828775E+00    0.940629989890577711E+01
    0.119012694735411562E+01    0.633885066310124423E+00    0.474855710099792668E+04   -0.808440703914156027E-03    0.539047241876608019E+00    0.941003692288224514E+01
    0.962611877521751702E+00    0.597886820121378726E+00    0.490585270054010653E+04   -0.452259455510180893E-03    0.340280524275379470E+00    0.941986781894451397E+01
    0.962611877521751702E+00    0.597886820121378726E+00    0.490585270054010653E+04   -0.452259455510180893E-03    0.340280524275379470E+00    0.941986781894451397E+01
    0.139902255584154789E+01    0.584702456202530030E+00    0.470477889155442699E+04   -0.441575299269641281E-03    0.914916593250785670E+00    0.943067252745849771E+01
    0.128263518002419130E+01    0.616855605703871879E+00    0.481720917689612088E+04    0.344914169249848008E-03    0.941735951663649651E+00    0.944047709078942177E+01
    0.127742811941878021E+01    0.619327787082251557E+00    0.443800568708734954E+04   -0.757700797073310281E-03    0.885591034287780854E+00    0.944855229995380697E+01
    0.135192018448058082E+01    0.615813946019001413E+00    0.470736000157392118E+04   -0.216461707727514220E-03    0.969615819104098109E+00    0.945232015888652555E+01
    0.135192018448058082E+01    0.615813946019001413E+00    0.470736000157392118E+04   -0.216461707727514220E-03    0.969615819104098109E+00    0.945232015888652555E+01
    0.121645938063880310E+01    0.643206071801427193E+00    0.469970900811761658E+04    0.477810910081513684E-04    0.614078137070998675E+00    0.945466462989868539E+01
    0.121645938063880310E+01    0.643206071801427193E+00    0.469970900811761658E+04    0.477810910081513684E-04    0.614078137070998675E+00    0.945466462989868539E+01
    0.141191836291391448E+01    0.579078233981239920E+00    0.497580723687530190E+04   -0.102986615031156679E-03    0.893899410178439657E+00    0.946159066301056129E+01
    0.123563556124289708E+01    0.609643922474855326E+00    0.416260989956999310E+04   -0.818095276720130554E-03    0.590102867603667813E+00    0.946338000357425813E+01
    0.123563556124289708E+01    0.609643922474855326E+00    0.416260989956999310E+04   -0.818095276720130554E-03    0.590102867603667813E+00    0.946338000357425813E+01
    0.142297206199875248E+01    0.606313551304884513E+00    0.499168698497592504E+04    0.318699979727367951E-03    0.993311905370132586E+00    0.946842081030801985E+01
    0.130978261271422225E+01    0.610295765739246265E+00    0.491068617202925907E+04    0.335152186786607414E-03    0.919603830070360062E+00    0.947018479752048847E+01
    0.116334542189206713E+01    0.646522789763126715E+00    0.475025067265620237E+04    0.334228234852654087E-03    0.362830039950774952E+00    0.947761478043100780E+01
    0.116334542189206713E+01    0.646522789763126715E+00    0.475025067265620237E+04    0.334228234852654087E-03    0.362830039950774952E+00    0.947761478043100780E+01
    0.115229412159659228E+01    0.643274231634320293E+00    0.471673824112802777E+04   -0.226233742598416109E-03    0.360389286511027973E+00    0.948838486928899805E+01
    0.135971165875524935E+01    0.627655614096473413E+00    0.418172001138258474E+04   -0.348346097356061989E-03    0.961736461529772990E+00    0.949020057590108834E+01
    0.135971165875524935E+01    0.627655614096473413E+00    0.418172001138258474E+04   -0.348346097356061989E-03    0.961736461529772990E+00    0.949020057590108834E+01
    0.117193586696273044E+01    0.628371973586990151E+00    0.496193659909715825E+04   -0.305185943222195037E-03    0.441681669729050652E+00    0.949382222010227395E+01
    0.138910999788022460E+01    0.640250339597434381E+00    0.492604847370338757E+04    0.325901674426480126E-03    0.970989489571990161E+00    0.951185671848116598E+01
    0.133804272576514904E+01    0.584962260744761320E+00    0.450641949968178687E+04   -0.955810869087010337E-03    0.914044133119333968E+00    0.951384679727659588E+01
    0.122578922962028347E+01    0.635211976188106320E+00    0.494097560333006913E+04   -0.341061082085574103E-03    0.428438396005704714E+00    0.951410076963083817E+01
    0.116601574993693369E+01    0.649550842818432450E+00    0.477752147142036392E+04   -0.548830729587337744E-03    0.401114747494789980E+00    0.951421081078754938E+01
    0.102715217264973591E+01    0.623326241951217774E+00    0.430687224257356957E+04   -0.121226491092905695E-04    0.343885646525202981E+00    0.951436271107836973E+01
    0.119933434411994932E+01    0.642504403538075697E+00    0.415021086378955260E+04    0.615093186990033552E-04    0.402479196678446893E+00    0.951466242098889659E+01
    0.119933434411994932E+01    0.642504403538075697E+00    0.415021086378955260E+04    0.615093186990033552E-04    0.402479196678446893E+00    0.951466242098889659E+01
    0.136392621356897781E+01    0.609650423225762794E+00    0.490952943112367302E+04    0.112567187247819472E-03    0.974155023448108670E+00    0.952802834578713487E+01
    0.130621180198797093E+01    0.583499116994676825E+00    0.484594353168801263E+04   -0.136820945370661075E-03    0.926471976953034848E+00    0.953690925540646361E+01
    0.139006443949207714E+01    0.590276737366066895E+00    0.480466790205821599E+04   -0.512428524832314646E-03    0.955722382719690788E+00    0.953707850252119016E+01
    0.125899936522244560E+01    0.623470637431618568E+00    0.496741655818744312E+04    0.637499841694044787E-03    0.868143184201466189E+00    0.953918497813445931E+01
    0.130684900335600962E+01    0.657186051239707303E+00    0.495075677534050192E+04    0.172860659265450261E-05    0.781605073417156904E+00    0.954627898474691250E+01
    0.117555460553168212E+01    0.655321200070059118E+00    0.494952241357018465E+04   -0.612664757650173788E-03    0.401934774435537379E+00    0.954996635522709525E+01
    0.117555460553168212E+01    0.655321200070059118E+00    0.494952241357018465E+04   -0.612664757650173788E-03    0.401934774435537379E+00    0.954996635522709525E+01
    0.129073547243686315E+01    0.593705275841463376E+00    0.490801748510630296E+04    0.222134444674069456E-03    0.920670529732336762E+00    0.955504918874002129E+01
    0.135133070396289368E+01    0.587737441642891989E+00    0.497441170325191888E+04    0.740807428672651531E-03    0.908762307407870007E+00    0.956122002324087461E+01
    0.110032606236809505E+01    0.641621042463051405E+00    0.449784451144432023E+04    0.433254639969316414E-03    0.365838029576374624E+00    0.956130958041008583E+01
    0.139365174319049734E+01    0.618199262596910826E+00    0.490181705605368916E+04    0.818643934721848367E-06    0.974834053073577067E+00    0.956141101131441218E+01
    0.124883047567130223E+01    0.649363975838877172E+00    0.481834283565394435E+04    0.837004791791244249E-03    0.588707264991668811E+00    0.956328229435633403E+01
    0.955581512835446678E+00    0.602867733578474452E+00    0.466358575959899463E+04   -0.120117906550461736E-03    0.334169661365915360E+00    0.956626780852726455E+01
    0.113202531295725439E+01    0.641555371204220570E+00    0.489642218402734488E+04   -0.881813201280874924E-04    0.380026200725689767E+00    0.957070324212626389E+01
    0.104360462758551131E+01    0.622459344838657058E+00    0.496088392085033593E+04    0.242111809794788395E-03    0.345706505590238411E+00    0.957262559098823473E+01
    0.122907789156648062E+01    0.644127901259953672E+00    0.460588258517692429E+04   -0.556046448596148545E-03    0.490081175596169483E+00    0.957347002578852724E+01
    0.113604938367431085E+01    0.642525978747412241E+00    0.478210674786700929E+04    0.436342866196082516E-03    0.373745128223728684E+00    0.957536604801267011E+01
    0.100367899783621484E+01    0.604208507490724300E+00    0.496657760044588395E+04   -0.274963839101205758E-03    0.345696158502191098E+00    0.957551707152195242E+01
    0.100367899783621484E+01    0.604208507490724300E+00    0.496657760044588395E+04   -0.274963839101205758E-03    0.345696158502191098E+00    0.957551707152195242E+01
    0.134200962601695117E+01    0.666360517737116131E+00    0.415389198524948733E+04   -0.215704054864044724E-03    0.474339569566304409E+00    0.957749138282500212E+01
    0.125360490974847827E+01    0.595509445626743794E+00    0.482920916908396430E+04    0.371368513380524004E-04    0.833994484319268814E+00    0.958642891501983030E+01
    0.130175259206188310E+01    0.611066912481968094E+00    0.485934438199622855E+04    0.738405926641821681E-03    0.892712732993553137E+00    0.959014800757810981E+01
    0.112136863200817083E+01    0.646744988181625402E+00    0.473033688539786090E+04   -0.561599443371706077E-03    0.373956005484780418E+00    0.961237259554147627E+01
    0.132793688058970605E+01    0.577648076724710968E+00    0.497331303693075279E+04   -0.851803860352147750E-03    0.890831464890438740E+00    0.961286364642334945E+01
    0.112029745473246534E+01    0.640588198509668416E+00    0.440329297351994956E+04    0.233068390451980818E-03    0.370779991520500229E+00    0.961419555508632051E+01
    0.124033647460283869E+01    0.616242195999866293E+00    0.487669845411678125E+04   -0.257315513794099699E-03    0.759027543773593827E+00    0.961658840818668637E+01
    0.113453025753955439E+01    0.610703874170601679E+00    0.492907330318045751E+04    0.124466636894573129E-03    0.508872466410356550E+00    0.962210759893148904E+01
    0.117538002050009460E+01    0.624979304138889025E+00    0.486910221080964584E+04   -0.554256118646415867E-03    0.370858048148817676E+00    0.962851992353146890E+01
    0.139991204226674859E+01    0.569524188199175940E+00    0.491131120442237443E+04    0.203065499439781898E-03    0.890589821647437274E+00    0.963703393653341323E+01
    0.128938086421028575E+01    0.640406224079459796E+00    0.472765853119552685E+04   -0.285639270307515487E-03    0.791725862966743299E+00    0.964149828925557095E+01
    0.135171262119658797E+01    0.598179961005013139E+00    0.496204304323943870E+04    0.329234575690653085E-05    0.919838530424548440E+00    0.964399733794041936E+01
    0.130898919136732084E+01    0.587515026514477734E+00    0.490330377456177121E+04   -0.110586470013254433E-03    0.927718401645732493E+00    0.965215261464562069E+01
    0.128631393947277894E+01    0.594222422136163830E+00    0.478851881069618867E+04   -0.408961020880011821E-04    0.908380449025570358E+00    0.965233225583903476E+01
    0.132536782579585122E+01    0.590550900471849993E+00    0.484792003057807051E+04    0.354773466547902104E-03    0.946977515519384805E+00    0.965826305935775409E+01
    0.130838865169041618E+01    0.619575476372293155E+00    0.460491281421116673E+04   -0.557912466845194048E-03    0.855500386066000096E+00    0.966269601673171508E+01
    0.127284455650672523E+01    0.612208570698574261E+00    0.477103240309227385E+04   -0.174344261790279230E-03    0.877646823882967775E+00    0.966309888372532377E+01
    0.122356257724553497E+01    0.622714646560098894E+00    0.493684080075786369E+04   -0.235484148064879365E-03    0.683523578882052618E+00    0.966348830204488252E+01
    0.112589901630850475E+01    0.628277879184984345E+00    0.483049444407326155E+04   -0.876163324269995519E-04    0.482437618973090565E+00    0.967085513099785565E+01
    0.133226347954978630E+01    0.569891477689298487E+00    0.489236201790349878E+04   -0.127347041733894592E-03    0.874324685561103876E+00    0.967635790186153244E+01
    0.126148909119197339E+01    0.603882411201563052E+00    0.480992517684556424E+04    0.467634713757696205E-03    0.963182694992204325E+00    0.968538973381748036E+01
    0.133195953466071781E+01    0.628737479332647675E+00    0.481896789442282716E+04    0.519056129561476834E-03    0.924510577647139620E+00    0.969884915133352798E+01
    0.126628860813423039E+01    0.619599769846162274E+00    0.482999340293727982E+04    0.330855278720460031E-03    0.907601211004513964E+00    0.970381098591121471E+01
    0.132965734935755808E+01    0.607566764979290408E+00    0.495124719070161154E+04   -0.182982993321092389E-03    0.902136104692532248E+00    0.970451356881010341E+01
    0.128427672890730826E+01    0.637371137684867972E+00    0.447006899596873518E+04    0.562995466127915400E-04    0.571524743234271493E+00    0.970647875132560856E+01
    0.123524069609970999E+01    0.630643248494617503E+00    0.489270063222100453E+04    0.176332636276351931E-04    0.695560064895087482E+00    0.970759608118015116E+01
    0.135506653808879340E+01    0.576770516805413913E+00    0.489655555636058762E+04   -0.541198397548489358E-03    0.886534679626934552E+00    0.971575537604144834E+01
    0.124479236549416128E+01    0.649027368376412173E+00    0.494511260162491453E+04    0.315664133681184617E-03    0.582794485471563761E+00    0.972316899524542499E+01
    0.116278523014405377E+01    0.645404696267149913E+00    0.476702695689288521E+04   -0.372106477807715842E-03    0.371270626187934105E+00    0.972343759726842372E+01
    0.126338379399203071E+01    0.646094748277361464E+00    0.493332985496208858E+04   -0.422502388734342514E-03    0.492290632518571802E+00    0.972563768032397213E+01
    0.108395346744175369E+01    0.628979453125107835E+00    0.481600670024018018E+04   -0.192314231647340485E-03    0.372483233585249485E+00    0.973215576656796166E+01
    0.141440717618208867E+01    0.574664899399871643E+00    0.490591543943088527E+04    0.391562169020409623E-03    0.915667684610350419E+00    0.973478788140922902E+01
    0.107890131541247292E+01    0.628370483636349397E+00    0.490169632496703980E+04   -0.362287087416250436E-03    0.347918121483423659E+00    0.974064917847901945E+01
    0.131184147947711827E+01    0.633912324890800738E+00    0.483278725156648034E+04   -0.407994715402572533E-03    0.908123464894144083E+00    0.974216314719730470E+01
    0.133282046445640812E+01    0.580227013036946460E+00    0.449872592068209360E+04   -0.837292656753603065E-05    0.924577626780262340E+00    0.974256614555249634E+01
    0.120548317520797488E+01    0.644714846505517802E+00    0.472817587458809248E+04   -0.168268732700195230E-03    0.551370821828700119E+00    0.974670541421888004E+01
    0.115389713684717532E+01    0.646017640627652545E+00    0.453633657018539179E+04    0.557254366563933153E-03    0.379290275186437209E+00    0.974678704176292321E+01
    0.132905898134878586E+01    0.596222090356429701E+00    0.456189663299296535E+04   -0.373003413792781296E-03    0.916767009524787402E+00    0.974740770265165679E+01
    0.125346939427639015E+01    0.607913772517656770E+00    0.460249945427301554E+04    0.391934380492617914E-03    0.796281736893707848E+00    0.975111681475977576E+01
    0.126271184358839417E+01    0.658526324799554641E+00    0.494317335761229424E+04    0.527737976408243774E-03    0.552128190011489828E+00    0.975490584083481238E+01
    0.122963606461939734E+01    0.661280111411750471E+00    0.465090279357656436E+04    0.539834711443464249E-03    0.474685699100639180E+00    0.975501719550566726E+01
    0.138218307955746900E+01    0.612881178595972020E+00    0.419509537099509907E+04   -0.425382976221252572E-03    0.945608544927779238E+00    0.975918627007290240E+01
    0.138411690765307371E+01    0.616875301428249201E+00    0.481126823346773926E+04    0.652489313049158231E-03    0.994086563036033821E+00    0.976091205401703377E+01
    0.127329031651426483E+01    0.617399713263536931E+00    0.478291772449461587E+04   -0.308276166431417490E-03    0.799372804644264079E+00    0.976205347341669594E+01
    0.117997368825875437E+01    0.650029229331068992E+00    0.456610795479199351E+04    0.887654542677264761E-03    0.379207501235721223E+00    0.976239116391343131E+01
    0.146462769929156522E+01    0.581860617737132491E+00    0.478414141027252572E+04   -0.665713896239825045E-03    0.908300623916714289E+00    0.976381810194172495E+01
    0.110760374209783463E+01    0.642955176377421500E+00    0.473779952628915817E+04    0.463014990346492837E-03    0.359699504711170737E+00    0.976694058173875490E+01
    0.131454856770841433E+01    0.581424123133170712E+00    0.468180699334875044E+04    0.209201182103692374E-03    0.899626788479873873E+00    0.976815130857093727E+01
    0.116176411698516957E+01    0.646682232107212651E+00    0.493128819792529339E+04   -0.312037203199965542E-04    0.409323403162136445E+00    0.978165780683000818E+01
    0.114219887614588433E+01    0.632211278815027256E+00    0.496964425915576157E+04   -0.257503070970817611E-05    0.363268736329542929E+00    0.978564221940142431E+01
    0.134940615627632488E+01    0.603768333111382116E+00    0.467714803629474136E+04    0.494187808105650095E-03    0.876458074873888826E+00    0.978607901482333098E+01
    0.133264544355953873E+01    0.579678925699502301E+00    0.475231671376673421E+04    0.278506313916535703E-03    0.895529922435532422E+00    0.978619214457701148E+01
    0.112231133118619431E+01    0.630556880509456685E+00    0.487758647403927534E+04   -0.174793641317275562E-03    0.362594035641904955E+00    0.978631681271003906E+01
    0.122721825869643353E+01    0.616159362456373372E+00    0.477285491354070655E+04    0.277178599361841836E-03    0.815259702150617382E+00    0.978694553515783738E+01
    0.121083243312961053E+01    0.639830211801098225E+00    0.452112678862687881E+04    0.166117465548628967E-03    0.553335758122295740E+00    0.978712616480406794E+01
    0.131322586201282565E+01    0.614115914092314585E+00    0.477942442459563063E+04    0.142120414684589213E-03    0.833784453027918704E+00    0.978843891548052980E+01
    0.117050116872538745E+01    0.632896607806914702E+00    0.462343363098885311E+04    0.431280491113761452E-03    0.540131283018216335E+00    0.979250442327394488E+01
    0.108342566375247040E+01    0.617068570589930143E+00    0.482940647910646567E+04   -0.708753263225308421E-03    0.356054873994478660E+00    0.980774568269890068E+01
    0.131931381428673533E+01    0.586630486317552879E+00    0.481761818364028477E+04    0.582535773364671597E-04    0.897894494979612379E+00    0.980790509975241065E+01
    0.104550626584696493E+01    0.618235358089872733E+00    0.480555390052006078E+04    0.279016811754844698E-03    0.354052240970221699E+00    0.981051548625936221E+01
    0.105087288447193838E+01    0.616907683502392112E+00    0.480160659916941404E+04   -0.181479082723711983E-03    0.352621909577450598E+00    0.981359783176892009E+01
    0.118384931323161746E+01    0.663427889205861820E+00    0.479794739152711372E+04   -0.147375427712958290E-04    0.469572857510786479E+00    0.981533412300197838E+01
    0.141986582041340004E+01    0.577228843426243698E+00    0.493964351725733559E+04   -0.361708301549758281E-03    0.919272827314331797E+00    0.981748045384642332E+01
    0.118761268901936834E+01    0.628692597508192730E+00    0.484539713937233682E+04   -0.391725022683953451E-03    0.609848643077777752E+00    0.981824860516790210E+01
    0.127747998610061586E+01    0.619738089203879294E+00    0.469588170031923255E+04   -0.112872899957677268E-03    0.807737456808708676E+00    0.982141354110541265E+01
    0.131994993540792116E+01    0.657142772717630441E+00    0.430079167325292929E+04   -0.161308436784716043E-03    0.532588464732745237E+00    0.982239649835432260E+01
    0.116021211664601975E+01    0.636520156015013217E+00    0.484934396022105739E+04    0.697959244198586865E-03    0.363458517050271102E+00    0.982937765223772431E+01
    0.132559537578776410E+01    0.658763835864129899E+00    0.482606007702690113E+04   -0.106705100164619738E-03    0.859666629494860723E+00    0.984819162069951481E+01
    0.130254582175094002E+01    0.604823930577462088E+00    0.480191178901242893E+04   -0.621956125908356122E-03    0.942656767286988551E+00    0.984932403979573223E+01
    0.133884165193708027E+01    0.628323644579150686E+00    0.469861555525356380E+04    0.334869418574301259E-03    0.854602789149041753E+00    0.986066822409928889E+01
    0.130430732729477228E+01    0.636350293752114493E+00    0.492276743748326680E+04    0.426354717967380851E-03    0.860155870604474293E+00    0.986905509056028762E+01
    0.123332509739925356E+01    0.631501976630594042E+00    0.477827072957674864E+04    0.282074664399255796E-04    0.796736000201779482E+00    0.988302555902681590E+01
    0.120495342868992994E+01    0.634379511975393218E+00    0.449771741388417922E+04   -0.534128648641622543E-03    0.481015600399555376E+00    0.988609898146304999E+01
    0.133978185748217893E+01    0.610198252929596396E+00    0.485982945798841502E+04    0.340134634693265467E-03    0.974078702081583869E+00    0.989998032430964514E+01
    0.122921061806245424E+01    0.620443666730671306E+00    0.491965993632177197E+04   -0.100791850842992230E-02    0.575390288101582770E+00    0.990735839536043450E+01
    0.143159187692212231E+01    0.569444268989662050E+00    0.493905598113555789E+04   -0.311222344032040265E-03    0.896921670688090700E+00    0.990778785793159855E+01
    0.106442946520104598E+01    0.612489312462519919E+00    0.490329643342811687E+04    0.384109031764881135E-04    0.358435892059354000E+00    0.991118414328098751E+01
    0.123509162203397493E+01    0.634182658310806113E+00    0.489187225322328595E+04    0.179899295920001360E-03    0.478565833599255419E+00    0.992265762614884750E+01
    0.128942841698362098E+01    0.641999052084512467E+00    0.482684176816360468E+04   -0.178065665385628604E-03    0.655003755059098247E+00    0.992524045298284463E+01
    0.113756753808102928E+01    0.649251802954767587E+00    0.493323385568342928E+04   -0.272478780803714913E-03    0.366405048971191083E+00    0.992787136378664137E+01
    0.122109070890438387E+01    0.628477674916151918E+00    0.435490596418915538E+04    0.420956657043218226E-03    0.869984193418856466E+00    0.992798498682923380E+01
    0.124427343501535947E+01    0.621422880667807709E+00    0.475209477750711540E+04   -0.240234043399648842E-03    0.940684011125268338E+00    0.993054052151786060E+01
    0.108119427925608491E+01    0.624566639837000226E+00    0.491046201520620798E+04    0.101785281504093302E-04    0.359005818019277223E+00    0.993201533495461142E+01
    0.126669975441434524E+01    0.640199267796373706E+00    0.496810074780296600E+04    0.767504955468171612E-03    0.910080752391196901E+00    0.106368303542355402E+02
    0.133435032379479557E+01    0.629471361439219224E+00    0.494983824580667351E+04    0.891377668368465987E-03    0.966111079462783739E+00    0.102452583084000857E+02
    0.143107941714025322E+01    0.597196122416029818E+00    0.485279235217778114E+04    0.565973943531200324E-03    0.962096762213234591E+00    0.100618124419973309E+02
    0.139189098103455322E+01    0.605433285577156033E+00    0.492747957330666941E+04    0.364356650993969322E-03    0.990814693316051098E+00    0.101010395150125873E+02
    0.134741172335957438E+01    0.643080041102814470E+00    0.479467918981395178E+04    0.432923485173055799E-03    0.964727572830933910E+00    0.101378217020820571E+02
    0.129305502934998717E+01    0.608911681042675790E+00    0.483774250941925857E+04    0.237773363035212449E-03    0.908719203926390495E+00    0.102866008821413146E+02
    0.131541137662557839E+01    0.600678064261453315E+00    0.481750282784813317E+04    0.331738581800053109E-03    0.904851258759086452E+00    0.103052338023460415E+02
    0.131691424373718102E+01    0.620929363219291597E+00    0.488752302784960557E+04    0.473000231914797538E-03    0.929679122514686096E+00    0.101949825774812304E+02
    0.135841532033478218E+01    0.622172808777737618E+00    0.486568765970362892E+04    0.443747785297231735E-03    0.918974091527067660E+00    0.101855468074607884E+02
    0.130162825449096653E+01    0.634707805670634118E+00    0.494126081097561109E+04    0.668942890571712465E-03    0.905522666133367293E+00    0.106432011830233701E+02
    0.124660234849541451E+01    0.605448067985969729E+00    0.494611288652310395E+04    0.380955976735652523E-03    0.852699218845432538E+00    0.100427736612223839E+02
    0.124156705875008933E+01    0.605197907519641753E+00    0.455638693280063580E+04    0.115790062684532696E-03    0.908619586213386343E+00    0.102698399726519121E+02
    0.131978515295918863E+01    0.610287475670264312E+00    0.464214523116329110E+04    0.334301299356943432E-03    0.889821799506346878E+00    0.100248787209623735E+02
    0.124555134290113667E+01    0.617765160272909730E+00    0.455650281207677199E+04    0.615153508551326928E-03    0.932868227544640605E+00    0.102358607160232147E+02
    0.126156784420121637E+01    0.618123883104606087E+00    0.446301344537484783E+04    0.499437428154364971E-03    0.908748941609804683E+00    0.101602804251874588E+02
    0.126866510227929430E+01    0.607558713718370225E+00    0.475217875341290073E+04    0.246102848622764938E-03    0.952289955304095548E+00    0.104192599629318963E+02
    0.124741137437794025E+01    0.607371864494518299E+00    0.462330962810184519E+04    0.652825350680801643E-04    0.851599292253664597E+00    0.101126220512098062E+02
    0.124961422414939705E+01    0.625509891797471518E+00    0.453946642797657933E+04    0.469790864997166057E-03    0.801842739812614225E+00    0.104201827269148524E+02
    0.124961422414939705E+01    0.625509891797471518E+00    0.453946642797657933E+04    0.469790864997166057E-03    0.801842739812614225E+00    0.104201827269148524E+02
    0.130779643412779967E+01    0.633432378769846594E+00    0.467710476047623160E+04    0.979223258052442248E-03    0.801322851163804195E+00    0.996747826414692284E+01
    0.126165063378376452E+01    0.619423096802283357E+00    0.497778667137205230E+04    0.251948825867944989E-03    0.761264507956556757E+00    0.100024826877950748E+02
    0.125876886557094103E+01    0.618901987383181695E+00    0.473151064882191076E+04    0.113010563243900753E-04    0.707005494239030918E+00    0.104624657317728591E+02
    0.125876886557094103E+01    0.618901987383181695E+00    0.473151064882191076E+04    0.113010563243900753E-04    0.707005494239030918E+00    0.104624657317728591E+02
    0.131413439036462520E+01    0.634616615544245644E+00    0.492184658410079192E+04    0.478592357939091521E-03    0.796109965007020248E+00    0.101762490609649596E+02
    0.127012315327456760E+01    0.631344582041057700E+00    0.482403267949139263E+04    0.341270152124693014E-03    0.770492963439571410E+00    0.101485159883313294E+02
    0.124066360501459805E+01    0.628606649018960795E+00    0.489277689547084174E+04    0.238820668338143502E-03    0.711164414988068705E+00    0.102207055324195171E+02
    0.123466496654726621E+01    0.632574249342106154E+00    0.491517079371163254E+04    0.174673736318358308E-03    0.729439610875027622E+00    0.102724615085652964E+02
    0.123795074075998457E+01    0.641894615564993165E+00    0.488959792667500096E+04    0.246024582686183444E-03    0.677654270478402987E+00    0.102326059458379088E+02
    0.124087574383347721E+01    0.613990326699813682E+00    0.479247740258749036E+04    0.246731725411126655E-03    0.781640425458136168E+00    0.994118419143579501E+01
    0.124900721597214326E+01    0.626865557243085458E+00    0.494969967112571430E+04    0.306309282211546772E-03    0.606230221098319477E+00    0.103965645856363835E+02
    0.123245599775789083E+01    0.649576744838271991E+00    0.490560901186678257E+04    0.983465438054216805E-03    0.627019600936103649E+00    0.102255249010231388E+02
    0.122012099399081886E+01    0.619978569145381631E+00    0.476818632381558291E+04    0.307432465871026062E-03    0.686849553204304186E+00    0.101838053800940607E+02
    0.125492989112081910E+01    0.627932780274800484E+00    0.483708604698157978E+04    0.705567436795297783E-03    0.790412011484777244E+00    0.103708794352600240E+02
    0.134682362228380725E+01    0.590847422533099520E+00    0.476032750280994151E+04    0.118053479882936288E-03    0.925642860464429118E+00    0.100892220259469951E+02
    0.131353203206698743E+01    0.577465402982246578E+00    0.480977503081854229E+04    0.688880104316435404E-04    0.913176594583458012E+00    0.100734903168931531E+02
    0.132698760519694692E+01    0.589568080318323529E+00    0.488956211632568738E+04   -0.818564838335718233E-04    0.910558683530313218E+00    0.101826112033279372E+02
    0.133224834205699372E+01    0.592161867115648999E+00    0.497488930657424044E+04   -0.290700831073181646E-03    0.916496861235029048E+00    0.102008538531556390E+02
    0.135974078338174342E+01    0.595384653497214700E+00    0.490228034606920392E+04   -0.310759966906242163E-03    0.928315843772145488E+00    0.102789068492471092E+02
    0.126634251593413638E+01    0.594616376127655610E+00    0.494898041585377450E+04   -0.143421473609969298E-03    0.855303502846842534E+00    0.105073543560520317E+02
    0.133759489355968952E+01    0.605315209225307682E+00    0.498085076464075519E+04    0.158937701748042488E-03    0.970286689571800975E+00    0.998654664044028451E+01
    0.136406955761304149E+01    0.580485691590369779E+00    0.498970335584566237E+04    0.208439128016011082E-03    0.919337571710582058E+00    0.103210561045248781E+02
    0.133981049921221329E+01    0.598749090270354056E+00    0.476021885781163382E+04   -0.367471138194828918E-03    0.918536449029766278E+00    0.100739079180194793E+02
    0.136772440248150162E+01    0.580900982450298642E+00    0.488921885177988497E+04    0.441526545970952178E-03    0.912096710608907735E+00    0.104664814281542888E+02
    0.125616687171793640E+01    0.629935622444148802E+00    0.472806846957031030E+04   -0.690285701242323983E-03    0.773493417786746962E+00    0.102166596881050147E+02
    0.133335007906739444E+01    0.634284055655855439E+00    0.479419479799699275E+04   -0.268510057586174777E-03    0.930906828657794283E+00    0.101210557040510434E+02
    0.129923178009456586E+01    0.627420776642126921E+00    0.472841291941738200E+04   -0.304985830537303070E-03    0.953905242032586420E+00    0.995223954265505739E+01
    0.133052451815407280E+01    0.615267039774770486E+00    0.488475202766738857E+04   -0.248943248011634780E-03    0.965583482443950647E+00    0.102655893401235119E+02
    0.121501700225290366E+01    0.627777496923588196E+00    0.483757733047427791E+04   -0.106233974205382107E-03    0.576456150746448071E+00    0.106338435331695216E+02
    0.121501700225290366E+01    0.627777496923588196E+00    0.483757733047427791E+04   -0.106233974205382107E-03    0.576456150746448071E+00    0.106338435331695216E+02
    0.121525812232848529E+01    0.635736575442026886E+00    0.488447062925379669E+04   -0.427865573097257568E-03    0.568339914119167622E+00    0.102552284906323496E+02
    0.121437176245512868E+01    0.622319347224579156E+00    0.489871735899551095E+04   -0.291295249312702761E-03    0.604284594668259234E+00    0.998575403269024342E+01
    0.120335379955533339E+01    0.627376778487930165E+00    0.494863641948105942E+04   -0.806652217229582454E-04    0.595821180980615095E+00    0.108029661007293143E+02
    0.124705592668598708E+01    0.639566791895710418E+00    0.477735222677365800E+04   -0.886469139625400840E-03    0.655870584684109081E+00    0.102061802637500882E+02
    0.122222073138002019E+01    0.626496257945323931E+00    0.481165394587049832E+04   -0.625954443415484307E-03    0.590215488206366823E+00    0.101821950235669583E+02
    0.120094930081791196E+01    0.632224026948364437E+00    0.490270685999411126E+04   -0.699516290130112930E-03    0.600112355536666642E+00    0.107094839486142597E+02
    0.120094930081791196E+01    0.632224026948364437E+00    0.490270685999411126E+04   -0.699516290130112930E-03    0.600112355536666642E+00    0.107094839486142597E+02
    0.118462590616832175E+01    0.624254338989539415E+00    0.494825976703608012E+04   -0.510391060755413192E-03    0.521968894288497243E+00    0.106994055776094434E+02
    0.118462590616832175E+01    0.624254338989539415E+00    0.494825976703608012E+04   -0.510391060755413192E-03    0.521968894288497243E+00    0.106994055776094434E+02
    0.120667917670265634E+01    0.630709214649841199E+00    0.496619721629665491E+04   -0.751354512100183740E-03    0.511146063010620044E+00    0.105637098167948480E+02
    0.123914017250326225E+01    0.635521448085368590E+00    0.486214883455016388E+04   -0.570912872559652378E-03    0.504968258062290731E+00    0.998338784843313221E+01
    0.121654821743632935E+01    0.638626145665109779E+00    0.481581650604780589E+04   -0.524062872355557743E-03    0.422819968883448694E+00    0.103080149853780085E+02
    0.120716662977480560E+01    0.637136920279203323E+00    0.493771899718747954E+04   -0.684415062778768145E-03    0.606538337651770121E+00    0.107667670289206860E+02
    0.120716662977480560E+01    0.637136920279203323E+00    0.493771899718747954E+04   -0.684415062778768145E-03    0.606538337651770121E+00    0.107667670289206860E+02
    0.125658121462558392E+01    0.608812310129428047E+00    0.490342213896617886E+04   -0.178032295181867101E-03    0.798015285138172326E+00    0.107462158996528565E+02
    0.125658121462558392E+01    0.608812310129428047E+00    0.490342213896617886E+04   -0.178032295181867101E-03    0.798015285138172326E+00    0.107462158996528565E+02
    0.122994762977710126E+01    0.603862190722864511E+00    0.482903462987401235E+04   -0.154801675084590399E-03    0.740026312115808604E+00    0.994995325736363689E+01
    0.119944973318553538E+01    0.638255998589931206E+00    0.491819129266852178E+04   -0.906727944707628336E-04    0.750033621214969637E+00    0.104480840001999233E+02
    0.128749172096387587E+01    0.635540074095827134E+00    0.497086613153054077E+04   -0.809609105276413191E-04    0.795093807241092909E+00    0.100134871072696008E+02
    0.128013107838367102E+01    0.626918427170640391E+00    0.484816094679747130E+04   -0.529300266701964635E-04    0.795427544075981707E+00    0.101182202207085243E+02
    0.109399334574252793E+01    0.624449676601395054E+00    0.491862125398115040E+04    0.334028515034673758E-03    0.398081595485733186E+00    0.103519402161645502E+02
    0.107285700720063293E+01    0.627559257459181619E+00    0.496679727554199599E+04    0.406416123892682456E-03    0.353899021444822437E+00    0.102124122400706643E+02
    0.111201254364615343E+01    0.639245443691645820E+00    0.484921163544417141E+04    0.408407631975565800E-03    0.369928128461251338E+00    0.102279447860973711E+02
    0.110900065551138649E+01    0.635164801309761828E+00    0.455621371445560999E+04    0.592178494127889275E-03    0.409220163339565346E+00    0.100799033840357524E+02
    0.114423326652537249E+01    0.641527059578086090E+00    0.479760327197394054E+04    0.308434375954824735E-03    0.402333093030893263E+00    0.107654807192317392E+02
    0.114423326652537249E+01    0.641527059578086090E+00    0.479760327197394054E+04    0.308434375954824735E-03    0.402333093030893263E+00    0.107654807192317392E+02
    0.116019361911028240E+01    0.647765969647027484E+00    0.473717485972022769E+04    0.306544139573732628E-03    0.398438370041231615E+00    0.102193567994544967E+02
    0.115192406606397668E+01    0.632413155613979261E+00    0.473180671296481069E+04    0.199706260427086921E-03    0.387777636973711870E+00    0.104744952983119770E+02
    0.115435228941754797E+01    0.627802100949375719E+00    0.494627749357215635E+04    0.439360862315245273E-03    0.467251246659914132E+00    0.100099038794999764E+02
    0.109075045667887349E+01    0.621468686378528479E+00    0.481706687600855093E+04    0.524009724961504758E-03    0.363405093285740555E+00    0.103247771768085777E+02
    0.101508917766351558E+01    0.626279134445453134E+00    0.466345334656763043E+04   -0.652025125357866563E-04    0.349494705414499174E+00    0.101386527104417183E+02
    0.115669316881713113E+01    0.630388756932849348E+00    0.481650702453901431E+04   -0.277343331774555404E-04    0.463826173360330940E+00    0.101174714017210228E+02
    0.111235263424665387E+01    0.631718689472107187E+00    0.493391923169969414E+04    0.146766643532145565E-03    0.358599408452953461E+00    0.101261482731676260E+02
    0.111904493450128739E+01    0.627102286130479580E+00    0.494961556725236096E+04    0.251356461167002349E-04    0.358634823392410096E+00    0.103126605338450350E+02
    0.114129146287885108E+01    0.630501076367838253E+00    0.498936613141297039E+04   -0.594730131304516731E-04    0.400974746205100485E+00    0.103676113287086658E+02
    0.118264681543341155E+01    0.646063118947185822E+00    0.498779748942707465E+04    0.596574927977886954E-04    0.368959504845189523E+00    0.109343172193617715E+02
    0.118264681543341155E+01    0.646063118947185822E+00    0.498779748942707465E+04    0.596574927977886954E-04    0.368959504845189523E+00    0.109343172193617715E+02
    0.117063078361410478E+01    0.638396121929629801E+00    0.489580662337914418E+04    0.124996601237377586E-03    0.374802643915186084E+00    0.103010758013192110E+02
    0.118064230680465698E+01    0.643935337662696838E+00    0.488274458026885986E+04    0.100004171500064895E-03    0.467653334140777588E+00    0.103826004834565104E+02
    0.119602744298647812E+01    0.658470590324250260E+00    0.466809825910034942E+04    0.161296937671256072E-04    0.405366274703580109E+00    0.105654206354597946E+02
    0.119602744298647812E+01    0.658470590324250260E+00    0.466809825910034942E+04    0.161296937671256072E-04    0.405366274703580109E+00    0.105654206354597946E+02
    0.121410578642686406E+01    0.627883264030617338E+00    0.490171456023137762E+04    0.186616698158394151E-03    0.431579263385197642E+00    0.100878503177842873E+02
    0.116428544037253112E+01    0.649359359594177676E+00    0.492653959331481019E+04    0.237220189740798765E-03    0.373305508125702956E+00    0.106661650429250727E+02
    0.116428544037253112E+01    0.649359359594177676E+00    0.492653959331481019E+04    0.237220189740798765E-03    0.373305508125702956E+00    0.106661650429250727E+02
    0.118246718833192710E+01    0.635091981893264657E+00    0.479624457691548923E+04    0.666302295124212521E-04    0.412526995914761274E+00    0.102559334601954859E+02
    0.117112615810206178E+01    0.638932242065998635E+00    0.491107599061602286E+04    0.173665584951597859E-03    0.382178648024051104E+00    0.103115170204684041E+02
    0.110471811935355824E+01    0.626227369985692617E+00    0.489680565096718328E+04    0.809467945965316462E-04    0.371759086985203768E+00    0.100542423178610676E+02
    0.120558047621988518E+01    0.641768919544710825E+00    0.457441104733147586E+04    0.545328977047833136E-03    0.552351790521937502E+00    0.103068053851703549E+02
    0.121071305346398961E+01    0.648701397960344872E+00    0.498064497928817491E+04    0.326932845767886220E-03    0.544539341408049937E+00    0.103044422114792944E+02
    0.126490417962985080E+01    0.668154583405276892E+00    0.483118880368192004E+04    0.135130683768508789E-03    0.509552029628309811E+00    0.100159797700785802E+02
    0.126072810433566418E+01    0.644457059458619863E+00    0.485211474912399626E+04    0.228303991841136497E-03    0.625062752991557113E+00    0.100469184253816195E+02
    0.123817342125587659E+01    0.646815392957867386E+00    0.499713682452252124E+04    0.973059080423890606E-04    0.567132199624113875E+00    0.101502602034764813E+02
    0.123915950837658340E+01    0.629916033515393603E+00    0.497516923345031773E+04    0.399285081192671709E-03    0.539793901097119555E+00    0.102279912152816657E+02
    0.124499535453495835E+01    0.656121985357343451E+00    0.482707655619134584E+04    0.229209966153463542E-03    0.675141710505221759E+00    0.100051337431726779E+02
    0.112413077969363107E+01    0.645349043961092717E+00    0.463678115294791041E+04   -0.101853694765595426E-03    0.356894542099085721E+00    0.102943151369954382E+02
    0.126693472480464475E+01    0.630550492564872833E+00    0.427094233289351087E+04   -0.109343943581194882E-03    0.537402888549592506E+00    0.105436496708715293E+02
    0.126693472480464475E+01    0.630550492564872833E+00    0.427094233289351087E+04   -0.109343943581194882E-03    0.537402888549592506E+00    0.105436496708715293E+02
    0.128348836173484138E+01    0.660984297499456863E+00    0.435277898826418914E+04   -0.180009649794213517E-03    0.456308398971339901E+00    0.103370615422976115E+02
    0.119854777812422819E+01    0.653245035665958707E+00    0.452614193891942159E+04   -0.208571214774175311E-03    0.378390886133218973E+00    0.106897541530717994E+02
    0.113641648775602544E+01    0.628101924077913876E+00    0.455685355907187750E+04   -0.406607947119873758E-03    0.476477143664392089E+00    0.102363140033430895E+02
    0.125001257846870240E+01    0.664019543774156062E+00    0.487225223203952282E+04   -0.162244641198071201E-03    0.549141067199478972E+00    0.102615026056680296E+02
    0.124110175111782395E+01    0.654206106014356803E+00    0.498561025535317276E+04   -0.137656995281946592E-03    0.489445329720344269E+00    0.105192660849484518E+02
    0.132098170233133949E+01    0.657166779521300426E+00    0.480649972465290102E+04   -0.164280498630647859E-03    0.585863235979464325E+00    0.107752237842493734E+02
    0.126225565560760211E+01    0.671760308351649127E+00    0.489138447029966301E+04   -0.170058821181853206E-03    0.590869135418263247E+00    0.100382512551407661E+02
    0.108224225774825245E+01    0.625064726634990686E+00    0.494929383949719886E+04   -0.450644290638460229E-03    0.345139872924908830E+00    0.100239385777454828E+02
    0.109681073774769033E+01    0.615177560796260847E+00    0.491880165651794960E+04   -0.397204328714532279E-03    0.393925217211819390E+00    0.103104289502785171E+02
    0.110734588923055677E+01    0.619346401254144197E+00    0.481609849919560020E+04   -0.480578911072559523E-03    0.379222454874605597E+00    0.101178474270424985E+02
    0.111317748433186803E+01    0.639289728068070828E+00    0.479767835086074865E+04   -0.460791001626112548E-03    0.381144419484597541E+00    0.101673842717563936E+02
    0.117285891844722778E+01    0.629498966348242983E+00    0.489816337251277037E+04   -0.827451446634020447E-03    0.455290433533824646E+00    0.998065745357448364E+01
    0.115535631028269759E+01    0.626057857458683586E+00    0.480119271285805826E+04   -0.870555539007192899E-03    0.454919729201056278E+00    0.100678337073785134E+02
    0.114976571778598791E+01    0.637673553909036683E+00    0.495763220408356756E+04   -0.393524433214570088E-03    0.367719431995964408E+00    0.105931620565971158E+02
    0.114976571778598791E+01    0.637673553909036683E+00    0.495763220408356756E+04   -0.393524433214570088E-03    0.367719431995964408E+00    0.105931620565971158E+02
    0.101387644988977144E+01    0.601685806034996440E+00    0.499438446113201098E+04   -0.162028649122856230E-03    0.343189699880991295E+00    0.100236349269376461E+02
