    0.137854685943872735E+01    0.898719082555106463E+00    0.482416851901460905E+04    0.213439308549715238E-03    0.892665588617035932E+00    0.169223996000380517E+00
    0.135536608499723710E+01    0.864291797332271128E+00    0.418358934716251042E+04   -0.380159362629512332E-03    0.446336531999532271E+00    0.355445568086056740E+01
    0.145305363977116198E+01    0.892214086803577722E+00    0.403041901349767841E+04   -0.171349160505889831E-03    0.767863120834576751E+00    0.375631245946687331E+01
    0.136522972044082591E+01    0.873430892325060659E+00    0.432756593319002786E+04    0.786888806270154040E-04    0.671253965385852358E+00    0.416598664641874006E+01
    0.142967593177972896E+01    0.860856542650398682E+00    0.489736957274629822E+04    0.294234072041486860E-03    0.429796133491218590E+00    0.422452340578235663E+01
    0.164511717948622715E+01    0.840051561042481909E+00    0.402360561853723084E+04    0.429045884730229151E-03    0.342359645361580978E+00    0.440372985563924502E+01
    0.149550143892309650E+01    0.860102415099829765E+00    0.411242135477781540E+04   -0.289833888104848263E-03    0.450484326589486284E+00    0.447215900400766042E+01
    0.152872052701627537E+01    0.875524260769831808E+00    0.419339850402178581E+04   -0.271269909796149917E-04    0.936648796375104675E+00    0.465097503766725229E+01
    0.148632897687554477E+01    0.881604275084952205E+00    0.420414398616580183E+04    0.631814409108822440E-04    0.979387229833529216E+00    0.470693122642151174E+01
    0.127414338200966881E+01    0.922934384281321574E+00    0.452022227245796148E+04   -0.184478910076037986E-03    0.858949953386828668E+00    0.474595146303274351E+01
    0.146335554837363979E+01    0.832131748445924635E+00    0.497612215387668766E+04   -0.459637332291237702E-03    0.185434427656365031E+00    0.494699663025551750E+01
    0.149081692302179580E+01    0.878786108185478199E+00    0.436353127948505698E+04    0.151493006645873440E-02    0.710732057079235147E+00    0.500073194759772122E+01
    0.143023448386123553E+01    0.895782321573426188E+00    0.463702844327323055E+04   -0.236397255920634436E-03    0.735116639086360824E+00    0.523629487346605682E+01
    0.131673992608369339E+01    0.889394125252876866E+00    0.417651086618425870E+04    0.103175850644746063E-03    0.565655127942662261E+00    0.525386357661797554E+01
    0.133248283808291856E+01    0.845975722151938725E+00    0.429224709901944880E+04   -0.226403868775594265E-03    0.265658729415703232E+00    0.531303601577610785E+01
    0.144652339247913719E+01    0.821644370065262253E+00    0.499058762923242466E+04    0.333529544775584342E-04    0.149354476484374998E+00    0.533097667854964374E+01
    0.137255468868130359E+01    0.865754484118030132E+00    0.497220190744545926E+04   -0.563376723280980336E-04    0.463959538121384185E+00    0.540674198638296843E+01
    0.133312479235961545E+01    0.885417470846720289E+00    0.429165949856537009E+04    0.549339994252961896E-03    0.959572145804228449E+00    0.541458437982136509E+01
    0.154805442947088334E+01    0.876638501304292772E+00    0.403953656511981580E+04    0.366649606703203226E-03    0.800097522369378145E+00    0.541508004109717245E+01
    0.130457713057767233E+01    0.899461154114102657E+00    0.429131933093320185E+04    0.400243848556226664E-04    0.945876299371118168E+00    0.546840519010087700E+01
    0.135990288516577973E+01    0.875952793569733990E+00    0.486728564240594915E+04    0.516053857071613917E-03    0.561930767029212630E+00    0.547754142975499558E+01
    0.143770290613174456E+01    0.885562404990196228E+00    0.494920095455646515E+04    0.742538886128561964E-03    0.855467081069946289E+00    0.548102305723256755E+01
    0.147690699582365914E+01    0.858102624641956968E+00    0.470071163269148838E+04    0.169174633634341953E-03    0.560635904746064062E+00    0.550486716481618554E+01
    0.136867974035883000E+01    0.894614459098022952E+00    0.485590960321051261E+04   -0.239691715926091352E-03    0.912283344841046451E+00    0.552294906648932304E+01
    0.149254813707187717E+01    0.879371534910739272E+00    0.432438148741471286E+04    0.366933926945652673E-03    0.718711224107792646E+00    0.554734672687908681E+01
    0.160496928198589717E+01    0.857683471752494153E+00    0.414731865478051350E+04    0.112386345328809902E-02    0.528796406762012672E+00    0.557327337663406830E+01
    0.136118036872220483E+01    0.846720566985407208E+00    0.435083352362881487E+04   -0.258934619647738283E-03    0.356151135688133780E+00    0.564777994222135504E+01
    0.158322121905285451E+01    0.841370521065615717E+00    0.416448857711359688E+04    0.454140490806460970E-03    0.332730254810106374E+00    0.565187454140387313E+01
    0.145862240460220072E+01    0.806025484145872495E+00    0.483293265160046667E+04   -0.474040920016100746E-03    0.980533079552892151E-01    0.568492153205308703E+01
    0.139306701679979872E+01    0.869191116903286320E+00    0.484859416211608732E+04   -0.169183382843192826E-03    0.497026514223510463E+00    0.570977868509233755E+01
    0.142266136362959306E+01    0.794085846538746920E+00    0.424070589337000911E+04   -0.304783451377884653E-03    0.113408766473948583E+00    0.571289427098253988E+01
    0.139851058652246074E+01    0.831969196647922571E+00    0.464522660830302448E+04    0.323308810258646218E-03    0.181128884975825410E+00    0.575747983083557457E+01
    0.150469324315868525E+01    0.882263208488558215E+00    0.410032723258012538E+04    0.826502116459511423E-03    0.747043836176580767E+00    0.578396136582226550E+01
    0.130416465001976145E+01    0.873864099460558430E+00    0.480037241474748589E+04    0.321680767756727954E-03    0.514752442701438273E+00    0.595055380335795370E+01
    0.136718338291477792E+01    0.869778409259233554E+00    0.416203744565511352E+04   -0.164341971364468818E-03    0.431583725693676146E+00    0.599117556117907046E+01
    0.150187022885785515E+01    0.850574479831622932E+00    0.480395619058961347E+04   -0.363985731360722450E-04    0.431946637018097213E+00    0.601151616900045394E+01
    0.166240221678236866E+01    0.869544860780140594E+00    0.475126339648603243E+04    0.123577276584277960E-02    0.614161620800234287E+00    0.601824049688472407E+01
    0.132438393281077404E+01    0.888200552922007613E+00    0.451948120769821526E+04    0.390162356309629746E-03    0.612245556943200930E+00    0.603960707263000263E+01
    0.140515162345402489E+01    0.880661569298435309E+00    0.467745735314694775E+04   -0.362335032728912821E-03    0.686873327274717504E+00    0.604333322707329579E+01
    0.133162686054705137E+01    0.873342533267405630E+00    0.492545367123713186E+04    0.127592128497611742E-03    0.517481648871484734E+00    0.607612245717782784E+01
    0.138811116218566899E+01    0.881189286708831787E+00    0.399867800796031952E+04    0.644618362383684597E-03    0.623815774917602539E+00    0.609149686940754620E+01
    0.138884564130057075E+01    0.886608091362808381E+00    0.497744902636383449E+04   -0.310084381384680531E-03    0.963739577439878592E+00    0.616005738127347868E+01
    0.134671416817654288E+01    0.894760361346500388E+00    0.413944408289594958E+04    0.133884492107309486E-03    0.947021476711079724E+00    0.617872643269242872E+01
    0.144506377327507574E+01    0.885605011160107924E+00    0.424375033592673844E+04   -0.557897570666842898E-03    0.770557229932149146E+00    0.618031045184948447E+01
    0.145800354901744766E+01    0.890546982984171565E+00    0.451039308188970062E+04   -0.227157066043386309E-04    0.793450773810689292E+00    0.619095956666262648E+01
    0.140218833854267766E+01    0.803890548607504640E+00    0.469321283352974478E+04   -0.560437655758302546E-04    0.110649993256916268E+00    0.623127062058783920E+01
    0.133723614784850264E+01    0.908553627918103346E+00    0.450074838622359312E+04   -0.195825984221500391E-03    0.869175821110331648E+00    0.623409381379470418E+01
    0.136881702340749323E+01    0.849832609949437434E+00    0.467673840252682839E+04   -0.451399453065974175E-03    0.269502735599366383E+00    0.627022677144277907E+01
    0.135587522542293515E+01    0.893044475469460308E+00    0.431029187513174202E+04    0.192173662298638612E-03    0.974588504370814790E+00    0.627173077666597845E+01
    0.139061195701576046E+01    0.862171450082464763E+00    0.448160216458905961E+04   -0.666839594923177768E-04    0.434748544195294906E+00    0.630209788976511565E+01
    0.141885493681458019E+01    0.834191026464307983E+00    0.442510945550279212E+04   -0.455342017645530130E-03    0.215139267905894216E+00    0.632971348283916413E+01
    0.148288060816631262E+01    0.869361049726688817E+00    0.427151859262554080E+04   -0.118913807727538478E-03    0.547967931202496095E+00    0.634797255482883660E+01
    0.146267408785280306E+01    0.885634853535119282E+00    0.427266335402873119E+04    0.810636455729516836E-03    0.978834101474072793E+00    0.635922969570666474E+01
    0.134581031755315417E+01    0.858366429913093976E+00    0.480124692265636713E+04    0.340593959624354003E-04    0.353729552283767013E+00    0.640382623625699221E+01
    0.133094343227459921E+01    0.835830514354409471E+00    0.491858897439622342E+04   -0.437595342700001610E-03    0.238055834534540545E+00    0.640483033239492894E+01
    0.137414695837827860E+01    0.887790804869626471E+00    0.464891008761938883E+04    0.194880449792930472E-03    0.999358867554523189E+00    0.640567661624188212E+01
    0.134921667371718668E+01    0.887943741959972499E+00    0.471479201814968928E+04    0.364413815969133090E-03    0.893916309583294488E+00    0.642625464638803656E+01
    0.144181173954633501E+01    0.876411248287960909E+00    0.443430559822731720E+04    0.556477291989343055E-04    0.595660485674527673E+00    0.644325619233546476E+01
    0.131488489327195279E+01    0.857639397041976337E+00    0.445681362210903626E+04   -0.380402823377929539E-03    0.420848511504893774E+00    0.647470375758189931E+01
    0.134104824973266257E+01    0.882689757426446397E+00    0.453831905026330242E+04   -0.237636165671595813E-04    0.969353597206132567E+00    0.648572350597511083E+01
    0.136881274923103913E+01    0.855549726382831111E+00    0.478160172233980302E+04    0.288467312616803146E-03    0.361348927057657532E+00    0.652276306218524571E+01
    0.142075966316935132E+01    0.881170261726596515E+00    0.457277062006561209E+04   -0.228537006151410447E-03    0.858498219063008383E+00    0.652394733032116214E+01
    0.138121531438704714E+01    0.889843226273592802E+00    0.471053033622776275E+04   -0.836283433335248112E-04    0.810792834808043983E+00    0.653700510156952852E+01
    0.154361470787670263E+01    0.880583039472302209E+00    0.430874045212752935E+04    0.115519057230113287E-02    0.997742593187026183E+00    0.657475566924058885E+01
    0.140817115525774783E+01    0.869807715629886236E+00    0.495493465192913300E+04    0.271991071678399617E-03    0.771416522057230658E+00    0.658605417237133395E+01
    0.141068007797912620E+01    0.837611597634195792E+00    0.488977538286102663E+04   -0.270662055320561681E-03    0.317967106518559472E+00    0.661022149462313102E+01
    0.134812577655206911E+01    0.889633514736060782E+00    0.431119495230584380E+04   -0.690240013262484161E-03    0.838134119771649644E+00    0.662329382433371272E+01
    0.134812577655206911E+01    0.889633514736060782E+00    0.431119495230584380E+04   -0.690240013262484161E-03    0.838134119771649644E+00    0.662329382433371272E+01
    0.137101941742414368E+01    0.884297695716134369E+00    0.496628581582323932E+04   -0.149404198244947240E-03    0.718189660810788721E+00    0.666575795080854760E+01
    0.139385108972404037E+01    0.816307904487535319E+00    0.438678147741910834E+04    0.896461415745338229E-04    0.177317817232765906E+00    0.667473829004070573E+01
    0.138047036537291312E+01    0.880313136140674524E+00    0.473499410301005446E+04   -0.323235785643156601E-03    0.912460061198486994E+00    0.667954256960366699E+01
    0.145655701977162888E+01    0.808576539583258258E+00    0.449178187829730723E+04    0.292192029290807752E-04    0.142302045050098580E+00    0.669388589589799299E+01
    0.135333812969149436E+01    0.873487010348515280E+00    0.438697871885161931E+04    0.333516826419444064E-03    0.750176238496447101E+00    0.672535933274288400E+01
    0.138991431654743947E+01    0.882833576506079076E+00    0.440380468205357829E+04    0.206046873984936599E-03    0.764446996052244754E+00    0.676570078739924341E+01
    0.138499076819705191E+01    0.854157988545812707E+00    0.479506906278004408E+04   -0.354880291555474496E-03    0.346311065374682037E+00    0.678840365203599561E+01
    0.138499076819705191E+01    0.854157988545812707E+00    0.479506906278004408E+04   -0.354880291555474496E-03    0.346311065374682037E+00    0.678840365203599561E+01
    0.141585418450807055E+01    0.877974433001288634E+00    0.440428580493407480E+04   -0.662186538436995015E-03    0.736722095879654537E+00    0.680308470518309338E+01
    0.141585418450807055E+01    0.877974433001288634E+00    0.440428580493407480E+04   -0.662186538436995015E-03    0.736722095879654537E+00    0.680308470518309338E+01
    0.137868348957653986E+01    0.840469122979029093E+00    0.482502578351026932E+04   -0.843212786263905522E-03    0.311580689531386235E+00    0.682319740841535971E+01
    0.137868348957653986E+01    0.840469122979029093E+00    0.482502578351026932E+04   -0.843212786263905522E-03    0.311580689531386235E+00    0.682319740841535971E+01
    0.137883974297659817E+01    0.882049292275344898E+00    0.426007704845254193E+04   -0.111724867374411298E-03    0.635960249632923302E+00    0.684567138912147577E+01
    0.137883974297659817E+01    0.882049292275344898E+00    0.426007704845254193E+04   -0.111724867374411298E-03    0.635960249632923302E+00    0.684567138912147577E+01
    0.145400480832508516E+01    0.867337410068788062E+00    0.498854310768593768E+04   -0.137969293092783001E-03    0.633895373266676332E+00    0.685814859792128928E+01
    0.144665567441515286E+01    0.884584739437706324E+00    0.415729420703478354E+04   -0.384633926039268869E-03    0.811879231354688868E+00    0.687176444741050396E+01
    0.144665567441515286E+01    0.884584739437706324E+00    0.415729420703478354E+04   -0.384633926039268869E-03    0.811879231354688868E+00    0.687176444741050396E+01
    0.134675738988223359E+01    0.894064107129121988E+00    0.472857018301509015E+04   -0.339133369071699939E-03    0.804095491925903905E+00    0.687841493363030043E+01
    0.146193388868041785E+01    0.900926226847931000E+00    0.453666680196272591E+04    0.189789183044000145E-03    0.987535983997044564E+00    0.688069594888792313E+01
    0.145162519177827876E+01    0.876207733972498848E+00    0.487159182150311153E+04   -0.471107830503314463E-03    0.833745484431490769E+00    0.689456359309118127E+01
    0.139604826051320119E+01    0.837702865846104539E+00    0.448556248460739971E+04    0.912680136258845810E-03    0.236561361124146108E+00    0.689870685497175806E+01
    0.129979231565804509E+01    0.866703588499460498E+00    0.452085185972357431E+04   -0.795009756526862156E-03    0.429574624844207886E+00    0.690197933663410446E+01
    0.136132211292628647E+01    0.845263442272158327E+00    0.448286687436805914E+04    0.492738879026030619E-03    0.349728025709627688E+00    0.690880237608868697E+01
    0.136132211292628647E+01    0.845263442272158327E+00    0.448286687436805914E+04    0.492738879026030619E-03    0.349728025709627688E+00    0.690880237608868697E+01
    0.128031503925993340E+01    0.862701882322021607E+00    0.428511112553522344E+04    0.288160811215257929E-05    0.526360180413013690E+00    0.691056154330600414E+01
    0.128031503925993340E+01    0.862701882322021607E+00    0.428511112553522344E+04    0.288160811215257929E-05    0.526360180413013690E+00    0.691056154330600414E+01
    0.139943526114705663E+01    0.878351932774052768E+00    0.482854012796281950E+04    0.846912941648270546E-03    0.684882465961102804E+00    0.691505933864265643E+01
    0.147558093109355326E+01    0.870073851983064639E+00    0.477637959557864815E+04   -0.397670702795617457E-04    0.685884327398169846E+00    0.694095036763856044E+01
    0.131404538955515626E+01    0.882709282218376412E+00    0.478779706558424004E+04   -0.568156244419398674E-03    0.728855099698480724E+00    0.694371071768086523E+01
    0.136540586751561932E+01    0.816716047493659447E+00    0.445370833702020263E+04   -0.635934792682276481E-03    0.163619294577408564E+00    0.694433595962554051E+01
    0.158290917381360741E+01    0.856013697212101965E+00    0.447215779892738556E+04    0.474625781195665126E-03    0.461576038571448077E+00    0.695848298469494608E+01
    0.158290917381360741E+01    0.856013697212101965E+00    0.447215779892738556E+04    0.474625781195665126E-03    0.461576038571448077E+00    0.695848298469494608E+01
    0.132038483561484066E+01    0.846616115379659417E+00    0.443756997989846332E+04   -0.653765916863938964E-04    0.269021330355422861E+00    0.699057772517410214E+01
    0.144369211450823842E+01    0.827781972858988691E+00    0.455875440913368857E+04    0.632725494291890293E-03    0.197519108008975430E+00    0.699717563375285145E+01
    0.149625204341544005E+01    0.849174608901557826E+00    0.425956392736153612E+04   -0.826303485081789129E-04    0.369454047574745370E+00    0.702096576700170516E+01
    0.149625204341544005E+01    0.849174608901557826E+00    0.425956392736153612E+04   -0.826303485081789129E-04    0.369454047574745370E+00    0.702096576700170516E+01
    0.132739692554582844E+01    0.890299172556145546E+00    0.408411061045379211E+04   -0.416995650668947895E-03    0.679710754032672448E+00    0.703114791386781768E+01
    0.132739692554582844E+01    0.890299172556145546E+00    0.408411061045379211E+04   -0.416995650668947895E-03    0.679710754032672448E+00    0.703114791386781768E+01
    0.144807219142065291E+01    0.883137175263892349E+00    0.403090147941093574E+04   -0.565828762184843116E-03    0.728903789623690290E+00    0.704353745339625448E+01
    0.143637779901546048E+01    0.848255930310691797E+00    0.481108496329761329E+04   -0.301074754093092574E-03    0.356201864640034949E+00    0.705271580128438202E+01
    0.143544965593865692E+01    0.889459423104175473E+00    0.462169256481821230E+04    0.142445009132878612E-03    0.952179539567221234E+00    0.706044187885810537E+01
    0.141870791472928270E+01    0.856296319157849428E+00    0.498052862507584541E+04   -0.465087178902819318E-04    0.397052208318818267E+00    0.706681809563296515E+01
    0.141870791472928270E+01    0.856296319157849428E+00    0.498052862507584541E+04   -0.465087178902819318E-04    0.397052208318818267E+00    0.706681809563296515E+01
    0.136653194165887637E+01    0.866249477485702135E+00    0.489825247585335183E+04   -0.133260640742592455E-03    0.581305596049259687E+00    0.707353129182236273E+01
    0.133743763962528073E+01    0.884937382523164007E+00    0.442345723193372123E+04    0.302560899290421972E-03    0.852999380490215175E+00    0.707687885785352222E+01
    0.135772705219076917E+01    0.887912041051227452E+00    0.490293092966194308E+04   -0.282684629125526583E-03    0.760810646778025679E+00    0.710068698117001595E+01
    0.137351503856087032E+01    0.885218749494002810E+00    0.478322514682374731E+04   -0.325709134103205355E-03    0.734755755675962852E+00    0.710295861949945539E+01
    0.138731528222062472E+01    0.904921623734329827E+00    0.401320707849583823E+04   -0.508964014139844556E-03    0.923036089574052032E+00    0.710976756615871963E+01
    0.138731528222062472E+01    0.904921623734329827E+00    0.401320707849583823E+04   -0.508964014139844556E-03    0.923036089574052032E+00    0.710976756615871963E+01
    0.137387079735166617E+01    0.859037669150021554E+00    0.488937519399770008E+04   -0.555133413552042734E-03    0.360173736631626384E+00    0.712532559443709257E+01
    0.143136563724637877E+01    0.889188031946293700E+00    0.463745151526694281E+04   -0.397938058156886720E-03    0.747078968280292299E+00    0.712605693580310451E+01
    0.141361216583377258E+01    0.875879699476166729E+00    0.487303071125586303E+04    0.110440566093087343E-03    0.696552092014873891E+00    0.712833106520560822E+01
    0.154363344420709714E+01    0.857472785599862619E+00    0.414004648080289553E+04   -0.259735093222865658E-03    0.520531263067630534E+00    0.714116528567371667E+01
    0.154363344420709714E+01    0.857472785599862619E+00    0.414004648080289553E+04   -0.259735093222865658E-03    0.520531263067630534E+00    0.714116528567371667E+01
    0.149487047906346238E+01    0.893642301645908965E+00    0.465997269111824880E+04   -0.181263509282652158E-03    0.914863757360858787E+00    0.714500360861357819E+01
    0.134814763991401820E+01    0.861764485360373200E+00    0.485795888565440691E+04    0.191085501362473663E-03    0.390503690711934026E+00    0.715913718865184201E+01
    0.143086735666743281E+01    0.889276128162628687E+00    0.447614766565847731E+04   -0.466289384092756292E-03    0.881177802744443572E+00    0.716868116231297936E+01
    0.143086735666743281E+01    0.889276128162628687E+00    0.447614766565847731E+04   -0.466289384092756292E-03    0.881177802744443572E+00    0.716868116231297936E+01
    0.155622712429711840E+01    0.886470843769312955E+00    0.444575187385933714E+04   -0.273158725856453572E-03    0.932594206939399317E+00    0.717198301643837333E+01
    0.149411118944855481E+01    0.881693121701051741E+00    0.456870287316483791E+04   -0.698776424803784942E-03    0.889450448265003635E+00    0.718192835024595233E+01
    0.132189512041096613E+01    0.902228405848353954E+00    0.493206338074559517E+04   -0.463333631886573953E-03    0.907239652424866594E+00    0.718629379671034130E+01
    0.143466662075589246E+01    0.867285566501072136E+00    0.495970041169339129E+04   -0.493283727104754945E-03    0.671493566064816472E+00    0.719297672715332759E+01
    0.143466662075589246E+01    0.867285566501072136E+00    0.495970041169339129E+04   -0.493283727104754945E-03    0.671493566064816472E+00    0.719297672715332759E+01
    0.148817602478980548E+01    0.815092175407442943E+00    0.455514692136136455E+04   -0.248992688305508581E-03    0.165064129087982292E+00    0.719765101807000462E+01
    0.138809826252450685E+01    0.826855040266871844E+00    0.490281401537546481E+04   -0.364806735939083074E-03    0.226398153551942066E+00    0.720156583215335999E+01
    0.148071304140885340E+01    0.892150744906869075E+00    0.442478593632568936E+04    0.530371164307295940E-04    0.870416009756408759E+00    0.720585402815801768E+01
    0.139074516440586748E+01    0.847302260512690975E+00    0.441022186580717153E+04    0.675483250038303102E-04    0.320021419515186367E+00    0.720687300069980274E+01
    0.130792695853987562E+01    0.867507990904752502E+00    0.478732829243259584E+04   -0.781830516015308242E-03    0.414457980636040335E+00    0.721609272522559575E+01
    0.141815339053356504E+01    0.858493049019807497E+00    0.472740204783553781E+04    0.171339437239283226E-03    0.498948369261780988E+00    0.722394859066543482E+01
    0.141815339053356504E+01    0.858493049019807497E+00    0.472740204783553781E+04    0.171339437239283226E-03    0.498948369261780988E+00    0.722394859066543482E+01
    0.136442104985359869E+01    0.861139212334810722E+00    0.488073253068085705E+04    0.171699218095170759E-03    0.455872247303539424E+00    0.722460016361793755E+01
    0.136633044236384227E+01    0.896683137782537276E+00    0.429554051297065143E+04   -0.346212861946736925E-04    0.896392138419634166E+00    0.723402397695212329E+01
    0.140718480884987640E+01    0.894543085086112355E+00    0.462137013072232639E+04   -0.407624313395074851E-03    0.926975711513116973E+00    0.724849591470698229E+01
    0.137952729381121530E+01    0.877609628465165326E+00    0.416204084178767334E+04   -0.411889966606278878E-03    0.590537729280384838E+00    0.724894966678520625E+01
    0.137320880261073719E+01    0.869429466387177330E+00    0.455420255448745775E+04    0.583419570674746234E-03    0.580772461987492883E+00    0.725095031100132736E+01
    0.134387927220461867E+01    0.864581188652583710E+00    0.477217600094093086E+04   -0.266528683271440492E-03    0.452604264400597978E+00    0.727215702695280442E+01
    0.134387927220461867E+01    0.864581188652583710E+00    0.477217600094093086E+04   -0.266528683271440492E-03    0.452604264400597978E+00    0.727215702695280442E+01
    0.131740831048854257E+01    0.885271493559024458E+00    0.461977968207347203E+04    0.253218104769014740E-03    0.906021514659353544E+00    0.729354532777649656E+01
    0.137214343227471502E+01    0.870652288262924290E+00    0.479518354309080860E+04   -0.136222609092858586E-03    0.750215772319295593E+00    0.731288307194060039E+01
    0.140567324879175626E+01    0.880682325370765851E+00    0.440354226837579154E+04    0.106006520881086311E-03    0.752325471490105424E+00    0.733322490256637138E+01
    0.140567324879175626E+01    0.880682325370765851E+00    0.440354226837579154E+04    0.106006520881086311E-03    0.752325471490105424E+00    0.733322490256637138E+01
    0.154772639541094392E+01    0.842787934434201413E+00    0.455149734398612782E+04   -0.390355439256775049E-03    0.355022453067649679E+00    0.733413944601793943E+01
    0.133244388506860822E+01    0.865995941936831937E+00    0.442347870509040058E+04   -0.666200155616595007E-04    0.488719960281807919E+00    0.733920890128605841E+01
    0.133244388506860822E+01    0.865995941936831937E+00    0.442347870509040058E+04   -0.666200155616595007E-04    0.488719960281807919E+00    0.733920890128605841E+01
    0.137989969034940119E+01    0.886836720902455466E+00    0.468149723479445493E+04    0.123404750311538448E-02    0.943523628076396115E+00    0.734227969555465965E+01
    0.162032065812074011E+01    0.866377525031028717E+00    0.451945261618000586E+04    0.124267242002598036E-02    0.575680695439182544E+00    0.734647360428396112E+01
    0.162032065812074011E+01    0.866377525031028717E+00    0.451945261618000586E+04    0.124267242002598036E-02    0.575680695439182544E+00    0.734647360428396112E+01
    0.136967430436655491E+01    0.850900907927060635E+00    0.459406284601632615E+04    0.441322554188434686E-03    0.371894817594605409E+00    0.735282419331635406E+01
    0.140605936511900631E+01    0.861448590863362562E+00    0.462280597614545695E+04    0.149959920395022206E-03    0.404210663823131588E+00    0.735508581972331843E+01
    0.140605936511900631E+01    0.861448590863362562E+00    0.462280597614545695E+04    0.149959920395022206E-03    0.404210663823131588E+00    0.735508581972331843E+01
    0.135046315632566816E+01    0.861856638810315601E+00    0.442940830358806670E+04    0.223662507685889599E-03    0.585972876949053978E+00    0.736384720289018713E+01
    0.161453780091164312E+01    0.878183554210375972E+00    0.406009605066151653E+04   -0.115221344864074052E-03    0.831249309756937449E+00    0.736390589891076530E+01
    0.136620103215436406E+01    0.894235090417042189E+00    0.473455645620566065E+04   -0.607607434497617924E-03    0.890196450549269658E+00    0.738612709340457751E+01
    0.141342708142369067E+01    0.877271279795701187E+00    0.497750052230660822E+04    0.559992246453652341E-03    0.678297694035719712E+00    0.738838745290692955E+01
    0.134776908078190560E+01    0.860270732141139582E+00    0.435080270768142054E+04   -0.397979837546651356E-03    0.390128042831726085E+00    0.739246979570546259E+01
    0.143597580197662200E+01    0.867153541568817077E+00    0.419287181482102369E+04    0.723415029892556107E-04    0.538330181315495926E+00    0.740446843289655554E+01
    0.135717871984644800E+01    0.893860092041674381E+00    0.497901154245231555E+04   -0.466184633604504442E-03    0.992905168694572460E+00    0.740738056205704787E+01
    0.138385481664113197E+01    0.878174492637703308E+00    0.497997816486773263E+04    0.491534660943954258E-03    0.752402417303067339E+00    0.741572266926164936E+01
    0.138589895996282086E+01    0.887295293665642415E+00    0.474854696508365214E+04   -0.108118623767800104E-03    0.970088730590705217E+00    0.741695394267599362E+01
    0.139407202596439328E+01    0.882902050811958494E+00    0.489720991633925951E+04   -0.502281437826072961E-03    0.944234561064642319E+00    0.741801056711935836E+01
    0.139407202596439328E+01    0.882902050811958494E+00    0.489720991633925951E+04   -0.502281437826072961E-03    0.944234561064642319E+00    0.741801056711935836E+01
    0.145121356579972094E+01    0.838108680894315006E+00    0.499858597941508197E+04   -0.338846429202305764E-03    0.268227050639493314E+00    0.742166993618114645E+01
    0.149280141373553166E+01    0.874142269187360599E+00    0.428132931531910253E+04    0.695506936068102620E-04    0.776862955011860534E+00    0.742389352679513070E+01
    0.147930020875987633E+01    0.881278931608166616E+00    0.475381237263314415E+04   -0.522744512930735031E-04    0.900618605711876130E+00    0.742401977059020624E+01
    0.139303239458885653E+01    0.877564089728031238E+00    0.433276380687034998E+04   -0.826557218284858187E-04    0.690376360276282908E+00    0.742725585587993287E+01
    0.139303239458885653E+01    0.877564089728031238E+00    0.433276380687034998E+04   -0.826557218284858187E-04    0.690376360276282908E+00    0.742725585587993287E+01
    0.128621605049417687E+01    0.887936611025492262E+00    0.446614639984861969E+04   -0.371053605984086139E-03    0.687330114293037475E+00    0.744031555075689877E+01
    0.128621605049417687E+01    0.887936611025492262E+00    0.446614639984861969E+04   -0.371053605984086139E-03    0.687330114293037475E+00    0.744031555075689877E+01
    0.144157406653944653E+01    0.858690701423597602E+00    0.423033268398237669E+04    0.116428890157865039E-03    0.467340376730225993E+00    0.744866811268066797E+01
    0.144157406653944653E+01    0.858690701423597602E+00    0.423033268398237669E+04    0.116428890157865039E-03    0.467340376730225993E+00    0.744866811268066797E+01
    0.146152764514660172E+01    0.882547296209261090E+00    0.441639212590226271E+04    0.205026538902758056E-03    0.802968144212812263E+00    0.746022756284206601E+01
    0.146152764514660172E+01    0.882547296209261090E+00    0.441639212590226271E+04    0.205026538902758056E-03    0.802968144212812263E+00    0.746022756284206601E+01
    0.134537570038313836E+01    0.894851006210049649E+00    0.488824935913307127E+04   -0.140730416102139794E-03    0.901577976909193723E+00    0.746846360861161251E+01
    0.150103318770424643E+01    0.878006629858169130E+00    0.493331569808143468E+04   -0.133215219568879250E-03    0.755357851505838451E+00    0.746857284715120517E+01
    0.150103318770424643E+01    0.878006629858169130E+00    0.493331569808143468E+04   -0.133215219568879250E-03    0.755357851505838451E+00    0.746857284715120517E+01
    0.138087519859254648E+01    0.871566026966564600E+00    0.414735293192376321E+04   -0.198638813940540270E-03    0.584940065718804636E+00    0.747553174567151579E+01
    0.138087519859254648E+01    0.871566026966564600E+00    0.414735293192376321E+04   -0.198638813940540270E-03    0.584940065718804636E+00    0.747553174567151579E+01
    0.137055388152969337E+01    0.870741190541904353E+00    0.450344822525391646E+04   -0.235017226070908429E-03    0.498165578137540976E+00    0.748657257916915242E+01
    0.135434159847044833E+01    0.875931423393893072E+00    0.482550057291114172E+04   -0.340249209665618947E-03    0.723854439760817425E+00    0.748755376019056396E+01
    0.143361857966960482E+01    0.863456004113093978E+00    0.423951459700869054E+04    0.246086435090470503E-03    0.474545729349228507E+00    0.749151764384302510E+01
    0.134613353622787368E+01    0.858053662118465232E+00    0.485772893188093440E+04    0.128165261945871586E-03    0.414759478502421008E+00    0.749403692023732582E+01
    0.133788087475712203E+01    0.900986293436543351E+00    0.467602253813334028E+04   -0.702473934214131734E-03    0.788555552787834624E+00    0.750049152784756501E+01
    0.130718022423202873E+01    0.894881548313819275E+00    0.461956609065612520E+04   -0.363737082490397031E-04    0.970454416378397355E+00    0.750808015864332745E+01
    0.142677166412525414E+01    0.832223952165668246E+00    0.411876914070990279E+04    0.471055742819626253E-04    0.226696336987721792E+00    0.751588016349952870E+01
    0.141022939618510623E+01    0.837549178985865894E+00    0.457639615881761802E+04    0.228881634897269313E-03    0.263301142257011789E+00    0.752291388597706145E+01
    0.141022939618510623E+01    0.837549178985865894E+00    0.457639615881761802E+04    0.228881634897269313E-03    0.263301142257011789E+00    0.752291388597706145E+01
    0.151643375173141592E+01    0.878173070733040406E+00    0.422126761042313501E+04   -0.202320415673614833E-04    0.773613285971402775E+00    0.753688765450982423E+01
    0.151643375173141592E+01    0.878173070733040406E+00    0.422126761042313501E+04   -0.202320415673614833E-04    0.773613285971402775E+00    0.753688765450982423E+01
    0.137515617632377030E+01    0.825402151226956260E+00    0.455497876650940452E+04   -0.355131122222703325E-03    0.179767134983289750E+00    0.754986257381434456E+01
    0.140305268838959596E+01    0.864945874316942920E+00    0.454928626036025616E+04   -0.692566511698704126E-05    0.435599247430743630E+00    0.755148688856857042E+01
    0.145801965396323108E+01    0.879667116732482546E+00    0.498844396196662910E+04    0.256957053277870871E-03    0.959245626125393436E+00    0.756793699545225529E+01
    0.133583993116666555E+01    0.853231924435855604E+00    0.470175190240405755E+04    0.630119446436072086E-03    0.369960083980924281E+00    0.758894008557644639E+01
    0.133583993116666555E+01    0.853231924435855604E+00    0.470175190240405755E+04    0.630119446436072086E-03    0.369960083980924281E+00    0.758894008557644639E+01
    0.143393599303260366E+01    0.800128769911827575E+00    0.471324935832048322E+04   -0.397444933573034849E-03    0.105070504289189667E+00    0.760080291868760050E+01
    0.141408818415373916E+01    0.866725437259147191E+00    0.471055834563545250E+04   -0.714499605636092035E-04    0.613820761439567875E+00    0.760230983012842465E+01
    0.150185517776414046E+01    0.876401034893771191E+00    0.486929521105205458E+04   -0.743187088044233008E-03    0.659709295228988357E+00    0.760652527383183852E+01
    0.143611934905212801E+01    0.863498498382130997E+00    0.420205537573055608E+04   -0.408708027216617338E-03    0.511696387445511491E+00    0.761665523620940377E+01
    0.143722600110191934E+01    0.827372693507833046E+00    0.494926456287931160E+04   -0.316547841043462823E-03    0.230069768060063296E+00    0.762885706472463454E+01
    0.136366685264292986E+01    0.875031135803626015E+00    0.488104004710546360E+04   -0.176319971850563380E-03    0.600571236443526391E+00    0.763774321243141507E+01
    0.135598470289963924E+01    0.886682733905914122E+00    0.429898984769947765E+04    0.980198498130208918E-05    0.908244542477980921E+00    0.764028868367177605E+01
    0.135598470289963924E+01    0.886682733905914122E+00    0.429898984769947765E+04    0.980198498130208918E-05    0.908244542477980921E+00    0.764028868367177605E+01
    0.144185495989918322E+01    0.867034083872320394E+00    0.492294755438103039E+04    0.467434238979851503E-04    0.513321487140778854E+00    0.764571244614447565E+01
    0.134770004596012249E+01    0.841487712614856553E+00    0.442351671811770393E+04   -0.144421661244061641E-03    0.303351143217864716E+00    0.764955220877275366E+01
    0.145327045096197205E+01    0.808513491396640416E+00    0.443320182218865830E+04   -0.680802659771957003E-03    0.136756421031492603E+00    0.767873299552443989E+01
    0.145327045096197205E+01    0.808513491396640416E+00    0.443320182218865830E+04   -0.680802659771957003E-03    0.136756421031492603E+00    0.767873299552443989E+01
    0.143896447608969602E+01    0.850754148697943968E+00    0.495351765604476259E+04   -0.171012627202249862E-03    0.318575665945869890E+00    0.767932223262628355E+01
    0.133769370718902580E+01    0.891667662177669795E+00    0.496535915390936498E+04   -0.658036009965171239E-03    0.902072720782370330E+00    0.768157970770150911E+01
    0.133769370718902580E+01    0.891667662177669795E+00    0.496535915390936498E+04   -0.658036009965171239E-03    0.902072720782370330E+00    0.768157970770150911E+01
    0.148765968079111444E+01    0.863293565896628090E+00    0.421198467628128128E+04    0.270280557894051507E-03    0.501816713395418890E+00    0.768812073771572191E+01
    0.145592382282941246E+01    0.874134028852177947E+00    0.498880831622953519E+04    0.149116071611548180E-03    0.715661809804580495E+00    0.769277955161432381E+01
    0.154901783459353903E+01    0.884994498708643773E+00    0.474792320204411226E+04   -0.356509613790042200E-03    0.852707845165869505E+00    0.769749339709220060E+01
    0.140400670768115998E+01    0.879558217315041801E+00    0.489797934683358199E+04   -0.218231154189702718E-03    0.734589502973493125E+00    0.770929236959502795E+01
    0.140400670768115998E+01    0.879558217315041801E+00    0.489797934683358199E+04   -0.218231154189702718E-03    0.734589502973493125E+00    0.770929236959502795E+01
    0.139400648969497820E+01    0.847858773329133619E+00    0.491696556188462546E+04    0.182154476384876037E-03    0.344774918562570198E+00    0.771049226566893253E+01
    0.148845735384103106E+01    0.831885423246909839E+00    0.454871065632540922E+04    0.224788694958573751E-03    0.253825285652505284E+00    0.772705277047271011E+01
    0.148845735384103106E+01    0.831885423246909839E+00    0.454871065632540922E+04    0.224788694958573751E-03    0.253825285652505284E+00    0.772705277047271011E+01
    0.136400095393644172E+01    0.816672427956567915E+00    0.435455959387459188E+04   -0.451069495861478845E-03    0.156167240255112694E+00    0.772723104126137272E+01
    0.140423731059990908E+01    0.886946797668448195E+00    0.483281637402230990E+04    0.168673536667405031E-03    0.863644168210362273E+00    0.774803279389453614E+01
    0.144733759477126389E+01    0.882230581189088148E+00    0.447658604549641495E+04   -0.148457431163041121E-03    0.723662826519641533E+00    0.775325404878048197E+01
    0.144733759477126389E+01    0.882230581189088148E+00    0.447658604549641495E+04   -0.148457431163041121E-03    0.723662826519641533E+00    0.775325404878048197E+01
    0.127830211367604396E+01    0.898595900699872274E+00    0.473541548196428539E+04   -0.104542818746488565E-03    0.905628400617178975E+00    0.776420303288418445E+01
    0.127830211367604396E+01    0.898595900699872274E+00    0.473541548196428539E+04   -0.104542818746488565E-03    0.905628400617178975E+00    0.776420303288418445E+01
    0.129634415809876868E+01    0.893077237191861162E+00    0.475810137201981888E+04   -0.435486662516143953E-03    0.824026255397047325E+00    0.776446355131676391E+01
    0.131143450580608123E+01    0.880627231012295120E+00    0.443754962266703296E+04    0.302466807098380141E-03    0.694687833394746046E+00    0.776494547319466477E+01
    0.131143450580608123E+01    0.880627231012295120E+00    0.443754962266703296E+04    0.302466807098380141E-03    0.694687833394746046E+00    0.776494547319466477E+01
    0.142254370933963181E+01    0.845683181350510349E+00    0.465589089919074104E+04   -0.366275225122121735E-03    0.290814623591546084E+00    0.776545611376467804E+01
    0.138290334576905183E+01    0.864393869466062226E+00    0.474573322549659861E+04    0.732566674975220226E-04    0.481037996755435016E+00    0.776817069483396949E+01
    0.141023248855661731E+01    0.854447608554696592E+00    0.480774553584756723E+04   -0.429996867624636830E-03    0.365363501645143141E+00    0.777156738132523817E+01
    0.135901598378412891E+01    0.867648427675750233E+00    0.467283841893346926E+04    0.454394346030757433E-03    0.505497747895606531E+00    0.779521544960529056E+01
    0.147933449876023526E+01    0.814279804537183627E+00    0.491193070054624786E+04    0.133350560007786009E-03    0.135766084660700836E+00    0.781747588918085157E+01
    0.152949663609353048E+01    0.838184801429072479E+00    0.456842365847294695E+04   -0.582561001125675828E-03    0.280104179792151520E+00    0.781838749842077974E+01
    0.143840664553349251E+01    0.872346849496714150E+00    0.498470012779197350E+04    0.246357070709534690E-03    0.773022557174858127E+00    0.782108078417759955E+01
    0.143840664553349251E+01    0.872346849496714150E+00    0.498470012779197350E+04    0.246357070709534690E-03    0.773022557174858127E+00    0.782108078417759955E+01
    0.151817817398693178E+01    0.861410717190602471E+00    0.456889547865278200E+04    0.204261738377038834E-03    0.491873993331653714E+00    0.782379199724179930E+01
    0.133484822440936202E+01    0.886852011011620145E+00    0.468704809637479593E+04   -0.314654148736293450E-03    0.722000364375996684E+00    0.782682337430153119E+01
    0.144757083303161505E+01    0.885293264026330018E+00    0.488418962162683783E+04    0.369778821345827257E-03    0.977578944114432469E+00    0.783695198865080567E+01
    0.131940972457512729E+01    0.891173501477643404E+00    0.453587352426545021E+04   -0.137359268144535585E-03    0.858479455436563343E+00    0.784281503333411933E+01
    0.134211775577117809E+01    0.887160308624992622E+00    0.445318129155539100E+04   -0.490709825402225729E-04    0.826239065485683710E+00    0.784289535778589908E+01
    0.134033900822905472E+01    0.883556165196017873E+00    0.495280333448806869E+04   -0.281657413328828782E-03    0.727349817067057258E+00    0.784648366259062158E+01
    0.135663728631910985E+01    0.890363372665532227E+00    0.471256653728899528E+04   -0.226601672609352811E-03    0.965153709494562806E+00    0.787054289409359331E+01
    0.135663728631910985E+01    0.890363372665532227E+00    0.471256653728899528E+04   -0.226601672609352811E-03    0.965153709494562806E+00    0.787054289409359331E+01
    0.134371465492729536E+01    0.876514719812699461E+00    0.486772826210060430E+04   -0.366476139014178281E-03    0.652680027953984387E+00    0.787730330243592469E+01
    0.134371465492729536E+01    0.876514719812699461E+00    0.486772826210060430E+04   -0.366476139014178281E-03    0.652680027953984387E+00    0.787730330243592469E+01
    0.136042553908823649E+01    0.875550590570679521E+00    0.423328163154656522E+04    0.688203291729330875E-03    0.724571956908480863E+00    0.788209442648516401E+01
    0.142776163619275676E+01    0.865948873707088285E+00    0.490195621365372244E+04   -0.199643677641753745E-03    0.543221851138681711E+00    0.788507104620094168E+01
    0.145635432793614705E+01    0.861151326416457641E+00    0.494531477675979568E+04   -0.304704662925762504E-03    0.487562611906358190E+00    0.788918777172131058E+01
    0.144648335018575214E+01    0.880813275333027335E+00    0.492110438044442617E+04    0.234281342878599322E-03    0.704478465625063000E+00    0.789301922281320500E+01
    0.147459114808347169E+01    0.849900122058573126E+00    0.447000759140416903E+04    0.170587887557578687E-03    0.378411341185549477E+00    0.789449736745068797E+01
    0.143982637961420679E+01    0.874551451663752033E+00    0.470790570918592039E+04    0.691935435422950376E-03    0.787803916788324510E+00    0.790136443623914886E+01
    0.141867230825580171E+01    0.866081994829674517E+00    0.494417126235819978E+04   -0.182937204814795888E-03    0.549139846667687115E+00    0.791236017205684128E+01
    0.141867230825580171E+01    0.866081994829674517E+00    0.494417126235819978E+04   -0.182937204814795888E-03    0.549139846667687115E+00    0.791236017205684128E+01
    0.133135126394236880E+01    0.848842231795735147E+00    0.478766163775115638E+04    0.109153868315387078E-04    0.327171569830458808E+00    0.792197929326589545E+01
    0.136956309084857319E+01    0.869778136602427088E+00    0.499370468470881042E+04   -0.163415130963095003E-03    0.596494352513416426E+00    0.792215620641186646E+01
    0.137731965749172658E+01    0.893122773179020335E+00    0.445971397981211521E+04   -0.140957490614792430E-03    0.989128972654980898E+00    0.793823685287912895E+01
    0.145324377329799703E+01    0.889713442842559155E+00    0.418911608635032189E+04   -0.219628070775395478E-03    0.854663255174436531E+00    0.794891269738849360E+01
    0.136393258899009551E+01    0.885447438923917862E+00    0.407765793381408957E+04    0.130440813809726291E-03    0.868933125163027231E+00    0.795185515252785713E+01
    0.148638320372590815E+01    0.878694854238960654E+00    0.414273277359186977E+04    0.603486181975385758E-04    0.696335444387974567E+00    0.796801680846234373E+01
    0.141011209190002718E+01    0.819594121731320402E+00    0.472837504201336560E+04   -0.596753678220642730E-03    0.150406244524739330E+00    0.798273033670825782E+01
    0.141011209190002718E+01    0.819594121731320402E+00    0.472837504201336560E+04   -0.596753678220642730E-03    0.150406244524739330E+00    0.798273033670825782E+01
    0.142802509018663182E+01    0.838446067757597557E+00    0.493979408281052201E+04   -0.599104379293640917E-04    0.234814012018212698E+00    0.799073826952893285E+01
    0.144715349439307639E+01    0.822808197691904053E+00    0.491928410135917147E+04   -0.286743813192493224E-04    0.169860472468621820E+00    0.799741350147752428E+01
    0.150574292622539607E+01    0.859817182140492076E+00    0.456030863324977418E+04    0.403307105885300737E-03    0.499526620543489563E+00    0.800030367198997538E+01
    0.140903698712912639E+01    0.874611190816806161E+00    0.476543188583956544E+04    0.240746509626788241E-03    0.746684554348281071E+00    0.800541323960198170E+01
    0.150752829893718676E+01    0.884005427428948276E+00    0.456879608865161845E+04    0.167035589331993277E-04    0.913656178864042379E+00    0.800750602059865813E+01
    0.139419654557367378E+01    0.880651967706445271E+00    0.497582304604457931E+04   -0.533791624807038938E-03    0.623647396482787775E+00    0.800909157153149387E+01
    0.133533623832996184E+01    0.874293485545324822E+00    0.442374611789814935E+04    0.609108370472343256E-04    0.699071877646380235E+00    0.801445983164400744E+01
    0.151119772184118517E+01    0.881296795391149357E+00    0.422181856989972766E+04    0.263477244188062632E-04    0.813458623822649329E+00    0.802443388640774025E+01
    0.151119772184118517E+01    0.881296795391149357E+00    0.422181856989972766E+04    0.263477244188062632E-04    0.813458623822649329E+00    0.802443388640774025E+01
    0.148757191994924298E+01    0.873812391776500386E+00    0.432331684198867242E+04    0.251354934789921386E-04    0.692754561223777543E+00    0.803501206132261103E+01
    0.138967697011102187E+01    0.856661291944427639E+00    0.479592175695934748E+04    0.181286686823442018E-03    0.388500476265062178E+00    0.803993290328221200E+01
    0.142180996300849172E+01    0.833140280012293677E+00    0.462273625002788140E+04    0.284856812828517979E-03    0.213338144090644083E+00    0.804516968359223128E+01
    0.142850450233394310E+01    0.883771592682551899E+00    0.495337182555144318E+04    0.275697413509301006E-03    0.791746401881050943E+00    0.804646407998519209E+01
    0.145782057339733662E+01    0.878940056604791797E+00    0.486584983775411183E+04   -0.361755677606658387E-04    0.674014788327441661E+00    0.804915058513998716E+01
    0.139785436321446577E+01    0.848420881422604523E+00    0.457610362285591418E+04    0.470889178030275198E-03    0.343419602539833613E+00    0.805683715909407638E+01
    0.139785436321446577E+01    0.848420881422604523E+00    0.457610362285591418E+04    0.470889178030275198E-03    0.343419602539833613E+00    0.805683715909407638E+01
    0.146530427937492957E+01    0.887619892908575903E+00    0.455288773774994570E+04    0.393568436350944211E-04    0.966799389891126570E+00    0.806377956147638031E+01
    0.142678032958057521E+01    0.892721302358681412E+00    0.492122332873914002E+04   -0.228260240178027382E-03    0.922950086372595124E+00    0.807365384353936832E+01
    0.155363684975444682E+01    0.877434735256696130E+00    0.480606110530046135E+04   -0.520049314071726059E-03    0.747125352135150855E+00    0.807822044958505003E+01
    0.144737824087042455E+01    0.887380638438914016E+00    0.409397702802177309E+04   -0.809936624830338123E-05    0.820434671639651558E+00    0.808438089286312866E+01
    0.140534615276513630E+01    0.837470322427132707E+00    0.457619654411683950E+04    0.379640522846295329E-03    0.265611723924252363E+00    0.809004042846742344E+01
    0.139533841424316263E+01    0.848411772618345661E+00    0.473487932711750454E+04   -0.193995217062307068E-03    0.322409818276262916E+00    0.809413434629846407E+01
    0.139747587366855130E+01    0.891662584881847020E+00    0.477949747361468872E+04    0.106016821946163092E-03    0.908564085420487610E+00    0.809758869640619849E+01
    0.141415167418916998E+01    0.856503325331043341E+00    0.455069896795279965E+04   -0.354349410007626868E-03    0.396099641266282498E+00    0.811018323424818810E+01
    0.145251138069265817E+01    0.851851971512177397E+00    0.491493619652697180E+04    0.580200153792395060E-03    0.404152426736737069E+00    0.812501066220552026E+01
    0.131624757789004487E+01    0.899455938716424930E+00    0.482952510715220978E+04   -0.200940773551052488E-03    0.870171840712722577E+00    0.812932128980487967E+01
    0.151575820086813517E+01    0.881365599846752446E+00    0.492633529298895610E+04   -0.700468231998329499E-03    0.831575826696281051E+00    0.814289260692796013E+01
    0.137775854695455768E+01    0.891663238017388782E+00    0.494153364900562701E+04   -0.772354382784076515E-03    0.905668717781057842E+00    0.815038826358979840E+01
    0.134686611379590770E+01    0.838826358997782240E+00    0.457716036418621297E+04    0.184214676377005167E-03    0.281811512088878224E+00    0.816223990730514615E+01
    0.134019287339197568E+01    0.887722321333169306E+00    0.488248973334337916E+04   -0.163107667836981688E-03    0.841746618801957447E+00    0.817041432850381355E+01
    0.134019287339197568E+01    0.887722321333169306E+00    0.488248973334337916E+04   -0.163107667836981688E-03    0.841746618801957447E+00    0.817041432850381355E+01
    0.144993103496025899E+01    0.886595003441381646E+00    0.494363983035064939E+04   -0.420052246171235709E-03    0.865508229270285367E+00    0.817299234501925653E+01
    0.132857605217207420E+01    0.885639179773629159E+00    0.454476709559170376E+04   -0.353387465007805790E-03    0.698200883495258440E+00    0.817378212982455565E+01
    0.132857605217207420E+01    0.885639179773629159E+00    0.454476709559170376E+04   -0.353387465007805790E-03    0.698200883495258440E+00    0.817378212982455565E+01
    0.156224559779215322E+01    0.878224494867722250E+00    0.448279157940530240E+04    0.158415490525833460E-02    0.849511429286550546E+00    0.817579183367899276E+01
    0.139895253529211194E+01    0.849626616555153147E+00    0.425895604342520619E+04    0.419042315899323956E-04    0.339591361306646966E+00    0.818903804965563253E+01
    0.132623385550267825E+01    0.888116139196488796E+00    0.438626385360626045E+04   -0.100536059875342763E-03    0.899247411815901176E+00    0.819610715972361348E+01
    0.147482402013778713E+01    0.812299069552216535E+00    0.479723930381633909E+04   -0.645921273793515893E-03    0.169207785866355653E+00    0.819646828450448339E+01
    0.147482402013778713E+01    0.812299069552216535E+00    0.479723930381633909E+04   -0.645921273793515893E-03    0.169207785866355653E+00    0.819646828450448339E+01
    0.143263673193081287E+01    0.849407493399017555E+00    0.495353166020488061E+04   -0.265676994137027428E-03    0.330463592655014848E+00    0.819801827822402096E+01
    0.136754764537703233E+01    0.859217745420439161E+00    0.493427980401837158E+04   -0.149460241929513582E-03    0.421887611675795027E+00    0.822607207551872932E+01
    0.138344211819395579E+01    0.872519222065990419E+00    0.491016773467834719E+04   -0.699922247068008859E-04    0.523675721190556054E+00    0.822709923180393154E+01
    0.159023806105170484E+01    0.878405326861932179E+00    0.444235643646202152E+04    0.169410805408495884E-03    0.867338096762762745E+00    0.822716656265056656E+01
    0.138284654098550464E+01    0.844694189787384753E+00    0.477169508741338814E+04   -0.427974188804432936E-03    0.329583373895961818E+00    0.823352407377919349E+01
    0.143532657351143489E+01    0.877470116051882409E+00    0.473900902590119222E+04   -0.793439165952711348E-04    0.739979156307374764E+00    0.824682251315307724E+01
    0.131787285549056388E+01    0.891139405180652600E+00    0.462322434739717210E+04    0.223708566854678600E-03    0.887060651684292933E+00    0.825097860475808886E+01
    0.134371573081424156E+01    0.876419215240415883E+00    0.453093380701054866E+04   -0.313280846219906141E-03    0.660688576439592889E+00    0.827137176834103016E+01
    0.135979365553461795E+01    0.898122101082548863E+00    0.485828621695221227E+04   -0.382373414336734390E-03    0.991113428670737151E+00    0.828232762411663614E+01
    0.138121010877935002E+01    0.821229974594346102E+00    0.476050714705066912E+04   -0.637947969595760813E-03    0.150638094570762188E+00    0.828273668449569200E+01
    0.133943715947681730E+01    0.880883551698782297E+00    0.453081707270682000E+04   -0.236462731844775150E-04    0.649589597016105080E+00    0.829562053654090725E+01
    0.142519480195885873E+01    0.878615303036569317E+00    0.484102450355939527E+04    0.564783321154943368E-04    0.627117773087808805E+00    0.829882654351651006E+01
    0.134054493404905140E+01    0.849479389891642733E+00    0.448244341591748525E+04   -0.175861435791645990E-03    0.388826175122778339E+00    0.830404366158055396E+01
    0.134054493404905140E+01    0.849479389891642733E+00    0.448244341591748525E+04   -0.175861435791645990E-03    0.388826175122778339E+00    0.830404366158055396E+01
    0.141542924446163920E+01    0.855622287459784969E+00    0.499260095505300978E+04   -0.394557774360525758E-03    0.406850903922209295E+00    0.830693581411743764E+01
    0.133799954587543279E+01    0.835230223054200471E+00    0.452013179099417357E+04   -0.528698598344138639E-03    0.254098290446716280E+00    0.830904357255144177E+01
    0.142128223348164662E+01    0.840690722809314561E+00    0.497504806896288937E+04    0.161323415204814568E-03    0.288302654112417567E+00    0.831120125438098256E+01
    0.129885309500461421E+01    0.892093478858699496E+00    0.452035362701993927E+04   -0.431183084267881432E-03    0.710424617667950953E+00    0.831304534984832877E+01
    0.138184069546667510E+01    0.889058993920821328E+00    0.487578268170489355E+04    0.274482211658704444E-03    0.925741375632742391E+00    0.831427109044239643E+01
    0.133992593380382807E+01    0.889237641810244561E+00    0.428638637810703131E+04   -0.315194118357883869E-04    0.970202884356716644E+00    0.831700982331937233E+01
    0.136322975660706724E+01    0.850058424434528836E+00    0.456788425552235640E+04   -0.189256408986619343E-03    0.395555784378406883E+00    0.831829577169993328E+01
    0.157690118058050466E+01    0.881760829376474375E+00    0.458022557084508026E+04   -0.349248414585121090E-03    0.870256841202341480E+00    0.831885816375657683E+01
    0.136760551985882195E+01    0.881358622566789318E+00    0.492464359004329708E+04    0.382254479554002468E-03    0.880543069026286651E+00    0.832145909499002912E+01
    0.139199512339638565E+01    0.871402526437938252E+00    0.496600417587396441E+04    0.402052875047154682E-05    0.660881785308942815E+00    0.833456192616313984E+01
    0.137615136072717137E+01    0.888435349205945024E+00    0.418213841850824065E+04   -0.250449002693713281E-03    0.849094346416341295E+00    0.833682158534221429E+01
    0.140338977551120991E+01    0.889820025421904859E+00    0.445417428208540878E+04   -0.481991670835135190E-03    0.926313990889515049E+00    0.834066684349781795E+01
    0.149939035462661585E+01    0.872488948306969547E+00    0.486498722704851116E+04   -0.818444448203603774E-03    0.683775620946266205E+00    0.834292002521038079E+01
    0.135463729817167633E+01    0.886525481756582523E+00    0.497429642101401714E+04    0.445351085712943564E-04    0.745404003703535767E+00    0.834453365049830786E+01
    0.139231240045190208E+01    0.869321146522735400E+00    0.489347307026167073E+04    0.790925495434707413E-03    0.664275448694959025E+00    0.834640457260766233E+01
    0.137978633813978968E+01    0.874439695222578917E+00    0.494261137275812325E+04    0.252791800614123757E-03    0.741585023381808650E+00    0.835115072132312619E+01
    0.136912312085046972E+01    0.878977036341969886E+00    0.488136958285700166E+04   -0.604758207012925288E-05    0.755783393745515064E+00    0.835334781103894741E+01
    0.136912312085046972E+01    0.878977036341969886E+00    0.488136958285700166E+04   -0.604758207012925288E-05    0.755783393745515064E+00    0.835334781103894741E+01
    0.134724566781321053E+01    0.891157388699464370E+00    0.467277638524011672E+04    0.103323779941998843E-03    0.811443346086303752E+00    0.835724392226799040E+01
    0.138160122570234067E+01    0.897865912150742740E+00    0.483244583124431210E+04   -0.571018721798243747E-03    0.915387589858151052E+00    0.835881414107475962E+01
    0.136673452654028704E+01    0.857273369564094390E+00    0.461319417633939247E+04    0.472807908468444841E-03    0.412867231743432095E+00    0.835991216399269810E+01
    0.139410477733097071E+01    0.892354846735502472E+00    0.424823896764805795E+04    0.304359466513885496E-03    0.933705473029157962E+00    0.836231770209318270E+01
    0.129220920411265050E+01    0.886496970678009144E+00    0.467009239587877892E+04   -0.273396709616137413E-03    0.716054704507694373E+00    0.836487975086593138E+01
    0.141399856729155937E+01    0.894990008762460487E+00    0.457270718913552264E+04   -0.361969851032117515E-03    0.987951345660863178E+00    0.837933914443517480E+01
    0.135632563356536373E+01    0.887077845997821357E+00    0.493724656947411495E+04   -0.502280699592673853E-03    0.772054741909386055E+00    0.838729201821820425E+01
    0.143337779089957329E+01    0.878984170005801646E+00    0.420223284563112975E+04    0.232113843327270178E-03    0.665459126705405413E+00    0.838745018846107371E+01
    0.143880282892792044E+01    0.859045376443982600E+00    0.491402901206561455E+04    0.200128767520181273E-03    0.496160247775254581E+00    0.839202962041707856E+01
    0.138673477061782702E+01    0.844914595365114263E+00    0.453948947148696152E+04    0.812712680292398092E-04    0.292358363925804610E+00    0.840067242933931091E+01
    0.134103200432147762E+01    0.875540433777156291E+00    0.492566221506714919E+04   -0.341297359062968603E-03    0.553473317009349763E+00    0.840529060610256806E+01
    0.144849998673554792E+01    0.876181078905569843E+00    0.498416880538211899E+04    0.316695765325854099E-03    0.830842543489259011E+00    0.840814040269570384E+01
    0.141080435582377328E+01    0.874284945090886167E+00    0.494024381104139411E+04   -0.835839189028773650E-03    0.559504425454926291E+00    0.840875528958359553E+01
    0.147135903115298117E+01    0.868494288364948908E+00    0.476779954168319728E+04    0.255873115809141351E-03    0.654870104456995339E+00    0.841456094941637467E+01
    0.150138748833976488E+01    0.873872014723872326E+00    0.459830686438746579E+04   -0.143021068302458861E-03    0.697820721374166508E+00    0.841940873824760772E+01
    0.139910564009540339E+01    0.872312959154939005E+00    0.496845319539500360E+04    0.195865431524342918E-05    0.612568249626274874E+00    0.842640996188944236E+01
    0.140363238040628691E+01    0.883669930424539674E+00    0.483212884519498130E+04   -0.568460082800397508E-04    0.725215792595878428E+00    0.842741124953538012E+01
    0.140822109777282778E+01    0.884276990516822958E+00    0.499299818214507832E+04   -0.148628442451853164E-03    0.997556196158302266E+00    0.842975853888099103E+01
    0.142385759850099802E+01    0.853430152187092395E+00    0.471042994770735459E+04    0.365374735407967557E-03    0.404170625233356784E+00    0.843422053305188335E+01
    0.135030501964633842E+01    0.851998860024632210E+00    0.481939267170155654E+04    0.199467877265297182E-04    0.335793753650399429E+00    0.844946655556851667E+01
    0.141205021269737419E+01    0.880919343418181233E+00    0.477903244955689570E+04    0.154963611537641341E-03    0.813537334675002777E+00    0.845189450914347873E+01
    0.151432980879344026E+01    0.859280812999339783E+00    0.459296577381933002E+04   -0.131581022425325973E-03    0.493254731101620603E+00    0.846188287151693785E+01
    0.129268057290601535E+01    0.875997583847209271E+00    0.473552770763712397E+04    0.750116067245121064E-04    0.690225184104621747E+00    0.846228952298713821E+01
    0.134201862779741088E+01    0.884916082645965663E+00    0.488019011374083220E+04   -0.215401159724727795E-03    0.833850326499102401E+00    0.847005211508998457E+01
    0.153918529282479466E+01    0.883259358287089902E+00    0.440532221880335055E+04   -0.345347939752303507E-03    0.902935204807197134E+00    0.847402599413990920E+01
    0.141480844426228636E+01    0.852603318043053449E+00    0.498691114834118252E+04   -0.105398576123464727E-03    0.381955637732577791E+00    0.848692489892024327E+01
    0.144559565300630721E+01    0.865824545815737867E+00    0.467948185919240859E+04    0.586385374877005012E-03    0.571621589763192883E+00    0.848795722043399792E+01
    0.145021200223331626E+01    0.874037620270129767E+00    0.486528064751510101E+04   -0.384401792620803662E-03    0.656112869915251640E+00    0.848995719747900424E+01
    0.139926536324497430E+01    0.858444499038284015E+00    0.445901217044123314E+04    0.286618708082702755E-03    0.406222817424216176E+00    0.849069198790518165E+01
    0.143046762604967004E+01    0.883039185569620466E+00    0.467720563548499285E+04    0.109750105355479980E-03    0.770976678460771447E+00    0.849294867870959180E+01
    0.139233641776729122E+01    0.890860123777629465E+00    0.465534268823509137E+04   -0.397363300876942200E-03    0.956269107356588099E+00    0.849302423036013998E+01
    0.135035086495284506E+01    0.876322627813473254E+00    0.468120686860840397E+04    0.338427850102464148E-04    0.626658828734810047E+00    0.849326734781482173E+01
    0.136665198960288725E+01    0.891804707231612204E+00    0.487683620228112250E+04    0.858699650922950753E-04    0.966615361023071440E+00    0.849391978093897038E+01
    0.143336528704051003E+01    0.855956170575082553E+00    0.498088947485169501E+04   -0.619233122601310518E-04    0.408151570192013646E+00    0.849694967407707935E+01
    0.144877628807805015E+01    0.862756396758091348E+00    0.418106288523003695E+04    0.184020394681937160E-03    0.461505177012073275E+00    0.849864457410361673E+01
    0.136463192583392234E+01    0.867632261118080672E+00    0.467247831880814465E+04    0.397963623043050079E-03    0.484818694829292074E+00    0.851189381232710929E+01
    0.155709310894467023E+01    0.874177081229888686E+00    0.474773080070058859E+04   -0.280179724187311764E-03    0.717620706993034152E+00    0.851384980383694412E+01
    0.135389841880509909E+01    0.886754053789403973E+00    0.496118559354629997E+04   -0.819481794159936133E-04    0.797889740091379140E+00    0.851792574349505216E+01
    0.136113687218826618E+01    0.874959099762307346E+00    0.443889594721487811E+04   -0.400495781809289948E-03    0.728718072683174123E+00    0.852452407058985173E+01
    0.143018530476910444E+01    0.870547267547394088E+00    0.483258510263414701E+04    0.121122034306838522E-03    0.662867474472896401E+00    0.852671954135721677E+01
    0.131046238754751654E+01    0.881512290733264647E+00    0.478894432762985070E+04   -0.425646952278988205E-03    0.648747477023328023E+00    0.852821537125305085E+01
    0.139764267949543841E+01    0.887012688182883369E+00    0.462967760294997697E+04    0.110607729426712452E-03    0.984437229829708826E+00    0.853556047851829547E+01
    0.151573157733659558E+01    0.873513930502952451E+00    0.467437636000274506E+04    0.301587240909407248E-03    0.737022361680616855E+00    0.853719392216200390E+01
    0.145062542220341584E+01    0.880390045099888385E+00    0.494510387703526885E+04    0.117952499790811179E-03    0.878088941687106384E+00    0.853727662532243592E+01
    0.149067725041865540E+01    0.867503606090052726E+00    0.451151557437068095E+04    0.205159741997299003E-03    0.614205112925580665E+00    0.854146027883658121E+01
    0.143895359575441883E+01    0.879987323861251447E+00    0.473914835570675677E+04   -0.189991958794009957E-03    0.740803225846040414E+00    0.854768482871705260E+01
    0.139621723920839580E+01    0.874460971809811194E+00    0.491318147884115388E+04    0.139315131646316939E-03    0.629417473168423669E+00    0.855143523084557344E+01
    0.142797501266459692E+01    0.862443555175702814E+00    0.482404790254660657E+04    0.822406971051128097E-03    0.528992136830239823E+00    0.855169945079380511E+01
    0.138424579743900278E+01    0.892258851483701099E+00    0.435184013822779343E+04   -0.553850823607236710E-03    0.829997556461777530E+00    0.855860287197246805E+01
    0.132511456734166067E+01    0.882917511293656365E+00    0.482095553134671536E+04    0.164695610801131971E-03    0.841303286677730022E+00    0.855899662959174634E+01
    0.131926882838165649E+01    0.883379786804351252E+00    0.460875736411474554E+04    0.381999510314419356E-03    0.862223088689404893E+00    0.856768653801944602E+01
    0.144354936851342863E+01    0.870925910121699398E+00    0.461831502643440308E+04    0.122279432643852858E-03    0.613787266083184235E+00    0.858366283963522392E+01
    0.144835197875265687E+01    0.871410793383020743E+00    0.487714295957141348E+04   -0.360343150668155417E-03    0.601883754631538204E+00    0.858492571930348802E+01
    0.132377898253793091E+01    0.901748308177880986E+00    0.489099444150345062E+04   -0.668401381939160745E-03    0.860461047748037555E+00    0.858645833776184375E+01
    0.143287464421059241E+01    0.852196488210709147E+00    0.464210605167997710E+04    0.204763332274403444E-03    0.413447233487123866E+00    0.859129277603973662E+01
    0.133544692956174393E+01    0.874199969096151941E+00    0.488319495647996609E+04   -0.528851227036561313E-03    0.625691199469166515E+00    0.859490964396275103E+01
    0.142510362391950940E+01    0.880495608981922140E+00    0.492270197923992782E+04   -0.157156053857210613E-03    0.716902708065825456E+00    0.860095983313603263E+01
    0.135041365678866998E+01    0.901012842959670435E+00    0.478280192848174102E+04   -0.671888011974356553E-03    0.983946907560862449E+00    0.860370638680228161E+01
    0.140463732080527937E+01    0.860474224222104622E+00    0.489295543664177603E+04    0.234261273137682433E-03    0.503347113260214196E+00    0.862075059521746390E+01
    0.149343003723953927E+01    0.882023677360639580E+00    0.460765513148409809E+04    0.854657506235148141E-05    0.879468338357886181E+00    0.862445639986963464E+01
    0.144033120633649148E+01    0.882774039782796005E+00    0.497000774124888630E+04   -0.442635370500311183E-03    0.889074253211777132E+00    0.863742416707605187E+01
    0.145381051751627632E+01    0.875621480607342018E+00    0.478486412000966084E+04    0.285761398435088691E-04    0.684480054254219095E+00    0.863930594162508392E+01
    0.137718258446669983E+01    0.853673289344155428E+00    0.449735155331230362E+04   -0.546335967244490238E-03    0.336775949980642919E+00    0.864074602003368497E+01
    0.143374949692861042E+01    0.864529088231277831E+00    0.497619339354951262E+04   -0.723877322562924662E-03    0.585793258691727603E+00    0.864380960399638454E+01
    0.137995604319770160E+01    0.858031154111341121E+00    0.488231086532410609E+04    0.454015589267455519E-03    0.435327112629130153E+00    0.864495411155012405E+01
    0.146998206941241838E+01    0.882040514620353600E+00    0.487197525135062824E+04    0.288330288139038778E-03    0.920364740049796737E+00    0.865299937879438552E+01
    0.144267322641681961E+01    0.868601378782541400E+00    0.488456136405569941E+04    0.363259868189559455E-04    0.582476729802447357E+00    0.865548491688324795E+01
    0.138374813845544375E+01    0.885061066199230306E+00    0.484847387868326678E+04    0.109518444867529341E-04    0.780594203151554811E+00    0.865896613390505898E+01
    0.139875191765552875E+01    0.870662924461774179E+00    0.489637766089705019E+04   -0.158026923115776982E-03    0.611126334513670932E+00    0.866333825029684412E+01
    0.143618150113846088E+01    0.877717804581916283E+00    0.492249675598913382E+04    0.207119618209568457E-04    0.811641406696597567E+00    0.866674228570039595E+01
    0.144710761757218709E+01    0.822306344330778538E+00    0.494952428877752573E+04    0.949361701619085035E-04    0.187724917081183884E+00    0.867026081787389558E+01
    0.136515440232667173E+01    0.878404350511476584E+00    0.499581552553927122E+04   -0.140782807918474304E-03    0.831384658437338109E+00    0.867123268470366071E+01
    0.141176286786223271E+01    0.884816067714795151E+00    0.481063521185683112E+04    0.318979117298959442E-03    0.906018096772081893E+00    0.868286936433383616E+01
    0.140760290120229503E+01    0.816981390816241104E+00    0.498935695534525075E+04   -0.637743840793984291E-04    0.146273063916835672E+00    0.868466456633542094E+01
    0.146633589381126850E+01    0.850321229551146196E+00    0.486517182865844279E+04   -0.511921403907147237E-03    0.380644186791272987E+00    0.868550940020563367E+01
    0.138189995216426009E+01    0.889766146883971598E+00    0.488941704243926142E+04    0.289636220904087248E-03    0.927258131418891351E+00    0.869716259763788990E+01
    0.144631245781219397E+01    0.885614299696546037E+00    0.489920540518525104E+04    0.421073049369008188E-04    0.783209203390081932E+00    0.870283640222741006E+01
    0.138131874997949389E+01    0.855707439740453712E+00    0.492457876128415683E+04    0.484789873588330103E-03    0.429479166071799923E+00    0.871266821151893822E+01
    0.142576818029433783E+01    0.889836345681686347E+00    0.495181141351797760E+04    0.169835866569338086E-03    0.967782146492293882E+00    0.871472771945403935E+01
    0.130405240533406852E+01    0.880559275642404771E+00    0.443795928674659444E+04   -0.145090317180296684E-03    0.809273500331369688E+00    0.871588691976802465E+01
    0.144397142886599639E+01    0.888309616275074765E+00    0.481546923668378622E+04    0.303251193869143870E-03    0.873440109147860300E+00    0.871778579206891280E+01
    0.149117267994332403E+01    0.880591245044500037E+00    0.495525897236895253E+04   -0.409861404853842641E-03    0.843462372504956925E+00    0.872245147255444131E+01
    0.136992959096980105E+01    0.871308343857411627E+00    0.494656157584081484E+04   -0.199724491499548262E-04    0.709633546743762111E+00    0.872350010610502835E+01
    0.140895075213502130E+01    0.876448894838518289E+00    0.479689563371560325E+04   -0.198333040625417608E-03    0.734473728077138510E+00    0.872404183906211728E+01
    0.134990943637819560E+01    0.879773741567736356E+00    0.495251251632856020E+04   -0.870164280339207074E-04    0.780928071193082385E+00    0.872601890813263381E+01
    0.134548085588777022E+01    0.888558341522762363E+00    0.495266046123012893E+04    0.388760675702020471E-03    0.928887532132679161E+00    0.873489946787004712E+01
    0.137633815487142352E+01    0.847073062660464671E+00    0.488605980798042401E+04    0.524702495344712126E-03    0.304516963902716431E+00    0.874344360150504585E+01
    0.139825125605813971E+01    0.883891368489298390E+00    0.483224604326504596E+04   -0.379660615101304886E-03    0.730396947342078162E+00    0.874664732948714274E+01
    0.134620269257534164E+01    0.870605899824033247E+00    0.481790692711420343E+04   -0.430390096317233815E-03    0.448340118641655738E+00    0.874803287664386175E+01
    0.152167678521480854E+01    0.878764650464045283E+00    0.452631913852183516E+04   -0.188103989767107830E-03    0.790374416396895985E+00    0.875805112907873173E+01
    0.136004000548408910E+01    0.861424028307281819E+00    0.488254414665757940E+04    0.144939058988812738E-03    0.428535933764996768E+00    0.876432130013908406E+01
    0.134044851285642119E+01    0.880314925393327230E+00    0.460922554623143969E+04    0.468730110682355093E-03    0.829841496246857657E+00    0.877270862163650555E+01
    0.135122068562210007E+01    0.866097410461451722E+00    0.493238609767812795E+04   -0.272808485806448822E-06    0.563424260662584997E+00    0.877520199965663394E+01
    0.140607802381234714E+01    0.885424226037136664E+00    0.479670115935783360E+04    0.277683233412024820E-03    0.807236197355949203E+00    0.878612238714248939E+01
    0.132878167042106865E+01    0.886882714646515802E+00    0.457799082272657688E+04    0.283545475629733092E-03    0.952776186915709422E+00    0.880048751072562041E+01
    0.145602727149264322E+01    0.862829258907813146E+00    0.495755776949304254E+04   -0.530356297996552201E-04    0.453385772222079209E+00    0.880210144804486916E+01
    0.142162774879401699E+01    0.880926108172909172E+00    0.490722646888767576E+04   -0.413373653034124187E-04    0.876607846364613863E+00    0.880301115926720357E+01
    0.135599955401673933E+01    0.885795951805952164E+00    0.492489868633305559E+04    0.202470615902241051E-03    0.895898945553294745E+00    0.880345457787720420E+01
    0.154040974752632254E+01    0.886601547457147587E+00    0.440573198234438405E+04   -0.284430222604980089E-03    0.881274465237282922E+00    0.881395454770137121E+01
    0.138670738358378065E+01    0.881743623641045415E+00    0.495475087822240494E+04   -0.206761876245856576E-03    0.877286933345257203E+00    0.899641759925760631E+01
    0.140262889884011899E+01    0.889198690143568338E+00    0.483213380826602497E+04   -0.226311677251454823E-03    0.903551145329037353E+00    0.934036110837065969E+01
    0.138314662386759535E+01    0.888578229282115606E+00    0.488941843973836603E+04   -0.234301810922752442E-03    0.981224531126730470E+00    0.960706713810171919E+01
    0.139873971747472292E+01    0.888142324241716574E+00    0.494134428562956055E+04   -0.377564286884787131E-03    0.974524509521731308E+00    0.960580921471682991E+01
    0.134183729080699132E+01    0.888949635417582207E+00    0.493694615946789872E+04   -0.229612754251753742E-03    0.857343301788772827E+00    0.976648706230575847E+01
    0.134183729080699132E+01    0.888949635417582207E+00    0.493694615946789872E+04   -0.229612754251753742E-03    0.857343301788772827E+00    0.976648706230575847E+01
    0.141564254216950713E+01    0.880996613765930525E+00    0.493834397089688355E+04   -0.711769264835541255E-04    0.791971002500459487E+00    0.900247359086391086E+01
    0.135249785822122925E+01    0.875270973735570834E+00    0.492789945366980010E+04   -0.279385304506474868E-04    0.677557270216483154E+00    0.970241570480844828E+01
    0.135249785822122925E+01    0.875270973735570834E+00    0.492789945366980010E+04   -0.279385304506474868E-04    0.677557270216483154E+00    0.970241570480844828E+01
    0.139724939658521619E+01    0.883917173929893440E+00    0.496673835785288065E+04    0.934477926589547648E-04    0.892235919168397729E+00    0.916059311818172262E+01
    0.144679627332792782E+01    0.888374529795925350E+00    0.495711954144680203E+04    0.278959722368450914E-04    0.961210371671662456E+00    0.924435197127158581E+01
    0.134755610834622552E+01    0.881424090859239895E+00    0.495267285543323851E+04    0.122920481179528374E-03    0.790238445192321448E+00    0.923090298398198073E+01
    0.139293031876053219E+01    0.880920542918606886E+00    0.495469699588317690E+04    0.167978380605961078E-04    0.872348802393845490E+00    0.907950713894036987E+01
    0.145972190872295293E+01    0.867149125472191251E+00    0.486579413553457744E+04   -0.378305508981757461E-03    0.536091588482526693E+00    0.899103387955373279E+01
    0.145067220618216863E+01    0.871224590363480322E+00    0.499791471269202157E+04   -0.325861054787273882E-03    0.678234448009037538E+00    0.894636080009852108E+01
    0.141161531029417553E+01    0.864398587457313461E+00    0.494121852471953025E+04   -0.454503961551973876E-03    0.578517212432930528E+00    0.889337124488840836E+01
    0.139317473741454978E+01    0.866046411089006596E+00    0.491084456501917975E+04   -0.192074303369086665E-03    0.533411798006888760E+00    0.905458233229981424E+01
    0.141088114833864697E+01    0.873611040527758398E+00    0.498426998550775897E+04   -0.996560402868928606E-03    0.663758408041748904E+00    0.938949223663318300E+01
    0.140409327372688830E+01    0.867618381265297556E+00    0.494188692038480167E+04   -0.563134281527081343E-03    0.598346632435369119E+00    0.894438641082406960E+01
    0.141791272992024209E+01    0.872375173342027965E+00    0.494905321369728154E+04   -0.144426765661741680E-03    0.667958402200531709E+00    0.926531626699279620E+01
    0.140188462001540692E+01    0.877247384054047896E+00    0.493960320458759725E+04   -0.433721359916723205E-04    0.623610798319758630E+00    0.890987802930525952E+01
    0.143601580030164477E+01    0.873748510882262575E+00    0.479715245183009301E+04   -0.426376861553606708E-04    0.706602406799952676E+00    0.931752194885781471E+01
    0.139742254139562605E+01    0.867840616443731339E+00    0.489602688706324534E+04   -0.823828151625739959E-05    0.615758439542169356E+00    0.905055869045250994E+01
    0.138692475769449253E+01    0.871344314052179825E+00    0.488757942722727512E+04   -0.138514545459447150E-03    0.586563548886232300E+00    0.925729316138093949E+01
    0.141572316820796873E+01    0.875704248130559026E+00    0.499249338421961147E+04   -0.233297530388444413E-03    0.733884822553080518E+00    0.962525290887239571E+01
    0.136046311004258991E+01    0.877914987673523495E+00    0.499575014271691998E+04   -0.210441606908332821E-03    0.761198355763306855E+00    0.942408282395996366E+01
    0.139483166433569217E+01    0.891547179218577068E+00    0.494177774647898332E+04   -0.545087560753311387E-03    0.973068076247804559E+00    0.941198605943467115E+01
    0.146367647851009197E+01    0.878255035452647270E+00    0.469812691124584217E+04    0.519982422736847260E-03    0.792319438349065597E+00    0.890526602117551391E+01
    0.147461803478430231E+01    0.873636818566733142E+00    0.474167555831865593E+04    0.209274606923082256E-03    0.712411524645555794E+00    0.923779245645154568E+01
    0.138792492264027501E+01    0.871562673054876003E+00    0.487611469702690101E+04    0.265489014687221320E-03    0.634029209774042757E+00    0.907206662699666033E+01
    0.143551892465095188E+01    0.875095621708165572E+00    0.492255801250017339E+04    0.106953822022604327E-03    0.726154515337671613E+00    0.906915751830376138E+01
    0.142399701197606365E+01    0.871614824588721193E+00    0.477764204282105675E+04    0.958098709587033664E-03    0.673573811132285649E+00    0.940281271683103981E+01
    0.142399701197606365E+01    0.871614824588721193E+00    0.477764204282105675E+04    0.958098709587033664E-03    0.673573811132285649E+00    0.940281271683103981E+01
    0.141187082729196978E+01    0.869069066684540648E+00    0.489244666900959601E+04    0.493255550643080672E-03    0.626334987595233872E+00    0.930777303670601697E+01
    0.141800970712749308E+01    0.884802538072340772E+00    0.483200895785966713E+04    0.303701794968318521E-03    0.822853368305813571E+00    0.917283886252944924E+01
    0.143236809240427032E+01    0.873651106496865948E+00    0.493109876148608510E+04    0.233207756954349413E-03    0.717657897221980146E+00    0.889136881407186763E+01
    0.136870482853394582E+01    0.874525060870657178E+00    0.488814483218965415E+04    0.107109881773170533E-03    0.662331237393056438E+00    0.941754153884473766E+01
    0.143492586841425318E+01    0.864718998397953076E+00    0.483615709768935267E+04    0.203931369967939744E-03    0.553038844720516010E+00    0.929905396252109995E+01
    0.136420829761765283E+01    0.882007786368635083E+00    0.492746919814079229E+04    0.678011142626167886E-03    0.852241949564110923E+00    0.978361621032683004E+01
    0.135343233095769122E+01    0.874245548795638205E+00    0.485795016328550628E+04    0.513512497872686152E-03    0.679124278345189847E+00    0.910869332116038066E+01
    0.136267086214753808E+01    0.876948610917001270E+00    0.479228869366455274E+04    0.367889679613286045E-03    0.720028934688078048E+00    0.894914452222886503E+01
    0.142284142244638145E+01    0.884454309051850962E+00    0.483223864069970205E+04    0.379899284823849513E-03    0.918975201418617882E+00    0.945749596216217370E+01
    0.142027330023361786E+01    0.884201949332155790E+00    0.481046781418114915E+04    0.488553217488771211E-03    0.920703997661903251E+00    0.888923969942921666E+01
    0.137439992264938704E+01    0.883211147668070629E+00    0.489850460007615038E+04    0.348061431436781144E-03    0.835754836573793014E+00    0.926546425356812620E+01
    0.135853707902031240E+01    0.881794676403214406E+00    0.490854134211075780E+04    0.755873383988442610E-03    0.908020217691146492E+00    0.894262415956624679E+01
    0.134990128779078900E+01    0.890670774280164612E+00    0.492749161228537469E+04    0.542203869525281204E-03    0.977954163561207013E+00    0.895422108588426724E+01
    0.136045210762210655E+01    0.892955758624971785E+00    0.490525074422413218E+04    0.356373154307775323E-03    0.976576533459114549E+00    0.928427970246552192E+01
    0.143736163930681160E+01    0.880900463987370985E+00    0.495115751289661421E+04    0.352562506629645791E-03    0.847132366385127233E+00    0.922621960523262175E+01
    0.141248697854234218E+01    0.882124194509356641E+00    0.496857548010711525E+04    0.304957066563887609E-03    0.938812031237425293E+00    0.901714780708606867E+01
    0.151289209254479440E+01    0.876557304913030411E+00    0.493311287776501013E+04    0.584488807756083245E-03    0.807106295425622178E+00    0.881670650735250661E+01
    0.142238091168708625E+01    0.880028020641518305E+00    0.494133058220553448E+04    0.392445754517473458E-03    0.784199089182940900E+00    0.900054775368931814E+01
    0.133319401582550512E+01    0.886085785645874147E+00    0.488398786569288131E+04   -0.152614200251777264E-03    0.845699425009498018E+00    0.906603268353811842E+01
    0.134559088830524853E+01    0.899504695746215388E+00    0.490548778446658343E+04   -0.286600381180814805E-03    0.988112400879538555E+00    0.939186707155834988E+01
    0.131465275024574324E+01    0.885631978201945280E+00    0.491848421753234834E+04   -0.197822473432223984E-03    0.810484642902734809E+00    0.924575758813581317E+01
    0.140070194086294686E+01    0.890186005976508099E+00    0.473753959600525104E+04    0.980707438592917167E-05    0.992154098104657711E+00    0.934262754009047214E+01
    0.134496827675853470E+01    0.889077301390793773E+00    0.490339994601928083E+04   -0.696831015224880516E-04    0.961018015043424545E+00    0.909537725085800197E+01
    0.134749709742755686E+01    0.890328737309934559E+00    0.476022539065898309E+04   -0.208179346566664249E-04    0.876908169722600106E+00    0.975186026559117991E+01
    0.134749709742755686E+01    0.890328737309934559E+00    0.476022539065898309E+04   -0.208179346566664249E-04    0.876908169722600106E+00    0.975186026559117991E+01
    0.138408333886937385E+01    0.875688040414570823E+00    0.472880508436496166E+04    0.189706342681701364E-03    0.727998143602152314E+00    0.898469157008217856E+01
    0.129252835895155505E+01    0.884684042832912909E+00    0.482301703277239176E+04    0.133269392966975408E-03    0.852634152178679328E+00    0.922496658217357712E+01
    0.134481874596640605E+01    0.883728182594925915E+00    0.476033428876845301E+04    0.312204326316159730E-04    0.713487752079627335E+00    0.893336024034136855E+01
    0.138013663225877892E+01    0.884583838632844177E+00    0.453929746323927702E+04    0.425263100719281708E-03    0.939244153656211500E+00    0.959864533029840317E+01
    0.131559537448248376E+01    0.888008368960603423E+00    0.475896253204605273E+04    0.353035243512576284E-03    0.924037630849737779E+00    0.890203884423930525E+01
    0.137675155151453632E+01    0.885813272115874129E+00    0.460238239599506778E+04    0.102296832110493463E-03    0.981345098122813120E+00    0.896519274817927858E+01
    0.137757898093770059E+01    0.883891865599775173E+00    0.453930092927377336E+04    0.278977156504345422E-03    0.847723289442480876E+00    0.915637088710646196E+01
    0.152538525804772340E+01    0.877144287871091222E+00    0.470996006607510208E+04   -0.732209541885147589E-03    0.746814409174924254E+00    0.906614356642373664E+01
    0.152046199912231050E+01    0.868348128748826609E+00    0.471942770244164240E+04   -0.371468515875710166E-03    0.570335570657181323E+00    0.882786017954377655E+01
    0.155027295177964364E+01    0.879124182488334349E+00    0.463682527531894812E+04   -0.327099644868440894E-03    0.833070993151598382E+00    0.883925102396562856E+01
    0.149365212183798457E+01    0.872348702274299836E+00    0.453679315736458648E+04   -0.109985133347566901E-03    0.641926689625233138E+00    0.931331938673091742E+01
    0.150897797619864860E+01    0.884338741418852603E+00    0.495891982523993647E+04   -0.562150134023290922E-03    0.928250001677712544E+00    0.889705607494829742E+01
    0.145496863143005983E+01    0.887343887407833654E+00    0.481469552003751596E+04   -0.516220123563250737E-03    0.918967193542075678E+00    0.891581425378798720E+01
    0.148122144993568527E+01    0.879892034763840702E+00    0.487208022410019385E+04   -0.524232968649432493E-03    0.850927844571540470E+00    0.918612233401454858E+01
    0.149132781994108443E+01    0.874636558251881358E+00    0.480299645898277777E+04   -0.389643423445230441E-03    0.650603782113205131E+00    0.923873308316422737E+01
    0.151292505706163105E+01    0.870801632067080833E+00    0.484928447196537854E+04   -0.743014903702094234E-03    0.648230278001803550E+00    0.900918917575259215E+01
    0.139400048873402271E+01    0.880312171216520833E+00    0.457397006285465704E+04   -0.606417494969754573E-03    0.840241023793074082E+00    0.899157898309032788E+01
    0.133272741980218523E+01    0.885174114845352689E+00    0.444356122441453408E+04   -0.437806613173101814E-03    0.857894035928132626E+00    0.911516724591909089E+01
    0.141054631279624365E+01    0.877069661437869796E+00    0.449175986944636315E+04   -0.693217366238519424E-03    0.682856140927488142E+00    0.920856266912202415E+01
    0.143063959601746871E+01    0.869865925783276595E+00    0.442811656348664474E+04   -0.458303786079961668E-03    0.524312450439948785E+00    0.891087140748038564E+01
    0.132874964035471033E+01    0.888663215722497291E+00    0.468751887596651341E+04   -0.966699003733758754E-03    0.828825539307900261E+00    0.951409774004065767E+01
    0.132874964035471033E+01    0.888663215722497291E+00    0.468751887596651341E+04   -0.966699003733758754E-03    0.828825539307900261E+00    0.951409774004065767E+01
    0.130991338382783384E+01    0.889239596551488876E+00    0.462356778064110222E+04   -0.526656806779717164E-03    0.790229484070290589E+00    0.937683897623478302E+01
    0.134600948327236436E+01    0.883934725375884578E+00    0.468747353324746473E+04   -0.316195164524418738E-03    0.784840851845195031E+00    0.953498137554755942E+01
    0.133578685385995710E+01    0.871087414732120591E+00    0.460936824187050843E+04    0.665108479748801180E-04    0.601914868604921494E+00    0.898886546809293563E+01
    0.134479915645929027E+01    0.872431310609628530E+00    0.476038998866432303E+04   -0.448891480195719378E-03    0.599489894763660991E+00    0.895106585643848618E+01
    0.138145413309708087E+01    0.885393183269307826E+00    0.496616020337648570E+04   -0.340412349897321138E-03    0.819643663293006863E+00    0.933838839823939537E+01
    0.135665535672917459E+01    0.884310398302360245E+00    0.498929828866983007E+04   -0.383546400713799182E-03    0.779815436267836559E+00    0.954153055817915963E+01
    0.137285805837700492E+01    0.881763450747727107E+00    0.488777488569607704E+04   -0.365906966723415067E-03    0.723778904931027811E+00    0.917778979851109966E+01
    0.136258953768878754E+01    0.894675256783353579E+00    0.488966657547536215E+04   -0.773366438177445115E-03    0.983015016253690144E+00    0.967465289031235542E+01
    0.136258953768878754E+01    0.894675256783353579E+00    0.488966657547536215E+04   -0.773366438177445115E-03    0.983015016253690144E+00    0.967465289031235542E+01
    0.134217787040787551E+01    0.899145326479681151E+00    0.490584023096790952E+04   -0.534385767784744596E-03    0.857138867842641705E+00    0.947543231994843360E+01
    0.134217787040787551E+01    0.899145326479681151E+00    0.490584023096790952E+04   -0.534385767784744596E-03    0.857138867842641705E+00    0.947543231994843360E+01
    0.140011316889037474E+01    0.894802496258185975E+00    0.484148024241454914E+04   -0.766807294063606248E-03    0.867728193655649127E+00    0.892639231475476258E+01
    0.133331179187946081E+01    0.888140647051660070E+00    0.481705309133430910E+04   -0.812585198262952713E-03    0.697824791180811976E+00    0.905346729084016566E+01
    0.137055474361609830E+01    0.879903075699265624E+00    0.483766513567414495E+04   -0.770241626924810636E-03    0.739801403240453070E+00    0.921317902105171171E+01
    0.133297832212153122E+01    0.884735496463294413E+00    0.479294872839627078E+04   -0.124797231571653470E-02    0.733742585515009704E+00    0.881444000303305053E+01
    0.135371477373914018E+01    0.881453146027604495E+00    0.482583166836741020E+04   -0.566521834912195755E-03    0.814505549392053330E+00    0.881398188310633479E+01
    0.134170440174583616E+01    0.884699659497697910E+00    0.476081027310780701E+04   -0.465101840915920493E-03    0.786779972598717903E+00    0.950165620821992007E+01
    0.133588221318936506E+01    0.875474345687798694E+00    0.487427592714624916E+04   -0.302905337633311189E-03    0.488827156991496314E+00    0.883976894219222054E+01
    0.135350834770849549E+01    0.886289004705954508E+00    0.482583965313611679E+04   -0.593120414517197625E-03    0.891182462184409108E+00    0.890163478074671843E+01
    0.136140016148899923E+01    0.867562369465258998E+00    0.493675376963625877E+04   -0.246260817116866191E-04    0.564155783211994999E+00    0.949107207414058784E+01
    0.136140016148899923E+01    0.867562369465258998E+00    0.493675376963625877E+04   -0.246260817116866191E-04    0.564155783211994999E+00    0.949107207414058784E+01
    0.137964366467511867E+01    0.867281779222813132E+00    0.498926399900442993E+04    0.662757420623995497E-04    0.525076761681691262E+00    0.936649690518546940E+01
    0.136070546017475813E+01    0.862250867163000034E+00    0.476030334739655518E+04    0.120906429969720456E-03    0.410824806473665372E+00    0.890623749645722640E+01
    0.136454559057810565E+01    0.845087607201405189E+00    0.451946785191994149E+04    0.544441999274918780E-03    0.280226926237071572E+00    0.899314252744622067E+01
    0.139124981159191430E+01    0.857410476982335079E+00    0.477180575212624080E+04    0.225582278781133618E-03    0.421131363249300283E+00    0.900985875776988365E+01
    0.136473425822358863E+01    0.836897670258550219E+00    0.451963580754731083E+04   -0.675548045316185555E-04    0.244951276927499684E+00    0.942662721448664342E+01
    0.140657893500087949E+01    0.835399199957236993E+00    0.487621689590372989E+04    0.443195649308836828E-04    0.247083232931533753E+00    0.888034707337286200E+01
    0.144999528007730527E+01    0.830109347951983767E+00    0.494991600307888075E+04    0.105217757847066534E-03    0.219199824536941146E+00    0.906681221499473011E+01
    0.137253668795166162E+01    0.843003024684383706E+00    0.464491763519292272E+04   -0.382270223704612544E-03    0.284570751545355438E+00    0.889515887492182067E+01
    0.138352484014416843E+01    0.823538990309184094E+00    0.491514966985660340E+04   -0.121085085813761218E-03    0.198271935260239063E+00    0.906875104575101787E+01
    0.139664127834829044E+01    0.822488892438876906E+00    0.497995476953511752E+04   -0.219116842068702142E-03    0.174566746057533917E+00    0.889643284766233222E+01
    0.138077732014290344E+01    0.834816174671598632E+00    0.481797756045669394E+04   -0.255343125507905444E-03    0.252280888191216635E+00    0.913264917010901023E+01
    0.137749088932790231E+01    0.828783544841445785E+00    0.488677501999346714E+04   -0.152546935788235244E-03    0.204313469532853592E+00    0.920110196544672476E+01
    0.132484640995172009E+01    0.848355941031190164E+00    0.475295708984706653E+04   -0.240049528389320923E-03    0.329262464925060394E+00    0.942963361678482315E+01
    0.134857102478403057E+01    0.856761098633156415E+00    0.481668789458988249E+04   -0.529542595803812678E-03    0.414801595383004873E+00    0.934742259859331170E+01
    0.138495128148532420E+01    0.832361207592307473E+00    0.468795378371651623E+04    0.200317620783540526E-03    0.232718473840135165E+00    0.928805704125836229E+01
