    0.114669542568955030E+01    0.621185370166607131E+00    0.484183651224637651E+04   -0.769025525334009695E-03    0.153230018035009408E+00   -0.160811669301731008E+01
    0.101285266174655564E+01    0.576962736572560697E+00    0.487079591239000456E+04    0.109886497375771575E-03    0.166502530777278029E+00    0.218689283082071872E+01
    0.138302535368469615E+01    0.492125634899253372E+00    0.402488866790067004E+04    0.728544357749858569E-04    0.354309340805052053E+00    0.258260468782050312E+01
    0.100686638063168088E+01    0.544321992255470066E+00    0.488259639303069798E+04    0.403457594357555492E-03    0.138022854088041741E+00    0.292215875498608835E+01
    0.124541832530824448E+01    0.512633514153481795E+00    0.495136897430619047E+04    0.109527450638212059E-03    0.333392741840889517E+00    0.300178710635984736E+01
    0.968218311640625995E+00    0.458834423090627608E+00    0.456021608387498054E+04    0.293230670189928845E-03    0.159500471923981174E+00    0.303030915331974438E+01
    0.131149213991587565E+01    0.451457449226587482E+00    0.448943536115244478E+04   -0.205574107165531312E-03    0.404935759825038544E+00    0.307128556189495683E+01
    0.132282157083744023E+01    0.575080796537445593E+00    0.430813257570778569E+04    0.420431649004976416E-03    0.371878973526373446E+00    0.307948459061293134E+01
    0.140627446171930881E+01    0.622557608275138286E+00    0.486487009182451311E+04   -0.427132418415576806E-03    0.443944043690254087E+00    0.328599060765754736E+01
    0.103882062701541544E+01    0.586058267741812244E+00    0.475243944790492424E+04   -0.356993544070665204E-03    0.148542738903537891E+00    0.329015265417610747E+01
    0.118927510019528571E+01    0.557703094546442735E+00    0.425400140582110180E+04   -0.441869315977232288E-03    0.327175045770300266E+00    0.331292603799708552E+01
    0.107257117974232163E+01    0.544753052017707073E+00    0.480764060327635980E+04    0.529223175877940898E-03    0.167292208740069087E+00    0.372269427290773613E+01
    0.154639994267414638E+01    0.604550463350950973E+00    0.413055786872306999E+04    0.262475650860125530E-03    0.446365131201878929E+00    0.376949664977423016E+01
    0.136201775960094595E+01    0.560330597322523549E+00    0.453283258245578236E+04    0.147710247569502530E-03    0.337793758544714384E+00    0.377351381944129738E+01
    0.133281386068192287E+01    0.585960519065770957E+00    0.410718544938271953E+04   -0.783092833795395347E-03    0.355575725691621325E+00    0.377712846839155247E+01
    0.125180635485323721E+01    0.563326163920573109E+00    0.443876291644677985E+04   -0.168122856609775504E-03    0.323786918955168479E+00    0.385426140349145951E+01
    0.901840103097460544E+00    0.469895878142995493E+00    0.444780397039799027E+04   -0.199339313377917322E-04    0.149079155618629389E+00    0.408290661760954698E+01
    0.122110623765827886E+01    0.508619458091387200E+00    0.442519114244141110E+04    0.434656465254337505E-03    0.285530118846811676E+00    0.408712444636695338E+01
    0.132318774834285424E+01    0.579550780053229131E+00    0.414977756432404749E+04    0.161472846736653301E-03    0.364778615409177887E+00    0.409976793137207629E+01
    0.136639776287426873E+01    0.556252727523952162E+00    0.488226573792044837E+04    0.343010448577805920E-04    0.411265667869125107E+00    0.418651624276872347E+01
    0.133065238933113572E+01    0.559477163512523745E+00    0.422549719538270074E+04   -0.111653781703271869E-04    0.415714993737632876E+00    0.427984947998188048E+01
    0.132169053435391515E+01    0.593621100913333977E+00    0.423958360785134028E+04    0.929635907231327876E-04    0.357237725572571108E+00    0.434256687778529660E+01
    0.123366725839307145E+01    0.566815691487766893E+00    0.477973710937991382E+04    0.203101896183706962E-03    0.262557818653750719E+00    0.439507119844873806E+01
    0.123197187601586355E+01    0.547920186494258665E+00    0.488148566114116511E+04    0.338135037946096285E-03    0.301672554427783624E+00    0.442647758019536575E+01
    0.123558499974905134E+01    0.567146011724280252E+00    0.413869543453074311E+04    0.291421185084950933E-03    0.383233839921045871E+00    0.455583129833554068E+01
    0.104793974943942692E+01    0.472951678639743744E+00    0.473436582682096378E+04   -0.233090706691145414E-03    0.165711333667923150E+00    0.460068164876242758E+01
    0.117188182105190442E+01    0.597344551312502858E+00    0.455843802319482347E+04    0.294255414139461671E-04    0.188457482034096374E+00    0.461366216061134260E+01
    0.128032796381523362E+01    0.622495790733381682E+00    0.421004536913139509E+04    0.391670185053265133E-03    0.243133679207296116E+00    0.462798582461027674E+01
    0.964773253183574431E+00    0.537464894843052154E+00    0.436318474549330040E+04    0.325832194997214211E-04    0.156164624306506766E+00    0.477504650888320015E+01
    0.140944246689012509E+01    0.635988506011588406E+00    0.469003321563006739E+04   -0.442037786469321725E-04    0.396201879920038857E+00    0.480906135725942807E+01
    0.122252500564946853E+01    0.541167965491455183E+00    0.475464754465079932E+04   -0.233289271793401067E-03    0.340916715913955559E+00    0.485537766029612872E+01
    0.131412557431331400E+01    0.509326808042403933E+00    0.477422009607948985E+04    0.610657650932376053E-03    0.283476550884657674E+00    0.489401598731709875E+01
    0.126625094045656228E+01    0.489067384283604301E+00    0.453325280802912130E+04    0.136475087174255333E-03    0.353230063019321805E+00    0.492287104411429866E+01
    0.127759729227906549E+01    0.513455086496384494E+00    0.424280157689727184E+04   -0.394303247100105333E-03    0.384294274769641730E+00    0.498710499934082385E+01
    0.127372031521850415E+01    0.556196157788242718E+00    0.430243970465567236E+04    0.566028138430476604E-03    0.305123428775617600E+00    0.501057333378480507E+01
    0.125793850564699050E+01    0.516390167807372569E+00    0.499158681640267878E+04   -0.536042357082627493E-03    0.367448187453486175E+00    0.502881413632880836E+01
    0.123818449420009769E+01    0.497391651699836346E+00    0.455102099335957428E+04   -0.306351583863181389E-03    0.271901281924827098E+00    0.510544071818056722E+01
    0.118369259584451281E+01    0.594046289224422486E+00    0.405302289736108287E+04    0.150695249291419382E-03    0.177826856797113519E+00    0.512951085306420307E+01
    0.121290678514297157E+01    0.495604171123736670E+00    0.450145356588416416E+04    0.830243735786651780E-04    0.301270560870275372E+00    0.517244998940253353E+01
    0.138162847639522335E+01    0.560441170789799381E+00    0.490574832395728390E+04   -0.443599211907218910E-03    0.390088949671727026E+00    0.518572450377252459E+01
    0.123160236155306979E+01    0.533033625781766607E+00    0.458908664352977030E+04    0.665661986474028991E-03    0.163721024108275659E+00    0.522600733773316417E+01
    0.113715689888258176E+01    0.587346531724567300E+00    0.470911128337029368E+04    0.221257290914724479E-03    0.173681375311971309E+00    0.524700953268124337E+01
    0.115800339206507585E+01    0.581070457010236074E+00    0.455083970456042516E+04    0.398277614699544638E-04    0.183730802861914816E+00    0.529626551303237925E+01
    0.119962110369752262E+01    0.494837881255352607E+00    0.476256602584471511E+04    0.220379034215450228E-03    0.318262488137513622E+00    0.531692968210839823E+01
    0.131283401376753295E+01    0.498948128060533513E+00    0.492287264920594498E+04    0.527318011051500679E-03    0.398164476845839665E+00    0.537256554227409922E+01
    0.120895572316791822E+01    0.569701431515595491E+00    0.484483875785091368E+04    0.938469122124941713E-03    0.296209323332734087E+00    0.539221867048786940E+01
    0.118648777591103594E+01    0.506287823875627874E+00    0.438019078726127009E+04    0.448788509076309902E-03    0.318474763557332174E+00    0.540430750297262463E+01
    0.129503839837463075E+01    0.577605770352499048E+00    0.409839573579929493E+04    0.425026475984041792E-03    0.353050236712919407E+00    0.540506878340853092E+01
    0.967680535777653228E+00    0.530533009167354686E+00    0.423962320257176452E+04   -0.925058125342026369E-04    0.150543053430402390E+00    0.543003118320539979E+01
    0.124338593357000082E+01    0.549462301646484352E+00    0.405623066443319703E+04   -0.513665378885860033E-03    0.171736129953452610E+00    0.544258184756911589E+01
    0.126063241219361166E+01    0.538906547333120267E+00    0.435815567067146822E+04   -0.310145168163459889E-03    0.401640840594539472E+00    0.549065862807267013E+01
    0.126199609415938352E+01    0.492915849892430480E+00    0.471339192438739337E+04   -0.105986843338284984E-02    0.361024608748871767E+00    0.549259280814782258E+01
    0.136164206711234659E+01    0.602421530286687990E+00    0.487727972561915612E+04   -0.820817472425892296E-03    0.389916342092296753E+00    0.549522991425422536E+01
    0.127488193742198352E+01    0.529681327531403845E+00    0.463050715100799516E+04    0.105352038148935485E-03    0.311551935938920110E+00    0.550700639313080842E+01
    0.121548455150235357E+01    0.535335606177469669E+00    0.429600579758810909E+04    0.122048764894726341E-03    0.363023412259785738E+00    0.552811123808762250E+01
    0.139008734366767994E+01    0.550433327285994478E+00    0.420198151851857801E+04    0.442334914884475968E-03    0.377987176222511434E+00    0.553690334615670476E+01
    0.895173066019477659E+00    0.522520741463808225E+00    0.490445505364189012E+04   -0.171078444590489360E-04    0.158450604593941863E+00    0.554206513416560220E+01
    0.140118129636134769E+01    0.614214181694912820E+00    0.432482564852399355E+04    0.213664930923240803E-03    0.407987930442615998E+00    0.555064338466025653E+01
    0.128580624699323964E+01    0.552558247802061198E+00    0.454179672657699848E+04    0.271388867146084983E-03    0.390141116462970339E+00    0.557193188322518118E+01
    0.129738432887756105E+01    0.549878181876979344E+00    0.484242471818998638E+04   -0.136990747813628351E-03    0.372875124119117163E+00    0.557406106377526278E+01
    0.913192085284836752E+00    0.491386755169122225E+00    0.457261304814220421E+04    0.192999839323003948E-05    0.147077780455767859E+00    0.558635527761648287E+01
    0.104424989558778436E+01    0.568669630285694394E+00    0.497195062967724334E+04   -0.433270518603768901E-03    0.154037570739513408E+00    0.561141277142375650E+01
    0.119271451962003350E+01    0.602062941354225778E+00    0.432229677009773695E+04    0.267820572603662233E-03    0.232924261534841276E+00    0.561822365359810139E+01
    0.119415794672945363E+01    0.625288863196979738E+00    0.489953380365507837E+04   -0.935120822676226409E-04    0.169523432001720653E+00    0.562907265892965825E+01
    0.121019920748782073E+01    0.575471341722133989E+00    0.456359116292057024E+04    0.292210247880084456E-03    0.327573786046852722E+00    0.563343614144025828E+01
    0.108752365859351596E+01    0.526710967677866959E+00    0.474009994852860291E+04   -0.142218958013335989E-02    0.180920377919592590E+00    0.565141745941213536E+01
    0.102821575507611640E+01    0.544634056444721071E+00    0.424223444892697989E+04    0.119013622180158746E-03    0.147602952156537182E+00    0.565172078548287082E+01
    0.113376342312274025E+01    0.505343130831423792E+00    0.456166197712362555E+04   -0.295316962645803135E-03    0.176272689915110692E+00    0.565473076211680503E+01
    0.123886880478944450E+01    0.500059179245285423E+00    0.411551100860312454E+04    0.423524773356985485E-03    0.359176688614906703E+00    0.566719603268840899E+01
    0.133903114834739423E+01    0.499992299541149876E+00    0.451433623188080037E+04    0.385471270001879764E-03    0.390972930070873803E+00    0.568616903263894269E+01
    0.142542077877085460E+01    0.540811048605626565E+00    0.481558598522478769E+04    0.465416886870808472E-03    0.373721511028523523E+00    0.574516685600783816E+01
    0.137289359161208724E+01    0.541706584934057656E+00    0.420354440126954069E+04    0.255047908170825759E-03    0.377876764375255969E+00    0.576088307184455850E+01
    0.107347844648705237E+01    0.592145320379568796E+00    0.494095894263788341E+04    0.761933114795658776E-03    0.155302598416293874E+00    0.576267159607599133E+01
    0.105072186604266093E+01    0.496967208695558327E+00    0.460252313076106293E+04   -0.929351353910374775E-03    0.150420673775370911E+00    0.577450311148556494E+01
    0.124460398379560422E+01    0.490746171680073562E+00    0.461843209710976862E+04   -0.184978990870802648E-03    0.276700954433281687E+00    0.579166158389183217E+01
    0.123603255246399679E+01    0.526896155114740528E+00    0.399851708587153416E+04   -0.543248966704621707E-03    0.263899908975015529E+00    0.579432837812982005E+01
    0.128982644917519695E+01    0.523300551283313098E+00    0.432285530608495810E+04    0.116729062612077524E-03    0.399631945533649557E+00    0.579719963743933331E+01
    0.125764768535839910E+01    0.519659097167295636E+00    0.478325708361073248E+04   -0.474127419864967632E-03    0.316078908612554610E+00    0.579813093660634404E+01
    0.143219672322867209E+01    0.592663867823781221E+00    0.453687551673866437E+04    0.121601475201871576E-03    0.404930790387851902E+00    0.581498531291229082E+01
    0.123630455150167018E+01    0.526423547155711047E+00    0.486186292335551570E+04    0.501061675135471094E-03    0.381910759651557796E+00    0.583799723419961580E+01
    0.123008195877844528E+01    0.554472427181445848E+00    0.448616335232038909E+04    0.134966021247885377E-03    0.282446454276025882E+00    0.584648415105800900E+01
    0.123008195877844528E+01    0.554472427181445848E+00    0.448616335232038909E+04    0.134966021247885377E-03    0.282446454276025882E+00    0.584648415105800900E+01
    0.128292447574503776E+01    0.541300326083997918E+00    0.424833879097931276E+04    0.648350281120080568E-03    0.322139790068779075E+00    0.584781361328307625E+01
    0.128031454213124674E+01    0.608255161526375043E+00    0.498441688495623839E+04    0.215793952799991614E-03    0.350110857677667142E+00    0.584826138874357060E+01
    0.114436248218033265E+01    0.503453441876183350E+00    0.494959353501205624E+04   -0.128726685786016937E-03    0.187457786048707886E+00    0.586075329750283380E+01
    0.140787889678491407E+01    0.544189603315813786E+00    0.460315955468998709E+04   -0.327426914909128078E-03    0.363814940325284553E+00    0.588030592093612903E+01
    0.129964224447577870E+01    0.584889635391001028E+00    0.455242747001808584E+04   -0.640322663536939179E-03    0.332217226994599768E+00    0.588073583657196863E+01
    0.120206830090992756E+01    0.600226269783998401E+00    0.450239501241471862E+04   -0.347920763430534328E-03    0.192330519409301348E+00    0.590749754453859222E+01
    0.133806294557186378E+01    0.477122885201367530E+00    0.482169288695205614E+04    0.527362130140487224E-03    0.360987444487370024E+00    0.591468371484677569E+01
    0.978709103568150884E+00    0.558613431214539102E+00    0.499381366556651756E+04    0.214959405700331185E-03    0.156776980804465060E+00    0.593038098803923930E+01
    0.105119099784552095E+01    0.554018203393536579E+00    0.460960149121475661E+04    0.980234618293805850E-04    0.148294432568723544E+00    0.593471697596439984E+01
    0.128142015021200129E+01    0.622271777158956096E+00    0.430349817120343505E+04   -0.375090404271447619E-04    0.375873386124641051E+00    0.594408365482164491E+01
    0.123408326892219544E+01    0.562740166807130349E+00    0.398605785131615357E+04   -0.588735874473997697E-04    0.243569532937751354E+00    0.595087473857996407E+01
    0.114115757131293760E+01    0.505545666729019905E+00    0.472709996391690856E+04    0.113989799751245733E-03    0.167124467622697309E+00    0.598710310994670003E+01
    0.128326113344026149E+01    0.491621980280713522E+00    0.443546732550907200E+04    0.308323985228329905E-03    0.369213493263659598E+00    0.600205930584147396E+01
    0.119100191522420040E+01    0.606043442396902332E+00    0.466403814969512678E+04   -0.604375599529128693E-03    0.179099982344896935E+00    0.600654031161446156E+01
    0.103972554465810152E+01    0.536155159557390015E+00    0.443579747986072834E+04   -0.307342330066399450E-03    0.155277989607468997E+00    0.603155567159036288E+01
    0.100789334595780611E+01    0.541624193263225640E+00    0.450614010926380251E+04   -0.335056169813607971E-03    0.145493659231072325E+00    0.603603933943401572E+01
    0.101303485234181911E+01    0.542052092237259808E+00    0.470889770816336295E+04   -0.505668080219172692E-04    0.150065331244206429E+00    0.604212629020608816E+01
    0.128802482349074077E+01    0.473308856738812067E+00    0.448416977424690776E+04   -0.368169812776646284E-04    0.355932483727623872E+00    0.605760286185665642E+01
    0.114012560603618063E+01    0.506974583658221456E+00    0.444808999106521333E+04    0.669740554371469243E-03    0.207408749023025446E+00    0.610641688829055340E+01
    0.121274433642876067E+01    0.600171705388954813E+00    0.483814262281133506E+04    0.253177350705826886E-04    0.198825063286417442E+00    0.611958140581527754E+01
    0.104091018033327920E+01    0.509388750772323151E+00    0.484966407318770507E+04   -0.481742205159386627E-04    0.145366886255225952E+00    0.612092864659907576E+01
    0.129751503488010433E+01    0.501216539641964332E+00    0.483269384998550686E+04   -0.187077996447746999E-03    0.346913322126476631E+00    0.613820475659053066E+01
    0.100398251815405493E+01    0.542139792575945134E+00    0.428881048666869629E+04   -0.798157994784760502E-04    0.154755508197171432E+00    0.615308182817352467E+01
    0.112605871685184167E+01    0.570247180915874230E+00    0.399367768260530784E+04    0.606381264717717195E-04    0.163523611775321431E+00    0.617348817155023877E+01
    0.129141982962189639E+01    0.573309220962771926E+00    0.452167771675084623E+04   -0.933601696980814800E-03    0.377710089343128441E+00    0.618117162825807132E+01
    0.129141982962189639E+01    0.573309220962771926E+00    0.452167771675084623E+04   -0.933601696980814800E-03    0.377710089343128441E+00    0.618117162825807132E+01
    0.959818300379208122E+00    0.487933732581413815E+00    0.445688793428020017E+04    0.457096367054991859E-03    0.151472182378341619E+00    0.618186726789001106E+01
    0.115385903858142447E+01    0.524006408934237555E+00    0.466823785421815683E+04    0.260540055152517504E-03    0.180210378994652753E+00    0.618333064083514827E+01
    0.135054881030244411E+01    0.557250181804229472E+00    0.489591417052477391E+04   -0.511736156222959856E-03    0.375606169128538336E+00    0.618854766990498106E+01
    0.140342877315395054E+01    0.535401749958618667E+00    0.484199121526236922E+04   -0.967824492796700225E-04    0.369044276974533569E+00    0.623972679169779099E+01
    0.140342877315395054E+01    0.535401749958618667E+00    0.484199121526236922E+04   -0.967824492796700225E-04    0.369044276974533569E+00    0.623972679169779099E+01
    0.138442276810588782E+01    0.554487823715415384E+00    0.404690518191660476E+04    0.329064895548074560E-03    0.388732577832976156E+00    0.625981417204496893E+01
    0.138442276810588782E+01    0.554487823715415384E+00    0.404690518191660476E+04    0.329064895548074560E-03    0.388732577832976156E+00    0.625981417204496893E+01
    0.127160305038466070E+01    0.556169519511392041E+00    0.495260055707248375E+04    0.205754054911249324E-04    0.414703810528728511E+00    0.626812625011177893E+01
    0.115317524845773600E+01    0.511331670958801832E+00    0.428540654667010858E+04    0.601767660071081032E-03    0.332255679534373072E+00    0.627610601521181621E+01
    0.115317524845773600E+01    0.511331670958801832E+00    0.428540654667010858E+04    0.601767660071081032E-03    0.332255679534373072E+00    0.627610601521181621E+01
    0.143899611391052051E+01    0.540632743296670437E+00    0.413008120490847523E+04   -0.156186648611419089E-04    0.377427059872533111E+00    0.629829071869409063E+01
    0.102563741147021914E+01    0.511814500310164511E+00    0.436684223889474561E+04   -0.399580821310259514E-03    0.148624202507261299E+00    0.630213819318284152E+01
    0.102563741147021914E+01    0.511814500310164511E+00    0.436684223889474561E+04   -0.399580821310259514E-03    0.148624202507261299E+00    0.630213819318284152E+01
    0.123530270254082497E+01    0.487147186170427293E+00    0.498086614167011066E+04   -0.320926333186212259E-03    0.354772870069569590E+00    0.630875355082871092E+01
    0.136633044219513700E+01    0.519715923297538018E+00    0.427115226928840639E+04    0.397409214650642085E-03    0.363114716658656633E+00    0.632515906592114696E+01
    0.108549698786665361E+01    0.502861376683572225E+00    0.498103323029777403E+04    0.638369180923674872E-03    0.167890488587481096E+00    0.634128035702592197E+01
    0.139149039319221757E+01    0.527859735681334596E+00    0.420172215591383974E+04   -0.256491600826209444E-03    0.344681711193414064E+00    0.635251700360491611E+01
    0.113315958654605398E+01    0.496779836721406132E+00    0.468045563517352184E+04   -0.361356685668555043E-03    0.213677563210661670E+00    0.636967887726190529E+01
    0.108129347747956683E+01    0.525742579208484995E+00    0.484387924352501886E+04    0.671344431647025348E-03    0.164693108421999773E+00    0.637486658111975046E+01
    0.114236079609011165E+01    0.591282511136351108E+00    0.441552406247052750E+04    0.146053699116395765E-04    0.167110685055268021E+00    0.638413753412815943E+01
    0.114236079609011165E+01    0.591282511136351108E+00    0.441552406247052750E+04    0.146053699116395765E-04    0.167110685055268021E+00    0.638413753412815943E+01
    0.132248485620182477E+01    0.532690953401914524E+00    0.495192062797665039E+04   -0.239873119924755604E-03    0.402484267942313845E+00    0.639842981889592100E+01
    0.132248485620182477E+01    0.532690953401914524E+00    0.495192062797665039E+04   -0.239873119924755604E-03    0.402484267942313845E+00    0.639842981889592100E+01
    0.127348147376992449E+01    0.509773523935888928E+00    0.443594241047419291E+04   -0.295271571621160724E-03    0.376644231985850952E+00    0.645405910901726543E+01
    0.132355197559156146E+01    0.526297464090260125E+00    0.491673759806794533E+04    0.449310995022804297E-03    0.382338222932006810E+00    0.645766851664938812E+01
    0.132355197559156146E+01    0.526297464090260125E+00    0.491673759806794533E+04    0.449310995022804297E-03    0.382338222932006810E+00    0.645766851664938812E+01
    0.123085888746206806E+01    0.600475797015884383E+00    0.491950115230461688E+04    0.226201680383139001E-03    0.262323362356078338E+00    0.646168519417466491E+01
    0.121590870433041331E+01    0.512313498503959908E+00    0.417371579220297554E+04    0.419593415526311499E-03    0.341684228849274074E+00    0.646812764360852288E+01
    0.121590870433041331E+01    0.512313498503959908E+00    0.417371579220297554E+04    0.419593415526311499E-03    0.341684228849274074E+00    0.646812764360852288E+01
    0.118376683599786703E+01    0.576739884378405732E+00    0.446665262657733820E+04    0.413445549182715440E-03    0.307511830212509607E+00    0.646886902597989977E+01
    0.118376683599786703E+01    0.576739884378405732E+00    0.446665262657733820E+04    0.413445549182715440E-03    0.307511830212509607E+00    0.646886902597989977E+01
    0.126230539030355393E+01    0.486687347930638559E+00    0.488764484596951206E+04    0.960689485348413047E-04    0.365977524026722401E+00    0.648746694127320644E+01
    0.119943177859393346E+01    0.555834675778538734E+00    0.425541116162542130E+04   -0.291507528891650838E-03    0.176113903392725091E+00    0.648748984810453244E+01
    0.119943177859393346E+01    0.555834675778538734E+00    0.425541116162542130E+04   -0.291507528891650838E-03    0.176113903392725091E+00    0.648748984810453244E+01
    0.146353079036580036E+01    0.574087679853081845E+00    0.434415611192586130E+04    0.145010736672293319E-04    0.394305952885678934E+00    0.649403461008325866E+01
    0.146353079036580036E+01    0.574087679853081845E+00    0.434415611192586130E+04    0.145010736672293319E-04    0.394305952885678934E+00    0.649403461008325866E+01
    0.987002709406610168E+00    0.529561093284643181E+00    0.423500755888144886E+04    0.231331408767992584E-03    0.162209083516406338E+00    0.650007250456414187E+01
    0.122829537513853504E+01    0.573610175489934981E+00    0.479259587501090846E+04    0.652719651287338902E-03    0.313042629853560517E+00    0.651094467003912314E+01
    0.104889031116962483E+01    0.507742009983748632E+00    0.484306326396740587E+04    0.396042242871768744E-03    0.153892375222336897E+00    0.652282565270020953E+01
    0.104889031116962483E+01    0.507742009983748632E+00    0.484306326396740587E+04    0.396042242871768744E-03    0.153892375222336897E+00    0.652282565270020953E+01
    0.135539009329897642E+01    0.616567447844719729E+00    0.435226507224372017E+04   -0.315019022539804157E-03    0.310268231366488789E+00    0.656621276517861752E+01
    0.135539009329897642E+01    0.616567447844719729E+00    0.435226507224372017E+04   -0.315019022539804157E-03    0.310268231366488789E+00    0.656621276517861752E+01
    0.139302028288883095E+01    0.540960763622495344E+00    0.408776469758652320E+04    0.486255683254387529E-03    0.375814643532726866E+00    0.658038005136722859E+01
    0.139302028288883095E+01    0.540960763622495344E+00    0.408776469758652320E+04    0.486255683254387529E-03    0.375814643532726866E+00    0.658038005136722859E+01
    0.120410294532775897E+01    0.563985034823417664E+00    0.490047454690933228E+04   -0.216881544955547199E-03    0.275480866432189941E+00    0.658066701957251787E+01
    0.120410294532775897E+01    0.563985034823417664E+00    0.490047454690933228E+04   -0.216881544955547199E-03    0.275480866432189941E+00    0.658066701957251787E+01
    0.128754776295391160E+01    0.543263905725220986E+00    0.405676697832136733E+04    0.108346130381964498E-02    0.247637488020625823E+00    0.658328377001077225E+01
    0.128754776295391160E+01    0.543263905725220986E+00    0.405676697832136733E+04    0.108346130381964498E-02    0.247637488020625823E+00    0.658328377001077225E+01
    0.123690666973154073E+01    0.568720490928239286E+00    0.440239987038687650E+04   -0.171460226101882783E-03    0.264513684717758213E+00    0.661120568024907751E+01
    0.127985574208336450E+01    0.565226067726834258E+00    0.487521242053123206E+04    0.341205697214347695E-03    0.375962611993346962E+00    0.663180446385349853E+01
    0.125645529095401454E+01    0.586295154876589897E+00    0.452760783657259981E+04    0.276807876651975412E-03    0.183996773809217640E+00    0.664921198865916274E+01
    0.125645529095401454E+01    0.586295154876589897E+00    0.452760783657259981E+04    0.276807876651975412E-03    0.183996773809217640E+00    0.664921198865916274E+01
    0.138002239487044864E+01    0.539955709669213468E+00    0.455595696305109959E+04    0.387338819303126709E-04    0.392005101353897323E+00    0.666290646466639469E+01
    0.138002239487044864E+01    0.539955709669213468E+00    0.455595696305109959E+04    0.387338819303126709E-04    0.392005101353897323E+00    0.666290646466639469E+01
    0.109838711488584528E+01    0.564050665252798011E+00    0.466056876650752019E+04    0.315894649935833825E-03    0.161562646056474885E+00    0.667334295252134524E+01
    0.109838711488584528E+01    0.564050665252798011E+00    0.466056876650752019E+04    0.315894649935833825E-03    0.161562646056474885E+00    0.667334295252134524E+01
    0.126259987354278569E+01    0.535669758915901184E+00    0.429695667690038681E+04    0.403861033606204504E-03    0.385471463203430176E+00    0.667439383002876596E+01
    0.134587559608361440E+01    0.517143018013419331E+00    0.489062221605485956E+04   -0.114820386169218512E-03    0.398793071623544715E+00    0.667802696388502692E+01
    0.132314046904486182E+01    0.503882290827473156E+00    0.454463536743928398E+04   -0.360883199839806345E-04    0.379504773640303439E+00    0.668233147055988930E+01
    0.132314046904486182E+01    0.503882290827473156E+00    0.454463536743928398E+04   -0.360883199839806345E-04    0.379504773640303439E+00    0.668233147055988930E+01
    0.128235160093812040E+01    0.486033961314871921E+00    0.457089328903365913E+04   -0.146284372344078741E-04    0.380372554659786477E+00    0.668642318058712792E+01
    0.115670073877781054E+01    0.492158445228326746E+00    0.490856764535548882E+04   -0.173426259660307134E-03    0.286346101162384403E+00    0.669085933469493721E+01
    0.115670073877781054E+01    0.492158445228326746E+00    0.490856764535548882E+04   -0.173426259660307134E-03    0.286346101162384403E+00    0.669085933469493721E+01
    0.127427016690223560E+01    0.625068649315479341E+00    0.453694382535204386E+04    0.172971468727162059E-04    0.204888883059335503E+00    0.669581401854588165E+01
    0.102256261951807970E+01    0.545528680387163067E+00    0.488444339441406373E+04    0.757383101393183599E-03    0.160669100170578200E+00    0.669752409465669629E+01
    0.102256261951807970E+01    0.545528680387163067E+00    0.488444339441406373E+04    0.757383101393183599E-03    0.160669100170578200E+00    0.669752409465669629E+01
    0.121422232935319019E+01    0.547855042724430863E+00    0.425725248812204063E+04   -0.176581102240933502E-03    0.180123204691188421E+00    0.671115199787809136E+01
    0.119356641960051579E+01    0.533187240117473316E+00    0.473399592536278578E+04    0.435852503014375081E-03    0.183620293458882422E+00    0.672269978978568439E+01
    0.119356641960051579E+01    0.533187240117473316E+00    0.473399592536278578E+04    0.435852503014375081E-03    0.183620293458882422E+00    0.672269978978568439E+01
    0.113898257481999221E+01    0.536876743914910914E+00    0.422716697842399572E+04   -0.173320307223996352E-03    0.188745468804080246E+00    0.672899008160932421E+01
    0.113152943884021440E+01    0.546640142495695036E+00    0.478301599093816822E+04    0.585148105544542902E-03    0.166197006296431249E+00    0.673448386341161775E+01
    0.113152943884021440E+01    0.546640142495695036E+00    0.478301599093816822E+04    0.585148105544542902E-03    0.166197006296431249E+00    0.673448386341161775E+01
    0.138506720177669251E+01    0.491287245518778004E+00    0.470402856087025611E+04    0.156354889492145861E-03    0.372011583181876160E+00    0.673808652176620093E+01
    0.956363086058524492E+00    0.519224936724139940E+00    0.464574564677703529E+04    0.225994634792804942E-03    0.153175136383601251E+00    0.675224442345102105E+01
    0.133034956703236329E+01    0.546015890851387575E+00    0.423802773979957965E+04   -0.227846972360129047E-03    0.300661841889543258E+00    0.675270512978294057E+01
    0.133034956703236329E+01    0.546015890851387575E+00    0.423802773979957965E+04   -0.227846972360129047E-03    0.300661841889543258E+00    0.675270512978294057E+01
    0.134575336904613829E+01    0.520905442189507406E+00    0.468266166132956005E+04    0.662278976931774711E-03    0.375552470672139482E+00    0.676053389645899117E+01
    0.134575336904613829E+01    0.520905442189507406E+00    0.468266166132956005E+04    0.662278976931774711E-03    0.375552470672139482E+00    0.676053389645899117E+01
    0.121405821554102600E+01    0.604536554003419213E+00    0.499106679366855678E+04    0.267751851476202851E-03    0.228392080760209559E+00    0.677316716438154209E+01
    0.125236493964813489E+01    0.567256764097797794E+00    0.473178301496383847E+04   -0.357928396786803696E-03    0.332428898178569798E+00    0.678872567149864814E+01
    0.125236493964813489E+01    0.567256764097797794E+00    0.473178301496383847E+04   -0.357928396786803696E-03    0.332428898178569798E+00    0.678872567149864814E+01
    0.117602702012662008E+01    0.539828728702428373E+00    0.495648678792984265E+04   -0.165042577271413325E-03    0.187751991737969220E+00    0.679484924778856225E+01
    0.143979975377223024E+01    0.540196910191207191E+00    0.409505065403579829E+04   -0.157773250961219303E-03    0.392501835427771673E+00    0.680111471550769320E+01
    0.143979975377223024E+01    0.540196910191207191E+00    0.409505065403579829E+04   -0.157773250961219303E-03    0.392501835427771673E+00    0.680111471550769320E+01
    0.115461372183483180E+01    0.547123682338440220E+00    0.478124724270964634E+04   -0.155457957520067940E-03    0.212799779348878670E+00    0.681366316271087413E+01
    0.131466279566001676E+01    0.564292344751241348E+00    0.485940208643058304E+04   -0.271021567706075325E-03    0.378606206802526324E+00    0.681741091836571389E+01
    0.131466279566001676E+01    0.564292344751241348E+00    0.485940208643058304E+04   -0.271021567706075325E-03    0.378606206802526324E+00    0.681741091836571389E+01
    0.105195035898000300E+01    0.541702721499375262E+00    0.468192119957887371E+04   -0.150710946080027286E-04    0.165000711095393215E+00    0.682060711460473712E+01
    0.973732927710265872E+00    0.522259606791635411E+00    0.477243448826074200E+04   -0.530130844699147510E-03    0.153220243732776762E+00    0.684938638618329776E+01
    0.973732927710265872E+00    0.522259606791635411E+00    0.477243448826074200E+04   -0.530130844699147510E-03    0.153220243732776762E+00    0.684938638618329776E+01
    0.134014394268337345E+01    0.530246001152818947E+00    0.469364551232195390E+04    0.731111742229164524E-03    0.385341875177043824E+00    0.685167934878178020E+01
    0.118900653941657919E+01    0.531077119249542706E+00    0.476732610224821292E+04    0.432312093552296515E-03    0.182315483855577137E+00    0.685227234203285285E+01
    0.138848911907432182E+01    0.543691348579084077E+00    0.461121332539629293E+04   -0.570377951036553713E-03    0.387405482112771316E+00    0.685264232601872614E+01
    0.133589862415487692E+01    0.503465907538336754E+00    0.412826255934280471E+04    0.342218366769505861E-03    0.377422782136646984E+00    0.685899909344325920E+01
    0.149720720514400218E+01    0.571617867363797383E+00    0.440550169281729995E+04    0.636304775711543039E-03    0.394555524777867317E+00    0.686465782436989524E+01
    0.129528167502367664E+01    0.532188483764160725E+00    0.405344808330302249E+04    0.527452898607055172E-03    0.285596711310621199E+00    0.686734768229212911E+01
    0.143180639334271653E+01    0.538685358458241836E+00    0.461537293817415230E+04    0.178234301869916692E-04    0.417639187083420016E+00    0.687080229577497370E+01
    0.126805368858587753E+01    0.501345212549171082E+00    0.494100790285797120E+04   -0.476510943438138623E-03    0.370766254236956583E+00    0.687090408488977555E+01
    0.126805368858587753E+01    0.501345212549171082E+00    0.494100790285797120E+04   -0.476510943438138623E-03    0.370766254236956583E+00    0.687090408488977555E+01
    0.137544622558695062E+01    0.519740438170017027E+00    0.435265784986571089E+04   -0.712536412664105953E-04    0.369931107127918213E+00    0.687640843560795112E+01
    0.107866957511642259E+01    0.548961684566138919E+00    0.425729758056842911E+04   -0.463101944769774888E-03    0.151452917206518239E+00    0.687773085126755745E+01
    0.118535826911936293E+01    0.509856698529763008E+00    0.472847402818376031E+04   -0.495211460161815403E-03    0.244999977003884206E+00    0.688798380976782276E+01
    0.119950176711476120E+01    0.590459304873369506E+00    0.491157049129681218E+04    0.693662761933288815E-04    0.186723348460454824E+00    0.689898146275579371E+01
    0.103523241522767240E+01    0.498946575679237336E+00    0.445608144246040592E+04    0.482634381764019717E-03    0.161137516243783946E+00    0.689924430380008324E+01
    0.103523241522767240E+01    0.498946575679237336E+00    0.445608144246040592E+04    0.482634381764019717E-03    0.161137516243783946E+00    0.689924430380008324E+01
    0.123553438105077151E+01    0.551682864439564824E+00    0.467512942037054381E+04   -0.801579533247437814E-03    0.304028735708123388E+00    0.691020267258680221E+01
    0.127764553593693941E+01    0.582881244351900030E+00    0.432401300381984038E+04   -0.282821817200102938E-04    0.218903638512701032E+00    0.692084634363082074E+01
    0.117347607726175363E+01    0.506751577384316088E+00    0.493340310812669395E+04   -0.332241947625027648E-03    0.170854333977940309E+00    0.692228547469874123E+01
    0.117347607726175363E+01    0.506751577384316088E+00    0.493340310812669395E+04   -0.332241947625027648E-03    0.170854333977940309E+00    0.692228547469874123E+01
    0.117883280559138903E+01    0.540728136007128435E+00    0.431853878204953980E+04   -0.503173433794895501E-03    0.297989428267764200E+00    0.692341880320778635E+01
    0.121923510551772440E+01    0.559680722067407377E+00    0.402448235952986988E+04   -0.541894439627198373E-03    0.175575120540674534E+00    0.693339327494888291E+01
    0.121923510551772440E+01    0.559680722067407377E+00    0.402448235952986988E+04   -0.541894439627198373E-03    0.175575120540674534E+00    0.693339327494888291E+01
    0.137509344105050646E+01    0.539151461531556464E+00    0.468257268091100104E+04    0.572491392008084147E-03    0.396211998794148812E+00    0.695803785491023241E+01
    0.137509344105050646E+01    0.539151461531556464E+00    0.468257268091100104E+04    0.572491392008084147E-03    0.396211998794148812E+00    0.695803785491023241E+01
    0.117164648806033700E+01    0.541393027734242693E+00    0.467927817376010262E+04    0.579971021183870028E-04    0.176936928632453749E+00    0.697087036759892342E+01
    0.117164648806033700E+01    0.541393027734242693E+00    0.467927817376010262E+04    0.579971021183870028E-04    0.176936928632453749E+00    0.697087036759892342E+01
    0.118842137135348613E+01    0.504427895350574307E+00    0.488204474260792995E+04   -0.113627015401915110E-03    0.257592056330617825E+00    0.697091918106188757E+01
    0.119568677525920286E+01    0.557296119982349514E+00    0.489458699807546600E+04    0.331475098321467308E-03    0.341707406469774488E+00    0.698337922156043245E+01
    0.122704097555036418E+01    0.528125813886922257E+00    0.491433113175445305E+04   -0.806946733809142474E-03    0.259135865926550524E+00    0.699514607353617102E+01
    0.985967634835403284E+00    0.521466689359097235E+00    0.446868309855658481E+04    0.109977069602793307E-04    0.156987324276188472E+00    0.699818373635402047E+01
    0.124546329939701539E+01    0.552856664883109916E+00    0.452831199354713863E+04    0.284668849884696980E-03    0.322054250392889374E+00    0.700244268977655970E+01
    0.111757838002370224E+01    0.579875817960814888E+00    0.495823848158985402E+04    0.132194074356290116E-03    0.165902842559169234E+00    0.701678606609791977E+01
    0.139361515748897213E+01    0.559401349588436458E+00    0.484909362249001606E+04   -0.913443023023446948E-04    0.422785720852942304E+00    0.701860293478923225E+01
    0.123187697183883338E+01    0.496357666574922585E+00    0.483066192122360280E+04    0.421574841816582980E-04    0.359601584087121451E+00    0.702046665784353952E+01
    0.133343945455584301E+01    0.565261723402934235E+00    0.492273340745422593E+04   -0.289344492997896385E-03    0.374823144455349921E+00    0.702051082406614757E+01
    0.123139876980338969E+01    0.497596481912400135E+00    0.445976517781755865E+04   -0.534852060662640324E-03    0.315867807864516847E+00    0.702647079772459460E+01
    0.139317483250732321E+01    0.582790905367136958E+00    0.409635748186841101E+04   -0.110855196676881183E-03    0.360892354851690911E+00    0.703076556107395412E+01
    0.139317483250732321E+01    0.582790905367136958E+00    0.409635748186841101E+04   -0.110855196676881183E-03    0.360892354851690911E+00    0.703076556107395412E+01
    0.142201159856448123E+01    0.564317275547181918E+00    0.421261695150429568E+04    0.775698768255384994E-03    0.403154208692354965E+00    0.703252019495355274E+01
    0.120084984109132487E+01    0.516260342570811992E+00    0.447923483498923451E+04   -0.322286846013656344E-03    0.258445128406843083E+00    0.704009141672426875E+01
    0.127317023233976911E+01    0.563756490394036636E+00    0.409583594793735483E+04    0.901728499080054543E-04    0.238878745241015267E+00    0.705198024683990088E+01
    0.134975589632453197E+01    0.613861865014371788E+00    0.480699848447573095E+04    0.209005801447127043E-03    0.340419558697972580E+00    0.705427831666525407E+01
    0.135610765582696802E+01    0.519851719322712791E+00    0.430820665788055703E+04    0.928795270555565745E-03    0.395263385261792943E+00    0.705584225562618705E+01
    0.135610765582696802E+01    0.519851719322712791E+00    0.430820665788055703E+04    0.928795270555565745E-03    0.395263385261792943E+00    0.705584225562618705E+01
    0.121723136729775128E+01    0.532406094288583542E+00    0.485767449345491241E+04   -0.188084872999866581E-04    0.317211083685054129E+00    0.706512839416053140E+01
    0.110404680424202173E+01    0.528068474691518297E+00    0.449568423337761124E+04   -0.601173276144500806E-03    0.183942064991972937E+00    0.706765759431509366E+01
    0.125421789169706077E+01    0.541442489534653459E+00    0.498848589502488267E+04    0.648276718455935408E-03    0.304962764313277179E+00    0.706865891973870575E+01
    0.118394089716545170E+01    0.528405664140725650E+00    0.435893838926715216E+04    0.200983828413158665E-03    0.350322722593048030E+00    0.706965499022825039E+01
    0.118394089716545170E+01    0.528405664140725650E+00    0.435893838926715216E+04    0.200983828413158665E-03    0.350322722593048030E+00    0.706965499022825039E+01
    0.119069613371292471E+01    0.589583047346632139E+00    0.467765869883762025E+04    0.669212068677543662E-03    0.187634821710318422E+00    0.706998223859195196E+01
    0.117659637413722473E+01    0.559807198594961974E+00    0.498286030562275846E+04    0.130643993831583953E-03    0.184666147579796658E+00    0.708100883487325206E+01
    0.128678976668513911E+01    0.538507872700144219E+00    0.429514651231281641E+04    0.426087181708784279E-04    0.356228292224722964E+00    0.708365445728400989E+01
    0.114936399297706204E+01    0.578052321767756894E+00    0.497900168127121742E+04    0.246129707357273817E-03    0.187645357619700970E+00    0.709086494918549359E+01
    0.119360876346732026E+01    0.514202275575660561E+00    0.489489225726908080E+04    0.227247889640676612E-03    0.335407692227816800E+00    0.709137118931970267E+01
    0.113344461880462055E+01    0.573696008602823104E+00    0.428174870278191247E+04    0.269736993969258050E-03    0.161101169521187998E+00    0.709469831643970750E+01
    0.118703878296794163E+01    0.526148957503609904E+00    0.463098227429546841E+04   -0.103349136277319721E-02    0.205934065246025394E+00    0.710457546134679596E+01
    0.106595534726374019E+01    0.573386923853899333E+00    0.481482729196857508E+04    0.142626179535472182E-03    0.155570610021593891E+00    0.713259576512577809E+01
    0.993666528268969618E+00    0.518069932162792846E+00    0.496268588972955513E+04   -0.484269240019052330E-03    0.150663000212119258E+00    0.714397184588483736E+01
    0.134062238607239248E+01    0.556442590263950709E+00    0.477370409971181198E+04    0.118214982527821544E-03    0.346853826586466185E+00    0.714766424499865316E+01
    0.134062238607239248E+01    0.556442590263950709E+00    0.477370409971181198E+04    0.118214982527821544E-03    0.346853826586466185E+00    0.714766424499865316E+01
    0.135761864986117819E+01    0.543692361322557605E+00    0.455470031954847127E+04    0.435310859375365254E-03    0.405191265809072831E+00    0.714936758883233203E+01
    0.118049482897032632E+01    0.502415291012339615E+00    0.499592807482221360E+04   -0.463982751934054359E-04    0.286694935402645623E+00    0.716139953043590793E+01
    0.118049482897032632E+01    0.502415291012339615E+00    0.499592807482221360E+04   -0.463982751934054359E-04    0.286694935402645623E+00    0.716139953043590793E+01
    0.129425989662239749E+01    0.552207423300942413E+00    0.470051909494216216E+04    0.381193808635635456E-04    0.354840782116705389E+00    0.716595098920206919E+01
    0.125967277312477255E+01    0.509857638182157125E+00    0.492233163462450739E+04   -0.218866951955229557E-03    0.329638087505029320E+00    0.717227466633853350E+01
    0.125967277312477255E+01    0.509857638182157125E+00    0.492233163462450739E+04   -0.218866951955229557E-03    0.329638087505029320E+00    0.717227466633853350E+01
    0.115368808140722834E+01    0.576550399165251859E+00    0.495099463497748457E+04    0.403620794114783305E-03    0.171736604842016971E+00    0.717273940509634755E+01
    0.115368808140722834E+01    0.576550399165251859E+00    0.495099463497748457E+04    0.403620794114783305E-03    0.171736604842016971E+00    0.717273940509634755E+01
    0.125907998744265393E+01    0.547794665246330803E+00    0.487753958180086101E+04   -0.391907000241707899E-03    0.258432190433428854E+00    0.717852958364939475E+01
    0.125907998744265393E+01    0.547794665246330803E+00    0.487753958180086101E+04   -0.391907000241707899E-03    0.258432190433428854E+00    0.717852958364939475E+01
    0.126506938766835830E+01    0.493055131232253085E+00    0.497797743359651395E+04    0.459310902894169361E-03    0.350319654719975393E+00    0.717941355762332556E+01
    0.130461230642356374E+01    0.576619774312709499E+00    0.411315887206653133E+04    0.982632720072619065E-04    0.214271603283457346E+00    0.718237412215606419E+01
    0.130461230642356374E+01    0.576619774312709499E+00    0.411315887206653133E+04    0.982632720072619065E-04    0.214271603283457346E+00    0.718237412215606419E+01
    0.992621482353714057E+00    0.531332945911022869E+00    0.442406731234367089E+04   -0.146477635557302615E-03    0.153437710604032829E+00    0.718304152329457857E+01
    0.111671747739135130E+01    0.525480780182081775E+00    0.475790177332311760E+04   -0.562246563343266319E-03    0.198986119544031864E+00    0.718393997884155056E+01
    0.127393853531210466E+01    0.489986756037987470E+00    0.473087897966149376E+04    0.134663621934541663E-03    0.374183539068493165E+00    0.718979404536326605E+01
    0.105783357261876487E+01    0.529527007878832778E+00    0.478878038076363555E+04   -0.542146679618316237E-03    0.158569575532752888E+00    0.719023087601956945E+01
    0.128161894736278525E+01    0.510726264409356312E+00    0.422454048235109167E+04    0.104504681221615922E-04    0.321069683790561333E+00    0.719648168372010932E+01
    0.117037259611156852E+01    0.575916240404229729E+00    0.489883475014624401E+04    0.288146525537266620E-03    0.224896569764763660E+00    0.720180061979181652E+01
    0.118096557280770442E+01    0.527002394780459071E+00    0.489047721398686735E+04    0.675245937955300224E-03    0.244686791038462137E+00    0.720251780770492545E+01
    0.118096557280770442E+01    0.527002394780459071E+00    0.489047721398686735E+04    0.675245937955300224E-03    0.244686791038462137E+00    0.720251780770492545E+01
    0.126204375450456396E+01    0.588845139680788998E+00    0.499750645635047567E+04    0.485106064503989295E-03    0.317292286964942383E+00    0.721185162389751966E+01
    0.130080812513881550E+01    0.545701298946013269E+00    0.455007748546190032E+04   -0.463845313073089590E-03    0.358662890723333905E+00    0.721231225390191177E+01
    0.124695073233344345E+01    0.530667173166239792E+00    0.484095996766843746E+04   -0.441516894749714186E-03    0.240072806568434688E+00    0.721244714320284785E+01
    0.124230585827349049E+01    0.570579233862417934E+00    0.399257899901342307E+04    0.570001542523681137E-03    0.211919462999726138E+00    0.721993085947025914E+01
    0.135505357158217388E+01    0.544331410455803466E+00    0.465449469331329965E+04    0.799717121673787393E-03    0.337636395033889314E+00    0.723255892961833791E+01
    0.123782349739828756E+01    0.498228027104552273E+00    0.432248019123395807E+04    0.650146152425648159E-03    0.351195318526210443E+00    0.723487141186292515E+01
    0.100033604237102280E+01    0.513172089778481055E+00    0.468721442800836394E+04   -0.819635225321472508E-03    0.149915036602040946E+00    0.723631926134340908E+01
    0.100033604237102280E+01    0.513172089778481055E+00    0.468721442800836394E+04   -0.819635225321472508E-03    0.149915036602040946E+00    0.723631926134340908E+01
    0.120377812106903570E+01    0.585878132486650771E+00    0.438441784762814041E+04   -0.398352541265620185E-04    0.165245801916171275E+00    0.724639571773093838E+01
    0.120312572853603039E+01    0.523226095342509856E+00    0.474532476573100121E+04   -0.138204727900064232E-03    0.309177777673171228E+00    0.724658113493482947E+01
    0.129132817645987452E+01    0.516429878650110918E+00    0.489030933068082868E+04    0.164865145008359854E-03    0.380230832821977116E+00    0.724761567488839376E+01
    0.103847184825608552E+01    0.540448813025697028E+00    0.490109891795407748E+04    0.152345787875145136E-03    0.148475124062941749E+00    0.725283156966079900E+01
    0.134027803560167325E+01    0.594028470040462220E+00    0.465462229832315188E+04    0.576891873475061869E-03    0.296216220378295092E+00    0.725423729432678055E+01
    0.130176256064169271E+01    0.562093545906102832E+00    0.499239554468416009E+04    0.145732325555835064E-03    0.363407161285976443E+00    0.725860060137012830E+01
    0.112658851327142795E+01    0.567489275285863570E+00    0.498300287916751495E+04   -0.111399185115261038E-05    0.168953156193788617E+00    0.726523438053733273E+01
    0.127194550608775514E+01    0.589632361702755237E+00    0.472508703620614870E+04   -0.608919253380037413E-05    0.281177703476665930E+00    0.726899195164749923E+01
    0.127194550608775514E+01    0.589632361702755237E+00    0.472508703620614870E+04   -0.608919253380037413E-05    0.281177703476665930E+00    0.726899195164749923E+01
    0.124201793766493718E+01    0.536766429106888099E+00    0.455333341771438700E+04   -0.753257620748181008E-04    0.321796292245741911E+00    0.727123549638916700E+01
    0.126328354765084150E+01    0.526974271419464513E+00    0.492173774075419078E+04    0.238690659336965728E-03    0.272124801257108806E+00    0.728186210043555970E+01
    0.994605181342583355E+00    0.503488968888633259E+00    0.499458497580145740E+04    0.312182800493569909E-03    0.148598426534703149E+00    0.728470190073249491E+01
    0.100932450306162291E+01    0.538204442035400632E+00    0.480151467755806061E+04    0.491217770461608815E-04    0.151824961325015689E+00    0.728690513256859962E+01
    0.127476954104933382E+01    0.572434118631814925E+00    0.496404670351051391E+04   -0.589944207113101966E-03    0.294730124412853067E+00    0.729135246810723459E+01
    0.127476954104933382E+01    0.572434118631814925E+00    0.496404670351051391E+04   -0.589944207113101966E-03    0.294730124412853067E+00    0.729135246810723459E+01
    0.123543138125477747E+01    0.519880060718074244E+00    0.495744089887018890E+04    0.348145275567220255E-03    0.239101708387003842E+00    0.729583902708019405E+01
    0.123543138125477747E+01    0.519880060718074244E+00    0.495744089887018890E+04    0.348145275567220255E-03    0.239101708387003842E+00    0.729583902708019405E+01
    0.108403195009083531E+01    0.550886061901394664E+00    0.446710176493295239E+04    0.515514863071456003E-03    0.161198260135945265E+00    0.729658774734744497E+01
    0.127803977521339851E+01    0.524857622026646431E+00    0.486348616317756478E+04   -0.744408355705233394E-03    0.359692093735123342E+00    0.732294265034297265E+01
    0.127803977521339851E+01    0.524857622026646431E+00    0.486348616317756478E+04   -0.744408355705233394E-03    0.359692093735123342E+00    0.732294265034297265E+01
    0.137126648194866263E+01    0.561337171575254423E+00    0.442786362256910706E+04   -0.763184005500198905E-03    0.405708672252256375E+00    0.732504787530382107E+01
    0.134711643669435710E+01    0.538502261463829512E+00    0.497504707596213575E+04   -0.364878724836190891E-04    0.371740627967046100E+00    0.732800213267311840E+01
    0.121334605041886645E+01    0.509831560689482099E+00    0.432980613404733867E+04   -0.296790118556165057E-03    0.344705284256003996E+00    0.733386897498739287E+01
    0.113196712364233987E+01    0.560947319061167127E+00    0.475121058495848683E+04    0.838934631410451459E-04    0.152917490299415149E+00    0.733490252644176355E+01
    0.113196712364233987E+01    0.560947319061167127E+00    0.475121058495848683E+04    0.838934631410451459E-04    0.152917490299415149E+00    0.733490252644176355E+01
    0.117680831556494203E+01    0.558277231721162170E+00    0.479221836457029804E+04    0.341604283693693324E-04    0.227572026906667807E+00    0.734643358696102133E+01
    0.121263208955517632E+01    0.539272447612800576E+00    0.483405223304961692E+04    0.731813527520037033E-04    0.354569871453874419E+00    0.735450526095808232E+01
    0.961652493651287466E+00    0.521306864260143166E+00    0.480508848743924682E+04    0.277335284314299670E-03    0.154619624225234759E+00    0.735761587104934200E+01
    0.113443094031360081E+01    0.531464204693743336E+00    0.435113143778151607E+04    0.207604302340472218E-04    0.167115711745637829E+00    0.736275222445388255E+01
    0.115634465652552088E+01    0.584462655942062370E+00    0.405302214897481508E+04    0.126260219932323195E-03    0.157030204959804909E+00    0.736764574306014453E+01
    0.112856948749868402E+01    0.537498450254222160E+00    0.442478343614397727E+04    0.244258189252973737E-04    0.163658273887090255E+00    0.737128687966344920E+01
    0.124844479377867534E+01    0.545753537056237081E+00    0.450112457473899485E+04   -0.221834212437736257E-03    0.362824639261676962E+00    0.738755690168569767E+01
    0.146726561753520279E+01    0.562140678668423766E+00    0.432430178222585619E+04   -0.484299275139742850E-03    0.414341795085264364E+00    0.739611238205506183E+01
    0.135771249399243588E+01    0.531663335754797850E+00    0.467637425620718113E+04    0.569589874198740752E-03    0.380079747588890016E+00    0.739791252436466262E+01
    0.105377218429585673E+01    0.546150217617929812E+00    0.460969726767146221E+04    0.465551358638519519E-04    0.155960159704429113E+00    0.739892973423570499E+01
    0.116985275889093843E+01    0.541208533824771409E+00    0.480946309561898397E+04   -0.100964860165972587E-02    0.294671315738716744E+00    0.740347483781284765E+01
    0.124529836711270470E+01    0.549060826938541746E+00    0.484349800130239237E+04    0.351910834420107808E-03    0.261834181446411463E+00    0.741228547004034688E+01
    0.112859425555962001E+01    0.523525423280109869E+00    0.484533546175187439E+04    0.442390685891807460E-03    0.217366012940126224E+00    0.741412339660057462E+01
    0.112859425555962001E+01    0.523525423280109869E+00    0.484533546175187439E+04    0.442390685891807460E-03    0.217366012940126224E+00    0.741412339660057462E+01
    0.135040660939103563E+01    0.553074400525566334E+00    0.423664597644201513E+04    0.112935471768054580E-02    0.343345350219911194E+00    0.742184892925026762E+01
    0.123559681089310858E+01    0.614808936901179770E+00    0.498580213547055428E+04    0.187193353094183688E-03    0.208319712892457320E+00    0.742215755565172408E+01
    0.105527376887576030E+01    0.544688552089135136E+00    0.453689866714665823E+04    0.400993135554975218E-03    0.161803321899724795E+00    0.742657462907916344E+01
    0.129116328832083416E+01    0.531828048732002179E+00    0.468334452543540010E+04   -0.756984140615390224E-04    0.367082433692645593E+00    0.742661469095672100E+01
    0.118932279910812921E+01    0.524693345978916370E+00    0.479224264636699445E+04    0.198980595574431592E-03    0.261510271866202793E+00    0.743264355937977239E+01
    0.118932279910812921E+01    0.524693345978916370E+00    0.479224264636699445E+04    0.198980595574431592E-03    0.261510271866202793E+00    0.743264355937977239E+01
    0.135694210001082260E+01    0.544219188250270824E+00    0.449157256000447705E+04    0.123722889672811027E-03    0.392587958656824720E+00    0.744188346745910678E+01
    0.127485058072459978E+01    0.606091815231041386E+00    0.467412835337939578E+04   -0.161457591068802731E-03    0.199025102393707187E+00    0.744490442731751134E+01
    0.109888315739099740E+01    0.559698046527959181E+00    0.450929736937193320E+04    0.315845499671680533E-03    0.152097463279819323E+00    0.745718272774971425E+01
    0.120702028537206663E+01    0.564764346762462899E+00    0.467789470682125830E+04   -0.677250239548171266E-04    0.183501219266409860E+00    0.746493558187831052E+01
    0.108465347363356224E+01    0.516994506243221408E+00    0.490492263181978251E+04    0.251323017076978956E-03    0.202866773498416753E+00    0.746803812971916159E+01
    0.137148159817603998E+01    0.549372000210379685E+00    0.463284876938438993E+04   -0.554571563495342632E-03    0.309090351178958833E+00    0.747219379347061796E+01
    0.122460662988500246E+01    0.501947302158942010E+00    0.475236021799115588E+04   -0.132972026788617006E-03    0.360421676028625959E+00    0.747235486760845191E+01
    0.129776474346170145E+01    0.528188512822034495E+00    0.457603329930715427E+04   -0.742646026500093018E-04    0.385321785428025310E+00    0.747845134553136415E+01
    0.124725427753641505E+01    0.533285529062152319E+00    0.408318164005289327E+04   -0.795680265509496657E-04    0.184405130013312546E+00    0.748189015144894753E+01
    0.131367235024693541E+01    0.560524102716145611E+00    0.455785397011320401E+04   -0.818513462800089580E-03    0.283627005092292661E+00    0.748650423661398801E+01
    0.110132449431126966E+01    0.561554279140224821E+00    0.409274438478025513E+04    0.335405450264681705E-03    0.154176777560563194E+00    0.748918132486863009E+01
    0.136373550651631215E+01    0.574601128325449073E+00    0.484901812769487788E+04   -0.547588665876610039E-03    0.391199580386021428E+00    0.748973595559617600E+01
    0.130570381532803781E+01    0.530641951109762422E+00    0.470014333196651205E+04    0.647174385758857970E-04    0.358709828747768578E+00    0.749124392809025785E+01
    0.120285535085571116E+01    0.574598368895971046E+00    0.463627916625353464E+04    0.639788088394768543E-05    0.177885498677363113E+00    0.749438636050607698E+01
    0.108525965712629757E+01    0.567334412930107668E+00    0.487641744313752224E+04    0.343345066510826957E-03    0.165399815475424400E+00    0.749484875396423966E+01
    0.138033680719415730E+01    0.570731552205428816E+00    0.470314883285073756E+04    0.387769036557037881E-03    0.416945461247941074E+00    0.750384193565370783E+01
    0.112097520539800533E+01    0.510756554326327272E+00    0.446381438969956434E+04    0.566488581303583477E-03    0.202779806177540045E+00    0.750935095107824946E+01
    0.136751631019424025E+01    0.594363907469699804E+00    0.467466597320760775E+04   -0.322190815197105922E-03    0.346595079601797529E+00    0.751667874466921404E+01
    0.121273838959476565E+01    0.543991733578347070E+00    0.422192554570295670E+04   -0.509187250452724873E-04    0.177098175554059378E+00    0.751835311016412966E+01
    0.127237237557462479E+01    0.544806104125537427E+00    0.477154637828985778E+04    0.109607954645517228E-03    0.363671199024527492E+00    0.753080490010678627E+01
    0.136217259367299937E+01    0.523867728961123102E+00    0.496445565683333098E+04    0.431591798293476619E-03    0.384569034675206700E+00    0.753958228331632885E+01
    0.113390749649526135E+01    0.578413128057006842E+00    0.463278766628327321E+04   -0.626905020201087198E-03    0.157450817714439861E+00    0.754110663483585952E+01
    0.132711266775340953E+01    0.505385490995142295E+00    0.485331104741069157E+04   -0.400067260454997295E-03    0.349711018018910691E+00    0.754772862165438596E+01
    0.102904160790852450E+01    0.552208327195353621E+00    0.482317943989984269E+04    0.815833884198676916E-03    0.162630448761637625E+00    0.754832847020679232E+01
    0.993342509145690000E+00    0.539415700038252899E+00    0.466315906964222540E+04   -0.101793206097184301E-03    0.147734038904295123E+00    0.755416667221828675E+01
    0.137851990565764626E+01    0.583673443790085678E+00    0.480385675355704097E+04    0.902014077673987577E-04    0.412816914695301018E+00    0.755870230929267350E+01
    0.115371893059717001E+01    0.595594895283673376E+00    0.430626318681259818E+04    0.486806298875993454E-03    0.164816588172303158E+00    0.755874590683925973E+01
    0.120154870449430407E+01    0.539005918242188242E+00    0.455168698084336665E+04    0.395819855077882631E-03    0.194099415191271940E+00    0.755967914473546454E+01
    0.110894533976841791E+01    0.553631466145909634E+00    0.462249066752690669E+04   -0.100993466440321711E-03    0.160418383070332404E+00    0.756364721592013023E+01
    0.140312179877041165E+01    0.570589957079367882E+00    0.458175656245560276E+04    0.383819373247141723E-03    0.390243292706011213E+00    0.756963938011543735E+01
    0.112404408138112921E+01    0.526601197400494936E+00    0.471299348835758701E+04    0.112761096217168164E-04    0.188808652838922564E+00    0.758615065906870800E+01
    0.107844470031216511E+01    0.555514895425423871E+00    0.478268124142529632E+04   -0.283229444871147104E-03    0.160546461130910312E+00    0.758749736033599209E+01
    0.139865125090942821E+01    0.551046478071854251E+00    0.480656487748638392E+04    0.379949414516552461E-03    0.363593975720702178E+00    0.758759982397450550E+01
    0.149739487966633034E+01    0.552507860415137442E+00    0.410532176456699926E+04   -0.736474478553044072E-03    0.408204917560848979E+00    0.759576046609583777E+01
    0.132077605249533914E+01    0.591794290276896784E+00    0.461552385930802393E+04   -0.628412743733155641E-03    0.283037101190083962E+00    0.759590152540007502E+01
    0.152710623674750456E+01    0.560414234667426681E+00    0.415326338533005219E+04   -0.926119654007332869E-03    0.415779755162138165E+00    0.760454700624184099E+01
    0.118699583837143230E+01    0.522977992804731673E+00    0.436864582694030105E+04    0.121275161524297918E-03    0.194076849333367385E+00    0.761124651577989120E+01
    0.108821213974082509E+01    0.535150610100789903E+00    0.416266386972696819E+04    0.451369704475029369E-05    0.161873956449595235E+00    0.761475604305463261E+01
    0.114610703719991269E+01    0.524539162710846441E+00    0.476895159397340467E+04    0.169220721580982231E-03    0.206088611218381512E+00    0.761684229762706355E+01
    0.131466842326016398E+01    0.504878538231349872E+00    0.485361392281711960E+04   -0.447823258230587180E-04    0.341931632633223070E+00    0.761792001282608577E+01
    0.124054138421543358E+01    0.542923613524177284E+00    0.471143505394272051E+04   -0.796400431306639551E-03    0.357456288319680737E+00    0.762515683540434352E+01
    0.134373993443838691E+01    0.546186525461509031E+00    0.482643765370077381E+04   -0.360471299936065742E-03    0.362079110430727491E+00    0.762583920184206576E+01
    0.132148600845749353E+01    0.522679743273494202E+00    0.469831265342051120E+04    0.121655416754211219E-03    0.347758790614707658E+00    0.763019513137302408E+01
    0.120779363422143815E+01    0.531305279039138378E+00    0.497226848195967432E+04   -0.610888147755898089E-03    0.291075461310135175E+00    0.764740128726835344E+01
    0.122820290124522913E+01    0.526740862613254146E+00    0.486806610889154490E+04   -0.439299218757279147E-03    0.345564005622095327E+00    0.766903118762932756E+01
    0.114588222419200236E+01    0.539330482337585293E+00    0.445959965389287208E+04   -0.658152049900690849E-03    0.184149305147993769E+00    0.767581179278960413E+01
    0.122714554403807630E+01    0.530557797990030222E+00    0.435484754323087145E+04   -0.548891624238652550E-03    0.363432900074103726E+00    0.767901177280990765E+01
    0.104072741620300424E+01    0.525003464421622601E+00    0.480218432894226680E+04    0.169242906180510651E-03    0.151676591100232239E+00    0.768128153399051605E+01
    0.127318655070616282E+01    0.517749935529953187E+00    0.491992885681522512E+04    0.652913074868329897E-05    0.354417516890087103E+00    0.768212404873151122E+01
    0.122256989756366607E+01    0.492815387325729826E+00    0.481773797107550126E+04   -0.138838924725425561E-03    0.329578955468131540E+00    0.768953519681128128E+01
    0.134557368491101625E+01    0.526873823838806210E+00    0.498922261354271268E+04   -0.153637963670397014E-03    0.399260343868020118E+00    0.769375149649621992E+01
    0.130749982999911785E+01    0.572136888221016271E+00    0.477574905250565189E+04   -0.157364463969409401E-04    0.337848941053596974E+00    0.770685356677286126E+01
    0.130449974484976816E+01    0.550538587760481590E+00    0.482487475725981767E+04   -0.505327081360723573E-03    0.387702391943314906E+00    0.771518147343999505E+01
    0.124244093956343349E+01    0.548997499429404678E+00    0.489329919801470351E+04    0.647448980055287859E-04    0.364562122569792590E+00    0.771610469019473477E+01
    0.134228405428056519E+01    0.593776997997560674E+00    0.486499251421347071E+04    0.373599748773660492E-03    0.336053646925216665E+00    0.772320012368940301E+01
    0.133334339635407684E+01    0.531647317609531544E+00    0.460126547964541987E+04    0.442730703134452800E-03    0.396314123976124644E+00    0.773533612357625788E+01
    0.117445365021972137E+01    0.583247564394161699E+00    0.483607765749305145E+04    0.225368085838958894E-03    0.168688028605870399E+00    0.773541449632295652E+01
    0.140606808988965071E+01    0.557466610333626100E+00    0.458582092509688937E+04    0.196862863513814449E-03    0.390954361510120862E+00    0.773668613908836100E+01
    0.127038441595708318E+01    0.530848019153123962E+00    0.490564397007027037E+04    0.307660875985874406E-03    0.377076234781120179E+00    0.774053815199604145E+01
    0.139193197101060617E+01    0.574276945909721226E+00    0.471643749880805899E+04    0.112476851231881937E-03    0.387555757868238759E+00    0.776547712036689397E+01
    0.126498701117594137E+01    0.508369845196098735E+00    0.481173929523529296E+04    0.510272363820580307E-03    0.364231557798720906E+00    0.776588284297421616E+01
    0.129334304598448901E+01    0.518523407716675377E+00    0.492227412257310334E+04   -0.322365365692652939E-03    0.365823661368088360E+00    0.776906296829460175E+01
    0.126701005235153996E+01    0.556870615230447896E+00    0.463482719891603301E+04    0.162136206062549057E-03    0.272780111359303024E+00    0.777777487291169578E+01
    0.110327723385167320E+01    0.542504335525140102E+00    0.444943367045597188E+04   -0.222786014801039047E-03    0.162884312692382516E+00    0.778404256994766630E+01
    0.111863085965891629E+01    0.544239705480287217E+00    0.488120864876879932E+04    0.628170863803946935E-03    0.173088800955420508E+00    0.778707869676953379E+01
    0.120317399231069300E+01    0.581233007934483958E+00    0.451053340577971358E+04    0.238789212626828335E-04    0.168609389076803506E+00    0.779181869583554132E+01
    0.121477558468599511E+01    0.519759073647409697E+00    0.435827987083020253E+04   -0.578761265864903020E-03    0.370676164566868582E+00    0.779250721045774153E+01
    0.105494099796360219E+01    0.525739293315470979E+00    0.480485531899433408E+04    0.508252312084303656E-03    0.152641523233999488E+00    0.779377451473030192E+01
    0.109593576524380709E+01    0.518429157971854293E+00    0.489882482657073251E+04   -0.365869324549435236E-03    0.165832879131556116E+00    0.780031413956229791E+01
    0.115909450174725515E+01    0.577490810157517687E+00    0.492797655951263005E+04   -0.262081274304266313E-03    0.215346245711536349E+00    0.780643302705750308E+01
    0.124368378089086629E+01    0.530993077748036724E+00    0.467233707179565499E+04   -0.369418636042526528E-03    0.336864187135882620E+00    0.781336024000660956E+01
    0.133306614885007813E+01    0.528351296528073222E+00    0.492226242564882523E+04    0.507098591314241376E-03    0.368251575303354228E+00    0.781530008241464635E+01
    0.141960308828096915E+01    0.553651635792568153E+00    0.405681390544185342E+04   -0.399675518831273623E-03    0.400161806630617400E+00    0.781644420559131703E+01
    0.112585901201198424E+01    0.586722316340032579E+00    0.493756124067666406E+04    0.215314041419822466E-03    0.176538558776732746E+00    0.782125836870430735E+01
    0.122295346164919394E+01    0.541556896321214509E+00    0.451126125837447216E+04   -0.191582410386622996E-03    0.203797014263074283E+00    0.783324853813839894E+01
    0.125769024142457431E+01    0.503350273140278137E+00    0.453977001690325960E+04    0.173865590082370299E-03    0.356455753641922501E+00    0.783962878313682054E+01
    0.137473169001237361E+01    0.552187421152067204E+00    0.451062726706107605E+04   -0.102097644408550076E-03    0.390083353090153129E+00    0.784167545119721598E+01
    0.141674388024222320E+01    0.534089136833596934E+00    0.493354978911110265E+04    0.194054903451224682E-04    0.408134398712052648E+00    0.784533528245790635E+01
    0.128266161297266579E+01    0.537728397572301287E+00    0.472839868613707313E+04   -0.361801219330867136E-03    0.360729404068238557E+00    0.784878452030852536E+01
    0.127974109849872431E+01    0.542612804104548707E+00    0.478200475041849950E+04   -0.177992492689900894E-03    0.367521455742646608E+00    0.785141426068035209E+01
    0.119677950302631442E+01    0.534454516524742407E+00    0.460221474290825972E+04    0.145550555160303701E-03    0.262712220369680116E+00    0.785802126913089882E+01
    0.128766341904234483E+01    0.544285133471955507E+00    0.495279849699725855E+04   -0.143931405923587767E-03    0.391051328760014583E+00    0.786763510550876610E+01
    0.137512415392197607E+01    0.553623964035295013E+00    0.451009236857144515E+04    0.640776961975815756E-03    0.372278658150021813E+00    0.787018230839267652E+01
    0.124454855066147552E+01    0.586052878596281523E+00    0.482289036636589390E+04    0.442350635589698946E-04    0.248826649841698694E+00    0.787639364067962688E+01
    0.117983070326002926E+01    0.559909595929527937E+00    0.460186868140750084E+04    0.369242670565178511E-03    0.247380751705212620E+00    0.787640912400441895E+01
    0.138419789807773896E+01    0.593734170365280978E+00    0.463611654726325469E+04    0.993740269189774105E-03    0.386082862022844586E+00    0.788074377636004009E+01
    0.136337648562449720E+01    0.533251637166275327E+00    0.471958211807996486E+04   -0.422204241874423348E-03    0.351533079882012545E+00    0.788272998390474289E+01
    0.135305260625409396E+01    0.517874186819075599E+00    0.468359266172104526E+04    0.460768328744913037E-03    0.384905761295372129E+00    0.788287545912959864E+01
    0.130521436759009779E+01    0.569147214057661222E+00    0.458008395751787066E+04    0.120127734365411997E-03    0.218401983108467340E+00    0.789244630392930802E+01
    0.139693384492992179E+01    0.534143104917872646E+00    0.486551844566045838E+04    0.900409585393009151E-03    0.390411846815838792E+00    0.790010991695242204E+01
    0.113159662122759008E+01    0.558926699138237115E+00    0.455607837251560886E+04   -0.663616638879263089E-03    0.219596539992871737E+00    0.790132701551172190E+01
    0.105546100785994801E+01    0.550348095035992246E+00    0.480123927892192569E+04    0.704123551620442433E-03    0.159722069046229709E+00    0.790682708400698075E+01
    0.119520475327267084E+01    0.503546009857620547E+00    0.475833829967247311E+04   -0.761694527779111337E-04    0.357133391318275928E+00    0.790898979627417731E+01
    0.109008968108967652E+01    0.563773592932338308E+00    0.499767845472144381E+04   -0.171358143147684714E-03    0.160563808115028850E+00    0.791014387782338968E+01
    0.129473201499581614E+01    0.518636100908923758E+00    0.476866585692154786E+04   -0.196397655992474679E-03    0.379520145273782361E+00    0.791057235571588180E+01
    0.129013053923334176E+01    0.500140166563514121E+00    0.492553468949348826E+04   -0.363668178658059607E-04    0.373559431913647266E+00    0.791443822270403352E+01
    0.104364583709498282E+01    0.522496327808731453E+00    0.489993161486114514E+04   -0.644460596462438759E-04    0.153479004019786369E+00    0.792155925581679732E+01
    0.124446144105527612E+01    0.545444562339115979E+00    0.492471219154036771E+04    0.532051075630434931E-03    0.367485501215318866E+00    0.792966862713508114E+01
    0.118094402109549135E+01    0.525607101452893577E+00    0.443851018114978069E+04    0.243957398431815260E-03    0.250630248002538636E+00    0.793281549077858994E+01
    0.133790645531740582E+01    0.525768550035212945E+00    0.490541809477969218E+04   -0.913290323560828797E-04    0.378761618358140262E+00    0.793321857382940987E+01
    0.108894633845660649E+01    0.537796149796302414E+00    0.498804839426421768E+04    0.191045244884630435E-03    0.158004500788562069E+00    0.793692848199720924E+01
    0.117941898130640288E+01    0.548941933484321853E+00    0.456108880571778536E+04   -0.972564194651806671E-04    0.216310454630384896E+00    0.794010567227386321E+01
    0.108261831035228773E+01    0.567007618645315681E+00    0.463613764583110878E+04   -0.850521278469404678E-03    0.159039686681268749E+00    0.794822643601775347E+01
    0.120477011882765050E+01    0.585125513168731404E+00    0.405618888750033966E+04    0.317190914635741620E-03    0.169733808256574858E+00    0.795161815633481872E+01
    0.128365289720751607E+01    0.572752541196204445E+00    0.436653499905021090E+04    0.766590494144078673E-04    0.227343647497179696E+00    0.795459478041760448E+01
    0.109754874857950790E+01    0.537700216039265988E+00    0.478202007382585998E+04    0.510269618392175509E-03    0.162716688507877516E+00    0.795875972644193119E+01
    0.125045205633541312E+01    0.543448358562847900E+00    0.477969558677262194E+04    0.156837284730928508E-03    0.285825033428674935E+00    0.797399459276584821E+01
    0.116270233955372726E+01    0.568794343763072474E+00    0.496427125947852437E+04    0.255389354702414918E-03    0.164421848259806158E+00    0.798632265281351561E+01
    0.144476332837682775E+01    0.553406567693371487E+00    0.458066120867289465E+04    0.233065747757813858E-03    0.397722193998506779E+00    0.799154235528867218E+01
    0.114127011479415197E+01    0.548010196083429713E+00    0.459264719315719685E+04   -0.103445585213410212E-04    0.160591414333833032E+00    0.799712905016251518E+01
    0.120968583378606054E+01    0.562688235146312277E+00    0.478294008326531730E+04   -0.386612350988203607E-03    0.247104609055916385E+00    0.800156897123244804E+01
    0.128553274153003283E+01    0.540733065596177731E+00    0.493690306316322585E+04    0.463588661054920622E-03    0.367597817482022249E+00    0.801129071385264346E+01
    0.123408447867771898E+01    0.573511784274747249E+00    0.496403637537799113E+04    0.247933426826416157E-03    0.221920919368596287E+00    0.801753545292467251E+01
    0.102782332257137865E+01    0.539669044129875486E+00    0.490497042366201549E+04   -0.418949717057858352E-03    0.160611119588387113E+00    0.801827958130072815E+01
    0.122319916456690825E+01    0.537037678005512609E+00    0.496158008159395467E+04   -0.955811721833838484E-04    0.328645499332362201E+00    0.802960989316578910E+01
    0.122470382272213496E+01    0.544409913175821325E+00    0.467205499690102988E+04    0.561021708190764367E-03    0.308616661368816325E+00    0.803743117290357745E+01
    0.128742179189948480E+01    0.531330387418183614E+00    0.496154313048067434E+04    0.530246207596803522E-03    0.371928104850758001E+00    0.804411841683634421E+01
    0.123439246668721525E+01    0.574907738695155102E+00    0.451031030345804538E+04   -0.504122784200593862E-03    0.190957250284229024E+00    0.804800242074765038E+01
    0.112489725192158563E+01    0.562438494245866227E+00    0.460554629153816677E+04    0.148071012729288786E-03    0.162872525033000815E+00    0.805225117256078526E+01
    0.123683015463279822E+01    0.515627795326756067E+00    0.479534138558467748E+04   -0.882082542707532358E-04    0.367412194074598131E+00    0.805325155532721126E+01
    0.126771801502615999E+01    0.513507316458074237E+00    0.499410433816070326E+04    0.427210574038445492E-03    0.368838268733182262E+00    0.806228606321257857E+01
    0.117427966452076826E+01    0.555643871120757304E+00    0.497682376454925361E+04   -0.474746978571527695E-03    0.209633524539380667E+00    0.806433857130418552E+01
    0.133890140205565089E+01    0.532312570695453013E+00    0.499134538935549335E+04    0.278804950235228132E-03    0.404897900842481839E+00    0.806435160966993436E+01
    0.123659050786626801E+01    0.567291880100646573E+00    0.467134887080119825E+04   -0.470199067418265593E-04    0.231772947984057176E+00    0.806753910437451083E+01
    0.122485713017776043E+01    0.572846913239968059E+00    0.459812922807220730E+04    0.202253439128011192E-03    0.179837677257059042E+00    0.806812718377717886E+01
    0.122179358962407658E+01    0.528578085766774675E+00    0.499432305651311526E+04    0.464693977029217680E-04    0.298901118845472991E+00    0.807028856485058199E+01
    0.122350064425404037E+01    0.548824708161242292E+00    0.464503921753625218E+04    0.231566865168918547E-03    0.302000608540744064E+00    0.807204981613774031E+01
    0.125352725626937023E+01    0.549639233519794157E+00    0.469194427326768164E+04    0.276773213965879859E-03    0.331453880891672437E+00    0.807441515687635558E+01
    0.126394183628852552E+01    0.556266271247252364E+00    0.493934583141788517E+04    0.237009050107682482E-03    0.324917532644176776E+00    0.807462505936561925E+01
    0.113835372311227356E+01    0.565100614977063431E+00    0.498564530455170279E+04   -0.299619478434438543E-03    0.167030050661187562E+00    0.808107212624772231E+01
    0.121976766757598032E+01    0.502878338450349904E+00    0.476422366313905241E+04   -0.102807086153213734E-03    0.376454943479976989E+00    0.808429769959290390E+01
    0.126683960983656196E+01    0.553303524779067857E+00    0.491178568734859982E+04   -0.164553717056590491E-03    0.295406811774232447E+00    0.808570655201331689E+01
    0.135332437464574618E+01    0.565247954815407683E+00    0.487206045741568414E+04   -0.162643495705259332E-03    0.386163883516597362E+00    0.810297727367585097E+01
    0.132775052459648757E+01    0.557111308935768434E+00    0.467177706757924079E+04   -0.528651280593533533E-03    0.371695408813306094E+00    0.810711705008627348E+01
    0.114331379400312927E+01    0.538615458518066914E+00    0.479068989321194385E+04    0.200707805532213647E-04    0.188512194389929499E+00    0.810993351712934896E+01
    0.109859038593534808E+01    0.535472775576689264E+00    0.496842931973472878E+04   -0.256990353836400356E-03    0.172687299232620078E+00    0.811826001858855584E+01
    0.116126710236552633E+01    0.555504589837799045E+00    0.458132449020185868E+04   -0.593545990138460923E-03    0.164472042772334293E+00    0.812238964573594657E+01
    0.132895239918820640E+01    0.556172766044353173E+00    0.461892899014995055E+04    0.124358747578044964E-03    0.366823416934765723E+00    0.812251901079092598E+01
    0.122515566471485648E+01    0.534499207295514367E+00    0.493862582575561919E+04   -0.317511063265897258E-04    0.268607664181414463E+00    0.838931466044309460E+01
    0.117458244464065520E+01    0.573809241945044790E+00    0.476090183994576091E+04   -0.890317671479640859E-04    0.218921825537741005E+00    0.813324034651735772E+01
    0.115960026302736541E+01    0.575480882649568315E+00    0.479735623195371136E+04   -0.232150210472737469E-03    0.197491267158750705E+00    0.836853757001421883E+01
    0.116353763421996059E+01    0.544331147023587869E+00    0.485241544271714611E+04   -0.333425151087537975E-03    0.176481437513641620E+00    0.842182970960122645E+01
    0.114521783337581029E+01    0.566372949229033917E+00    0.489999350727914589E+04   -0.156737823228203868E-03    0.157359158605559463E+00    0.837296056744982131E+01
    0.121925878729212167E+01    0.563044907379289583E+00    0.477435314272960022E+04   -0.165262161001798324E-03    0.170385095992937136E+00    0.826046943071919948E+01
    0.118670829392077648E+01    0.580739047821909660E+00    0.480605107856395534E+04   -0.251438443380698842E-03    0.162748431555951256E+00    0.885775955559766182E+01
    0.115881229851613199E+01    0.546295332084154706E+00    0.487214388891056569E+04   -0.110485498754844469E-03    0.165364503056064094E+00    0.826220089012731407E+01
    0.116536300547777438E+01    0.558175688575803353E+00    0.483661759664780857E+04   -0.825944567173769327E-04    0.170633125005199338E+00    0.873121807249896875E+01
    0.116403639254902647E+01    0.579254000142636505E+00    0.489599019219865477E+04   -0.931629089583022485E-04    0.159932145793478558E+00    0.860116838798753491E+01
    0.119701006417164924E+01    0.540939014549755459E+00    0.497418134809918865E+04   -0.737003156218989639E-03    0.267769844431459958E+00    0.824425843550542048E+01
    0.122692687335666761E+01    0.536635138899834274E+00    0.489900536903582361E+04   -0.253335137666887262E-03    0.203295385208377394E+00    0.851152316634426676E+01
    0.121352472300499858E+01    0.528973286157468525E+00    0.495130996863106338E+04   -0.557576918496678945E-03    0.233958907880555567E+00    0.819322248981089274E+01
    0.119630209077975236E+01    0.537429653856831058E+00    0.492089727313710773E+04   -0.101796527291717843E-03    0.262864252745564908E+00    0.861431522222874690E+01
    0.125687146662292992E+01    0.573148087403307915E+00    0.487258819265249804E+04   -0.431221934856591401E-04    0.278595067614738012E+00    0.852752522588221851E+01
    0.123879622623767993E+01    0.554878316843943287E+00    0.485392530976786020E+04   -0.181924872497186236E-03    0.210913496582927407E+00    0.893253997615201811E+01
    0.123879622623767993E+01    0.554878316843943287E+00    0.485392530976786020E+04   -0.181924872497186236E-03    0.210913496582927407E+00    0.893253997615201811E+01
    0.127507951877740222E+01    0.559073076486215292E+00    0.484952187795751342E+04   -0.128510297918085602E-03    0.236865601164711947E+00    0.904829842644661575E+01
    0.127507951877740222E+01    0.559073076486215292E+00    0.484952187795751342E+04   -0.128510297918085602E-03    0.236865601164711947E+00    0.904829842644661575E+01
    0.114500869712924436E+01    0.547625772150537649E+00    0.498582400779761429E+04   -0.386800917450053452E-03    0.158437155926716922E+00    0.831250974259735997E+01
    0.117665818732793248E+01    0.560551767144090052E+00    0.496089484970734884E+04   -0.516620675502019850E-04    0.170837448249443580E+00    0.815528000856412660E+01
    0.119591038979309094E+01    0.556287803872600017E+00    0.481553860330447242E+04   -0.504068448468301001E-03    0.184638452943567732E+00    0.835259761932642952E+01
    0.115950395763924452E+01    0.555471768380865871E+00    0.499930286524164967E+04    0.114846057880681101E-03    0.218688519991784514E+00    0.842102692053149227E+01
    0.113320162076958120E+01    0.555431809961608458E+00    0.434497060267721827E+04   -0.260670704845714844E-03    0.155494673637661562E+00    0.870807429057627758E+01
    0.127205891648781910E+01    0.536613554936944626E+00    0.464387608794717562E+04   -0.248843778487329236E-03    0.184895389668070509E+00    0.833053617678492841E+01
    0.134680026781337370E+01    0.583454010423514635E+00    0.456636896489576156E+04   -0.159151610198756007E-03    0.255856675890827501E+00    0.864563131602412405E+01
    0.134680026781337370E+01    0.583454010423514635E+00    0.456636896489576156E+04   -0.159151610198756007E-03    0.255856675890827501E+00    0.864563131602412405E+01
    0.129148592847669619E+01    0.543770842189931214E+00    0.430043689971184267E+04   -0.156927462907931995E-03    0.210736348430625497E+00    0.855880522610730843E+01
    0.120441167651154135E+01    0.570422460094022754E+00    0.465487900333407742E+04    0.245692231185255318E-04    0.170673295603972819E+00    0.816884934382612649E+01
    0.127372304908574030E+01    0.564286620778963188E+00    0.458130202405305226E+04    0.709851611368985985E-03    0.224229505190624012E+00    0.847686525576520822E+01
    0.124579956389009761E+01    0.572566584592723249E+00    0.434435565441362996E+04    0.444090989481148884E-03    0.184490219822246393E+00    0.900179837074412070E+01
    0.124579956389009761E+01    0.572566584592723249E+00    0.434435565441362996E+04    0.444090989481148884E-03    0.184490219822246393E+00    0.900179837074412070E+01
    0.147185537815094003E+01    0.552183143794536591E+00    0.446874896496534348E+04   -0.462924542044513578E-03    0.388833940029144287E+00    0.825208573356545827E+01
    0.137889816246691477E+01    0.528353756210978465E+00    0.480427020961239305E+04   -0.221777973485442472E-03    0.400367481692236460E+00    0.826612658143595525E+01
    0.141726653728971530E+01    0.560269766234213540E+00    0.471941201517417085E+04   -0.261832338418351756E-03    0.401842118680594274E+00    0.835989856028398748E+01
    0.140249175170173324E+01    0.562370390324884895E+00    0.456649449728354921E+04   -0.281911029318983796E-03    0.349168932500307450E+00    0.817725085391830220E+01
    0.109565215067268440E+01    0.551209632178598641E+00    0.466374949572477817E+04    0.164212989151059840E-03    0.165280394216067411E+00    0.864362445836222903E+01
    0.105277941849850798E+01    0.540309149421999924E+00    0.466381564674741367E+04    0.220183420821489732E-03    0.158986016205724084E+00    0.854668434759254581E+01
    0.118277627079292236E+01    0.543081890958728830E+00    0.476029122684789581E+04    0.229819616310199276E-03    0.243161546411741258E+00    0.877313227312165722E+01
    0.118277627079292236E+01    0.543081890958728830E+00    0.476029122684789581E+04    0.229819616310199276E-03    0.243161546411741258E+00    0.877313227312165722E+01
    0.120550365944710558E+01    0.552377340078347601E+00    0.481176728123065186E+04    0.274067297862459595E-03    0.253805519308933414E+00    0.908371999352818982E+01
    0.126002635558266229E+01    0.544389919794828980E+00    0.481535774554117324E+04    0.340436002285703966E-03    0.256759936678487122E+00    0.863065712069868951E+01
    0.116203852981282951E+01    0.545751098813798796E+00    0.492065591725863214E+04    0.661109657128100743E-03    0.213491142642793119E+00    0.816528670119677003E+01
    0.115304637858465475E+01    0.539012752278196006E+00    0.490286474148115576E+04    0.557738411446194612E-03    0.209810271917684477E+00    0.867681130007442292E+01
    0.120521058749165100E+01    0.554002141469021492E+00    0.489175854387755135E+04    0.413368872673258313E-03    0.205202690244408681E+00    0.887290332683033611E+01
    0.120521058749165100E+01    0.554002141469021492E+00    0.489175854387755135E+04    0.413368872673258313E-03    0.205202690244408681E+00    0.887290332683033611E+01
    0.125289438614616788E+01    0.580395139993848952E+00    0.485379375617683490E+04    0.257340216949453031E-03    0.227650009581560481E+00    0.852155959683419084E+01
    0.122568348118297554E+01    0.539511272545328935E+00    0.480339120388955780E+04    0.575753548020335954E-04    0.191940003528335096E+00    0.867858820304826573E+01
    0.114821330642616148E+01    0.541953771564547049E+00    0.485388185974677253E+04    0.138077991920817659E-03    0.162729565027857515E+00    0.860348815157518843E+01
    0.115863226284191412E+01    0.543000662046793092E+00    0.489194936555102413E+04    0.271699994938414020E-03    0.170990361752019787E+00    0.895024291544788575E+01
    0.115863226284191412E+01    0.543000662046793092E+00    0.489194936555102413E+04    0.271699994938414020E-03    0.170990361752019787E+00    0.895024291544788575E+01
    0.110729190085625140E+01    0.557772198429729471E+00    0.493618236736812923E+04    0.377464462142039850E-03    0.173286373669838151E+00    0.813350466479733392E+01
    0.115759891544303462E+01    0.528708112310185108E+00    0.498499219258084759E+04    0.474012528896980900E-03    0.179089505698881352E+00    0.844361157570940080E+01
    0.110695878436541473E+01    0.555351455999241961E+00    0.490254146998990655E+04    0.221229321147232348E-03    0.170017242114912648E+00    0.873048576167791524E+01
    0.112280030160261179E+01    0.563037209312543196E+00    0.499472944046472821E+04    0.102435896231647190E-02    0.163238871233075983E+00    0.827503063283199403E+01
    0.111789912999904018E+01    0.551410137293514513E+00    0.484155789156497758E+04    0.263386934029982754E-03    0.158951619341108630E+00    0.818675666520297796E+01
    0.115056506551426896E+01    0.556394757430491826E+00    0.483104233431983084E+04    0.804370960639067640E-03    0.160418087965380873E+00    0.838453824010862547E+01
    0.126237446325653213E+01    0.558279479506777809E+00    0.474119065285412034E+04    0.248201978087301829E-03    0.256658408742400090E+00    0.841497559348073665E+01
    0.128419495831500918E+01    0.569321931144201265E+00    0.489196404309616446E+04    0.755407338827093593E-03    0.324033410438027469E+00    0.908757578004377109E+01
    0.128419495831500918E+01    0.569321931144201265E+00    0.489196404309616446E+04    0.755407338827093593E-03    0.324033410438027469E+00    0.908757578004377109E+01
    0.141802238863678376E+01    0.563252701861446048E+00    0.484987332673933361E+04    0.458801800033329082E-03    0.411840147548026780E+00    0.905758607222742640E+01
    0.141673810339199191E+01    0.589342985426663080E+00    0.458082814354859329E+04    0.423253991069260358E-03    0.406447061711064817E+00    0.823047635007045031E+01
    0.144322973645134356E+01    0.540690780988181796E+00    0.483621375008859741E+04    0.524182672394927704E-03    0.394913321278283824E+00    0.816621439264291560E+01
    0.143045322775737893E+01    0.569278749134730422E+00    0.484904869075275110E+04    0.448736643165080203E-03    0.398355315276264943E+00    0.854709505302458261E+01
    0.139924561021378024E+01    0.566452009546198454E+00    0.465995897166260693E+04    0.675004416633866178E-03    0.384524548199518423E+00    0.812682403818629950E+01
    0.142652351883371220E+01    0.545002162153393255E+00    0.483667315225457878E+04    0.439702301438168086E-03    0.406122545947583624E+00    0.857064683914535763E+01
    0.134995330339948794E+01    0.582138059089602367E+00    0.435208415381403665E+04    0.606698835369210598E-04    0.310589478719509704E+00    0.853332847829093133E+01
    0.134004895415307623E+01    0.597261430625967815E+00    0.453609908197044206E+04    0.313795616094633440E-03    0.319096022971899096E+00    0.814453447894128679E+01
    0.131037150262182589E+01    0.568763476111773914E+00    0.466899544595841871E+04    0.772181572149849564E-03    0.343131038320708015E+00    0.869689848318826897E+01
    0.124779988916114593E+01    0.563731552244732703E+00    0.484845755230659779E+04    0.850555438407655574E-03    0.308270821725479094E+00    0.849291507515305888E+01
    0.136030376114931606E+01    0.539175472652860810E+00    0.492751887330767295E+04    0.558871378952425927E-03    0.409131259229439770E+00    0.854878408204358031E+01
    0.136688889500489541E+01    0.545850867296699294E+00    0.470956348729434831E+04    0.424123840404165304E-03    0.353395572688004811E+00    0.837816092645236488E+01
    0.127728687187790269E+01    0.553255945480852995E+00    0.482780013533072906E+04    0.175430608503653924E-03    0.345243465628197743E+00    0.813475543227464648E+01
    0.125310490326444102E+01    0.538937332221188781E+00    0.499717611641354506E+04    0.285534623420218383E-03    0.297615934158888817E+00    0.856221088131467667E+01
    0.119875389245091446E+01    0.519311311989275382E+00    0.490465821296187642E+04    0.302500388649375954E-03    0.356838886748651996E+00    0.831567717839786269E+01
    0.125840980922601964E+01    0.519306969904828497E+00    0.493684773780449359E+04    0.365342496298755076E-03    0.364086140459400520E+00    0.865388518000782270E+01
    0.123286558562451787E+01    0.519049042547113926E+00    0.481724608507523499E+04    0.898798119366407298E-03    0.353616090585731513E+00    0.820761985225786717E+01
    0.126206019408706704E+01    0.548922751173431367E+00    0.491826121689552474E+04    0.450761068701722143E-03    0.388427022123273569E+00    0.840191835927924124E+01
    0.122892188568825156E+01    0.532823750742596802E+00    0.457476815306262870E+04    0.181155143678812808E-03    0.309646010217829448E+00    0.822473892799696671E+01
    0.122269357298461356E+01    0.505975999083636441E+00    0.481752850683147517E+04    0.230813190831349516E-03    0.322478243474134896E+00    0.816762340227970718E+01
    0.121413389365288449E+01    0.528951135043774445E+00    0.494864168594478087E+04    0.173958692516678189E-03    0.315298288269290072E+00    0.875023144643636819E+01
    0.123022889656795797E+01    0.541800861060392158E+00    0.482461392991289904E+04    0.299796315229976468E-03    0.285775822186225215E+00    0.833779676559899130E+01
    0.123852458397433951E+01    0.528987782839299481E+00    0.495111840811417369E+04    0.148480699984554574E-03    0.283424697572649209E+00    0.819871796386357943E+01
    0.123825083229343202E+01    0.537754500178391659E+00    0.476022513200998674E+04    0.137998250880725878E-03    0.344009719285417237E+00    0.881632232331366872E+01
    0.123825083229343202E+01    0.537754500178391659E+00    0.476022513200998674E+04    0.137998250880725878E-03    0.344009719285417237E+00    0.881632232331366872E+01
    0.125795479477626349E+01    0.548137547036094852E+00    0.482232471373368753E+04    0.944266662378705570E-04    0.273735515214161951E+00    0.828033398506510032E+01
    0.130678842737233536E+01    0.568676316655021719E+00    0.486947352243209298E+04   -0.626963666850278252E-04    0.313385839299266111E+00    0.870874177812671846E+01
    0.124096600457979300E+01    0.555877468271510411E+00    0.493632832420958948E+04   -0.749016938452910433E-04    0.332037897888384226E+00    0.828472801543798454E+01
    0.131207179763882298E+01    0.545061236931195570E+00    0.495548447197528913E+04   -0.206630482011128621E-03    0.347577142235974357E+00    0.824975482938463500E+01
    0.121918854420602307E+01    0.529703119930434951E+00    0.492734791714247513E+04   -0.356042407032538687E-03    0.330599402206073534E+00    0.880780784626326962E+01
    0.121369579081653645E+01    0.521588348627934240E+00    0.494826758843653261E+04   -0.239180113042191083E-03    0.326885165479554818E+00    0.826483762450157045E+01
    0.131499891098345945E+01    0.541755662063578391E+00    0.489924683517519497E+04    0.667233487449557243E-05    0.352285175995678324E+00    0.861912821120915851E+01
    0.128110353621399131E+01    0.525268447940427929E+00    0.491082837024925902E+04    0.993824364053814009E-04    0.364352140767818911E+00    0.826767973064352901E+01
    0.128760160503845467E+01    0.506787203401152686E+00    0.492047110628348491E+04    0.712624390855053238E-04    0.379962117319376236E+00    0.817787220431696937E+01
    0.129126770463531226E+01    0.553160811407503283E+00    0.498470850263753255E+04    0.784371397061167327E-04    0.357175849309050553E+00    0.906823517370053089E+01
    0.131534995968782775E+01    0.551262413117867611E+00    0.495747628038625044E+04    0.561048084567519124E-04    0.349880107211237190E+00    0.840651688986243784E+01
    0.132296848341765538E+01    0.510466041393928815E+00    0.497507910324490240E+04   -0.358367631943685023E-04    0.374974177568828893E+00    0.839590893852517617E+01
    0.132373367152683663E+01    0.497205873230695927E+00    0.481712610381058039E+04    0.477437597466172622E-04    0.387604215627478432E+00    0.853999994592543032E+01
    0.132366232319588173E+01    0.531033074980890585E+00    0.498403517402634134E+04   -0.315159950145086249E-04    0.368970765932553291E+00    0.835795381802860149E+01
    0.123385120634818035E+01    0.510160309041205573E+00    0.493611531379867029E+04   -0.178662517026709076E-03    0.349260796576177923E+00    0.836325818928585463E+01
    0.126600180323059175E+01    0.525479132386271308E+00    0.490341035575002115E+04   -0.247439064203813626E-04    0.381427665941938332E+00    0.858293573221483008E+01
    0.134157144892055102E+01    0.571959436364132046E+00    0.489135495512686703E+04    0.105994630331329113E-04    0.381741099525041039E+00    0.861975689518254029E+01
    0.134309491486268318E+01    0.552658475632007207E+00    0.496491702949937189E+04    0.396035222496831423E-04    0.374987962420748888E+00    0.815785881826267634E+01
    0.129220842317373785E+01    0.554121910208788870E+00    0.481196321519929279E+04    0.278440807709893500E-04    0.388391551409642766E+00    0.910029889768852307E+01
    0.129220842317373785E+01    0.554121910208788870E+00    0.481196321519929279E+04    0.278440807709893500E-04    0.388391551409642766E+00    0.910029889768852307E+01
    0.124949724948242791E+01    0.557849161409421535E+00    0.494147801700387845E+04   -0.187935671131596392E-03    0.313742527996449527E+00    0.857016478901914525E+01
    0.125701249197270326E+01    0.574749157325129101E+00    0.498286953658663970E+04   -0.920756898470172263E-04    0.253547624984243547E+00    0.845584337937734709E+01
    0.120599862824593940E+01    0.529188310759414193E+00    0.479545152225348011E+04   -0.513369649300803618E-03    0.339272590460224510E+00    0.831298624003527209E+01
    0.134578728932522496E+01    0.543577078321797025E+00    0.494115317444140692E+04   -0.824759180188597328E-03    0.396089111568200480E+00    0.830596424899047037E+01
    0.133555936535630848E+01    0.544974625027072612E+00    0.492776230267289520E+04   -0.515829287414503531E-03    0.394471178945720036E+00    0.860894416246567218E+01
    0.126764818097877696E+01    0.559056084694654398E+00    0.454663796740657835E+04   -0.455723190265383093E-03    0.334737909872782680E+00    0.821592545170267030E+01
    0.132668629222140222E+01    0.568691048312440994E+00    0.486903120501087596E+04   -0.396301586634820202E-03    0.362393496405418070E+00    0.814526059126018787E+01
    0.130521642448111042E+01    0.584266635714519644E+00    0.478480899431367743E+04   -0.294167139156437584E-03    0.363431197663972916E+00    0.837803107202541142E+01
    0.133163539986152180E+01    0.548320275079224984E+00    0.483163473272332249E+04   -0.463748279093025592E-03    0.350056536244026495E+00    0.825686437802443507E+01
