 F
       16511      146138           3        2048
    0.167329287970916130E+01    0.505284575724835960E+01
 T
   2
    0.200000000000000000E+01    0.300000000000000000E+01    0.865722656250000000E+00    0.134277343750000000E+00
   0
   0
 T T     0           0
    0.000000000000000000E+00   -0.100000000000000002+101    0.000000000000000000E+00
 T F     1        1773
    0.685000081601144198E-03    0.153573622983557900E+01    0.505981740510559597E+01
 T F     1         275
    0.194025801876955800E-03   -0.378416607488006818E+00    0.500556967742694603E+01
