 F
        2380        5034           3         256
   -0.332199946056844837E+02   -0.246190141868797845E+02
 T
   2
    0.200000000000000000E+01    0.300000000000000000E+01    0.875000000000000000E+00    0.125000000000000000E+00
   0
   0
 T T     0           0
    0.000000000000000000E+00   -0.100000000000000002+101    0.000000000000000000E+00
 T F     1         224
    0.313508784252777026E-03   -0.356038751601607188E+02   -0.305414300124222677E+02
 T F     1          32
    0.261857824600006425E-05   -0.333167171208527080E+02   -0.240175652228614211E+02
