 F
       15964      188192           3        2048
    0.459756500125753198E+00    0.307361926775770433E+01
 T
   2
    0.200000000000000000E+01    0.300000000000000000E+01    0.194335937500000000E+00    0.805664062500000000E+00
   0
   0
 T T     0           0
    0.000000000000000000E+00   -0.100000000000000002+101    0.000000000000000000E+00
 T F     1         398
    0.289050493137446845E-03   -0.120834192285660391E+01    0.301850061441949968E+01
 T F     1        1650
    0.843166797037920050E-03    0.250755750624045315E+00    0.308643137396609069E+01
