chirp_mass mass_ratio EOS alpha zeta
1.256757673939823 0.5121985843057256 4371.055243224132 0.0001355857916031299 0.009942048297916893
1.2136673326320517 0.4544561380358371 4558.236295875124 -7.11972146500968e-05 0.012017029981223386
1.1707197703539267 0.4324917241676219 4203.353934993107 -0.00048518698626216176 0.011888108369050224
0.9806741414876694 0.43423184701374695 4733.227144888972 0.0002192157469840792 0.007764622550337465
0.9764690975518353 0.47459660575729523 4564.465559573248 0.00011098707423912311 0.007442911148294028
1.3573207369157645 0.4632054591890213 4371.365190244106 0.00013540161167618174 0.014970673273951745
1.1568154303563576 0.48000211108891205 4152.484545147652 -0.0005031461819044902 0.014667958250034278
1.297990178806549 0.5032508504519272 4141.111744006645 0.0003743599225863884 0.01419929508188005
0.9330521640590317 0.4460461841567033 4560.01628255337 0.00020107886793098044 0.006873455179505011
0.9968774229943721 0.47013330840375905 4967.579104457231 6.71573442720557e-05 0.007035334134493847
1.351576354390739 0.4719180204642462 4665.894151121683 0.000449338262289604 0.015311572264761238
1.034544748538284 0.4655915752037358 4760.789591514234 0.00031850345441464164 0.006379816683597477
1.3687709409547568 0.44470319646729634 3956.352313100212 0.00022046371181469606 0.01925831899180086
1.3025325249164 0.5154344931856139 4703.592244026748 0.00033393274588363806 0.01539315719308946
0.9930730015899093 0.48526533908670755 4736.9998253313925 -0.0001299965907641944 0.006918610747567825
1.2558710953310785 0.471819323129807 4661.76274855543 -8.879527383970716e-05 0.013471346739038399
0.9764144118584348 0.4376670117471911 4947.454723372688 0.0005137266456091867 0.007788813949001567
1.0740087481966403 0.44936457332583335 4039.3126558276585 0.0007771935633270017 0.009230715625007303
1.0394668497945627 0.4909621252253489 4303.597897042893 -6.544806487359176e-05 0.007581606087640445
1.242515422969217 0.48883453043180713 4768.558244505316 0.0006049190886085097 0.01711278378332586
1.3022495287004778 0.4890175228974063 4637.479271185291 -0.0006665195400009096 0.016055885334816215
1.1486343358570879 0.4388139192671322 4651.850570387552 -0.0009020749004494874 0.012047736741490091
1.3761148585784932 0.5029532759261175 4164.461590797068 0.0005643790185117905 0.016655120761829643
1.0893957201276883 0.49281410499928635 4368.958572427563 0.00029532255323290007 0.007610324238137215
1.0292953581823243 0.45329844554491305 4700.223133358241 -0.00013671989119697748 0.008677149034555135
1.1573571383661596 0.4881691510377202 3986.6337112244464 -0.00040745118561307545 0.008531171358160037
1.2459798563658442 0.48613466006202855 4761.931613122767 6.151553057263593e-05 0.016823248468612793
1.1630903480712906 0.44285952633812214 4669.965094096939 0.0006712917764855876 0.01212495487635999
0.9871906806246763 0.4729949528987248 4992.621270212654 0.00027955983691481325 0.007066152998969821
1.2709521356774764 0.44027865589264753 4176.07791254973 0.0002043740450551155 0.018643257735756383
1.2575873094639052 0.46945197710523606 4693.634580127666 8.718001726199476e-05 0.015409712086616454
1.1926761241420674 0.4879866337432759 4413.172267571146 -0.00034951242091454417 0.007030785320677664
1.0658266208665554 0.4610962429030691 4134.0962649626235 -0.0004985693254789843 0.006826483426113325
1.0602488338298626 0.4742569050173686 4897.89535299893 2.121393281280677e-05 0.0067463206971120114
0.9748478611499909 0.457590166574132 4195.047085383336 -0.0005441649122028984 0.006916804573453892
1.1601240987034107 0.50074320519062 4267.173506661601 -8.445075580093503e-05 0.00976546623257073
1.4812793108193492 0.48744895300387603 4405.066462550395 -0.00036572124285480853 0.01806189389150141
1.268072353518759 0.5330258843315641 4822.192246363019 0.0006616893241618621 0.013463596615892245
1.172197508118499 0.4586964514549265 4286.77411132687 -2.3961710518563954e-05 0.012817592268888312
1.0837534757877165 0.48315020039837636 4442.531876155699 0.0004128703658618261 0.006347582007329188
1.16598385024973 0.4825842882404601 4484.896856767416 2.1939846925873756e-05 0.011853156103830174
1.2367319433168984 0.47473428887323865 4348.615214185927 -0.0003935362412130692 0.013447541356617684
1.1009474280965907 0.4863429018610615 4260.546155466314 0.00015751453829336944 0.007674490708880263
1.1533042581344888 0.46631989030626236 4508.607988900072 -0.00022497218096417015 0.009962652559597926
1.1518350864590898 0.4695628617263517 4043.154044030149 0.00063950431758908 0.009171442826571188
1.2813848188645025 0.44561961055205923 4157.302125739185 -0.0005198662224494227 0.01803141570562981
1.2120567980989032 0.46230021467901683 4421.900996554611 -0.0001955197934854077 0.015079008997867023
1.2231982254097977 0.44655616526628544 4350.828937918717 0.0003348211644945088 0.017318747902946907
1.2131168877910077 0.5255350067488422 4719.856719022742 0.0007070034470943852 0.007983972181358759
1.322953402128273 0.49028838149314774 4739.354873596972 0.0002071331744235275 0.016441600405073704
0.9859711527274319 0.4602672743398392 4501.500216003105 0.0004816030165710165 0.006763549926261816
1.0622552280711541 0.45232517987052734 4881.97878937208 -8.02141189372002e-05 0.008853816634127498
1.1631718879186774 0.44245770216765473 4581.66843612361 0.0008932022275517773 0.008451234025011061
1.1320227351910945 0.4542629232934248 4110.980842781137 0.0005216852114777871 0.012467431241495151
1.1748254578616808 0.45600709032468073 4874.389635810299 0.0004406661857262173 0.016574017965806462
1.2432696837887964 0.45578866407498136 4350.441110457987 0.0009637667435769585 0.01684887356602695
1.1507315682283574 0.489827407914888 4020.2414767151377 -3.390022836818466e-05 0.007531349904112043
1.127435750863675 0.4729642329379602 4203.790803860253 0.0002673415829479422 0.007428315211845435
1.0871305586186215 0.4509410741563351 4220.758651940968 0.0006947076554656712 0.009008914617634197
1.1624364049828864 0.45304092958788705 4901.560675550962 0.0003363561199124509 0.008459012307145648
1.0554871841608497 0.4673879077846611 4949.870555281781 -0.0003734876095664266 0.006457068047280031
1.152709522606234 0.4489752287670216 4835.936252717621 0.0005722079220190368 0.010653979627933841
1.158278976180982 0.4521068034326726 4473.756107241693 0.00030541366722331635 0.016501021663147708
1.1160074108729612 0.44865738672057415 4258.66476127777 -4.995425099077327e-05 0.008972380437882883
1.1008833405507 0.4406878129548485 4939.595748200295 0.00026265550322465464 0.00926345400705748
1.2657671716719006 0.5233598726782982 4716.699012223261 -0.00045753681404621187 0.010195234285401235
1.1855066301088535 0.4953895436968479 4874.230215866712 0.0003208294224424233 0.012378499817340002
1.0484966513278726 0.4472598109891687 4421.771087051792 6.673344773607429e-05 0.008038684537331583
1.254258779408542 0.4548725247258514 3936.44828796622 -0.00033130982776722614 0.012470117217598596
1.199922197290459 0.49773590172461646 4700.20627397115 -0.0005981447965930425 0.009335224692018133
1.0887620781349199 0.46991688389269204 4647.188020426271 -0.0004740787541694648 0.007326254002547307
1.1476838595301748 0.4739890324564233 4547.517533642182 -0.0003410115116726855 0.011700148450966874
1.3366746599311736 0.4640302181451083 4384.08306970797 -0.00014610056946217381 0.01907903936899186
1.2184384753399709 0.5064180384067272 4548.487313194834 0.0004032721859993534 0.013708847251725288
1.1235885061902695 0.44303277495234095 4773.246443205428 -0.00048254795570331136 0.00878065545925168
1.2420824813882423 0.4549545841925301 4196.344049199285 -0.00016627202508302333 0.00967204609041985
1.1559007026776622 0.49202118467379413 4201.069553193438 -0.00037565802077709366 0.00833732537770761
1.0942600130156426 0.5017876176534923 4344.429338685314 -0.00023300209078373806 0.0075681602282996405
1.403756046485844 0.49782699611679126 4657.185839050383 6.547673115112382e-05 0.01966451397055715
1.061048397500561 0.4474282438479797 4515.650756108132 0.0005196284617140223 0.01090000115111272
1.1750087028877663 0.49704848036871996 4416.378095862002 0.00038044015760856965 0.008960950288626096
1.14353272442284 0.5035620789015209 4850.649654635671 0.0004452842265164562 0.0076884489659620045
1.3260502590336334 0.5000905556673174 4511.886199825236 -0.000147069811510252 0.014501671147281386
1.0712478980731357 0.4730216312299572 4497.652493038965 -0.0006685190984358156 0.006840778951523937
1.1889706562102678 0.4428105666328266 4092.7960948762757 -0.0010548276917613686 0.009854244532424566
1.32634034422674 0.4922922747152054 4300.3343282931055 0.00014436302055775794 0.01698336838938823
1.2326976705449997 0.4917866471641995 4150.664424026981 0.0001569759365551129 0.010408854179897018
1.0221431185131973 0.4411466103502371 4837.646556259651 0.0007229310789898805 0.007872254788444952
1.1450985333786068 0.47604733127138205 4104.342521981574 0.00036977829683108816 0.009040973808657824
1.2557557785463676 0.448035987315253 4203.340439316038 0.0002585524564152692 0.01662005724322476
1.1923355270626756 0.449646594864513 4690.98193512433 0.00018300477096585063 0.0096108273416411
1.2397333163440878 0.4577915958926548 4837.963494291906 -0.0007839297188607746 0.01798654366654477
0.9803211623475917 0.4527952675953736 4537.633061739871 0.0008830828231580455 0.007487719781726685
0.9803211623475917 0.4527952675953736 4537.633061739871 0.0008830828231580455 0.007487719781726685
1.1304974278536029 0.4741457734337432 4915.057878729908 -0.0003141907475455194 0.008773818199965576
1.3125629171225415 0.4722081744597507 4566.175624745563 -0.0007214129391178484 0.016282422303638553
1.018034590651701 0.4533555689588152 4321.687859436559 -4.154929042606591e-05 0.007216779145768205
1.018034590651701 0.4533555689588152 4321.687859436559 -4.154929042606591e-05 0.007216779145768205
1.2000966698984494 0.4976969516483147 4452.308360927561 0.0009222433662368551 0.011700593916256176
1.201255599376489 0.48414407686137384 4737.002271113361 -0.0004763892811982543 0.012256381044448107
1.2063085415802224 0.4446283012227976 4792.7997811879695 3.0993498713373224e-05 0.017135389986954127
1.276577699628109 0.46204960613715274 4168.667277251518 0.00034345990215198534 0.018204420076720164
1.2087607869217305 0.494102404463206 4449.428597797846 -0.00028456738724748576 0.010661369245566318
1.1613262527870507 0.474472992564178 4533.365122793113 -4.704041324519281e-05 0.010528443070581489
1.1441764331733177 0.44725446236027566 4994.830999121737 0.0005716531797291587 0.012107116370027642
1.3218669895635533 0.47396521148084453 3956.7379782005114 -0.00016491151004143154 0.0150558895262274
1.3218669895635533 0.47396521148084453 3956.7379782005114 -0.00016491151004143154 0.0150558895262274
1.4167393580528893 0.5108616891813824 4405.132348743714 0.0002940409764847544 0.016586187976095214
1.0096583501953242 0.45546166386457987 4733.0564463259825 8.887856404476025e-05 0.007757743323163067
1.221839811606505 0.4504913728545088 4420.734074158953 -0.0006847645717037402 0.016171968897954865
1.2908350017755152 0.48154767269002824 4024.154908427245 0.0002622689362461581 0.012467195990149458
1.1319043666745134 0.4765658473839844 4310.959475604363 -4.001510584155311e-05 0.010121055869469023
1.1319043666745134 0.4765658473839844 4310.959475604363 -4.001510584155311e-05 0.010121055869469023
1.247515716351338 0.4530020378303828 4492.825091224721 -0.00048198923703417364 0.010776075581257937
1.1222359109006885 0.4710817623277187 4952.79657729249 -0.00019739468233512537 0.011595375816514993
1.2037137068959285 0.4697032582680707 4142.025337152575 0.00022986019588613283 0.008438031765422613
1.1318213103125094 0.45001283725222774 4386.232544084743 0.00022621928743391464 0.012236473704644552
1.2846997342667135 0.46276855439175274 4533.807390704585 0.00036465580485687497 0.017330521238943655
1.0997986188598203 0.45488373204540594 4985.844232063038 0.00017442320723466828 0.009277103112202681
1.013451672393797 0.44323786777823204 4811.593426655023 0.00030756358935961716 0.008324590009841424
1.013451672393797 0.44323786777823204 4811.593426655023 0.00030756358935961716 0.008324590009841424
1.205934849810718 0.452473932904009 4615.980276392373 -0.00021044750039501042 0.011175358760108162
1.1313431441566077 0.4588649124034285 4889.785749165673 6.817473362482616e-05 0.008599259060514782
1.1313431441566077 0.4588649124034285 4889.785749165673 6.817473362482616e-05 0.008599259060514782
1.0887899238245233 0.4439640533641598 4986.733649210154 -0.00039436070846156845 0.009016758428761663
1.048445531378844 0.4443724323281836 4677.828335640213 3.14604768976906e-05 0.00796187121291413
1.048445531378844 0.4443724323281836 4677.828335640213 3.14604768976906e-05 0.00796187121291413
1.3468293324586535 0.4469900516794658 4803.647429164649 8.642154203669613e-05 0.017440087055073654
1.2044949510519232 0.4835335463490702 4872.953341445061 -0.00021135872917570536 0.013136699563517578
1.2044949510519232 0.4835335463490702 4872.953341445061 -0.00021135872917570536 0.013136699563517578
1.0566095613760527 0.4517342713166678 4965.901256323977 -0.000113617186469129 0.008700410987381266
1.322388063373984 0.4906284459762192 4969.352910912097 0.00012828026495095865 0.012511807300099362
1.322388063373984 0.4906284459762192 4969.352910912097 0.00012828026495095865 0.012511807300099362
1.156058354147125 0.44216868240634355 4927.545895836714 -0.0004843626546800152 0.015763659011134204
0.9974861420332186 0.45656961258765505 4788.267703624722 0.0003803481835440763 0.00790468096458633
1.1539278838457836 0.46682180473460533 4342.039660844327 0.00021687877405117184 0.009648706039176419
1.1685557653533483 0.45713375223818353 4546.085579803484 -8.374076826879176e-05 0.012744609819884904
1.098474210857288 0.45264417986567235 4540.577052332626 -0.0006968174201769503 0.008260672690741577
1.0644532230863257 0.47134420195797394 4874.45816518164 0.00047237085711131005 0.0070773041060505654
1.1529477463958255 0.45373463279722376 4596.603137180693 -0.0007037845541089525 0.012343307219442896
1.2122783081391304 0.45799522083126964 4070.8146691963093 0.0003193267780812275 0.011953838946225117
1.1370068505890585 0.46471436242714526 3946.2828073436076 -0.0005522558224762894 0.009642108148717566
1.254725020314076 0.4474081855750549 4683.494080635685 0.0003778114291367084 0.016065646188390167
1.254725020314076 0.4474081855750549 4683.494080635685 0.0003778114291367084 0.016065646188390167
1.2868513304972014 0.4770767923634332 4415.83148254878 -0.0007242841149451457 0.013245619502693378
1.255909226243257 0.4717185485470021 4564.426888133525 -0.0004639853513588737 0.014170489321337715
1.255909226243257 0.4717185485470021 4564.426888133525 -0.0004639853513588737 0.014170489321337715
1.028930509713067 0.46414763964172523 4876.628644594863 -5.0443754475030294e-05 0.007199137512691278
1.0251112002355105 0.45117852054593854 4995.580778454402 0.00047516383190474845 0.008519398850010662
1.0251112002355105 0.45117852054593854 4995.580778454402 0.00047516383190474845 0.008519398850010662
1.0871303809140576 0.4641819871627944 4547.598202434388 -0.0003581796796044919 0.009068472747687743
1.0871303809140576 0.4641819871627944 4547.598202434388 -0.0003581796796044919 0.009068472747687743
1.2057827107531038 0.4479209768112836 4947.262888669218 -0.00011071775568996933 0.017538425175935075
1.2057827107531038 0.4479209768112836 4947.262888669218 -0.00011071775568996933 0.017538425175935075
1.1642780490674476 0.47741644963536606 4110.948911997287 -0.00036385300661371427 0.011814638860816155
1.1642780490674476 0.47741644963536606 4110.948911997287 -0.00036385300661371427 0.011814638860816155
1.2401191122317075 0.49395908267038785 4877.043074527747 -0.0005596246949320078 0.010927980875702693
1.1335798126335686 0.4581683801570795 3998.695547883168 0.0005042628728391744 0.008899500014582474
1.1335798126335686 0.4581683801570795 3998.695547883168 0.0005042628728391744 0.008899500014582474
1.3617207382945118 0.45547652501679425 4208.7687584028035 0.00027566830651116017 0.018811796420301907
1.2186774691030728 0.46745526336067517 4726.991925852981 -0.00011111397735762084 0.011088984507774787
1.2835570388096003 0.45200664189658846 4632.49969217984 0.0005307147471210491 0.012428413713822611
1.1198455230280793 0.45344291173711915 4321.026974143021 -0.00011406181291236167 0.008810483104437243
1.0822473123677758 0.4645264375660505 4334.779773360515 -0.00011885877590472181 0.008016269920543962
1.2763739454102214 0.47538081713403507 4776.473204459163 -0.0007478940673549154 0.015414844011062693
1.2763739454102214 0.47538081713403507 4776.473204459163 -0.0007478940673549154 0.015414844011062693
1.1097388397917043 0.460557909317755 4101.94039409296 -0.00012774484195470428 0.007523315585592492
1.1097388397917043 0.460557909317755 4101.94039409296 -0.00012774484195470428 0.007523315585592492
1.253668144003158 0.4495664680634583 4161.708431753958 -7.090261489838805e-05 0.015482355463196134
1.253668144003158 0.4495664680634583 4161.708431753958 -7.090261489838805e-05 0.015482355463196134
1.2035431649348487 0.4693745071665608 4923.7277429169 -8.676121979272154e-05 0.015525638300995528
1.3774695352349664 0.46073896235472517 3985.0615159712243 -9.641269625529463e-05 0.017116133296951747
1.3774695352349664 0.46073896235472517 3985.0615159712243 -9.641269625529463e-05 0.017116133296951747
1.1613573494594585 0.46211724911236485 4979.994852775588 5.601096312175555e-05 0.013192445118918851
1.2307012264012542 0.47200187397382987 4886.709673469132 0.00022555607995433522 0.017060675157258762
1.2504724736679944 0.4828588376677597 4953.906632472337 0.00017874441997643554 0.014466912472656857
1.287499390536577 0.4845727051629648 4739.627561130145 -7.312876652329494e-06 0.015062462401386572
1.287499390536577 0.4845727051629648 4739.627561130145 -7.312876652329494e-06 0.015062462401386572
1.291914555345854 0.45897730848821394 4523.3065859695025 0.0004941010184741985 0.018009502352146912
1.0150709197740453 0.4520848556541688 4736.501368002507 0.00039651753537254 0.008069685354207715
1.1861543497299123 0.4493981566913736 4489.014694942824 -0.00030098680679800546 0.01658119750305281
1.1861543497299123 0.4493981566913736 4489.014694942824 -0.00030098680679800546 0.01658119750305281
1.1257330382617685 0.4941000380825966 4490.171129747871 -0.0005409697906031764 0.007568148283908446
1.1200228072820375 0.45573566085470935 4722.167603243461 0.00040243835023267345 0.01394576604469063
1.1200228072820375 0.45573566085470935 4722.167603243461 0.00040243835023267345 0.01394576604469063
1.394606081957408 0.47760750331745555 3956.7298370731937 -0.00036427576167779105 0.01920425610937159
1.394606081957408 0.47760750331745555 3956.7298370731937 -0.00036427576167779105 0.01920425610937159
0.9984578857905867 0.4641929564556677 4982.397035202551 -3.6263757116170785e-05 0.007227672175259512
1.2397505358411633 0.4731716960283068 4780.61343530668 8.475381347462729e-05 0.01684581801087434
1.2397505358411633 0.4731716960283068 4780.61343530668 8.475381347462729e-05 0.01684581801087434
1.2593527520063026 0.4619048934329494 4408.4581367384935 -0.00016776682425047554 0.01594743874079773
1.1314675596585433 0.4551263853367754 3946.5948269286523 0.0005208401075751609 0.009444543805973647
1.1458294017712511 0.45937128363005797 4986.925346447262 -1.0851456019390193e-05 0.010945525767583706
1.0427024782772931 0.4569929971846003 4572.306224000755 -0.00014176631942051688 0.007583451033385601
1.0427024782772931 0.4569929971846003 4572.306224000755 -0.00014176631942051688 0.007583451033385601
1.2909359992622225 0.45517450761671246 4089.7412570974466 -0.00012167595017958187 0.016177974680862257
1.1728600468683212 0.46696237827822024 4700.054611022403 -0.0003112527268781422 0.00913707220189695
1.2482892593506556 0.49027538177586244 4449.301484177854 0.00021582916341359885 0.014939819434416576
1.2482892593506556 0.49027538177586244 4449.301484177854 0.00021582916341359885 0.014939819434416576
1.0593072582664869 0.462572681238649 4909.657383583826 -0.00022619805594369146 0.00812381684155424
1.0593072582664869 0.462572681238649 4909.657383583826 -0.00022619805594369146 0.00812381684155424
1.0974534515151282 0.4616122357104054 4260.340985483743 0.00045407049074525877 0.0085163863136712
1.3500396488157407 0.4604025444851316 4589.259193636148 -0.00015489692809118405 0.01753961079604115
1.1979848039251022 0.4776432478493787 4554.3601933130185 0.00034337168525644065 0.014568529170554838
1.3626622752064548 0.462871016472054 4597.023031708946 0.0008716716705284507 0.01652760504540047
1.2355996692657425 0.4560355173524525 4601.186244582657 -0.000526220801717673 0.01701732725277344
1.1310240850457327 0.4661723663041208 4547.189011002107 0.00035462202941367464 0.011647753637634985
1.1310240850457327 0.4661723663041208 4547.189011002107 0.00035462202941367464 0.011647753637634985
1.1533091877586235 0.45824843559345474 4242.9519081225035 0.00022625353690603576 0.01066527530470462
1.1533091877586235 0.45824843559345474 4242.9519081225035 0.00022625353690603576 0.01066527530470462
1.1867588171842136 0.48655036218436337 4281.1324117642525 -2.05603883277722e-05 0.008554691822632264
1.2136744986692596 0.4753259911652624 4635.046295748924 -0.00021768634808747353 0.010122489787242516
1.2136744986692596 0.4753259911652624 4635.046295748924 -0.00021768634808747353 0.010122489787242516
1.2500791609747228 0.46150162693559005 3936.927162642329 -7.017383907866645e-05 0.010627435044142049
1.2264789845675501 0.4841936515035716 4560.973392674349 -0.0002126465303393458 0.013059844898731887
1.038508386490464 0.47649517574103584 4573.50903814986 0.00010876730775733455 0.007398699559725923
1.038508386490464 0.47649517574103584 4573.50903814986 0.00010876730775733455 0.007398699559725923
1.2953145367690715 0.46575136022849045 4909.133862136955 -0.00019874090216801966 0.018961295781064758
1.0529462745857763 0.4695181450260829 4805.515349871952 0.00024214493196281827 0.008490672188847487
1.0529462745857763 0.4695181450260829 4805.515349871952 0.00024214493196281827 0.008490672188847487
1.2008335301012623 0.4476892768413649 4924.795716292382 0.0009555232048551896 0.01722998429679009
1.3182625935125922 0.44965219957798075 4597.941105709903 0.00037551927637208905 0.017766444492515517
1.2253425525355897 0.44895639337263593 4557.92868015676 -4.315186160155642e-05 0.010621402704131542
1.336818366252368 0.4810412892701128 4818.489940634156 -0.0007171903853691356 0.018111142280723837
1.336818366252368 0.4810412892701128 4818.489940634156 -0.0007171903853691356 0.018111142280723837
1.37617668026617 0.4730818466070781 4142.6609567731575 -0.0004836879169809838 0.020934734681700005
1.37617668026617 0.4730818466070781 4142.6609567731575 -0.0004836879169809838 0.020934734681700005
1.1716138096890851 0.47038737582584667 4328.928868142828 -0.000297399892657055 0.008686912414324826
1.1716138096890851 0.47038737582584667 4328.928868142828 -0.000297399892657055 0.008686912414324826
1.187652367793479 0.4653347229538651 4965.670485549637 0.00048665783374570397 0.01708512394951712
1.259775764798177 0.4810618691412576 4202.09624875436 0.00021723749271489827 0.014374130107710693
1.173727515385421 0.46672698353503905 4576.384386285071 -0.0002621056870926187 0.014639871440308387
1.4255021679483746 0.49988308001793336 4468.990332467397 -2.4068037715419377e-05 0.019075511157326235
1.4255021679483746 0.49988308001793336 4468.990332467397 -2.4068037715419377e-05 0.019075511157326235
1.0932417776798402 0.45561930822686003 4489.458315937274 -0.00026130635566815736 0.010131932896040106
1.2251093039100818 0.45420075716492536 4839.471749821457 0.00020511184046491642 0.016934715920526734
1.1739271022883797 0.49640059593489905 4982.713544401804 8.38139544026419e-05 0.007885456208912903
1.274609475250406 0.47129238164649123 4835.958299807237 -0.0005653241292827308 0.017974533775149945
1.274609475250406 0.47129238164649123 4835.958299807237 -0.0005653241292827308 0.017974533775149945
1.2366536415272562 0.4785932116301876 3965.4633610908745 0.00014451294773609743 0.012565800350636917
1.312411302212062 0.4739340185242151 4790.370872383497 1.3454599645285715e-05 0.01752701669672508
1.1530050138279337 0.47945015959230247 4445.553903975978 -0.0009481186670263927 0.00881368451618848
1.1530050138279337 0.47945015959230247 4445.553903975978 -0.0009481186670263927 0.00881368451618848
1.1659438629771128 0.48495565966270326 4826.375048348008 -0.0002158641678271498 0.009363355986350314
1.1330769969389771 0.49041386923551344 4835.406137593833 0.0003788711691361454 0.007858270309691835
1.1330769969389771 0.49041386923551344 4835.406137593833 0.0003788711691361454 0.007858270309691835
1.1687711997218924 0.4707382944923483 4162.028030210037 -0.00011707019438531721 0.01136612407483811
1.182043137468812 0.45614841664783184 4890.166037595833 0.0001914472471885078 0.014835049286518822
1.182043137468812 0.45614841664783184 4890.166037595833 0.0001914472471885078 0.014835049286518822
1.33405225126564 0.47915078523305416 4690.553448123663 0.00035503013055050676 0.014328728268226508
1.33405225126564 0.47915078523305416 4690.553448123663 0.00035503013055050676 0.014328728268226508
1.1187599380953428 0.45813624961650035 3992.070986507853 -6.481935547667075e-05 0.008513355094146755
1.1187599380953428 0.45813624961650035 3992.070986507853 -6.481935547667075e-05 0.008513355094146755
1.2436952720145067 0.4768656020511597 4790.219653495227 7.580553942430157e-05 0.017893930180993788
1.1551725661720962 0.47885532079267246 4612.730038410286 -0.00017982221504298524 0.007721508637021585
1.1761469507161146 0.4973702600771827 4850.800184316415 -0.0002846962551795409 0.007893838554968384
1.3425806396139088 0.44850443047205596 4590.456779029909 -6.489011323095826e-05 0.017739979057492642
1.3150744149604598 0.46901694905172875 4815.7767020292895 0.0004639629204176829 0.016687020427756456
1.3150744149604598 0.46901694905172875 4815.7767020292895 0.0004639629204176829 0.016687020427756456
1.353873827174223 0.4656044327109628 4160.0331977370015 -0.0006324828839462076 0.017230791753258912
1.211742290396543 0.4563268381877813 4676.234818306412 -6.3655224000484e-05 0.013900845704210199
1.101606918646122 0.47538133405613214 4999.777862214076 0.0003243204553111897 0.00864284071818109
1.101606918646122 0.47538133405613214 4999.777862214076 0.0003243204553111897 0.00864284071818109
1.0724231022192083 0.4541796621985873 4329.804458276835 0.0006312386084541286 0.009406847413369071
1.0724231022192083 0.4541796621985873 4329.804458276835 0.0006312386084541286 0.009406847413369071
1.1550248359091286 0.4738599963399561 4980.174165311486 -0.00063274497748956 0.009820458095400513
1.1387102138116372 0.4433919469605655 4902.389342761469 -0.00015622316388503481 0.012832281130558086
1.186926360973711 0.47366525383004887 4621.4032358836475 -0.0006736688650582276 0.009857995822694535
1.0629816176095583 0.4627860007403631 4794.696619327726 -0.00037545730881720227 0.008587680397864847
1.3036978841656186 0.4603958919805092 4540.657521084251 3.68766074037581e-05 0.016435086356192716
1.1831906030492303 0.47495614013481874 4713.683568746052 0.0004561713589489224 0.011576127061763064
1.2455848872855384 0.46517272582007796 4876.72002027439 2.3974492539241873e-05 0.01661976487880159
1.2455848872855384 0.46517272582007796 4876.72002027439 2.3974492539241873e-05 0.01661976487880159
1.2361253912187644 0.4604847147758061 4993.878613643405 0.00025937259504001483 0.018167791257277063
1.3129666239276974 0.45733829030918466 4468.909399872018 0.0004549662480819071 0.012288706640887558
1.2108790170447925 0.47873658561727706 4555.693523006656 4.2212740215791285e-05 0.011938253136601386
1.2108790170447925 0.47873658561727706 4555.693523006656 4.2212740215791285e-05 0.011938253136601386
1.2788516856577798 0.47498081700857303 4421.466610265109 -0.00023898362979365932 0.017248154235592155
1.068848171129989 0.4537619097558812 4598.421901963598 -0.00038864752349327113 0.008131465165571257
1.3069271304201067 0.4562569227054274 4815.920413179836 -0.000240043448920316 0.018571436790744193
1.120420656488994 0.4657417806662003 4447.968448737353 -6.261616600524472e-05 0.011450145320510537
1.2920020824226013 0.4530565807917334 4665.173755928547 -0.0005893869647126144 0.018785034183565127
1.0664107779860004 0.45253574995477414 4668.584634411193 0.0001869170238409806 0.008736781882572518
1.0664107779860004 0.45253574995477414 4668.584634411193 0.0001869170238409806 0.008736781882572518
1.2136901333189727 0.4568182294156706 4964.48684379695 0.000258925547026207 0.014207787462691615
1.2350722462097619 0.46119914166288145 4329.674804885438 0.00012891020974767784 0.019369266565192642
1.2350722462097619 0.46119914166288145 4329.674804885438 0.00012891020974767784 0.019369266565192642
1.2088848896403022 0.4578006188915276 4775.307118521733 -0.00026972370386484914 0.013112933620539328
1.2088848896403022 0.4578006188915276 4775.307118521733 -0.00026972370386484914 0.013112933620539328
1.170862674564362 0.4604350955357309 4112.423683863812 -0.0002644604398254843 0.008349539933662853
1.1814059293617962 0.48069241959306613 4259.276513556389 -0.00018689769190015335 0.009380379684977146
1.266624675081627 0.46326165884219384 4550.721823615056 -0.0007727056833504935 0.0179033104037788
1.1990205858795935 0.48600046622707194 4956.314435193488 0.0007171409867986159 0.01226160001903615
1.0751556487512215 0.4588885049791286 4664.8743584750855 -0.0005133435748289248 0.007734511204800775
1.112313830479171 0.46292415591881814 4639.539711439022 0.00039484037355348055 0.008338362523754457
1.1483732468515897 0.4533927137128375 4970.301322596444 0.0006131142922372628 0.009639501720384195
1.3288135153639749 0.5030192901345442 4101.901084182411 0.0001345743244547082 0.014941289486326724
1.3288135153639749 0.5030192901345442 4101.901084182411 0.0001345743244547082 0.014941289486326724
1.2468183180996557 0.48808336282450876 4537.40644369318 -0.00012532830824977585 0.010837956441990954
1.2743213560776727 0.4755858409527728 4053.371711031247 -0.00030869990810268865 0.012022450370435218
1.225378885711954 0.4742061574678388 4649.743697851563 0.00027136965745839354 0.013652863603314587
1.1625847783217678 0.47905799055591486 4910.894264407391 0.00037578614979565854 0.010316200931435687
1.2635181500062875 0.44513354738352545 4790.962075269258 -0.00022811226419161052 0.01891170240375392
1.2842353783390081 0.4877841439739712 4871.18961137159 0.0003488726653035823 0.015675597084041468
1.1916358869859918 0.47210640918587554 4549.674277422069 -0.0008832176887829697 0.011434360454792208
1.1916358869859918 0.47210640918587554 4549.674277422069 -0.0008832176887829697 0.011434360454792208
1.216844276698081 0.4841038041193033 4113.842380876199 5.606506531843793e-05 0.007812955754759536
1.141237620283376 0.48343839100372965 4840.779972065892 -0.0005859069301268717 0.007404509748622862
1.2430646664225415 0.4591073929814592 4910.066824323873 -0.00039831105219890794 0.016202060313585478
1.25441220815551 0.4684193306040064 4612.231175871772 -0.0006809841059995116 0.009562132077111835
1.1564675727090585 0.46842380246650883 4092.5987508746807 0.00015658777652150053 0.008869795184029935
1.1706923453082843 0.4552898340713647 4644.598557177122 -1.844324836497084e-05 0.01401130661236006
1.3119193361949515 0.48539799414776796 4926.749133858073 0.00026082257883939397 0.01845496714412704
1.1848875710522377 0.4693290817598798 4915.902265471 -9.483417510640886e-05 0.015581265189617144
1.1848875710522377 0.4693290817598798 4915.902265471 -9.483417510640886e-05 0.015581265189617144
1.3757806068925524 0.4687563591947135 4674.131832180933 2.9320446999706076e-05 0.016328998543172164
1.3194213418023302 0.48125986786693803 4164.56895160946 -0.00031855512858107384 0.013994591405626075
1.3194213418023302 0.48125986786693803 4164.56895160946 -0.00031855512858107384 0.013994591405626075
1.1878958402407882 0.4557545122796832 4828.407347545211 -0.0003362549638059029 0.016455300474715738
1.2253284302895304 0.4653325662151416 4907.12704663416 0.0006556265396638722 0.014598426455091653
1.1278822101049375 0.46878273078402755 4974.572979675327 0.00012553248499054886 0.00920525592651045
1.1278822101049375 0.46878273078402755 4974.572979675327 0.00012553248499054886 0.00920525592651045
1.2091351670704442 0.4469476954099972 4852.5472024943465 -0.0003513887317329065 0.01532657464781584
1.2091351670704442 0.4469476954099972 4852.5472024943465 -0.0003513887317329065 0.01532657464781584
1.2559241613489034 0.4767979560010343 4306.096132273198 0.0002260842524895017 0.014850936882540106
1.2559241613489034 0.4767979560010343 4306.096132273198 0.0002260842524895017 0.014850936882540106
1.1588190608326037 0.47031781042426146 4107.1870710554695 0.0007355503470040007 0.008379537537671441
1.1588190608326037 0.47031781042426146 4107.1870710554695 0.0007355503470040007 0.008379537537671441
1.2447427451742736 0.46212802377433626 4206.495933393285 -0.0001696337321497528 0.015191672496562784
1.1783534428672873 0.4551248051126815 4272.464528871302 -0.000135591528942918 0.009255093229843112
1.251200487153993 0.4499129835784487 4943.646527728917 -0.00012664186076090755 0.016155611138772737
1.3205621240030792 0.49258313315379043 4654.145609143499 0.0002197496391422416 0.01740544140238282
1.0927318662190728 0.4613045974743802 4566.599761161253 0.0005169140832272213 0.0073331776871504205
1.2100387556330718 0.48701954995604474 4468.42174141186 -0.0003214259213686809 0.008862405630375153
1.244027880333719 0.46190563517374494 4329.930185738097 -0.00011795369821371052 0.017756390385205052
1.1926763725095235 0.4625988452795321 4952.576897801267 -0.0002902103846937325 0.01655144415499616
1.175359340342051 0.4551484963310168 4905.162616549765 -0.00038564800463097116 0.012273452151590036
1.2030232668829146 0.48181908579720045 4589.33133526721 0.0004564984341650497 0.008819175131276134
1.2582827715621383 0.4892521224598678 4598.559021412896 -5.8549914550605736e-05 0.010357614009323227
1.3427319220015963 0.46944255209108016 4796.608580608371 -0.0003619899478482253 0.0180174266741273
1.0460806605115123 0.45675530655162017 4468.24400554415 -0.000890206714566854 0.007825154882611447
1.0460806605115123 0.45675530655162017 4468.24400554415 -0.000890206714566854 0.007825154882611447
1.261122467243076 0.4737784725443612 4838.580054755188 2.6025645766736138e-05 0.015570980796152234
1.2686300624324478 0.4555947104625021 4841.564900855935 0.00026797276725130183 0.018285319914428298
1.2965659106040048 0.49215591196239616 4836.262095153978 0.00013807622803696024 0.01583687863505942
1.2965659106040048 0.49215591196239616 4836.262095153978 0.00013807622803696024 0.01583687863505942
1.1446163494715964 0.46897828163915317 4655.912086041732 6.872201711250623e-05 0.00959853422984117
1.2014528878174304 0.4700570368615506 4969.732510277558 4.4903546316823106e-05 0.009662453415231177
1.1693946478459907 0.48253123372827356 4383.2313254487535 0.0005901494479486467 0.008700918201986742
1.2423803786263024 0.45160354921430335 4737.813924326577 0.00029950218523229857 0.01693239550460681
1.237451078283228 0.4604947163665024 4476.170120747207 0.0008355103845932083 0.01516730821270095
1.1290739614218908 0.4492146729831373 4848.449529354262 0.0005045400324383107 0.009706188043314919
1.150952051911061 0.4622309208102631 4420.093992532962 4.942735192972182e-05 0.013620120205836358
1.2962460464010475 0.45844035376331227 4384.763218280638 0.00031345074338228076 0.01543262515372382
1.1507874794538087 0.46645639623015894 4253.487826603584 0.0004576601133340758 0.009226470333954316
1.256793692664612 0.46456455083679704 4767.747968272918 0.00013996124859664451 0.015033141154176095
1.2363465679157812 0.4620741100782871 4168.332982049821 0.00036412167599452324 0.014546535632532807
1.1618291703137273 0.46902800089280966 4095.087816052152 -0.000288558749947071 0.008413269625679906
1.2135816101735344 0.45441210885438044 4521.1215381824095 0.0008071136798739447 0.017046566573109507
1.1623050282213416 0.47462522608915797 4730.475031303996 -0.0002691677467267479 0.010898797084134607
1.1623050282213416 0.47462522608915797 4730.475031303996 -0.0002691677467267479 0.010898797084134607
1.1417515909136022 0.4613216974813847 4774.017191646428 -0.00019579311773836557 0.0076391976491212155
1.3104228941435616 0.46656623801095287 4219.475669352896 0.00021674426700486784 0.01792015591235508
1.1238687062555626 0.47704537078373854 4415.677467627244 -0.0007594948643841733 0.007751822665858877
1.1727907724421613 0.44898781475497207 4918.194829293382 -5.803735799376133e-05 0.0176564980294351
1.0970227437726485 0.47163727280798856 4958.7460288111015 0.0005625806638575717 0.007228773982784093
1.2736071294818692 0.46743396270519844 4236.012665122578 8.072825523830967e-06 0.013688696861700829
1.2736071294818692 0.46743396270519844 4236.012665122578 8.072825523830967e-06 0.013688696861700829
1.1614645436094917 0.47355206451629966 4529.292482558247 0.00017627433158623536 0.009388873961705757
1.3651760923477667 0.4727673629290094 4597.527968016474 -6.931526107522034e-06 0.016745306167440063
1.1169154658920688 0.4630649341709938 4546.072477741221 0.00012433335197396608 0.009097405079008407
1.1674959126772864 0.4694000723027361 4938.909916737313 0.00018367261341143104 0.010715836155356775
1.2807078979477668 0.4634625157842422 4470.035244528803 3.830300225524668e-06 0.016065569029564082
1.301466180261615 0.4924545603833223 4933.223137915897 2.4931198309964837e-05 0.01415900095160949
1.139610254362299 0.47472189444930446 4915.739456457688 0.00024174439507343478 0.01114147694883576
1.1988215109771945 0.45596211994107194 4911.505510563013 -8.722477959313436e-05 0.01196945142713392
1.1557215451647478 0.46857641606618944 4691.6770892601135 -0.0006599350878804264 0.010908239840919026
1.1665084587199925 0.4727090843425469 4936.152493967233 -0.00028697312048279886 0.012748087111409963
1.2188228764098286 0.4537071997377824 4743.28614566588 0.0008209438227644253 0.016628231329152157
1.255964225671501 0.47411633857429275 4796.261779819514 0.0006145473843261883 0.015401052151214668
1.182814271136512 0.47080621678555035 4837.430656682741 0.0003889529448354781 0.013038262325734717
1.182814271136512 0.47080621678555035 4837.430656682741 0.0003889529448354781 0.013038262325734717
1.2768891037726662 0.45926931209945515 4676.406573895887 0.0005051162570010823 0.01806190249260555
1.0801058504305199 0.468144990163033 4527.5299912931605 4.191964224702419e-05 0.007722249508408951
1.1019829509899446 0.4627703819074107 4083.245918332917 -0.0001376829947045913 0.007623389916680198
1.3445691227935352 0.47275874596020045 4849.213880114556 2.3937489787431317e-05 0.02103762304524156
1.225609926626289 0.46401161623701903 4731.608941808459 0.0007763629384882433 0.01681095671481536
1.2425253919844372 0.480562956099852 4864.199884298107 0.0003219568388210275 0.0119611457667255
1.2688380650822242 0.46437272445531685 4665.439493639508 0.00044212434858058433 0.017589530461912833
1.2275738972661783 0.45625331168808925 4618.552827355096 -4.4736120823187914e-05 0.014364476136181092
1.2406818216726125 0.4778748022431827 4442.096293392086 0.0002143050405605297 0.00915254087401443
1.1817754115943042 0.48361912730064505 4703.981323922451 0.0004355335170386549 0.010808940410282172
1.1817754115943042 0.48361912730064505 4703.981323922451 0.0004355335170386549 0.010808940410282172
1.2857443097147758 0.48358143692863437 4526.869473913966 1.494268716248855e-05 0.014296831685318794
1.2857443097147758 0.48358143692863437 4526.869473913966 1.494268716248855e-05 0.014296831685318794
1.3776435176949375 0.49679403132836 4589.8288421721745 0.00037413881491769966 0.017591593708399904
1.0339480632494242 0.4631163652070908 4853.835968197356 0.0004837988411077955 0.007421408843426457
1.0339480632494242 0.4631163652070908 4853.835968197356 0.0004837988411077955 0.007421408843426457
1.1878248093599788 0.4851667950561159 4635.168637232609 -0.000722106340763769 0.0077726713553717625
1.3702626338961181 0.4800572860272215 4603.162857162168 0.00029826341233006175 0.018631485945424103
1.2518859863231606 0.4634963710174568 4511.4761757598535 -0.0001651111405137001 0.0141208500765192
1.2548077064563132 0.4691812608086586 4741.115606625423 0.0002631313134299431 0.013704499895674852
1.1824067831969622 0.47435027070101715 4968.964988415617 0.00010508410758650184 0.013672390317956942
1.1824067831969622 0.47435027070101715 4968.964988415617 0.00010508410758650184 0.013672390317956942
1.2774014687341322 0.46788563263751265 4512.927533120843 -3.8590113354195315e-05 0.015752502305457057
1.1965581891770793 0.45453788190078076 4249.049767295809 0.0009576630521831349 0.010086589426870868
1.2515846666308075 0.4778807663955593 4964.3772524989145 0.0003147044970184094 0.01367532727277683
1.388683041126488 0.4978315636005591 4405.451301068534 0.0001412604852804323 0.016064598791691358
1.3811841628703643 0.48545977061940915 4344.353104635296 0.00035886124689207333 0.01734217103994573
1.2235508912838502 0.4523315206618935 4975.241980515631 -0.00036028933186981913 0.015780727297060156
1.1861001289075745 0.4631630290107144 4799.78523637874 0.00036725342464680237 0.011569376105391608
1.2311245408365672 0.48220291761872813 4877.83630195678 -0.0006963609029259979 0.01129194367697261
1.229967371195676 0.4962236753225021 4803.853175210808 -0.0003346619581252866 0.009330671313821894
1.1115697509727753 0.4851817283373845 4849.103468875096 -0.0001585209433782337 0.006883393490716802
1.2412236080183476 0.45596236026828646 4877.6791717605465 0.0002920841954468122 0.01490769312375971
1.2657223622818958 0.46534201399356395 4321.607045468039 0.00028112651972638756 0.012391501286178216
1.1628685254093916 0.456369300067184 4968.446462098824 -0.00030786575384927743 0.014523169981251142
1.2431728591751787 0.4851107784923894 4643.998926905684 0.00021096054901631326 0.010245849988633506
1.2585050000182814 0.45379724705557634 4957.288502924897 -0.0001834528150814021 0.01735301365922417
1.2585050000182814 0.45379724705557634 4957.288502924897 -0.0001834528150814021 0.01735301365922417
1.3311989950028806 0.4667823272817879 4092.225342852621 -0.00015108679718579753 0.018091033385601047
1.2786229318244018 0.44716035064879295 4663.679861694344 -2.29670965084454e-05 0.018071006121970823
1.1401848532218504 0.46475591752643824 4871.326814598303 3.296958791838499e-05 0.008479979214930728
1.1748152373240115 0.4671747081711236 4679.274328856466 0.00017792215986542958 0.011743876407280758
1.272315942350829 0.4771100974586455 4633.673646887657 -0.0001764449582545031 0.009790391150430778
1.0761363184002108 0.46426261996377066 4698.930963125496 -4.117071928220855e-05 0.0077122504673207875
1.1954858555682906 0.4519847832843684 4902.843590993213 -0.00014826885000642742 0.017864614359316362
1.202389843058207 0.47840211868216526 4635.366961305809 -0.0002990460734820278 0.008187063596124288
1.2812449422556385 0.46928048959008195 4998.420916181585 -0.0001963662524010929 0.01869067389006158
1.2457966462739014 0.46170453895732055 4442.669357379787 -0.00030636670877704576 0.011579267066584548
1.2187514046953762 0.48434326375567405 4664.485045676914 0.0006375082957778952 0.012655835671933017
1.3468137845568404 0.4675839651180089 4379.058733599339 -7.964894273741532e-05 0.01737415045398764
1.0865801443079945 0.4675016978055294 4344.089253546251 0.00031050897231982207 0.007234819157595777
1.366425132941928 0.5042334247030736 4352.885257960775 0.0004362842370771488 0.01734817423486778
1.340126724890856 0.4679907132263734 4427.992759393216 8.935452864812956e-05 0.017556634741212582
1.2234712325867299 0.4798317023797503 4415.4624349861 0.0003961148900541732 0.0107995111923864
1.3675550150194211 0.47856205186623474 4199.752251491643 -0.00011075262771488468 0.016303581134951242
1.2281636213436409 0.4594310534283225 4669.964979941169 0.0004979022815383702 0.015283791153493275
1.325407156307453 0.4750204366901528 4852.019458785436 0.00029818733242466006 0.018635012431096956
1.2982440610164938 0.47189840592199284 4784.207653961547 0.0008596224899210946 0.01620782063183842
1.3545298676486337 0.4714176898720439 4674.056848741319 0.0002558213824929505 0.016503809799997035
1.346020368433646 0.503185766967694 4709.984592374774 0.0007152037134992408 0.015856866451981262
1.335601543077678 0.4629361643517881 4142.564266736653 -8.027876434240452e-05 0.017961245298175124
1.2015594552653615 0.4700073243974745 4585.4743797373685 -0.0002918343434958904 0.008359863184309788
1.1980419402764624 0.4683676858828081 4492.209459470765 0.0005933389407063934 0.009007252733243903
1.1842568979534578 0.48475699259274385 4603.889578488235 0.00012612487719770532 0.008466644300113707
1.2074349314690764 0.4831053831413761 4468.143144166038 0.00045570716395155824 0.007226249722776394
1.3200453647251724 0.48576532331110234 4709.655321834563 0.0006114045037196258 0.014298488072673091
1.3056135431707252 0.4748734949625236 4960.51694374176 -0.0008108798605412536 0.01544631566483831
1.3037659645477029 0.4755162109295699 4635.879134362118 0.0006469860862149362 0.013954388775527637
1.2303034796206307 0.4582257903669672 4915.238921503462 -0.00039121788052993745 0.01739291939005066
1.2319083599397471 0.45565345364098186 4922.475759316201 -0.000250394215330485 0.015456568766688302
1.1508418470819979 0.48238256961004505 4895.322946011719 0.0002917818902438898 0.007189400514410588
1.1906765244649917 0.4803984257587812 4773.410513155552 0.000576837978009269 0.008940411841765415
1.1131981165547085 0.45988476281066204 4704.249151671513 0.0004914491527401016 0.008520092781208695
1.411332045190992 0.4818129746876165 4526.677887276553 -0.0001483235510437528 0.020648894566940405
1.2934516795329023 0.48187601636558025 4568.219795126514 -0.0002290558206193773 0.013585279762764831
1.2680374154955076 0.49388951863880837 4603.010960755902 0.00017387008300771893 0.01147450644594469
1.1514825637337835 0.47475461048476597 4739.145083334283 -0.00014288811564289685 0.008738333359085193
1.1551001308168265 0.46269019251584653 4581.113304096354 7.139518759711699e-05 0.007885276121841606
1.138492743195345 0.4876906305830984 4352.610196123859 0.00023045576285172695 0.007351707311496403
1.2422061826640975 0.4648832767410108 4257.290245135006 0.00033803954709996873 0.011087199847116161
1.1337580571066954 0.476532981101168 4511.373233474511 6.922724013783414e-05 0.007836609725995036
1.2919518853482783 0.48460216466212 4424.09915172879 1.4563463463419836e-05 0.013601546650401766
1.3450613759317651 0.45798799871877505 4249.124874556939 6.474720365998456e-05 0.017550867864826954
1.2742080021692102 0.4685972891448567 4221.01597472882 6.18828705411406e-06 0.013705670488063974
1.19268555480928 0.4615142404989221 4424.861412189556 -7.066578010173129e-05 0.009415249985208232
1.3694927219934456 0.4935215970910524 4690.086277343321 6.668506818764175e-05 0.016796099484475538
1.3059128021761457 0.48347185571823686 4603.518123829274 -8.37735005280792e-05 0.015258396847141573
1.2463548461174279 0.47452267995813435 4871.047139390581 -0.0001914254204239353 0.015701310603040555
1.1440699115232258 0.4683417902633862 4877.197538373199 0.00014262759485228886 0.008486112239204077
1.2092574190605418 0.48091610370793414 4490.355018883737 0.00011857778184707875 0.010867892231671108
1.1748557819679755 0.4488139646865331 4811.542485907127 6.595042269019715e-05 0.014217717737122245
1.2470260450628055 0.462919877631727 4941.372441046064 -0.00016318492505349713 0.016995825688515084
1.3736517958356593 0.46234089361754954 4585.776862577163 5.689090441676489e-05 0.01889954011146512
1.2833601608870957 0.46496547550278683 4877.157759099279 -0.0002234219973294471 0.015964913075854736
1.361951064724866 0.4770414459148249 4201.445595333733 -0.0003232812076561786 0.017310817571463945
1.164526995341171 0.4616886884058932 4671.154482390052 -0.00029877787422835834 0.009728416880766134
1.2923550374394068 0.46121102685811144 4796.593738746073 -0.00028819605816627654 0.01764745803361424
1.3637193426782903 0.4780076487642143 4142.539220073739 -0.0004038711062851946 0.019252465083972926
1.2312055548595928 0.46215049704216704 4306.3844999609155 -0.00020625519652792785 0.011687675860632808
1.1080421101645255 0.471636352124465 4249.789018658401 -0.00041479839564296513 0.007372262967181932
1.2430048641829659 0.4652342130311028 4636.040210615938 0.0002965768431564079 0.01052193075578306
1.2290605907863081 0.4726529859629992 4871.609439858502 6.0098551436880445e-05 0.01406813596581628
1.2155594882497496 0.494340802579051 4199.81982921949 9.157485239825258e-05 0.008124833629654297
1.2580386424322052 0.46513178473387307 4725.5776261639 -0.0005410445465048982 0.01599224230847873
1.3904085031779503 0.48182770837389294 4379.108523338128 -0.000634537029675246 0.019158964678401745
1.19229809272876 0.4593829382965533 4832.051635898086 0.000464505437163982 0.011871344866443152
1.2214149559563692 0.4699336625053775 4953.949484132743 0.0006246910799994177 0.014344902132262924
1.2746592276495776 0.4782695773380441 4321.902934172969 -0.000384185322957234 0.013267641580806917
1.2171856342163685 0.4660581142219666 4983.485828465483 2.3272279170417144e-05 0.014823477775698896
1.1632780260132867 0.4665739160710952 4817.8101205649355 -0.0007713127850179016 0.01324513435470515
1.2831469169106318 0.46190168012816596 4366.622920597445 -9.515872743395132e-05 0.014588363073590354
1.3566103133163314 0.4717712918951915 4864.215713135397 0.0002481574905780789 0.018985849233404746
1.2530788947747689 0.4615078972864103 4998.7840447724175 -1.7873510209664844e-05 0.017401596364170272
1.2905432430171866 0.4737994451860853 4796.670383182678 0.0001879230974741865 0.017827931563515597
1.2834125084670838 0.4660077212901872 4698.829802011883 -0.0007339826450753824 0.016895920120541953
1.2942374716124958 0.47744453664874537 4536.989480083066 -4.119453607764039e-05 0.013355798366946427
1.327765719343497 0.4998403420124002 4427.439059076723 0.0008226980823474348 0.017909254272775538
1.1342312031692179 0.46837357880847946 4629.399365366414 0.000151616863914364 0.01118353897994185
1.2129559982343316 0.4872019233830431 4849.242438486079 -0.00043057923583328286 0.008308866405487147
1.3175271157423079 0.4722671788839159 4750.8965801666145 -9.948720538171721e-05 0.016097021167628615
1.2289240419446836 0.4614817226182304 4352.605430252625 -0.0003695733903053921 0.010744350965324723
1.2482437335884191 0.455573797380463 4852.591725560659 0.0003565080768881094 0.016612725105298445
1.272871896668052 0.45251951406257374 4709.84153337837 -0.0005607576223973693 0.015340575853594588
1.1439274349338695 0.4653098964778744 4822.402493876918 -0.0001453822590011292 0.009298754834128752
1.3214739822975206 0.4867996336382268 4615.149882687212 0.00027251263581030527 0.014907403801675687
1.2191143656574994 0.4957308901941201 4654.5213057490055 0.00037482567768695545 0.008622603537799372
1.3484674261478764 0.4927796816505438 4442.205182849656 -0.00023193324054750382 0.01749673960211172
1.1880340539575225 0.4627595341440522 4725.166500505134 5.7589724151307766e-05 0.01081684664868331
1.3582785123226764 0.48650176423587227 4536.143005058855 -0.00037076664866707743 0.01667413602495117
1.3660375903291992 0.47704077109671794 4747.1414684187 0.00022828725382117413 0.018219481904457883
1.2964043784542891 0.461719765640731 4802.029663558737 -0.00034289057570536336 0.015186718436388141
1.350992184841499 0.4651375775309705 4803.869818109885 -0.00032291751941914906 0.020015052266924214
1.3626118360914454 0.47137739414184404 4597.940864017123 0.000524956951007369 0.017761788328119407
1.2394611176582235 0.47504457758814206 4930.842128273111 0.0001450637287209953 0.012282141761633909
1.1450447161124462 0.46243960065023093 4815.535509349291 2.7509844602886152e-05 0.008423943432713505
1.2217851673313829 0.4631225335854907 4039.2602844245976 -0.00016791935320434816 0.009368213516100912
1.3391868508541922 0.4803966742747116 4511.968488399933 0.0001971716693778133 0.018852203934777823
1.3420017857995243 0.4822965800071841 4427.358725886176 -0.0003234995423979783 0.019469442225048907
1.2185399917400852 0.4514513797527954 4955.953138424673 -0.00026767263101674715 0.013006728694083688
1.3135228869210194 0.47957346698447123 4352.498871235386 -0.00010250458641495157 0.016292173305213917
1.2492575619754271 0.46047748235839087 4806.877083249014 0.00013141970031660662 0.012940046115777135
1.2707478856036243 0.4778590744287575 4140.527010973221 -4.166797593540119e-05 0.012271757973117184
1.2317871317942766 0.4687950849256306 4445.216956159331 0.000743500344571585 0.011830777304711628
1.3494147637250045 0.48061656062882663 4615.013181242886 -0.00029606011489832334 0.019048690367617954
1.0661996672917216 0.45564173884892145 4663.80133541708 0.0004909275470404506 0.008095294119176259
1.303414105223268 0.4852441975514775 4598.1487849443465 0.0002757052249703976 0.015182625450931079
1.2755214863266577 0.4539800974298623 4804.480332883724 -0.00033420453163600887 0.017951707578031568
1.3259515405018547 0.47493290104257047 4615.891547929814 6.919351970371126e-05 0.018229276915786276
1.2886776823753285 0.4726751594612729 4814.663867443076 0.0003945358155133983 0.016505926085136395
1.2280436473484564 0.47148162362558255 4774.983321893949 0.0003755676614149215 0.010125242899114859
1.2478671981710256 0.46373067337593266 4836.07120093167 -0.0004429763211904998 0.017429602714336995
1.3264450890952484 0.47933720214316977 4659.509361176869 0.00015452047437546348 0.015950600634659102
1.2902074706949334 0.4798496963315416 4321.734687662633 -0.0003563657823764549 0.013788653282816669
1.2528623230606744 0.46622277422540265 4140.886463545062 -0.000389732461306285 0.011927988595186245
1.2087017923748233 0.4746141805775346 4982.330056525634 0.0005543039569348912 0.012461110703630233
1.2969313727314002 0.4813096175846697 4635.269012831405 0.0010418915658207773 0.014260642510626741
1.1676785371184935 0.4640241049721618 4796.399530300548 -0.0001803868413844423 0.010853274495857417
1.194577208994354 0.46384188868823845 4385.585932583124 -0.00021321893633164524 0.009834861899642597
1.2439361801901971 0.48815397683261946 4537.3178066001265 -5.907644490066246e-05 0.010127915366943036
1.2615061773458147 0.48379723725079676 4864.388030853376 0.0002587643946285472 0.011891580511133839
1.2183860342787978 0.46584154417084833 4777.985810784576 0.0007028599022592904 0.014985133814467949
1.232102876302462 0.4782482785651185 4597.390606028583 0.0004141099413448892 0.009274593087448229
1.2488509867671547 0.4640867798437438 4821.96466206456 0.0006797527887088251 0.014370222848298881
1.2871483519429343 0.4779465948466511 4415.931842607245 0.0002693911607490864 0.014943820310066702
1.2176105487138071 0.48584786366465155 4794.929218870994 0.00022586249123790464 0.011142307804119875
1.3372712120903056 0.4823262689689722 4585.001278792136 4.059841655714063e-05 0.01598140957676459
1.3530448183383132 0.46536513241933797 4615.965430574776 0.0003000211476406314 0.01908254554839351
1.3102686336730107 0.47636811061659884 4597.318043099315 0.0003532780486291847 0.01440348843035899
1.1994449835108791 0.4974985383280079 4794.624545276053 0.0002215488346616303 0.010313642631385712
1.2071685154151597 0.49206865401903405 4794.53504736118 0.00013555884992138455 0.011051133030406782
1.2249002030862173 0.50109742821425 4668.372662128643 0.0001955132464084859 0.011221724133954784
1.288450780538476 0.4816497552418247 4635.920803425789 0.00034944278968966315 0.013099978823789962
1.2812130027508617 0.5003051426200242 4300.100166128501 0.00040425557528725453 0.010997739047001926
1.2799660707643084 0.5097626998964455 4413.838613007054 0.0005706967659455079 0.01283187227473825
1.214821364214326 0.493203725508508 4636.099638714939 0.00022411648249103978 0.00940226992231846
1.216637293583544 0.4965842953334282 4774.978605901052 -0.0004755084889585952 0.008623700944472406
1.2461884857718097 0.49359418615639383 4352.1119715050245 5.315677492264859e-05 0.009589122171053517
1.2130572948146092 0.48564918377031374 4468.074453404925 -7.163836030117111e-05 0.008282094656256093
1.206729265791668 0.48117928904914403 4140.607144609016 5.397967810086518e-06 0.009019618531221258
1.2334706675987364 0.4765455296742095 4566.177628322787 9.038005863924557e-05 0.00870449328960286
1.213870355379901 0.47494773194422185 4352.018920562429 -7.343881064776865e-05 0.008962861091722759
1.2129355482157056 0.4722642981818316 4526.023846273071 0.00028562900169109987 0.009431103955282205
1.259528437529427 0.4644747580861709 4249.030795768639 0.0004378557335002846 0.012086633799012717
1.2219340927736653 0.4891053009359192 4537.914424469664 -0.00041681354229930223 0.0085447351333753
1.2610221670613617 0.49243811116713576 4580.307676678092 1.3407304315550016e-05 0.009930748235846394
1.2524858698237327 0.483342413235013 4615.168122012009 -0.00012414502232846618 0.010738204979955063
1.2813163559487581 0.4783231112359093 4526.737254103466 0.0002304969380992039 0.013818883203265898
1.214714745822326 0.4730090535069232 4509.679619097634 -0.0001339258129903456 0.012972325302484062
1.2886058496693513 0.4796396665755991 4526.575278543929 1.018718090873968e-05 0.012266569897119429
1.2542849507901837 0.4682578741547948 4526.661741700823 -1.9878542632813335e-05 0.011516232481390797
1.2542849507901837 0.4682578741547948 4526.661741700823 -1.9878542632813335e-05 0.011516232481390797
1.3074968916312166 0.46818255366200645 4249.495345838577 -0.00018006635188691923 0.015520973577765888
1.2745505468052774 0.47566086359947246 4344.526787505372 -0.0003328880944022835 0.013020100819123881
1.2975771373923117 0.4717912278796064 4405.0068731875945 6.24997090062745e-05 0.012633385325312572
1.2167332429080016 0.46815440786720036 4536.180277561151 0.00012139191768934754 0.009862271815538037
1.2167332429080016 0.46815440786720036 4536.180277561151 0.00012139191768934754 0.009862271815538037
1.1944421874573847 0.4945560203935093 4872.3697699844915 0.00031780116931131826 0.01029153577526385
1.2697885287462465 0.48327686042001966 4802.908571200158 0.000296310693676567 0.012062357696293276
1.2257863352674647 0.47074999437518567 4774.650173218388 0.00021206082929322526 0.009678806353446676
1.2061872053237679 0.46821941750525126 4899.434871099338 0.00017504582262700967 0.010971453869358392
1.2061872053237679 0.46821941750525126 4899.434871099338 0.00017504582262700967 0.010971453869358392
1.186138152887645 0.465902180045734 4836.699694322409 0.0003451420153900219 0.011408386215418558
1.1647289777573775 0.46648359458125477 4741.782928778322 0.000708442716013121 0.008900815057168495
1.24818772989204 0.4669786872686959 4831.909373749652 0.0006589946080328533 0.01330882753403419
1.28657011064089 0.4710019728239155 4806.368437775264 0.00039219188423049613 0.013840059713464203
1.268138590328036 0.4760525578812381 4895.054438315062 0.00027522824554293893 0.013629911170393302
1.268138590328036 0.4760525578812381 4895.054438315062 0.00027522824554293893 0.013629911170393302
1.2188164983171417 0.46107569609661864 4836.09592077429 0.0013497170541086775 0.014937249577438423
1.2146663851467914 0.46003755718080414 4849.087861539249 0.0007734052710724481 0.010967611920212155
1.1801976750404048 0.4688452674457296 4947.574602561566 0.0007278753165093193 0.012952560389684524
1.1949927438261563 0.47658458443522417 4947.507158973372 0.0005335895736918959 0.013117149237385382
1.2290846522518732 0.4733466411757679 4926.807127292757 0.0004789059328494452 0.011783614745778818
1.355855712596425 0.4843875361045177 4615.960403255329 0.000232440126843051 0.018250721778761705
1.3026045442776866 0.49462859446180524 4427.22315820237 0.0003279184256595424 0.016709263589833077
1.3371973379271531 0.49778457783672697 4580.619668007049 0.00024387715432023103 0.01575848718310789
1.3715305649692702 0.48431030782996076 4632.857669972105 0.0002785448045817056 0.017148733188474048
1.30592506959228 0.4928848521072637 4709.56828834677 0.00017101822502571355 0.015055094554354772
1.3410566687147911 0.4907560390556704 4468.8422043012715 0.0004051805755373603 0.013051272376058132
1.2133946746790336 0.4707994429854385 4794.161036850753 0.0006753634594062992 0.013505237788253143
1.2251318575488583 0.4690312903826669 4983.199147316603 0.0012439781643917445 0.014715387035209332
1.3527190478189874 0.4875162728044607 4709.039607013091 0.0003293360240154758 0.017582515743374966
1.3181678774513221 0.486606254826744 4719.185843666152 0.0003581272649405659 0.01619045880294692
1.1862903823584343 0.45515969225055614 4836.953672889303 -0.00030252562792792287 0.012183999149005873
1.234547511373185 0.456992862250795 4709.652431849178 -0.00023121959918928568 0.011477042550923395
1.1521850503517215 0.4651305176422683 4663.75167578555 -0.0003416101252558772 0.010546038426117834
1.176644039188527 0.46403012137154925 4794.19805502657 -0.00026229005353076883 0.009853160973174454
1.2091971800578274 0.47990635027008244 4811.797746924466 5.9178361284762816e-05 0.014150307245656095
1.199543208095855 0.4728296253816115 4784.453154618305 0.00010735118304451083 0.012166697829066691
1.2051071185424451 0.48678517548197325 4960.383061593841 -0.00010223614976668267 0.009553164856897563
1.2613915907348083 0.4777208596774268 4955.5772098439475 0.00012053476672804964 0.013594290688125414
1.2032113951271612 0.4918261875433083 4926.533273635591 9.873526063572559e-05 0.00881376587010161
1.152909884699283 0.4824557757123428 4806.191067479714 -0.00011835253283297365 0.007518393439729011
1.1854525736515371 0.47800513662226696 4805.412461344176 -0.00013489538467785167 0.012319248292605833
1.3436968175403798 0.47095165774721576 4468.6622572194965 0.00010273193932234837 0.015865107560555577
1.3671280572238547 0.48053678995209026 4526.7466976002515 0.0004097519066279819 0.01912760302525863
1.3065213627199317 0.4753534894996478 4536.829980290309 0.0004341689907894302 0.016241904200054873
1.3374434307967773 0.47739265769392536 4405.195611018314 1.7340875575687664e-05 0.015455713784571647
1.3158727128918688 0.4848181678217043 4344.198266318075 0.00026475586926122743 0.016124946100040442
1.3340590606095921 0.4719590230734129 4536.206470928532 9.314319367178111e-05 0.01661063229231634
1.3233174376234782 0.4829520712085216 4249.253924958598 0.00011479947613802198 0.01597484956959662
1.4248307309935067 0.4787254829518974 4615.343249732257 -0.00010832348063804758 0.019505867475505104
1.3381803444819336 0.48403154167430357 4405.281488060111 -9.459501943019915e-05 0.014376809336126714
1.3582444208323625 0.487338161425017 4427.374009101969 -0.0003214494421356273 0.01877874298412317
1.3324704169315496 0.4881645038663842 4249.934282397801 9.349487302581539e-05 0.016537574971173554
1.3264734651925485 0.48128755331514356 4526.174706314596 0.00023785678463002886 0.01609957854119734
1.3264734651925485 0.48128755331514356 4526.174706314596 0.00023785678463002886 0.01609957854119734
1.3762104060409095 0.4708416125224003 4747.422591101899 0.0004409433671129427 0.018325542094174474
1.3047409360895288 0.47133168387889224 4709.149834802238 0.00024972534467902546 0.017248689702537484
1.3198372020333082 0.47908288248448017 4709.462509169404 -1.4545237968605635e-05 0.01545270765340369
1.347371427077924 0.4759914166396024 4849.766642967579 -1.253980660428506e-06 0.018205368108274403
1.347371427077924 0.4759914166396024 4849.766642967579 -1.253980660428506e-06 0.018205368108274403
1.3244168649187293 0.48383017367341935 4960.442211129506 0.00019315714909100683 0.018203578940474873
1.3228717120367066 0.4835011460736005 4806.652916456233 6.136263837932972e-05 0.0153292624455459
1.3228717120367066 0.4835011460736005 4806.652916456233 6.136263837932972e-05 0.0153292624455459
1.3745897465559023 0.4800748524085743 4849.2623637642 8.031761808684357e-05 0.019784358794177195
1.292823416856261 0.47969702480717497 4719.994853596385 0.00012196631121250937 0.014155832207846062
1.292823416856261 0.47969702480717497 4719.994853596385 0.00012196631121250937 0.014155832207846062
1.2427178931706249 0.4640234451873624 4663.244587731165 0.0009010085368636314 0.017345182266332936
1.3036139146862835 0.46786900018091354 4806.81187312589 0.00039467254997609883 0.015205847075859438
1.2620469481705738 0.47344252947282134 4836.04328288486 0.0002474158845212919 0.0161205041353151
1.3051494087577253 0.4810980919650268 4926.329819751348 8.736502587495757e-05 0.016396312801664786
1.3051494087577253 0.4810980919650268 4926.329819751348 8.736502587495757e-05 0.016396312801664786
1.2756018958116155 0.4636274802829606 4592.390441624789 0.0004211645888844416 0.01601209924812124
1.315100607571475 0.47887933899810986 4806.281042726295 -0.000223368568282531 0.016547798871535534
1.3101892048794312 0.46418032184521735 4849.782884850857 -0.0005857242554769978 0.016996612748491107
1.3548205505865845 0.4769005896801205 4849.1610886637245 -0.0007029187910963602 0.018915182592488852
1.3548205505865845 0.4769005896801205 4849.1610886637245 -0.0007029187910963602 0.018915182592488852
1.293782086687877 0.46253172826424005 4806.624947262677 -0.0001808278418408533 0.016382500400672653
1.337002445972873 0.46211468015051527 4849.053605487254 -0.00020082624736034873 0.019953666005152786
1.322550216862327 0.4697578910647059 4836.620970870584 -0.00016175627957838777 0.018949662042011935
1.3396513177254166 0.47713148665119703 4933.65336608529 -0.00013335086874178968 0.01832283586184478
1.3759676516152242 0.47830278441831825 4566.66688500215 -0.00021579559950492277 0.018881972320063473
1.3188531523461564 0.47588614978434574 4615.145119759665 -8.933289760322744e-05 0.016876641257253522
1.3727603932109926 0.4796714174635398 4405.276605493683 -0.0006593699064588146 0.01723359213418136
1.3281471305800068 0.4794623809178638 4615.718872625577 -0.0010791289425342782 0.016741064500998312
1.3113694209549993 0.47275777466221414 4526.192835757401 -0.0004183951291988078 0.015185436696855601
1.36205245312162 0.4764348121897995 4899.95646245702 -0.00026115377330451794 0.019194433940268627
1.2818504510739985 0.4721764454185857 4511.5752058641 -0.0001071921985104027 0.016308741779197673
1.2759849162809516 0.472032835039635 4709.749774665527 -0.000849131174688143 0.014181868489306783
1.3077483935124903 0.46607799669181843 4899.318490657492 -0.00010380594077604932 0.017801849831322367
1.3077483935124903 0.46607799669181843 4899.318490657492 -0.00010380594077604932 0.017801849831322367
