 F
        3539       13933           3         512
    0.628651832711661473E+01    0.834753367314104544E+01
 T
   2
    0.200000000000000000E+01    0.300000000000000000E+01    0.949218750000000000E+00    0.507812500000000000E-01
   0
   0
 T T     0           0
    0.000000000000000000E+00   -0.100000000000000002+101    0.000000000000000000E+00
 T F     1         486
    0.242314129368826920E-02    0.624436066632163289E+01    0.836216767227442759E+01
 T F     1          26
    0.442723194025206230E-03    0.309917468819245201E+01    0.800767376175483392E+01
