chirp_mass mass_ratio EOS alpha zeta
1.1341276372016078 0.4301296960684541 4351.226560745678 -9.160594664350684e-05 0.451619571395423
0.893059855196378 0.5014554112196499 4425.993206765531 0.00021393873239955257 0.32331614602263714
1.1317544141832028 0.479424839345514 4993.8013038809695 0.00017623495079677925 0.40219576179382105
1.178683659462342 0.4677688139651394 4880.644180053712 -0.0005659725705391988 0.6234945266240453
1.356997671392374 0.5429554414408616 4611.869572011099 -6.556873905446687e-05 0.8397249444035975
1.2128200481069962 0.5459310847803032 4830.51121899589 -0.0008001894667631461 0.693341879450782
1.1959346171750265 0.4381135780128056 4609.024297179649 0.0005308967806369415 0.7553362510525101
1.1905067761918382 0.4542563908482191 4880.681337902831 0.0008905437815892513 0.8365886031234113
1.0521531232651218 0.4751167700475258 4491.980656956319 0.0004152056696683512 0.3836604017540591
1.2169627527730214 0.5718688876828221 4549.135799085149 -0.00041174100340779144 0.41739143161563247
1.3515900811546895 0.5161698979251659 4705.40384818874 0.0001696171405085322 0.7323512315721883
1.3163287002733686 0.5378940208993845 4916.569867124285 -0.0006633591962133164 0.8002326386031672
1.213574982735269 0.5880436603209127 4713.745412583089 8.8450578948088e-06 0.43795463883505276
1.0700928571672867 0.5163285512754003 4073.5887830621623 -0.0001118534853842538 0.3546776097377017
1.2238219547019416 0.43983273355266284 4821.529871505887 0.00036643014411650795 0.5984796494535287
1.3246358711466968 0.5646505944763267 4384.730684338468 -8.964845962585507e-05 0.5937228495634577
1.0269475464892288 0.47853552053133147 4323.509792428099 -0.00019392746491233645 0.30189257598798674
0.8734519633002321 0.4468246717787029 4605.241146260547 0.00044818270508032907 0.33296819251756654
1.1641573856622451 0.5606743556671736 3992.364594742252 -0.0003819431479101766 0.35877259570016007
1.2454451017642687 0.5216408382958715 4738.364643180782 0.00026713131126789627 0.628603516634959
1.2984286563595278 0.5979252330131616 4719.125370907923 -0.00035704616580363257 0.4696670429599471
1.1903465099492658 0.5532648605933305 4327.765641171415 -0.00019029062954776938 0.43848490259099304
1.2358272790908815 0.4499180465936661 4095.0985624194145 -0.0004445668047265565 0.6908465027809143
1.0425783371498722 0.43975461535950633 4868.527714020399 -0.0004939935373574941 0.3751989685955206
0.9303425670686629 0.5297193635202049 4983.432914717819 0.0002562232295169303 0.30318020184650707
1.4169218573957494 0.5078150619206407 4798.496427826642 0.0007653512281862499 0.7645606919899206
0.9789160026639604 0.49731901476440826 4457.281587321678 -0.0006299166383271942 0.30211447854748447
1.1720676176711968 0.4509552325013475 4399.791535273728 7.440377610454674e-05 0.6637732065071789
1.017674292966756 0.5504661909879945 4458.049154632067 0.0001887932383973455 0.30969113321797925
1.2228852918045536 0.5530745111338008 4506.438261434234 -0.0002433778425551799 0.5494315559163692
1.2256765102832967 0.48823866477611977 4886.177242784216 -0.00019107059960236298 0.6945704484598696
1.1600124960182445 0.46814211814772055 4874.445495515108 -0.000118212527307353 0.6295526853049868
0.9609967643308612 0.5346936386773501 4845.561744793704 0.0005208917068728571 0.3094831628258869
1.3265073462172547 0.5522703264475122 4555.266981596403 0.0003292453824875135 0.728684406603092
1.3099141115633932 0.4571021138812476 3979.8850851343104 0.0004261189991341011 0.6532427657882438
1.3092020770878068 0.48270799103398454 4829.945642037263 -0.0003414822856990159 0.8288640503891263
1.1708051386693359 0.4466168565911626 4193.571306465834 0.0002832291984497618 0.46212077936844353
1.2674163936399885 0.5003108594796157 4713.319470938599 -0.0007031976758308598 0.8010510086739764
1.19933061907636 0.506540311774039 4937.006051930632 0.00042692310679433456 0.5739768907497838
1.339069474106231 0.542042040863354 4403.596906468512 0.0002202701842185706 0.744653418160255
0.9917833855643289 0.537883762312426 4520.922173795082 -0.0006001767082912171 0.31217168494386616
1.2356890619271592 0.5058847289963452 4871.082043695666 -0.0010881683911453195 0.6305160862371214
1.4354940440844624 0.5298261697896351 4181.30808127554 0.000892366546856472 0.7670585012170268
1.3398984781521683 0.4941294238611367 4134.210062630379 -0.00031652441832569575 0.7469096873872015
1.1851164916362693 0.45622437488300316 3981.1128357507737 -7.70267328900527e-06 0.5639527957732811
1.1606514318523034 0.47332407197716186 4467.283589765 0.0003925043252159098 0.4710126309513463
1.0791821576374092 0.4670980502421234 4835.131814032872 -0.00035144361165279764 0.3301263022271105
1.1865430361201785 0.5277237792533069 4588.564941100086 -0.0004130949790344933 0.5074810162185448
1.034650800312465 0.4777939956182133 4946.726115358396 -0.0008352377089955198 0.3126736125127845
1.503340698030785 0.5749136926069409 4113.719994978729 -0.0002341174259936593 0.8270071361319278
1.143283527821773 0.5112953917915691 4820.797274851619 -0.00032682069640324396 0.5845418406746599
0.980978200713822 0.4720690923108601 4835.173145809738 -0.0002453580561832084 0.35809317732290047
1.3048040232012559 0.5386734919181531 4307.629756953802 -0.00013439814973709364 0.706666261319812
1.3156263860312936 0.4973578951087215 4726.436178934803 -0.00030779444045407004 0.7698690855519086
1.3513846314863254 0.5711703144422482 4891.803115221905 -0.00035972147251421647 0.7521431557135511
0.8940033981207751 0.4615303717351928 4988.040686636548 -0.00011764015295408534 0.3354368009617047
1.2560319542884828 0.5279558598995209 4924.385559082031 7.012959631534421e-05 0.7182669639587402
1.3586647687930271 0.5373580345930652 4150.282996351752 -0.000508060135683315 0.791894977330243
0.9532290932115155 0.48027544342235445 4632.6783629873435 -0.00013959671318894176 0.30738281165175185
1.1530117303357705 0.5057745037801791 4493.435877909022 0.0001283478509239928 0.3204894936206075
1.096198832481775 0.4550737035226532 4116.359771653899 -0.0003007698155784081 0.39179342257881744
1.3096474161602292 0.5424839289227907 4810.8444031735735 5.488561175347794e-05 0.796596584196142
1.1635668484860404 0.4586174744074663 4977.58699885716 0.00016707557780839147 0.5874502186647574
1.1998515510107246 0.5503450385275512 4399.6529818555 9.508367036540267e-05 0.4959443918900195
1.001988130458677 0.45018860947926265 4613.693911579729 0.0002224388965995623 0.36123534886669467
1.286366727630014 0.514555200810282 4217.879027149827 -0.0004945820410788174 0.5325514729853389
1.1644193977976782 0.5489446789789383 4384.372497953271 -5.067241438046659e-05 0.31331415975702553
1.2626215712217383 0.483214149327073 4130.268014501001 -0.0005352625838029828 0.49899367620049123
1.240268161288551 0.46309044124442766 4430.167202212881 0.0001753777381839893 0.8213315382934445
1.2173202555499283 0.5804640418974805 4385.835421432114 -7.814840767365805e-05 0.36534754791193536
1.3185649524903054 0.4777543037209607 4252.894916632527 0.0003715347674353977 0.8977047854474867
1.325585836954792 0.5051467245460168 4307.925984149822 0.0002972693308634612 0.7536504120349697
1.1282226860394375 0.4789501885674081 4887.937349604483 0.00012225407349746175 0.43847750824985043
1.1744133834506694 0.4700082648957459 4386.283331965216 0.0005524450696344947 0.7515255865269762
1.2661120150405507 0.5239468753009109 4467.904679912058 -4.7211452945458015e-05 0.7756930148636637
1.1679881835644397 0.5054360315820888 4860.545340468493 0.00017215290264995943 0.585706769400809
1.1345593130770806 0.5113952029542955 4271.091889230492 0.0003037885661829962 0.36648961570113747
1.2749552890559945 0.5008165945529779 4941.260783220627 -0.00014590410257157532 0.8210730280346761
1.02588869932742 0.504449412517449 4766.998943104829 -0.00023660597185152322 0.30503771515875727
1.2033172595920596 0.4821922451630095 4764.187483985449 -0.00012327291811328164 0.7075382495949811
1.0777846231618504 0.504677696203012 4824.130368483478 0.00015258292603470355 0.3107990998273734
1.0333556450482542 0.5048713159974656 4279.898783573997 0.00021902995656655048 0.3135561883649414
1.2400097811129154 0.5250538080758289 4923.730607864045 -0.0003403373968577344 0.6737157304154158
1.05180379626339 0.5096621739039275 4706.333841605931 -0.0005302475798506365 0.3366932659093637
1.197069367424861 0.5132863692656225 4859.540407952766 0.00015245000772379336 0.5674536510114088
1.1701573576699924 0.5523959639630514 4465.355278081606 0.0004054927985970547 0.3696404958886783
0.9653130634136258 0.48207946674291186 4949.848349210251 0.000871623709127894 0.30500504998082695
1.4512802957822308 0.500585267666172 4253.0569438910425 0.0004299453659754428 0.8142928320511662
1.2499838043224933 0.5241445505049347 4438.5265698856 1.5178482809597042e-05 0.697812017801004
1.1528089206445369 0.4915145765518869 4429.650955496381 0.0006754485461058328 0.6034823910426892
1.0120260393018572 0.5278142676114363 4459.607932432316 -0.00037311278043889297 0.31233830307453314
1.225445497552102 0.5010304569777617 4103.3752820476575 0.00015708163532121398 0.6904599032211995
1.2570925606846943 0.47021703417667765 4833.3815018563955 -2.66961630532819e-05 0.7517219718163534
1.042384852653503 0.4738850082868455 4619.050859918041 -0.0002953111023437813 0.38002114945486565
1.1378089617501963 0.48740297221071915 4903.053010240063 -0.0005359937130788802 0.40661495252835966
1.2473377164504575 0.5086518338529366 4808.203737901545 0.0005492332224006455 0.7450258312382553
1.315526273383293 0.5199968336066877 4914.595383292952 -0.0002561171068688973 0.7747807815896937
1.2166645646095278 0.5066199451684952 4949.180088758469 5.328210562928048e-05 0.48857563734054565
0.9787735174177714 0.5229015989095604 4427.956492611708 0.0003089531831651795 0.31133761197569254
1.35357363857552 0.5726348831165615 4321.864948221042 -1.3793885877536009e-05 0.6566717584773138
1.3803358756765935 0.47804880209820144 4603.296221116293 0.0003389907018773955 0.7914972076592477
0.9701488321828061 0.4746076311522256 4221.284761036518 0.0001028312600261659 0.3336303672936931
1.065553019830194 0.5234041260109076 4888.226550016877 -0.00030309178698059914 0.33970192620310086
1.0951294952172441 0.4567372158003177 4950.992173219023 -9.719787105374439e-05 0.36185429605567
1.4299904187006767 0.5056910873689225 4384.730678582483 -0.00047754505304964634 0.7696377076023571
1.4299904187006767 0.5056910873689225 4384.730678582483 -0.00047754505304964634 0.7696377076023571
1.474461995193205 0.5600245363068156 4104.172993555477 -7.155256925087704e-05 0.8533011509856274
1.474461995193205 0.5600245363068156 4104.172993555477 -7.155256925087704e-05 0.8533011509856274
1.3531865212648637 0.508244921365431 4281.624688375135 0.000549571970126099 0.7502157454827277
1.3531865212648637 0.508244921365431 4281.624688375135 0.000549571970126099 0.7502157454827277
1.3213162283511388 0.4988210656800821 4404.361877282706 -0.00029471975439609814 0.7337755910559336
1.163036130921258 0.5308461178841062 4575.6878688055895 -0.0001163324389431445 0.5124159249243231
1.3493772850465953 0.4845164454270973 4818.558439899462 0.0003288290822977687 0.911970956524786
1.201431406273345 0.5627708669357812 4329.47397766433 -0.0005388649916796388 0.6144259508589801
1.3428760720678539 0.48857961131077254 4149.3265465063805 0.00015124614559092087 0.7783829092556649
1.2676285550250825 0.5427812004714672 4739.956854012159 0.0003360699393127728 0.5839230206640746
1.2676285550250825 0.5427812004714672 4739.956854012159 0.0003360699393127728 0.5839230206640746
1.0744622141492028 0.48358717160730796 4865.856302958467 -0.0003933887531069927 0.3141677584051802
1.170628387324431 0.4585056602284743 4618.388813011968 -9.638366775637693e-05 0.475016134937122
1.170628387324431 0.4585056602284743 4618.388813011968 -9.638366775637693e-05 0.475016134937122
1.0813849971306773 0.4598870433229828 4796.502226691888 -4.7286723176646064e-05 0.34907764208659553
1.2476126352515868 0.5416044937654212 4913.245737594017 0.00023467376515354777 0.6710116216989443
1.312859681729359 0.4654989823863412 4936.654643045978 0.0001325162092520136 0.8495594287202872
1.124043370796791 0.5343968097358742 4637.279889644063 5.531571739514354e-05 0.3258015943800958
1.1408655933730494 0.4516459295073048 4138.671491195372 0.00011785059289518261 0.741207247783077
1.1732298059327828 0.49109795118793426 4816.03170169144 -9.734128200631519e-05 0.5748963041731192
1.0310313906144333 0.5146471390214472 4879.320721651825 -0.0005047658297218768 0.337948048085701
1.1983171374134973 0.4674711867178258 4488.952882432738 -0.00045509421855839297 0.5055275072322651
1.1359082773581688 0.5368101299318981 4415.283220650794 -0.00014992956155804272 0.31340886230727016
1.1359082773581688 0.5368101299318981 4415.283220650794 -0.00014992956155804272 0.31340886230727016
1.2885303677540403 0.5029380968756383 4235.2361161036715 0.0005237741429891907 0.773691998341212
1.5035050766948919 0.5253385724230313 4659.3854280993455 0.0005581793229906287 0.809836121834081
1.2409788933236827 0.5323025169609579 4527.01724103563 5.702443560294437e-05 0.44460002864092185
1.357113661645326 0.4639943837224711 4713.416830401487 -3.414003467729451e-05 0.8024429827234503
1.278275402181963 0.48505523485378654 4950.29636184621 -0.0005263303748086004 0.8212086244405031
1.278275402181963 0.48505523485378654 4950.29636184621 -0.0005263303748086004 0.8212086244405031
1.1968984713461337 0.46921727398720336 4391.991158427108 -0.00020112712223544946 0.7200550770565926
1.2834207104069277 0.4730627358189752 4384.908180593459 -0.0005429564574838729 0.6431510730037824
1.2834207104069277 0.4730627358189752 4384.908180593459 -0.0005429564574838729 0.6431510730037824
1.285317431870778 0.49288974774978705 4488.376014103117 -0.0001435056571906661 0.7784680872095715
1.3559672569649672 0.5696806630669504 4053.2908205630333 -3.784341037941881e-05 0.6908799046378178
1.3559672569649672 0.5696806630669504 4053.2908205630333 -3.784341037941881e-05 0.6908799046378178
1.2857399356650614 0.5220140504243244 4778.341518861068 -0.0003883059939822298 0.8146748960706804
1.2857399356650614 0.5220140504243244 4778.341518861068 -0.0003883059939822298 0.8146748960706804
1.2702509472578882 0.5258542985522031 4572.948308360395 0.00023241825753334192 0.6719005737148798
0.9917421257479182 0.4598863175554011 4442.591449139692 -0.0002760044512022516 0.3431401370898328
1.1535069980102926 0.5412814751423112 4868.289150572604 -0.0006185114385079156 0.4809218816534803
1.3170208872376465 0.5456209348421839 3990.7277526349353 -0.0009545310519860048 0.537182956825922
0.9041817595951886 0.46992292848157136 4663.144826648931 -0.00019278044459252583 0.33289997894037304
1.3413807901051482 0.4666728622186568 4747.992589382992 -0.0005527499435719843 0.82202435317621
1.3246844712637316 0.50851524640806 4403.972016204023 2.178053741534048e-05 0.7496355173731903
1.1369813594261158 0.47890598583016103 4073.9177678171 0.0005974019400684783 0.4169986289316531
1.1513466147894673 0.501130001114231 4423.591102849006 -0.0003410110275780226 0.5928123994061822
0.9559929833978982 0.4723322039453754 4438.742876004919 0.0003431131428472164 0.3362678603324035
0.9559929833978982 0.4723322039453754 4438.742876004919 0.0003431131428472164 0.3362678603324035
1.05965096624059 0.46198269092032895 4895.202617837259 0.00032225214382191854 0.3355845318619728
1.05965096624059 0.46198269092032895 4895.202617837259 0.00032225214382191854 0.3355845318619728
0.9927650563039951 0.4879509109343667 4224.019641746432 -0.001019750818175817 0.3302805695602062
1.421079579322058 0.502994590992218 3936.4463785857106 0.00010854037401757742 0.8060739483643944
1.2704333049063588 0.513906430725115 4953.294533610876 -0.0004445691153011976 0.7439048515156079
1.1906749711663185 0.5300631248587635 4503.4233724009355 -0.00038732996411667815 0.5069277975436545
1.196488866758553 0.4690611224451857 4625.433025508618 -0.00031141811180560556 0.7910829972034086
1.196488866758553 0.4690611224451857 4625.433025508618 -0.00031141811180560556 0.7910829972034086
1.0775704320904531 0.513102567848965 4596.783305657799 0.00019828341600136316 0.33825118990416525
1.156295117491301 0.5005062940842008 4294.361024855264 -0.00014178756489860846 0.5497290230813842
1.1698340268775387 0.47291111485997606 4316.287719098207 0.0005395177443250985 0.43417911778931717
1.1698340268775387 0.47291111485997606 4316.287719098207 0.0005395177443250985 0.43417911778931717
1.2075955011017376 0.45720001021768764 4087.517377075405 0.0005145884230122979 0.5500216904599704
1.4547713762661607 0.5559566071433616 4405.40489585265 0.000167332751260347 0.7885028608573549
1.4547713762661607 0.5559566071433616 4405.40489585265 0.000167332751260347 0.7885028608573549
0.9964444577580752 0.4574143438545145 4872.586973864901 9.342562483872601e-05 0.3636568030647514
1.040471583875792 0.48391740036408604 4960.256144585487 -0.00042602862624978885 0.35685392989426595
1.2075374639044893 0.4653326808150614 4553.990876626862 0.00048277621653185996 0.6970419833199413
1.0430807237279298 0.4913833909283407 4503.106123854668 -0.0003978807019975468 0.3231789411544348
1.3297672887872758 0.48859226406584066 4645.373344928312 -0.00026872468413730087 0.8008893571960221
1.37245987253287 0.49701422464035167 3990.540814547253 0.00034258890505544325 0.7758527136729007
1.1442755335356876 0.4603189194948963 4956.594625326874 -0.0012786219843541624 0.4559948687930756
1.1442755335356876 0.4603189194948963 4956.594625326874 -0.0012786219843541624 0.4559948687930756
1.0760957620966052 0.49648762195400037 4836.239510208952 0.00014547209241623662 0.36666447812586583
1.4098447328493515 0.5655553314827015 4120.851044871666 -9.04808888128706e-05 0.8129112538488246
1.0305654774332798 0.46043349710029585 4549.417735404686 0.00020613940374220052 0.35642271777808177
1.3692968884078582 0.511399450412242 4053.8235826924647 -0.0004814686182292221 0.729302072390394
1.3692968884078582 0.511399450412242 4053.8235826924647 -0.0004814686182292221 0.729302072390394
1.284271688838295 0.4909283356967211 4598.447837997664 -8.345550145239791e-05 0.6530050333496621
1.0687745238405095 0.4925077960175025 4428.606360127536 5.86917483522044e-05 0.34677267792935534
1.131885651907079 0.4591460660842204 4318.162287878839 -0.0007306069950940997 0.6231125790659726
1.2435358298637675 0.4853776984245258 4195.663372898357 0.0003696601031266849 0.5664162469324455
1.2435358298637675 0.4853776984245258 4195.663372898357 0.0003696601031266849 0.5664162469324455
1.3289403525726309 0.45185502909888914 4590.032561340861 0.0002086155948751468 0.8070786291711426
1.3330098784638849 0.5126912056618411 4926.283213080013 -0.00023137120270254715 0.8244097954975051
1.2926785605751185 0.5272246004925607 4984.600240371832 0.00031738068573166603 0.7049824282167169
1.2926785605751185 0.5272246004925607 4984.600240371832 0.00031738068573166603 0.7049824282167169
1.1933638283327073 0.49321716524433834 4327.152481998726 -0.0004851180049630079 0.567176301378807
1.2334416603298402 0.5458291977566165 4936.685728297465 -6.677514399189578e-05 0.6710324280216067
0.9944549894740572 0.45947678110525797 4985.505171042723 -1.4882278187955724e-06 0.3572492271662252
1.3431721556539225 0.48805178531789345 4020.40890003171 -0.0004737334517726588 0.81998653427778
1.3431721556539225 0.48805178531789345 4020.40890003171 -0.0004737334517726588 0.81998653427778
1.2373725965637463 0.47747060192171675 4637.228092504371 0.00035633422625810343 0.5233262966242804
1.3247218481237248 0.501490723858099 4467.192730586374 -0.00026225388227974465 0.787826986265941
1.2148612802792442 0.4809343376057995 4248.422699855637 -0.00044041762358368005 0.5747590793518903
1.1433007774455792 0.4621703683664895 4887.018476860872 -0.00017221238208617212 0.4301853351048958
1.1249116377107198 0.5343419603068646 4960.452741392432 0.00010821014946675021 0.31233756580615946
1.0054226004198026 0.47151079561331904 4668.014032797462 -3.943045831355558e-05 0.32249890829732764
1.393388874177532 0.4990244918054704 4611.908573672195 -0.000444720244683242 0.8070611913054468
1.2112162643717175 0.45524739330177993 4691.188467399776 0.0008992422773591929 0.7645481884873877
1.2112162643717175 0.45524739330177993 4691.188467399776 0.0008992422773591929 0.7645481884873877
1.0826396155872966 0.5276719583644379 4630.683901656859 8.257567071947395e-05 0.33159625829453576
0.9913757358194825 0.5010351752492737 4872.5049829337695 -0.00011828974134630526 0.33444855502598153
1.06938090567518 0.4756293193776889 4863.918549329184 0.0005777607503756081 0.36118995747167637
1.06938090567518 0.4756293193776889 4863.918549329184 0.0005777607503756081 0.36118995747167637
1.010087800273922 0.47273644203782206 4782.476196258033 -7.119492618779934e-05 0.3253091242729127
1.010087800273922 0.47273644203782206 4782.476196258033 -7.119492618779934e-05 0.3253091242729127
1.2936950322557355 0.4842448747161083 3946.9196475570684 0.0005395407543161036 0.8061945697229123
1.2624441084515259 0.4596410295668143 4467.519466955578 0.00013383761981876596 0.8204769352496981
1.194521637556009 0.5001528251122813 4377.823509334784 -0.00016025104897267046 0.6115961151626368
1.194521637556009 0.5001528251122813 4377.823509334784 -0.00016025104897267046 0.6115961151626368
1.1079123794559556 0.5067394086688719 4907.99312828209 -6.855056429251896e-05 0.36767973856140507
1.0988662823181692 0.5376010480251181 4490.27543174009 -0.00011549403877061935 0.33145385416425416
1.12561461934239 0.5210989940965813 4580.333785841739 0.0005347263045487848 0.3480307952010525
1.3202556808569037 0.49339559551560097 4603.807931855009 0.00029267816532657827 0.6709537233512495
1.2991176268232392 0.48245275074882427 4433.745701016392 -6.074049440991434e-05 0.7651338471368299
1.2093133549777115 0.4883517708526317 4780.5606863293115 -0.0004062697694353592 0.5932806603972869
1.2093133549777115 0.4883517708526317 4780.5606863293115 -0.0004062697694353592 0.5932806603972869
1.1723154277243444 0.4574479469410482 4952.377178270518 0.0006739810259007575 0.7617309709534466
1.4195347946182206 0.5184440005773022 4603.578038917596 0.00042220708291029914 0.7935633943325684
1.244018314992009 0.5364699494591436 4846.329044509753 -0.00017409175287080888 0.6132286000004088
1.244018314992009 0.5364699494591436 4846.329044509753 -0.00017409175287080888 0.6132286000004088
1.228386636934146 0.5224290000529015 4815.273886102699 0.0003785510160405365 0.4896001571002512
1.0444874846134427 0.48503164458710946 4598.768975823821 0.0004262879999299216 0.3544634435097193
1.1601598039145395 0.5217994772161845 4295.398653679086 -0.0006281566034684282 0.4069542966756656
1.0865264767846479 0.5063176440001711 4650.734636514971 -0.00012671885856675483 0.32041722062375544
1.2139335958489639 0.460129788547471 4491.796648140724 0.00016727983063417407 0.6073042269877761
1.369472326384556 0.4934684454883638 4090.10525745715 7.850186506718122e-05 0.741764233047664
1.369472326384556 0.4934684454883638 4090.10525745715 7.850186506718122e-05 0.741764233047664
1.249985661035292 0.5110455963834615 4110.126753990194 -0.0004925271347736612 0.7350138170197963
1.249985661035292 0.5110455963834615 4110.126753990194 -0.0004925271347736612 0.7350138170197963
1.2350765892238267 0.45973775120732496 4942.947388470947 0.00015049519246696324 0.7935027067708684
1.2656535199947259 0.501078931292946 4020.813190386809 0.00028739948205698724 0.703573863221466
1.2656535199947259 0.501078931292946 4020.813190386809 0.00028739948205698724 0.703573863221466
1.2702464553942208 0.4795318679615335 4855.531433160904 -9.846222170003178e-05 0.7874814055876587
1.2702464553942208 0.4795318679615335 4855.531433160904 -9.846222170003178e-05 0.7874814055876587
1.1884349398537906 0.4592533557163836 4825.43257746188 -0.00016244023167040868 0.6983690242200296
1.2936889227542139 0.4646996238514511 4470.416945689835 -0.0001595781212580716 0.7522751673503469
1.2936889227542139 0.4646996238514511 4470.416945689835 -0.0001595781212580716 0.7522751673503469
1.326173287866526 0.4958366047005431 4813.220653477676 6.383773090678116e-05 0.7126765306438576
1.182118438889551 0.46561910802080464 4765.356151957845 0.00016211901153111014 0.5589924096893619
1.182118438889551 0.46561910802080464 4765.356151957845 0.00016211901153111014 0.5589924096893619
1.2780013106078605 0.5102493271147914 4713.583940443941 -0.000462490952903064 0.7406899516652469
1.1650993309493507 0.5074819839849365 4764.437393575561 0.0003894444213436664 0.6309472508991203
1.0449421894901942 0.4914353709353547 4322.777612280066 -0.00014585907537505326 0.3400944735879303
1.1819814711498366 0.5489869585343103 4633.015681373719 3.646395684206929e-05 0.33051586709747427
1.1819814711498366 0.5489869585343103 4633.015681373719 3.646395684206929e-05 0.33051586709747427
1.2505770787641746 0.5124135747205729 4623.249849654905 0.0005506931808514882 0.7704547310489772
1.0635115106876767 0.4935771925947138 4862.336399900709 -0.0004371748008066669 0.3221443846372554
1.0635115106876767 0.4935771925947138 4862.336399900709 -0.0004371748008066669 0.3221443846372554
0.970423336094434 0.4927278582634571 4741.3928543478805 -0.0003892877909412307 0.3234171041678563
0.970423336094434 0.4927278582634571 4741.3928543478805 -0.0003892877909412307 0.3234171041678563
1.0359843190597622 0.46513689024727417 4581.925738185288 -5.0409819098115206e-05 0.3373038589836579
1.0359843190597622 0.46513689024727417 4581.925738185288 -5.0409819098115206e-05 0.3373038589836579
1.1984626937996534 0.521055517745882 4969.6779042300695 -6.563560734401016e-05 0.32988271738405933
1.2340478625555855 0.5113131614569427 4165.067673705005 8.693504932563804e-05 0.37952649560243984
1.2269484491399063 0.45341915279971257 4974.343378399502 -0.0005044577163441033 0.7735506077734826
1.1833139538764954 0.4808563068509102 4643.00341719389 -0.0001555868670295425 0.3997431993484497
1.1833139538764954 0.4808563068509102 4643.00341719389 -0.0001555868670295425 0.3997431993484497
1.2005052003224415 0.4865763324058801 4471.308418537639 0.00012544962297355073 0.7277076748827614
1.2005052003224415 0.4865763324058801 4471.308418537639 0.00012544962297355073 0.7277076748827614
1.259162765777457 0.49313725159651123 4392.111119156936 -0.00029997657145330723 0.7771824267630351
1.259162765777457 0.49313725159651123 4392.111119156936 -0.00029997657145330723 0.7771824267630351
1.3380776886912502 0.5063050071239736 4887.17759356046 -0.0003604536715185166 0.7864607538546775
1.0524898268730987 0.5078451176924796 4981.740510664544 -0.0002829915524094855 0.3351701350480287
1.2317167679285435 0.49410607660612155 4829.451495826561 -0.00027801453187305844 0.7775106833056687
1.2317167679285435 0.49410607660612155 4829.451495826561 -0.00027801453187305844 0.7775106833056687
1.3348549854879947 0.5270871041527567 4814.304123683283 0.0001159850585337682 0.7722860318316431
1.3348549854879947 0.5270871041527567 4814.304123683283 0.0001159850585337682 0.7722860318316431
1.3166388321933993 0.49530144845100377 4874.913537572704 -0.00034389121072632704 0.7719304177368422
1.2023014394371507 0.5140568466707269 4574.681518746528 0.0005902796171600832 0.5651195089960654
1.0373361098944196 0.46088266306775294 4853.12226657951 5.872891907822838e-05 0.3637535551081963
1.3343290101942822 0.4933735042366521 4305.000154643628 0.0001300772288677239 0.7279019663971074
1.3730341028814166 0.4781809123235892 4253.555741423419 -0.0005720126108634917 0.8316136571730204
1.3730341028814166 0.4781809123235892 4253.555741423419 -0.0005720126108634917 0.8316136571730204
1.440899760376349 0.539213611748629 4427.3425355408335 -0.000668721923775086 0.8203170298479593
1.1264648744627288 0.47755228258850224 4482.938976163921 8.110014511077799e-05 0.5827531341796492
1.1501741548059923 0.4806773761451164 4641.523032006207 -0.00024133067191459237 0.4113179299272966
1.1092401723407501 0.47555451941216176 4710.591367158951 0.00019446161501093315 0.3722406692409855
1.1092401723407501 0.47555451941216176 4710.591367158951 0.00019446161501093315 0.3722406692409855
1.1622787138852537 0.4759012708743559 4498.095973129465 0.0006060547262455527 0.7273298440336613
1.2295961515717047 0.4846882854938651 4352.6976562270465 -0.0001586466830985232 0.45788510869475646
1.246573053643522 0.5147222207701065 4127.533135004184 -0.00018976941915649297 0.5985267786006183
1.246573053643522 0.5147222207701065 4127.533135004184 -0.00018976941915649297 0.5985267786006183
1.2968688802800883 0.49323727289300473 4472.933330432488 -0.0005388974817666695 0.693428511975727
1.2968688802800883 0.49323727289300473 4472.933330432488 -0.0005388974817666695 0.693428511975727
1.2757876218535298 0.4928591630440334 4530.41890128263 -0.00014155706961170236 0.8066229188370826
1.209688372414078 0.46040283409700844 4459.575379498074 -0.00013807433257897192 0.6755293477713393
1.3993101950797948 0.534576358248964 4379.859808676939 0.00034595304735764073 0.7762371169841917
1.3993101950797948 0.534576358248964 4379.859808676939 0.00034595304735764073 0.7762371169841917
1.2682752597059155 0.5207032771220337 4978.252459728343 0.0005562138723916565 0.6036925244940503
1.0526401415849949 0.5079727196073567 4829.126673689379 0.0003191519291692661 0.34277504653496915
1.0526401415849949 0.5079727196073567 4829.126673689379 0.0003191519291692661 0.34277504653496915
1.2626599581142743 0.47550149862730295 4727.810259311152 -0.00041958243803498653 0.8030631723695321
1.1043968437970046 0.4746263193900827 4306.746054811526 3.562325220947314e-05 0.33619937192888016
1.3266650972174006 0.549835040038907 4806.299180434722 0.00038481911308326503 0.5758186784452745
1.1728439065096536 0.45742370752923855 4979.101496772198 0.0005999455191785226 0.621852979696317
1.1728439065096536 0.45742370752923855 4979.101496772198 0.0005999455191785226 0.621852979696317
1.252687697737969 0.48962844663129473 4453.21057324403 -0.00040958175002234816 0.7991196656353898
1.113914088748631 0.47462404506650124 4466.4009666977845 0.00015721728291621083 0.5336365002175226
1.1086160491968122 0.5088566188261536 4630.579212265801 -0.00017744217730271086 0.3391402074323651
1.1767492080417252 0.4688390169809192 4554.662034757149 0.0004020882391646822 0.6693067141235285
1.296867587402044 0.5137749355420748 4902.219210566623 -0.00014092645420670714 0.7677201265978949
1.1895081497866054 0.5268587674238087 4576.345093018937 -0.0003237482160170614 0.5476237817794873
1.1405199978581808 0.49392138074467795 4482.206540519392 0.0005018902477653689 0.5954035634740416
1.0769976316692296 0.4930578237530526 4561.681216487081 2.1379829573390955e-05 0.3510862848730372
1.2978332020051906 0.49580766629691647 4605.498437609024 -3.2314575942750308e-06 0.7217639355796945
1.2343414251469231 0.5141191350958118 4939.453791392282 -0.00010697395993849368 0.6255427356803279
1.190153060757145 0.4914183828726101 4737.98812209207 -0.0002756552152628269 0.542914484324093
1.3768297785355355 0.4811065834708774 4169.655146837703 -6.276289403273018e-05 0.8200552470194182
1.3768297785355355 0.4811065834708774 4169.655146837703 -6.276289403273018e-05 0.8200552470194182
1.0946102688174224 0.46400525550335564 4867.410294572615 0.0002105092768521435 0.42833597583124183
1.0946102688174224 0.46400525550335564 4867.410294572615 0.0002105092768521435 0.42833597583124183
1.2468373167362625 0.541258643442758 4385.682781911574 9.166897834472037e-05 0.4515373737945217
1.1465802747371143 0.5450628002200896 4468.905051500295 0.00017839118125299947 0.33333324156696903
1.0986262500783206 0.5173607246889349 4767.493540299918 -0.0004982221399599051 0.3435539742645645
1.1656944282550843 0.5153657894789526 4521.803826559566 -0.00036943377894436226 0.47132416535030985
1.1040359038333118 0.4741407859251504 4598.484439579641 -4.284011943055117e-05 0.3457315130085498
1.1040359038333118 0.4741407859251504 4598.484439579641 -4.284011943055117e-05 0.3457315130085498
1.2795135442726608 0.4783426294477143 4306.828864390497 0.00021460900063497955 0.7482609048562542
1.3153134991397502 0.5041649559888048 4469.3865596597525 0.0001136490282161385 0.6756393107045455
1.3381037250206362 0.5116570969506322 3992.872404272043 -0.00019115107933572804 0.8105274776025642
1.424225658731988 0.5346925633126098 4300.623510902491 0.00023541602630838978 0.8590470512913192
1.2574279013195424 0.5470978037302785 4767.71700948675 0.0002607718090029861 0.5613902207154127
1.1811714574613532 0.4666624640440493 4695.178033719892 -5.808077784209343e-05 0.5794833962914187
1.1417965621812947 0.48819175996560904 4999.963189150873 0.00014539341352347445 0.5258968259452599
1.1417965621812947 0.48819175996560904 4999.963189150873 0.00014539341352347445 0.5258968259452599
1.1720808340735014 0.4973906117235526 4893.898029096337 -0.000339413020541787 0.5987034813561074
1.192488607972102 0.4864586909835553 4725.227439121644 -2.1301175811556894e-05 0.44194254782409637
1.2624826389138883 0.5115171662562855 4685.311264923517 0.00019927335948701297 0.7062608792169709
1.3139348994169255 0.5038428017819856 4229.068626565598 -3.2609085042622154e-05 0.6296043078774318
1.1392663505883192 0.5171239233227496 4881.682210165727 0.0005520442861294676 0.42060993599529267
1.1392663505883192 0.5171239233227496 4881.682210165727 0.0005520442861294676 0.42060993599529267
1.081282989872224 0.5132503710470157 4814.100718292683 0.00019167257156455287 0.32080975186990646
1.1866735290805133 0.5279220999395104 4420.421895825436 -0.0003227623718275361 0.5706503901031581
1.316554420947846 0.4741123831790608 4169.287623275074 -0.00019049346847683466 0.7796086912483965
1.0759168291490988 0.49498526975206986 4181.9489876212965 -0.0006233879606715049 0.3327123788444687
1.0799615324779341 0.48915039744559735 4321.909417262485 0.00043659491262571594 0.3356684768026086
1.201206764557317 0.5262260355834136 4306.625221321115 -0.0002874497098267816 0.39821822405356444
1.0493615096380735 0.49081361945026203 4836.032325142451 0.00014138255107304514 0.3202049515580208
1.208876046969547 0.4837651084082949 4329.902703185421 0.00047133139799564677 0.8059094204133767
1.1178552441902943 0.512273288302858 4773.252344765863 3.153625760836782e-05 0.3254624195171432
1.1178552441902943 0.512273288302858 4773.252344765863 3.153625760836782e-05 0.3254624195171432
1.3161823426727999 0.5235498198514448 4777.5241707147725 0.0005526054893086 0.7855218478579664
1.3610737838478144 0.4788351339988722 4776.726654200047 0.0003398131697223521 0.8099750546121052
1.2650350871085458 0.4737121189374443 4784.082834791649 0.000521251974940737 0.724857143537128
1.046246226807566 0.4819529039758198 4966.378548754079 0.000824478878539433 0.3507085643820615
1.102001832693705 0.48819730682804996 4447.1361169773 -0.00022329755899965168 0.417541402583042
1.2755863547401343 0.4748022419831293 4955.187688725702 0.0001329956565253555 0.6734678176049305
1.2755863547401343 0.4748022419831293 4955.187688725702 0.0001329956565253555 0.6734678176049305
1.206199558806805 0.46657800368423696 4877.870923548596 0.00034535973906483445 0.5141230924721621
1.2655884871782555 0.531642018765576 4275.7570259285585 -0.0005183743498108994 0.5187936310493872
1.2469391605610047 0.4768214212016612 4961.788818825257 0.0005099047770936923 0.8346929727704914
1.1449274481423612 0.48675123417263505 4960.772829973283 -0.0003474508292891287 0.3450101021975893
1.262839916874156 0.5362197373682982 4490.124842393417 0.000378174494268503 0.5708320069705839
1.1829380302527759 0.5089792952586399 4453.831748634174 5.136372744896807e-05 0.5326836550034857
1.4221855335694038 0.5252876552405936 4750.209867507906 -0.0004769838225724378 0.8138908318485816
1.3456248144580731 0.5359555782792302 4306.402498873247 0.00027028909775858476 0.7456435831640962
1.2706327916560687 0.48129060368094156 4974.901324888138 -0.0007749611372744162 0.7611557753288445
1.334917715670535 0.507060443265985 4270.363252464007 4.079722149603631e-05 0.7381498082808793
1.3007710365108125 0.49646269927437453 4909.684881878101 0.00044488590167936426 0.7841321114447537
1.0829210942575147 0.4924974084723657 4819.951314966432 -0.0008071818961833604 0.36141899369816366
1.2691439682507473 0.4933846121546689 4449.8126659474165 0.0003213232580730721 0.7816894949917905
1.119535179017166 0.47495561956552473 4766.202946178482 0.00044472357195579485 0.4165974867467353
1.3886034966187126 0.531061002320226 4836.3388157326635 -5.292103925712037e-05 0.8157546849270032
1.3029548085416116 0.5045001668086098 4395.176009539633 0.00023740492960390756 0.7047599614179408
1.2836299118441563 0.4714220732171751 4605.724886818404 -0.00012266539656494193 0.7752646783896748
1.3292406030911041 0.5552140445180767 4709.028541270134 0.0002832381537766667 0.6152686308407166
1.3001481767984995 0.481261381869344 4766.719520123393 -0.0003023405542936527 0.8098647922739965
1.073787460585116 0.48562306499916336 4814.417682387357 0.00023696163076522596 0.33141891997513717
1.2706180110381569 0.5152566770150439 4974.825104070021 0.00016934449921284325 0.7773835534882472
1.2515325428106965 0.5016104536118136 4779.648299462227 4.810512402068857e-05 0.6326230723550229
1.0857688088884898 0.5072855137100976 4546.190954477017 -0.00011574736869535725 0.3404615692323716
1.2995349278072004 0.49435919341932894 4253.681806008222 7.455495330097929e-05 0.7552326537616403
1.2995349278072004 0.49435919341932894 4253.681806008222 7.455495330097929e-05 0.7552326537616403
1.1512592187896478 0.5120492003954833 4249.467298202674 -9.483785627806714e-05 0.32367725158111715
1.2231218532646109 0.47109096375387205 4784.749985409347 -0.00029168080174343894 0.6670611192476081
1.3055693453461354 0.47420026503370977 4597.127704711255 -0.00017389372414909222 0.6627274002530824
1.2692820071267792 0.4642542013725795 4428.286255789997 -0.0003590189672159023 0.7266266205019949
1.3196409465049146 0.5142791000158777 4907.865159389161 0.0004639969955305195 0.8040141103299339
1.2584548174809715 0.47971038942707656 4497.056094384584 0.00018174128800897644 0.7539030354493278
1.2584548174809715 0.47971038942707656 4497.056094384584 0.00018174128800897644 0.7539030354493278
1.3385754380473283 0.5038281934480806 4181.386266459204 0.00011334881999035766 0.7787073600768004
1.2046351430197708 0.4929690788722974 4915.15673432149 0.0006310454617806478 0.7229302196222444
1.2046351430197708 0.4929690788722974 4915.15673432149 0.0006310454617806478 0.7229302196222444
1.232664532905292 0.4869045506388103 4995.693471324034 -0.00011966123283603328 0.7435729624292036
1.2844038713181423 0.4638229566712866 4933.224673273508 0.0003823047301022833 0.7581261316939193
1.3772429850363022 0.5183551501627339 4568.23077747411 -0.0004466379671496735 0.7809930786425068
1.2557494963828155 0.4993047375575251 4490.977961679569 -0.0003506672670699747 0.6152217714119363
1.3067462702679633 0.5028423734713828 4784.972018957375 -0.00029699069269250846 0.8354225703264546
1.2824133530631214 0.4865657273906824 4150.836872220468 0.00016408028245295766 0.7216123625906141
1.1451510354953198 0.4970271370952833 4379.88489819436 3.0174500853239467e-05 0.3372493427876445
1.0790087498415162 0.5045434194687138 4896.115903320099 0.0007599642171441541 0.3367716428183798
1.28812697925887 0.4738467910347066 4953.226306923797 -8.094586419913529e-05 0.770757195217293
1.2961457429744576 0.483164234805151 4491.155341788991 0.0002876541773884549 0.7611020450235957
1.2906922057046453 0.5266647587876585 4492.52346696335 -0.0003510818177918088 0.49988732346831605
1.2402685044326747 0.4890719477401751 4874.252686819399 -0.00012934122328607682 0.7803438362755907
1.3123460974889056 0.5152683269194347 4654.076041523458 -6.594156496899023e-06 0.6826328786279512
1.0797504698897353 0.47937657667283223 4452.720109292514 0.0001369041117740349 0.3670508425924901
1.2667940729587501 0.47348650424637384 4634.054671459113 -0.00010801452331617903 0.6917281942822564
1.1943534574453873 0.4740993669646556 4937.948171036154 0.00033323868810592887 0.7545559633409336
1.3126797368231746 0.4671133807847084 4683.332003747554 0.0008132210470271463 0.8407816446787009
1.158815917948747 0.47277827473215184 4828.88666931829 0.00046299646975548426 0.5875923077938192
1.2817654861069934 0.49711571018892087 4728.395963774371 -0.000925093230276589 0.7680062114610422
1.1196761289514903 0.4855970226475795 4766.636812675921 0.00010278641359002785 0.3880550769113017
1.186277081419037 0.5184364724489575 4828.722982898616 -3.552095282512146e-05 0.579199848402036
1.1828042909155019 0.46651791697243805 4858.207776696743 -0.0006133432691535325 0.635731539302882
1.3432082111747188 0.4811393104531636 4379.350703020861 -0.00036337068489624086 0.8320255753259371
1.3438521756004649 0.508657254420843 4270.1880527113135 -5.085936439784399e-05 0.7651562091274378
1.267769128294665 0.4651653058806077 4590.380340836713 0.00026183526427741807 0.7143653922789184
1.198653715477757 0.5173913234505284 4551.894207016397 -0.00010573136693457694 0.4066513776963025
1.2142964082800598 0.5282777254851003 4859.69884722027 -8.199086838670135e-05 0.5666256884525356
1.350005312974403 0.48310440371991387 4598.318415873569 -0.0003607094900418931 0.8312534887077166
1.2848972799872105 0.46675126922469845 4974.590354478747 -0.0001783857564338718 0.8122009844253844
1.1715448386657066 0.4991542466597382 4747.433578655765 0.00028914131326936545 0.3363486201788813
1.2407262464999353 0.49516224394134145 4576.539418577967 0.0005360818013367583 0.7557736516173104
1.3188730240054352 0.5329926800343873 4774.8059166835765 0.0003131078465182929 0.5322241209123647
1.2555325252404534 0.4886808834804026 4716.025465758838 0.00024899312634717494 0.485392820197287
1.1807289547591648 0.5040647981223021 4698.74706729246 0.0004529788304575376 0.3747624116901403
1.129712477950184 0.4660386928832542 4892.515072822263 -6.80647896448637e-05 0.44620574688154524
1.2428776292181198 0.4825968212824339 4766.411734457891 0.0001483677492557104 0.7649224693840637
1.3827048467698213 0.5027886371781696 4969.416750287214 -0.00017647920747529752 0.8486736594552866
1.407845342927756 0.5508489992721939 4709.512812564799 -0.00016975383689915862 0.8108235606748638
1.2029150375658844 0.4866426352067228 4898.27742984563 -1.293839071198413e-05 0.6508605488899325
1.0959940237827408 0.4787213011410941 4739.850091186384 -0.0005211759063607988 0.35025604836811425
1.2891124863266152 0.5145242937619108 4817.970394310019 0.00027324612347050795 0.8019771625466483
1.3950826775354601 0.5073781191974092 4352.608108287349 -0.0006927885626802359 0.8135881660182839
1.267819911668596 0.48994786742450164 4877.57841910365 0.00037352739715074254 0.6253106580751044
1.2719754945139206 0.5250232773370402 4784.5872293803195 0.0005943026650860725 0.6392264848715734
1.3265868789912558 0.4763345823210504 4747.151861587521 0.0009532159847401065 0.7022065588159552
1.1394206399900169 0.483544932912729 4999.617167887883 3.05301110979761e-05 0.5169028210467451
1.361178662240039 0.49558014814601214 4424.707001693661 -0.0002662329679288138 0.800543569142308
1.1633107142381252 0.47000739524416135 4822.710751270872 0.000539381552350672 0.4374067322962046
1.190799250030957 0.5211668347636491 4445.513973341191 -0.00041920110618787795 0.35573534639192306
1.4748352798659714 0.5219644681117408 4405.215338036567 -0.00016117636010863854 0.8343268265835436
1.1856820604197797 0.5196524517414685 4876.516913909593 -6.184262326293456e-05 0.5550929429688036
1.2050638075406888 0.4956054913027678 4681.840166222094 9.803290017901304e-05 0.6945389593143385
1.3061159683288746 0.529915262280638 4895.81126932004 -0.0003050024921601897 0.5792919766703366
1.4080401499352302 0.5007977997632602 4750.906546921948 9.940253894135692e-06 0.8603143129952776
1.2945135539964627 0.46426101076120885 4790.08019674393 -0.0007211900903216071 0.8663867522150625
1.2547048959387985 0.5104343107808049 4676.483808008951 -0.0003340846933562533 0.7172583217841113
1.091970374852874 0.49545873453005296 4590.2119744476495 2.4509215506193473e-05 0.32706977338298715
1.2904416597897141 0.4873203967796388 4445.036296938886 0.0006518886839476293 0.6645841844282567
1.4151222100437784 0.5066210630383148 4747.626490034045 -0.00021302470550572852 0.7924867006073442
1.2749947706024165 0.4785118020043366 4737.363745382992 0.0008398090192821792 0.7502798200058751
1.1837362063860466 0.5074869681686824 4862.979664461167 0.0008539703758665835 0.41290605258313046
1.1943829658524892 0.5088622577416375 4659.648307150224 -0.00017140699155338248 0.34616673016521987
1.348505651540378 0.49051676699076424 4607.360385633597 8.245204491852856e-05 0.8272866645618793
1.3568323184383426 0.49242082310150015 4199.610470858673 7.657294003540063e-06 0.7778306560597888
1.137414617563961 0.501647321780399 4527.1388568553775 -0.0006145041332373919 0.3511580651332613
1.257479748320811 0.4668251206866169 4974.9847065538 0.0002547020757241896 0.7959842165083582
1.2656005115434854 0.4672355866922257 4728.184017244749 -0.0007898155722145294 0.8266442605392085
1.1366917013349913 0.5045068252092535 4764.502705177881 0.00016687149134394686 0.5672610836010106
1.2020684742293009 0.4984375902571332 4835.55166184237 -0.00014493855816603507 0.4623206568150996
1.2739296228522716 0.5093863795712053 4727.062633584505 0.00028251450815457494 0.7119861635259574
1.3516798961670116 0.4865157511126784 4585.783839815846 0.000267988796489201 0.7877905820070108
1.1210174928786645 0.48132299842087806 4884.604865003086 -7.676680039398719e-05 0.40271642261774115
1.2201666394658455 0.4936500261534784 4732.684379998934 0.00019788351055162725 0.6152185551582215
1.3145323175881536 0.4835963897716824 4056.4135503472426 -0.00012085737745959178 0.7150781306657262
1.311436650495052 0.5186923067194861 4524.362389172634 0.00035848159578594116 0.768706545427756
1.2101271951240962 0.49025192311315563 4679.546866191098 -9.142410875382146e-05 0.5910633865667935
1.2302687991877974 0.4875867253976669 4704.882653563257 0.000524463166189336 0.6868340797303722
1.2651657583257794 0.48629761584619613 4955.572341522401 0.000713871346001338 0.6953886668179353
1.3471164426936073 0.5066765384367361 4415.500259521145 0.0002139701113977592 0.8006883214012217
1.2379744501379142 0.49601790876079327 4970.782636774681 0.0007489808939618198 0.6651161948290452
1.2268679546237913 0.498273078282987 4961.998065422578 -0.00036667419407073685 0.702166545810371
1.299312318447598 0.5512810580339258 4709.003902284937 -0.00039523743805505566 0.5540944002685511
1.2562469308795323 0.46998309431603336 4951.306916195877 0.0001288359096457955 0.759833605303724
1.262976714634913 0.4831111944361466 4671.833753687843 0.00011394619131671465 0.6984586209535006
1.4287169220404319 0.5071717070032182 4566.222197073653 -0.00045065972398561805 0.8121043302640101
1.3199362478343368 0.5208759882180853 4442.438983514966 0.00042872456313137363 0.6253099397807812
1.2505493520746822 0.48060664719506324 4569.343553783559 8.312360673189992e-05 0.6456503190216716
1.2997861783940272 0.4649515806004748 4817.608160542473 3.0656188042286236e-05 0.7903353079425351
1.3286178957036643 0.5032950032800649 4871.320591463564 0.0007552466721920879 0.8024101548928713
1.3117129426843621 0.5119673555990598 4741.047443905271 0.0010562288552265024 0.7880367771307986
1.2350495414980267 0.5429275763047939 4747.427652163481 0.0003966692702991935 0.35939645065817427
1.2679653565522815 0.4901101825444424 4546.989987010458 3.494206635501193e-05 0.7418689242952186
1.3898380642748687 0.516964285580087 4850.292319876663 0.0002394537121296322 0.7672870393435778
1.2217869634353602 0.52760609634825 4937.978948861742 -0.00027219737338434515 0.6688936959288289
1.2350420236745832 0.4980584710049191 4817.775272925906 6.693349364746456e-05 0.7688356468268247
1.340056009894423 0.49534528128027466 4796.136697096546 -7.297057631234778e-05 0.8040378899193517
1.375533646534597 0.5435285148266564 4632.660590582109 -0.00029647566047747006 0.6761339996762962
1.17691670541394 0.4746338498754442 4949.821147267058 0.0007368224051573119 0.5095684489038703
1.384613132359106 0.5014399439279664 4802.645900414888 -0.000334433618855921 0.7783026443441088
1.3141169112371247 0.511290537786844 4597.256415676014 8.881507347877705e-05 0.5902152384075562
1.2464262743225405 0.5284741244783738 4796.306681209173 -0.000492995999486825 0.6269051077327639
1.355616242025384 0.502513174581337 4659.364703355213 -4.130324771371973e-05 0.7705744101132431
1.3469649250343807 0.4665593093287095 4802.46305368912 0.0005949472335276254 0.8379940787735018
1.223481487627873 0.4745287886827223 4989.945722699314 0.0001295819098181111 0.7627335308779379
1.2618455864150362 0.5443934402484695 4468.6615863259 0.00013355370557841163 0.371508165810432
1.1801096986821542 0.49950467807334775 4732.864095772574 0.00020319234221676525 0.47294410280017096
1.2283728516911552 0.5209799125904822 4524.636271509949 -0.00016884395817441566 0.5261609261315199
1.1312941605847384 0.4968775956729711 4590.3617626274445 -0.00012131671264237541 0.35262738874563815
1.1961206822233137 0.48941847123030924 4817.010489020973 0.00095410461981565 0.6889570557514042
1.2624004581637385 0.5037750781468495 4777.3928022290465 -0.0005610999914970627 0.7138573710201686
1.269664405574713 0.5058661818551189 4831.292985734318 0.0006234057626073674 0.569745510016709
1.316337208459955 0.5465483779877249 4636.47640795702 -0.00030728501051409813 0.598671264501804
1.3075712876045955 0.4678306677902736 4803.597510423374 -0.000748887099870908 0.808570009718094
1.3132114685744019 0.4853617663973708 4852.290871279132 -6.351319748530899e-05 0.7914015486862884
1.3300771965919354 0.48369561193989685 4790.460045625904 -0.00019191312442453634 0.8209690131088836
1.3032881704513384 0.49299450226532526 4321.730802737889 -0.0004712195418923536 0.6428918538487705
1.3312695332205342 0.48368793046083103 4836.223468089795 0.00022946085868184288 0.7977429893796659
1.1909729783531384 0.48026108843682136 4886.6154189363 -0.0006047421382269364 0.7034068023244167
1.223965158473688 0.4856406108253176 4730.397059147751 -0.0001800123136878203 0.6804000992317781
1.0965978733958563 0.49962016601948595 4784.85783999854 -0.0003474267346701498 0.33284162553675056
1.1069645914670294 0.4993441076751326 4987.688426780195 -0.00020605574387921486 0.33238681929970454
1.1548972023389052 0.49864349436870475 4805.0582793003 8.862554933782539e-07 0.4115918037274642
1.1548972023389052 0.49864349436870475 4805.0582793003 8.862554933782539e-07 0.4115918037274642
1.1048369542859269 0.4899178072972508 4852.745411426188 -8.82047122540475e-05 0.35278771597655534
1.1456250625369262 0.5024665506648616 4836.6500738374125 -8.158095347476444e-05 0.3829922867869393
1.161754857468137 0.4983926146640741 4580.3416425584 -0.00032928976597732 0.3606954534284875
1.1527322194285485 0.5156541651083331 4636.148835553764 0.00014005670411118914 0.3565274573768769
1.2512393459533395 0.4993791651762684 4527.419911092386 0.0001996649204358508 0.5067514678941872
1.2748037699237784 0.5211967159495993 4300.748941546433 -0.00019683997308455112 0.44272723149385856
1.2759516519933216 0.5185810670068582 4300.731045205437 -7.930322605798804e-06 0.42448556611901567
1.277189530776181 0.5261163327021002 4468.275290879213 0.0002356688139457373 0.3917551473941036
1.277189530776181 0.5261163327021002 4468.275290879213 0.0002356688139457373 0.3917551473941036
1.247956341455238 0.5116115955988237 4615.561618868773 -0.00024973576413663516 0.4503003159878225
1.1664738059470958 0.4910991768786101 4859.459447248577 -0.00019097525119291097 0.4800465775560029
1.222646221191828 0.4967946076939802 4821.960780156605 -0.00044598095293930424 0.48681266458345807
1.2061761584802912 0.5003661667126245 4988.526723164529 -0.00018604552260012347 0.5727331549580321
1.1628992568178607 0.508553700076271 4889.4580186747835 3.879047585659659e-05 0.4420134090278569
1.2109598663977614 0.4946229945917466 4911.667971719845 -6.790185536499895e-05 0.5189056578567681
1.1539214144612833 0.4955619505448964 4903.205342194189 -0.0001172714806928283 0.4948145345245825
1.1950818915374208 0.5127549169068784 4953.504213874753 -0.0004953003874887592 0.4725755850581327
1.2605730010892588 0.5012170114490676 4709.733743369469 -6.102698544479014e-05 0.5333158654925052
1.2108164564753177 0.47791660927611335 4836.579554995752 -0.00019271699728931076 0.5973725493832516
1.2128124778782694 0.5177078757390607 4790.194029593535 -1.834970012667154e-06 0.608832087980836
1.2795433986263556 0.5094609232290707 4836.986362793219 -0.00010803400617183697 0.7384013672395509
1.2489384174009859 0.5185619778267654 4811.783681492409 5.067611056734683e-06 0.7120363334595028
1.2674501254742738 0.5373526760597915 4891.541539198209 3.575714220265112e-05 0.6442334006471349
1.262872066957642 0.5192660589555904 4836.700066172724 -6.94180231547665e-05 0.6332958947302706
1.2381438485193863 0.5236696370080405 4827.866655273756 -0.0004997886116753594 0.6463870690580319
1.2800900666625512 0.5083780636337893 4903.4640292643235 0.00017683384890833178 0.7816609332419608
1.219810417081579 0.49722178542853623 4797.9469614183345 0.0001840521677616463 0.6865232627433213
1.219810417081579 0.49722178542853623 4797.9469614183345 0.0001840521677616463 0.6865232627433213
1.2928790665552712 0.5234134700823855 4849.7450434494185 0.00022180534301068384 0.6087697735349273
1.2928790665552712 0.5234134700823855 4849.7450434494185 0.00022180534301068384 0.6087697735349273
1.247850729490732 0.48517735878200596 4955.118522094099 0.000589718271202542 0.6038555699658512
1.2690279315176936 0.5359154257349964 4933.582559392255 0.0004496191603640742 0.5279438674730272
1.2160650938662088 0.5073377051664802 4891.294930432939 0.0002651432885241274 0.4752338866767558
1.1668912226648067 0.4824914093176393 4920.8716367029165 0.0001037406281396877 0.533486346744762
1.1981889535029713 0.5122313622698043 4988.465507735226 7.597425059311579e-05 0.5289678223456687
1.2160507113891343 0.4872916205395893 4957.85675225092 0.00023458876659019913 0.5256520998606103
1.145470775562127 0.47289418057394367 4984.133232030074 -5.199669309606175e-05 0.4330097892653244
1.1662810339000416 0.4783650050309559 4939.3084431785355 6.78908597626796e-05 0.44525725770680824
1.153932347738107 0.49985549283069874 4947.865387616151 0.0007734630848066924 0.40935544023924947
1.2001305938586062 0.5041548291561964 4821.125670739153 0.0008898017509113027 0.42321850562951596
1.1127192942839828 0.4777996448369529 4797.719682699073 0.0004947211817106876 0.41012556277675033
1.1570790356246694 0.49858099921302995 4910.5949322318465 0.0006034474622927929 0.42243658378884186
1.1456698989561267 0.471188887329725 4794.093951328635 0.0002482038727245125 0.4098439643759273
1.1436227489991895 0.49703115734802 4841.313434554104 0.0008455163683698413 0.3648086774658193
1.18585893470715 0.48903184980499226 4941.14794284118 0.000712576829190378 0.5103543691972399
1.1801360183268321 0.49324079654163344 4790.83585955235 0.0007260787433254004 0.5227420274899147
1.1302484587578543 0.4845169680658944 4817.239907219455 0.00041808221887901464 0.4283497592938903
1.129756445006941 0.4872865253374183 4926.767562800641 0.0008934481485375345 0.3581851157993856
1.1949060409941084 0.5126275715102706 4803.289632134964 0.00023959525433778946 0.3820925217121326
1.2248106501406875 0.46059229319665557 4903.087191088828 -3.276208678606483e-05 0.7920607223373644
1.2565700154694 0.4767180708216705 4590.729365922131 -0.0008843595895653747 0.6208936668384717
1.3334017326935443 0.48468904027446214 4803.526782732263 -0.00026582859698747455 0.7707701314561306
1.2939344335566796 0.49698402454267604 4926.769268420991 -0.00040547085094030515 0.6492353529066517
1.2602546309177087 0.4876667229482318 4949.356351449687 -0.00013833379488662086 0.7141333006818404
1.2719536596870755 0.4906975394739933 4836.19498740713 -0.0004330977279343845 0.739627936488676
1.2719536596870755 0.4906975394739933 4836.19498740713 -0.0004330977279343845 0.739627936488676
1.302583796065026 0.49090022281955115 4803.3190148620515 -0.0005221447612243445 0.74613508536997
1.18430537158897 0.4782821324960628 4995.4807520866425 -0.00042512482537251 0.6912612981541366
1.2031317842462892 0.4860234566269042 4663.762603338631 -0.0004199922033089307 0.6334238355954694
1.2031317842462892 0.4860234566269042 4663.762603338631 -0.0004199922033089307 0.6334238355954694
1.213572978179294 0.48020149371818566 4994.175284082718 -0.0006486646024968781 0.6461940003489597
1.19441615964943 0.49372202669014187 4961.6459957348 -0.0004378130561231823 0.6354724874535247
1.277025203266404 0.5064959715110156 4983.455467655844 -0.0001256354151849367 0.7411301047221533
1.2822880574054465 0.4859739147572041 4804.637837809585 -0.0003703950632092978 0.8062026245343887
1.3182915129787025 0.4921344903771948 4615.515230132431 -0.0004405707628509825 0.7197033447101093
1.325370480189807 0.5000719396475548 4802.345795577255 -0.00011063768718115022 0.7571173642131324
1.3462263902307658 0.5057200056826641 4933.259298790574 -0.0002597167669296584 0.7987010130986996
1.395564935576731 0.5018100877737719 4803.29394507547 -0.0006321732325500476 0.8105514585085591
1.3466308751923317 0.49210776863871253 4615.535854277048 -0.000840705883050973 0.7704113537293058
1.4259836082200246 0.5060567475729607 4803.44855585279 -0.00029605441714035646 0.8326103679837208
1.2828946560888055 0.5011621702215174 4799.597827251207 -0.00023913373606994188 0.7590751219481704
1.352996294811356 0.5047372417353211 4933.6545125978 -0.0003686752185213636 0.8334292316676274
1.3274036642599167 0.5203912074487156 4806.8334005844345 -0.00025810691041446617 0.6934788584204323
1.273356679460241 0.47141951066305104 4984.631198729956 0.0005289906402544729 0.8334878401794107
1.2473688499650724 0.4934601044693831 4886.605234245462 0.00032269382130647913 0.8069307699174659
1.2275058955244678 0.47879952342489396 4886.272472459301 0.000543990473745971 0.8002179807336982
1.317302650536332 0.4753022461650607 4663.6199842046135 0.0006244260529533859 0.8068654800485248
1.3105516155225925 0.4945975327975668 4796.285109758557 0.000937215455716456 0.8257133491492565
1.338564688498335 0.4966819513900595 4899.653252325284 -1.1753180059150259e-05 0.8473861595361407
1.3416527683596056 0.49991946926593067 4849.590144220735 1.3090216711685421e-05 0.842451426716703
1.363724184425969 0.48866391189027214 4803.995294172018 0.00033323169356831 0.8364191473542504
1.3227760085599853 0.5035974010876862 4790.241458716987 0.00021413402044857317 0.8108608452171946
1.3881174234560718 0.5125549671702476 4849.9558719021425 0.00035453391593708847 0.8462804603256269
1.3881174234560718 0.5125549671702476 4849.9558719021425 0.00035453391593708847 0.8462804603256269
1.4232000151287876 0.5180990562839256 4643.7173386267905 0.00047860267083957276 0.803057493522874
1.4232000151287876 0.5180990562839256 4643.7173386267905 0.00047860267083957276 0.803057493522874
1.3811536431054008 0.5134477675183079 4747.151287592408 0.000320172173575684 0.7624636872443551
1.3314037580659257 0.5096924433781063 4719.272635592498 0.000702867605970387 0.7284059435371848
1.341117458013763 0.5081277575326506 4852.084946902932 0.00024182462017584494 0.8182419135234276
1.3451140296299866 0.5046797856073652 4806.660893549536 0.0001250167074903945 0.7468287634467159
1.3451140296299866 0.5046797856073652 4806.660893549536 0.0001250167074903945 0.7468287634467159
1.3584436476625479 0.5035528349235705 4674.261826575558 1.0723824923579326e-05 0.7553935828521883
1.4057182566497417 0.5049982572467592 4899.099077030018 -1.8503486947741853e-05 0.8217045102896349
1.3812976185713737 0.4893926693844094 4536.398426001977 0.0005514128747420303 0.8027900054850245
1.380137149467195 0.5103221850556174 4526.4372771227045 0.0004799854296060172 0.8240999160312896
1.3637820996658105 0.49980512769564056 4511.426337841781 0.00016240234444817806 0.8240697917795379
1.3755454907338933 0.503242546215874 4747.09472350113 0.00013575626749150007 0.7815897839256685
1.3074942916426495 0.5196778412059491 4526.0956179026225 -0.0004685803189912284 0.5914704033022102
1.252458583284226 0.5277162775808582 4490.591296076688 -0.00018813134130714533 0.5733603642361935
1.3111764745325316 0.5394038362847997 4615.256625197042 -0.00023984894296740175 0.5784295345900844
1.2623635798138373 0.5518972140031915 4668.456612414235 -0.00019594489320423094 0.58274187650363
1.274024922451276 0.49022785793132434 4306.065926741486 -1.2024422971082957e-05 0.6254537264090896
1.2498164240599012 0.48908858099544006 4524.680806245329 -5.460289383778036e-05 0.6650139564856123
1.3515313535467688 0.5050865316427176 4344.724114900218 -0.0002919242035163161 0.7648960515695454
1.2651694086045537 0.4968619861962325 4581.098756010523 -0.000797286058266357 0.5248865391548391
1.3235897329393769 0.5083379362469653 4352.005687186815 -0.0005282011728484378 0.6664379870365864
1.3674113841245483 0.5275901464825419 4468.32673614943 6.286002543312466e-05 0.6082274785322332
1.341496431378625 0.5136369472195219 4300.091838667494 0.0005713908236842147 0.6681609369751542
1.341496431378625 0.5136369472195219 4300.091838667494 0.0005713908236842147 0.6681609369751542
1.3369640981195516 0.4953483550318446 4405.595630831714 0.00018431076612530597 0.6373393205221072
1.2955757374854648 0.5005707090523588 4366.32799131467 0.00020505403235064243 0.6299363229010028
1.3725639443805622 0.5175297340157381 4442.7664074058075 0.0006805880603536701 0.7783198284851243
