 F
        4434       31543           3         512
    0.759861396602270034E+01    0.112863155043372796E+02
 T
   2
    0.200000000000000000E+01    0.300000000000000000E+01    0.212890625000000000E+00    0.787109375000000000E+00
   0
   0
 T T     0           0
    0.000000000000000000E+00   -0.100000000000000002+101    0.000000000000000000E+00
 T F     1         109
    0.978060993026612054E-04    0.587460807979561039E+01    0.108836931870613665E+02
 T F     1         403
    0.375326556192869855E-03    0.740217287920774680E+01    0.113737101610807319E+02
