chirp_mass mass_ratio EOS alpha zeta
1.2450813051764236 0.5651536836421933 4430.956456342836 -0.0003830642236948175 0.1434888999740725
1.3627189024276525 0.5316246100656418 4087.7307814754954 0.0003261725244803717 0.18539814323125212
1.30791114671277 0.5538536622002523 4116.675008198382 0.0001862423666540862 0.1531245168965318
1.0682681097129096 0.5515837385828626 3934.98344083261 0.0002973293048049571 0.07716592152116822
1.269183134775863 0.527108534601364 4483.714076103878 0.00021227403671882265 0.15322510367428502
1.0615467765729991 0.5047370886242538 4476.741970743296 -0.00023552090853702065 0.0684290709648241
1.3142468974535566 0.5254183621235784 4670.383691933267 0.0008300958523427838 0.1945058137744367
0.9599946948337897 0.5297742501697814 4059.1982085630602 0.0003047281818074257 0.07349377358999219
1.4453648455616916 0.5304986516144515 4776.033389572612 -0.00023088084394172432 0.19675215925823147
1.2868240755998204 0.5534559098172733 4811.876906190212 8.979694993141159e-05 0.18759692792206945
1.2196127291096626 0.596193928699241 4738.040104713771 -0.00016345658186412627 0.11772377998069694
1.359804161989028 0.6184000039746331 4153.648649554101 0.0003467744028580306 0.1226557842266784
1.0521144652238246 0.6011464337633929 4685.848674921134 -0.0001120732614000126 0.07458401066818529
1.3027249733438058 0.588488371999293 4242.43992658528 0.0006555117172516442 0.19353054222148247
1.0679100576654077 0.5500012239195041 3941.6873223022567 0.000326444649968688 0.06623402963947084
1.1670803404101846 0.5011085260103394 4336.064529704895 0.00011646942190583899 0.12853298703489033
1.36058854679105 0.6118555406068302 4257.979217828563 0.0001730925273867497 0.16078897079501003
1.19632100641083 0.48534528018552253 4866.13179751155 -0.00042299634267650195 0.15495707183614185
1.084764213033246 0.511926632858372 4528.9909239038825 -0.00034043316625070294 0.0686861722804895
1.0577424378153775 0.524675847515632 4938.536435200211 -7.887429432937641e-05 0.06392274296351315
1.5697322188714526 0.609354293612647 4153.2832352308105 -0.00023296978004201156 0.20719699353154855
1.1795556176014306 0.5213532834794545 4378.952080029396 -0.000480177152148869 0.10806775853490677
1.1006059063068248 0.5313794067683169 4912.684269279714 0.00038650205116781607 0.09684620691843931
1.444164451540023 0.5837234180597582 4266.747753897978 -6.636985088068519e-05 0.20438195669268563
0.8518381461271546 0.501520449625832 4998.846646188324 -0.0004487755650603439 0.06897074243208554
1.2984102947654415 0.5200225993666322 4046.922081726751 0.0007468621331624147 0.1465694921656976
1.3424403152693418 0.49092003827157626 4561.849241774607 0.00042067796904819135 0.158712955475044
1.1092452556788885 0.5583735626441799 4611.932847602477 0.00047344490769384495 0.06617619908874318
1.1310062845940456 0.5966570606000334 4126.064003660701 2.2871293442657246e-05 0.08078230923974586
1.4025684372611977 0.5293802598358621 4366.081782443316 -0.00026616923454359117 0.15819762690884165
0.9398253788761337 0.52147325602495 3993.433031021805 -0.0008665978266721362 0.07168461580721601
1.219788950466954 0.5128780023714414 4686.027898949246 0.0002658058411425184 0.16678304465254318
1.2244966794907757 0.5064880448960833 4362.303331707829 -0.00105257533348666 0.1350193467264475
1.307023795860061 0.5089961327610263 4669.699014788776 -0.0002932732466186147 0.1524193165654984
1.0667007018227663 0.5477967069359566 4473.191382195278 -0.00016407679982420977 0.0833231248619983
0.99619805637592 0.5564301921544039 4023.9871861858824 0.00038029293478406055 0.06978401024839653
1.439028552752935 0.5763353160387749 4540.4900440983365 0.0007158281970040366 0.18401430042616596
1.0675958978773332 0.5270085792033024 4122.285182272701 -2.7790905361250528e-05 0.06655101860691938
1.1542456575065911 0.6284667801207874 4988.164664731746 6.253402951822655e-05 0.08498230741299884
1.2368838263672215 0.5690883985177413 4903.939558764552 0.0003367184964382407 0.13991453295639722
1.3988822119839874 0.567248208089689 4572.0122075367535 -0.00023372053833953387 0.19423801309455635
1.2374912779656937 0.5120386385102071 4322.478716166744 -0.0007412702275047877 0.16308255276857753
1.3152512907791947 0.6100529154662239 4395.655441451498 -0.00020490570487750792 0.16643047608745504
1.2508954010770474 0.5726850268608236 4139.224183951135 0.0008262621061546705 0.16693414334155962
0.9272412077700394 0.5353211373069643 4767.699346702496 -1.654447185481144e-05 0.07415671126875881
1.2752672110627818 0.5981567659547957 4408.663586555522 -0.0003097287833314901 0.1286695917331687
1.5457856032347506 0.5495712084662274 3936.689689075024 0.0004818081040858676 0.1825445030506409
1.238587916069916 0.5148261369315452 4923.85287497511 0.00047830045499746047 0.16368208157170683
0.9653007596980847 0.5487730752641772 4967.956482417148 0.00040281061768040934 0.06954848480312367
1.466907119523902 0.5896376208558106 4196.501339841293 0.0002260910644594441 0.20337870875472047
1.11340910575588 0.5216346492498217 4906.69525546395 -0.0004077877322326788 0.08427786896561187
1.3597238610057332 0.5093972885869422 4848.582645344169 4.1493567293032236e-05 0.16097273253881578
0.9550958933830782 0.5001521983600359 4871.163608249888 9.680065308110787e-06 0.06885167628687051
0.9188594455746475 0.5041440147728937 4687.7804052367665 -0.00031491262266562396 0.06485486102052064
0.92587470247859 0.5605313156259868 4804.437408494365 0.00035390780650963933 0.07374432859380566
1.2654650266614518 0.6084665324130579 4403.13879065049 0.0002629392152123212 0.14926805112716035
1.2783770736617268 0.518544022144181 4935.863395760592 8.930813218000089e-06 0.1824356322866388
1.0095728735048186 0.5512986209022862 4958.819012607968 0.0002508234780892461 0.07616726112656133
1.0207012329299345 0.5086516245301134 4541.140519717051 0.00010123403537885711 0.06911115704769515
1.2398043109843089 0.5893170124065414 4415.88200016638 -2.9803191156823273e-05 0.09225101960670287
1.3374720252686207 0.5242107514072927 4569.844290586432 -0.0003164386508772707 0.15530480542908665
1.3669096942100418 0.5684453817020297 4899.838910213076 -0.0006263906868674968 0.16658412202073375
1.5501374653740259 0.5621688515748494 4199.276249319412 9.031230299460189e-05 0.2043056458671682
1.2025923168200603 0.5716790453052701 4392.26842210502 1.2319563954840035e-05 0.12297490938582809
1.2240451051009882 0.5854170455755932 4711.102881907542 -4.7748746842604366e-05 0.15914638000133324
1.2014534008957702 0.5383730164042231 4640.566092226585 0.00024594376018055185 0.15253540403112367
0.9745633337009686 0.536477460482728 4762.86863105222 -0.0004773123711551276 0.0689177770144993
1.4426257236426163 0.5566657128486512 3965.710305914844 0.0003458608617741956 0.19395182360893665
1.2856986956332268 0.5488664898770735 4445.748030087977 0.00034405754695067577 0.10657017247016984
1.1336436577668434 0.5605791554033206 4633.535964228125 -0.00034956538782465594 0.06655025157126043
1.2361878453067776 0.6176866016552316 4257.485178665414 0.0005279218199605061 0.08351965980390288
1.1478349612706005 0.5772686828504952 4396.930568882145 8.60495948392544e-05 0.07628904658674489
1.3188444459890203 0.5312240598409137 4641.021254248354 0.0002451111811159505 0.16400098653964595
1.0237104106481114 0.5765797163345944 4204.320967925481 0.0005524877485760906 0.07216999683877354
1.0237104106481114 0.5765797163345944 4204.320967925481 0.0005524877485760906 0.07216999683877354
1.007046333142454 0.555067842337544 4453.021722538537 0.0002906524457713319 0.0674289739075672
0.9566603094974465 0.5571427749765226 4735.650419748307 0.0002769861626552584 0.07452373810554223
1.2666333838339918 0.5381483963913475 4898.675691642755 -0.00032563964739930747 0.18287093574631513
1.1210379651529354 0.5296541198648846 4218.6137080269555 0.0001461395911004778 0.07235835831748516
1.3272278969075422 0.5520988996923567 4942.65571337387 -3.3838633241721704e-05 0.1908331076263165
1.4266933786786051 0.5634965183015994 4092.0083426308283 -0.00039780845777703095 0.1735036102355108
1.4496006493598963 0.5611042825904597 4635.0666405513475 -0.0009453518578923939 0.17352873014520992
1.4102357802154537 0.6086438249371141 4142.894908635486 1.8806740383054554e-05 0.20896356519670561
1.1033173409066188 0.5609580166389342 4298.961579751178 -0.00038610921190187917 0.08174870734481648
1.1033173409066188 0.5609580166389342 4298.961579751178 -0.00038610921190187917 0.08174870734481648
1.2440458958785023 0.5727545121141362 4560.147431079802 -0.00036931290527653066 0.10306128027801263
1.2440458958785023 0.5727545121141362 4560.147431079802 -0.00036931290527653066 0.10306128027801263
1.0866193674903666 0.571312452588422 4820.856456824794 0.0003540403622054666 0.08699640561001179
1.1496533951981802 0.5851815037528787 4559.939312404235 -0.0006168144744841878 0.11040866706574474
1.2848759327766688 0.5576484884865596 4559.681373393092 -0.00038920475464825446 0.19014317975752698
1.21106914811281 0.5587237487661447 4396.221780911647 0.0003563370780124806 0.10171771063815635
0.9937757282708204 0.5325093419576072 4968.936883085 0.0005371877903596033 0.06507646400075848
1.239253430659046 0.6007422072960931 4704.25316702703 -0.0007449751138587896 0.12500516634605863
1.4031529735746837 0.6028409184910555 4469.167290029848 0.000431891560558087 0.2033145650054613
1.247528606537133 0.5670667148377889 4565.894894974816 2.321989236969374e-05 0.15807397271338577
0.9411631407178931 0.5224391193874658 4252.6270286876625 -0.0001100407558624936 0.06773823180879733
0.9312655939136454 0.5230690415394523 4868.489932780499 -0.0002376645363337069 0.07268678476954457
1.3564454322891941 0.5382836582091366 4810.067194541723 -0.0005457936245239899 0.16767528438083495
1.3339506396360599 0.5459570947644674 4647.114879680035 0.0007967092582278073 0.18760142510344582
1.3538871954552818 0.518656874720374 4836.460659602384 -0.00014112105207328716 0.17575937612236225
1.1807014094454773 0.5368822987009679 4350.454078311696 0.0004935698734846699 0.11244466422220203
1.2322801724449108 0.5210644922645328 4860.05967243611 0.00030717043007421046 0.16207541944575538
1.132155635321984 0.5501268248169295 4892.646289044462 6.792015785399635e-05 0.08627910578919937
1.1095553961975655 0.5660562061698142 3946.6530076858216 -0.0008693841100058684 0.07084653828025896
1.3218685036312259 0.5582511049905499 4778.925847216679 0.00045474414606093384 0.17816977988799199
1.2251546574507661 0.5680567418542858 3993.3064400419303 -0.0008197474010471109 0.07722346685257014
1.2251546574507661 0.5680567418542858 3993.3064400419303 -0.0008197474010471109 0.07722346685257014
1.0707206905302007 0.5154282864550618 4792.700959302049 -0.00022171916282471082 0.06897284987539183
1.1207529051809058 0.5718486787869722 4888.050149128394 -0.0007635115979213859 0.0771583109346729
1.2014529330816446 0.6069938772014111 4778.506523151439 0.00023843308736848796 0.13558142301979437
1.196309779934236 0.5336923408689058 4350.962446454626 0.00010800876291184686 0.12285107416822756
1.24595035144523 0.5481497675296105 4362.434258263865 0.00023775114349852604 0.14957862802336191
1.1979025642706558 0.529368963520981 4296.100647935397 -0.00031207868582499345 0.1396811381491743
1.1979025642706558 0.529368963520981 4296.100647935397 -0.00031207868582499345 0.1396811381491743
1.3980366996348668 0.5477000433380291 4497.368421755737 -0.0002638640412864895 0.18319951109410515
1.343673805944043 0.549308915519211 4643.571156095469 -5.828491387169588e-05 0.1074598562833278
1.343673805944043 0.549308915519211 4643.571156095469 -5.828491387169588e-05 0.1074598562833278
1.256946907363719 0.5583157173158795 4183.969549127655 -0.00033696669737015214 0.17118666288500017
1.301813283469791 0.5827954065867892 4983.595828160205 -0.00012973133612634056 0.1788382049937248
1.301813283469791 0.5827954065867892 4983.595828160205 -0.00012973133612634056 0.1788382049937248
1.0470496018940274 0.5506562510418087 4670.976586564714 7.351948665231443e-05 0.07727114709968987
1.261178690753579 0.6127181760056382 4611.529896250104 5.28395449379549e-06 0.09843704460882442
1.261178690753579 0.6127181760056382 4611.529896250104 5.28395449379549e-06 0.09843704460882442
1.308912216450051 0.549504483967267 4739.9035728003655 -0.00047155412532272394 0.15200446361163766
1.474060546803656 0.5999880320751256 4806.861094965306 -0.00024319864175353174 0.22256011872742415
1.3260475278779758 0.6212562805063904 4490.556935069971 -5.298639119087156e-05 0.18739644730520316
1.4796138573022497 0.5645954022124069 4674.9872864581685 -0.0007240415338350742 0.18278376128526286
1.0955727240014996 0.5886837619507682 4160.63090530112 -0.0003803682303849653 0.07396712177123985
1.4609132252514672 0.5855662845281668 4165.50594018048 0.00014222250135226185 0.19320796461649176
1.4609132252514672 0.5855662845281668 4165.50594018048 0.00014222250135226185 0.19320796461649176
1.1750187913144907 0.5896460033932303 4126.810243407193 0.0005232474837352008 0.07217819613593217
1.1516006464252264 0.5641998037596613 4776.699813309358 0.00020239477131100161 0.06888953021728444
1.1516006464252264 0.5641998037596613 4776.699813309358 0.00020239477131100161 0.06888953021728444
1.2184569130378495 0.49586148866560853 4913.679831150661 0.00037974563656712157 0.13584353060436452
1.2184569130378495 0.49586148866560853 4913.679831150661 0.00037974563656712157 0.13584353060436452
1.1883637134221146 0.540620229636786 4336.378930734031 -0.00017479750650577916 0.14582509879982206
1.0082994664190823 0.5412109473336291 4778.1968232495265 0.00018371207453990877 0.07389828663512474
1.2697036699205813 0.5233753488021793 4197.645095179834 0.0005112013919120977 0.17082752787392697
1.1032756474131766 0.570487523352502 3990.362110372256 -0.0001964317216112308 0.07105951549441014
1.2917254981296256 0.507693816092887 4695.847016864472 0.0004251702503295423 0.16779219077234714
1.363087403574336 0.560148919488754 4731.114359268997 -0.0002647031922263698 0.19268239432696427
1.2412026464977362 0.5552243547538295 4728.518746782422 0.0003714602485611971 0.13895380014844125
1.1936791351379723 0.5802300318858062 4255.768963487734 -0.000817583120792188 0.0845617386898426
1.1936791351379723 0.5802300318858062 4255.768963487734 -0.000817583120792188 0.0845617386898426
1.288034105066491 0.5419938891353425 4908.602432617833 -5.414118258561565e-05 0.1938183333761097
1.2662605551502273 0.5391318201759354 4991.504139750091 0.00040684869988091653 0.1433611538242106
1.2662605551502273 0.5391318201759354 4991.504139750091 0.00040684869988091653 0.1433611538242106
1.1154056839657867 0.5806724050215867 4685.823228858818 -7.003176558374376e-05 0.07943468924911518
1.2769019417304512 0.5588085503831002 4901.754037429756 -2.6259167189698663e-06 0.1451055306687991
0.9439697180015549 0.5256308658635214 4681.878124267489 0.0010631856759577764 0.07124756418788886
1.3489590908605134 0.5476174861866671 4601.0402683978455 0.0008305680535976146 0.17948539528227822
1.2014607908319963 0.5100412813012228 4681.201461697002 -0.0004002515813909051 0.1437284431582715
1.2718038022151295 0.4845798327804543 4792.2822228700115 6.18430605321205e-05 0.1659020646546504
1.2718038022151295 0.4845798327804543 4792.2822228700115 6.18430605321205e-05 0.1659020646546504
1.2592479630997735 0.5636479826835658 4532.168277123937 0.0005430777940941777 0.09572225808957154
1.0910000008229945 0.5212875599636269 4549.288795224591 0.000501720233448731 0.06993054354808347
1.4906707378174502 0.5580513360028494 4217.164317658109 -0.0007595755190150885 0.18434796880578874
1.1157427530528183 0.540686508690216 4550.59729055983 0.0002120839809986875 0.07320055808698052
1.2020725091107909 0.5384489112309029 4197.176803919114 0.0008580011053148043 0.1326825609977526
1.2327961827351928 0.6003268343653305 4994.681469588495 0.00047083697081975713 0.1371978647716589
1.2327961827351928 0.6003268343653305 4994.681469588495 0.00047083697081975713 0.1371978647716589
1.2917550923223935 0.6110115286958847 4090.099712614057 -0.0003636998045876105 0.08735967452765395
1.420418137042237 0.5743635332116643 4569.409763550123 -5.288548363454941e-05 0.19953546728690635
1.3899783816299345 0.5732550425477817 4733.820733929359 -8.511988506120501e-05 0.19730753112082816
1.0791277239496462 0.5155312292484828 4731.372575408996 -0.00033791073850365105 0.07076865048732053
1.2670711114591984 0.5567425184070519 4868.508929998551 0.0009089173388397117 0.1735599055778173
1.2670711114591984 0.5567425184070519 4868.508929998551 0.0009089173388397117 0.1735599055778173
1.3718935126472607 0.5504611974869327 4257.613731960925 -0.0003187888026644889 0.16978820478859594
1.3261458320315485 0.568112654368705 4726.398295181365 -0.0002423225236104153 0.13926673969517
1.3700566275661734 0.6022128512251527 4794.594481626432 -0.0006055958979547069 0.19144258610090376
1.2048875999043893 0.5510304544161572 3942.2004350245525 9.3408313567479e-05 0.0737501100124346
1.4236752034857734 0.5221790335291996 4905.975611665582 0.0006014514317997455 0.1862020119883894
1.4236752034857734 0.5221790335291996 4905.975611665582 0.0006014514317997455 0.1862020119883894
1.3436506740231215 0.5315224190065366 4176.7668900895615 0.0001290205279870914 0.18870537021617667
1.1604076698287236 0.5833021240657194 4530.597332169555 0.0007373706753130014 0.09492069597235035
1.138315093445293 0.5909980815026912 4562.90896793832 0.0006706612396215926 0.08376846340554497
1.3203505371545 0.527182585691873 4838.577234885443 -0.001094550233401867 0.16818462132297018
1.3203505371545 0.527182585691873 4838.577234885443 -0.001094550233401867 0.16818462132297018
1.2733670885182633 0.5936511646368685 4911.061410932648 -0.0007306313019097748 0.1487582995009861
1.1840266311330012 0.5522313296159891 4794.912861559271 0.00011985688495223253 0.08502425083561803
1.2685678696814473 0.5391538288568232 4984.33570481174 -0.00015800572656271122 0.1392642685870831
1.2685678696814473 0.5391538288568232 4984.33570481174 -0.00015800572656271122 0.1392642685870831
1.4319693426426992 0.5527328122565893 4775.353481952072 0.00038409376977153125 0.19430181043507538
1.4129725470888386 0.5935069288707672 4472.793450249275 0.00014971242017466205 0.20150608119323685
1.0382420008037914 0.5735214486887901 4927.122244927316 0.001372123770385025 0.07782795042640327
1.1465607557041786 0.5762652803656387 4294.672341966763 0.0003487632249548676 0.09592875200721099
1.2235504620074895 0.5470124777731137 4482.908150721014 0.00014945410749232297 0.18108248818646616
1.2235504620074895 0.5470124777731137 4482.908150721014 0.00014945410749232297 0.18108248818646616
1.3627155355284932 0.5427906933071944 4143.521596495174 0.0003086970255276631 0.18679959797679208
1.1706221723389902 0.560996441627805 4516.179630243615 -0.0006978219067405819 0.0908711610641168
1.125333413520024 0.5686791740369893 4566.727004359602 5.759992613118022e-05 0.06726939473614414
1.2416367971782845 0.5489931672261344 4956.766602595639 0.0005109169008323713 0.13167010920716202
1.3309787991569166 0.5638787815840491 3931.9572404198584 -0.00017520360678233455 0.1209562933832487
1.3309787991569166 0.5638787815840491 3931.9572404198584 -0.00017520360678233455 0.1209562933832487
1.4718887798499631 0.5906613526144321 4039.953276234814 0.00021507403426132245 0.20854431327942596
1.4718887798499631 0.5906613526144321 4039.953276234814 0.00021507403426132245 0.20854431327942596
1.240955271646851 0.5775186580411815 4793.736229392699 0.00020839281888660572 0.1406934671193406
1.240955271646851 0.5775186580411815 4793.736229392699 0.00020839281888660572 0.1406934671193406
1.257931764089471 0.48798642050678775 4894.737732725553 -0.001126691241127948 0.17018292483572403
1.257931764089471 0.48798642050678775 4894.737732725553 -0.001126691241127948 0.17018292483572403
1.44189048677001 0.5746644185107601 4775.277270135242 8.413587991370113e-05 0.200717247081093
1.2348308097779852 0.5876028963551212 4603.219473645167 0.00029003589166082445 0.08480010516069003
1.2348308097779852 0.5876028963551212 4603.219473645167 0.00029003589166082445 0.08480010516069003
1.4507376791447137 0.5547325976302204 4083.789283419624 -0.00040440345850070286 0.19111500639323448
1.5015092969305 0.559071508925304 4344.1095623911 -2.3354195423402744e-06 0.19331631876451788
1.5015092969305 0.559071508925304 4344.1095623911 -2.3354195423402744e-06 0.19331631876451788
1.067519290246938 0.5339936986575005 4669.965629683296 -3.0672227820208255e-05 0.07040504222070475
1.3314915722863665 0.5755161240287806 4199.136447477837 -0.0006936931679444728 0.10787231356082355
1.3201588006882663 0.5456563231688776 4453.599523932156 -0.0009415714160511293 0.19201148693604417
1.2259035083576153 0.5354370386919529 4957.243199482132 0.0008205877127970457 0.10423852334309414
1.0125154539692518 0.5645127452748807 4987.977362124822 0.0003544486983502968 0.0704618075664438
1.0125154539692518 0.5645127452748807 4987.977362124822 0.0003544486983502968 0.0704618075664438
1.2844777814953576 0.5577125940261133 4120.89026268826 -0.0005863625611777481 0.10058500320102384
1.2844777814953576 0.5577125940261133 4120.89026268826 -0.0005863625611777481 0.10058500320102384
1.4729407685158078 0.5667329010331063 4229.693454967854 0.00034234100690883767 0.1942970967159514
1.4729407685158078 0.5667329010331063 4229.693454967854 0.00034234100690883767 0.1942970967159514
1.2631836520017088 0.5124374368090985 4711.233755272637 -0.0003158209628788213 0.16951080545629088
1.2631836520017088 0.5124374368090985 4711.233755272637 -0.0003158209628788213 0.16951080545629088
1.3436625553370194 0.5837733662425324 4703.670005335899 -0.00045678696662299675 0.19631536706802988
1.3436625553370194 0.5837733662425324 4703.670005335899 -0.00045678696662299675 0.19631536706802988
1.3242992191629455 0.5626446686108848 4947.5758082105895 0.0003050366283911351 0.17131714054230185
1.3088637677597197 0.5324693909056626 4711.562925021877 3.120964415217636e-05 0.1756155995995084
1.380906190502845 0.5671297880626047 4492.734908382697 0.00012124228826019841 0.16662530144159754
1.077592586866019 0.5667189082553814 4561.573424182746 -0.000473394225016765 0.07571882012235445
1.077592586866019 0.5667189082553814 4561.573424182746 -0.000473394225016765 0.07571882012235445
1.2123474472071794 0.5876130383456579 4199.194828632257 -0.00020059602083112737 0.07200869599200138
1.2123474472071794 0.5876130383456579 4199.194828632257 -0.00020059602083112737 0.07200869599200138
1.2113335538371823 0.5684795247344143 4456.614994104506 -0.0001788454892191529 0.16628775234002557
1.2113335538371823 0.5684795247344143 4456.614994104506 -0.0001788454892191529 0.16628775234002557
1.2077090953147787 0.5521289455365682 4687.218675794113 0.0005625060501736345 0.14819740672869228
1.3803100900034098 0.5206768424895469 4975.368892991966 0.0003045674035934447 0.18836286444654
1.266062141358827 0.5504955367551696 4575.614898441707 -0.00024118090408025835 0.1784821612559156
1.3566127090039504 0.537980619251648 4843.828697496336 -0.00012177985307649937 0.18540373276920066
1.3209704557317479 0.5739385310969424 4997.3502810167065 0.0003258333791386996 0.1919629955662197
1.3209704557317479 0.5739385310969424 4997.3502810167065 0.0003258333791386996 0.1919629955662197
1.1568845100316165 0.5330756420881965 4772.674802367934 -0.0001250214368732358 0.116485242146869
1.1568845100316165 0.5330756420881965 4772.674802367934 -0.0001250214368732358 0.116485242146869
1.4149209351126375 0.5086741690652236 4195.38811809307 -0.00037415163876030526 0.17304896124409563
1.4149209351126375 0.5086741690652236 4195.38811809307 -0.00037415163876030526 0.17304896124409563
1.3396161296023208 0.5812594563265929 4709.740784493594 -0.00043639504798276686 0.15592084169089435
1.3396161296023208 0.5812594563265929 4709.740784493594 -0.00043639504798276686 0.15592084169089435
1.1776623879195307 0.5570151506307837 4682.369401647108 -0.0004072754206756713 0.0772602246478085
1.1776623879195307 0.5570151506307837 4682.369401647108 -0.0004072754206756713 0.0772602246478085
1.344106923758532 0.5538496349220181 4719.363841938879 -0.0005736060433681827 0.13862298471465734
1.344106923758532 0.5538496349220181 4719.363841938879 -0.0005736060433681827 0.13862298471465734
1.0010140784647366 0.5643938319170325 4926.023682931553 -1.034828782366964e-05 0.07168153215629176
1.4007573082308893 0.5391668415859296 4683.639774847795 7.632954568891094e-05 0.17791928074114421
1.4466430881136076 0.5510296157569641 4635.844496673787 -0.00032196641876040854 0.17515160340456198
1.370929768671071 0.5117520507727296 4428.345227222841 0.0004984769794920457 0.1787145588639835
1.370929768671071 0.5117520507727296 4428.345227222841 0.0004984769794920457 0.1787145588639835
1.3094007871448812 0.5493510512845159 4778.558019402816 0.00015045443246866486 0.17563141383582864
1.2394229338211533 0.5531280403871669 4833.730029668738 0.00010874520024624289 0.1522784399258173
1.2909336797640703 0.5919305643216304 4838.3309227171685 -0.0006189320603335864 0.1577220965382944
1.24827810161613 0.5639537116595336 4674.140184583712 -0.00018051397602295694 0.07832022565772631
1.24827810161613 0.5639537116595336 4674.140184583712 -0.00018051397602295694 0.07832022565772631
1.2811256942478997 0.5471851351128146 4577.560060185158 8.152106796730234e-05 0.18973896476081709
1.2811256942478997 0.5471851351128146 4577.560060185158 8.152106796730234e-05 0.18973896476081709
1.342981963999075 0.5233382444919399 4136.5435967507665 -0.00022112175544744162 0.182463861754694
1.3226700918941738 0.5504845810254149 4886.460794613294 0.0007519841370933765 0.19788163125681052
1.1930375096902421 0.5576934489016919 4250.407200151785 6.593596835132364e-05 0.12715279634793247
1.1930375096902421 0.5576934489016919 4250.407200151785 6.593596835132364e-05 0.12715279634793247
0.973809468147099 0.5360333641110875 4683.359746996291 0.0002187788133435869 0.06973102463691001
1.076115659078261 0.5621194607585782 4068.6250002430675 4.6832671856818404e-05 0.07102078398148101
1.076115659078261 0.5621194607585782 4068.6250002430675 4.6832671856818404e-05 0.07102078398148101
1.3334458024383886 0.5127382035738862 4953.070428501894 -0.0005938646725933579 0.17230942961737492
1.1349959236895226 0.572581694807127 4021.710093276989 0.00013643322972484626 0.0780170329464914
1.2596687948218503 0.5821250843274667 3934.975433235746 0.00030729154615129775 0.13502065831480037
1.1512307941039717 0.5796032547642045 4371.764323740228 3.7718152811905274e-05 0.07305256434079316
1.3113518900463386 0.5658758877633965 4903.289081779505 0.00021710325754381788 0.19448123258227235
1.1292696474397608 0.5412566803619152 4728.041441726357 -0.0004578294496930923 0.08204235524959475
1.2984572887561583 0.5428294679598937 4253.092581588596 -0.0005231979239443195 0.1529852956373972
1.2984572887561583 0.5428294679598937 4253.092581588596 -0.0005231979239443195 0.1529852956373972
1.1298748730132155 0.5487486102546966 4176.256407439263 -0.0003729742404251359 0.08574684126075023
1.1298748730132155 0.5487486102546966 4176.256407439263 -0.0003729742404251359 0.08574684126075023
1.229540788014448 0.5716973404155425 4934.465129742521 0.0006205963315658064 0.1405548996981388
1.4690680839211463 0.5187875813114178 4181.907542654049 -0.00018801303605238157 0.1775020048616769
1.3609444797974097 0.5821819933095063 4720.717211496828 -2.3949860070260986e-05 0.18331437928820749
1.395690001857293 0.5258219466098909 4838.470827644308 -0.0002043892502027151 0.18037826380280736
1.4388701262281356 0.598267070008236 4690.26500579206 -0.00027393473464223293 0.19212630276757248
1.4388701262281356 0.598267070008236 4690.26500579206 -0.00027393473464223293 0.19212630276757248
1.0340447502755876 0.5494902113905354 4970.563016329358 -0.0007701799843550857 0.07199441253596654
1.0609870960412278 0.5592480701911802 4977.067238732147 0.0005823820993985537 0.07072410916706097
1.0190083391850315 0.5321222145553391 4999.737393359564 0.0006225021085190836 0.07023728273433025
1.206235018564781 0.5328213148212155 4544.84358853012 -0.0005261395561973463 0.1386791027313488
1.4321908186468826 0.5860073161946299 4056.222764231761 0.0006377536045366277 0.19998937571563646
1.372343132783438 0.5346447489800592 4150.279703416886 -0.0003582748139220012 0.1761796101098727
1.2996388532592216 0.5511750930025414 4997.930919940093 6.77502853182572e-06 0.15612974390695328
1.2180705363295536 0.5507008143021359 4710.730022591317 -0.0002940762990616196 0.11373756863279283
1.2180705363295536 0.5507008143021359 4710.730022591317 -0.0002940762990616196 0.11373756863279283
1.217678921188293 0.5293872269872635 4834.096512644505 7.927971359667318e-05 0.16176356114079743
1.0534149933239916 0.5395246482171558 4195.97868863624 -5.1073710236895335e-05 0.06960069090777225
1.0546295966763357 0.5541760625512892 4936.031847787284 0.0005760093262449567 0.07572301892900445
1.1387651260771718 0.5678536846163529 4801.812711916954 0.0005361236652806498 0.08825269402834995
1.307467268054539 0.576193242330975 4529.733760962725 -0.00016787114638117513 0.16587836080626955
1.105143840331861 0.5736013565683726 4608.605517577136 0.00011648033629993316 0.08821006279062649
1.3462831401391717 0.5137969822481951 4549.556920636363 -0.00013092436679051014 0.1698510888591127
1.283620670157356 0.5110106678495099 4934.9432284859195 0.00016933246145657 0.16325841101274496
1.283620670157356 0.5110106678495099 4934.9432284859195 0.00016933246145657 0.16325841101274496
1.3629425766351742 0.5684570567362034 4850.895502954428 0.00021756773722065624 0.12706227343662335
1.3249587152769395 0.5437640677706224 4512.096197876744 -9.880294441379284e-05 0.16610741903796547
1.3249587152769395 0.5437640677706224 4512.096197876744 -9.880294441379284e-05 0.16610741903796547
1.330116764282561 0.4970517751863661 4489.230484886948 0.00014327220892801753 0.17353569955712023
1.0263962105324713 0.5374852696693864 4827.495622406779 -0.0005529713289508187 0.0706532005357573
1.4137453874281252 0.5391018339056065 4773.381679099512 0.0007382103059148904 0.1716074783667652
1.2321022228577285 0.5677078209495343 4873.340595693471 -3.043921510894188e-05 0.1344623563335553
1.1638170652755035 0.5303687934136169 4974.726606094206 -0.000602590319826318 0.09237170124446686
1.2799643749056386 0.5473222175980597 4826.831433837712 5.3329008062765876e-06 0.1263778669680574
1.1645828864390015 0.5782370021219085 4634.463832202256 0.00018736972135102834 0.07960586982966937
1.2691937544226772 0.5429773275856412 4771.801379915382 -0.0008606560283339595 0.1642032118592145
1.2691937544226772 0.5429773275856412 4771.801379915382 -0.0008606560283339595 0.1642032118592145
1.2014795318511324 0.5604405815892595 4503.225489871146 -0.0002492704614233921 0.11343875143399673
1.2014795318511324 0.5604405815892595 4503.225489871146 -0.0002492704614233921 0.11343875143399673
1.2689086514177321 0.59018243309456 4043.5171337567162 -7.873547630824444e-05 0.08602751928575375
1.2689086514177321 0.59018243309456 4043.5171337567162 -7.873547630824444e-05 0.08602751928575375
1.3936670934544413 0.572680789553575 4271.667670502128 -0.00017219430331297738 0.18252712136294774
1.334277991485691 0.5168457395853447 4951.221569721572 -0.0004990212203034079 0.1741625637798792
1.3740976275401555 0.5907907665300102 4775.084145965906 8.67861040521537e-05 0.18743098014623888
1.1401614497073418 0.5583333588235373 4136.704851464218 0.0009021032253119636 0.08134381223096183
1.2873692562639198 0.5777042469237272 4876.509867557349 -6.654943674955734e-05 0.18615169170134876
1.1843267411519087 0.559573141659333 4814.23139469595 8.801262048292754e-05 0.07272169557162751
1.1029696271657925 0.546758629559851 4636.680356602458 -0.00022695222537008874 0.06694118101768957
1.1029696271657925 0.546758629559851 4636.680356602458 -0.00022695222537008874 0.06694118101768957
1.254514376111024 0.5275560928067717 4608.863214681717 -0.0005592036239786961 0.18187084317826685
1.254514376111024 0.5275560928067717 4608.863214681717 -0.0005592036239786961 0.18187084317826685
1.2402885041794016 0.5208505702297982 4830.980309333332 0.00029470543003858165 0.17050299751679443
1.4058043924465626 0.5548699965141043 4836.977469549191 0.0006582243886315076 0.1971783492126925
1.2447010748943592 0.5617741263089869 4685.4176772948795 0.0009874352625836489 0.13596706349505755
1.1734261936690826 0.5332847013772145 4790.9575475242855 5.981924091007858e-05 0.0923178607248374
1.1734261936690826 0.5332847013772145 4790.9575475242855 5.981924091007858e-05 0.0923178607248374
1.1571123327353618 0.5812873654685301 4087.8350176061626 -0.00013370672123274064 0.07547834776978726
1.092481883239458 0.5413197004949012 4645.104108009205 -0.00021362889389067808 0.07198874154244199
1.342067290041585 0.5404889388250886 4852.830413771095 0.0004141494476018116 0.168370595150938
1.316970468735605 0.5745518183100153 4512.497761406331 -5.174912502971069e-05 0.1642014018982578
1.1891839464475575 0.5717524477123818 4841.724028778036 -0.00042291702943219483 0.08651875566288106
1.3236711940314938 0.5850239789946029 4196.997314683868 0.00047251126766547426 0.11218059743025952
1.036644486617723 0.5396106984905638 4778.845859788745 -0.0005172273275805176 0.07043155768834602
1.2274496258661363 0.5821874920523622 4936.557726688289 0.0005790949664688989 0.1413529886875856
1.2221954311925154 0.5420935250432173 4899.377324840703 -0.00017080486618220594 0.08609425305927162
1.2221954311925154 0.5420935250432173 4899.377324840703 -0.00017080486618220594 0.08609425305927162
1.0693237170217305 0.581006356086228 4937.718673846587 -0.0007258278135035633 0.07554825233251627
1.1608613209631824 0.5601582161443409 4829.501607531304 -0.0006294869205100076 0.10597364786931389
1.2548944165624318 0.5070832643834307 4817.846917327183 -0.0004293140267330832 0.15626505291521003
1.3388836965547664 0.5544543870647776 4269.48523911987 0.00016747778857104803 0.1731445376658822
1.3003156478675368 0.5630170062290294 4731.72390256536 0.0005521538025977284 0.1840859835188923
1.2494600719140883 0.5629370632389998 4910.82752471556 0.0003743417180422063 0.14845442870143502
1.3278705957165138 0.5918925233605075 4933.621152320157 -0.000500638603055491 0.14859689093022727
1.2763543604272667 0.5594176296617179 4150.840914027944 -0.0002169130048151983 0.1305443524528326
1.210531472938539 0.5591157567608439 4850.076460338022 -9.160557956460975e-06 0.07313693051137488
1.2264543419147447 0.5916525484876631 4703.296668953768 0.0002928504162916686 0.1084732936488859
1.1458329390250341 0.5604183289506901 4683.998667434878 -6.791976681392557e-05 0.07315708168504972
1.1458329390250341 0.5604183289506901 4683.998667434878 -6.791976681392557e-05 0.07315708168504972
1.3918268612206615 0.5210640347293374 4590.337931476957 -0.0005502415667625491 0.17520837516968807
1.138582297142938 0.583350486980845 4324.608281395442 8.61389949068945e-05 0.07366604658653036
1.411302971089358 0.6107133838865473 4632.81992012399 -0.0002496030843978624 0.17393934540841532
1.2933730440258069 0.5016579524265683 4932.823102718041 0.00013879897530306534 0.1720260358489517
1.2933730440258069 0.5016579524265683 4932.823102718041 0.00013879897530306534 0.1720260358489517
1.414217258720084 0.5699157185206591 4826.880635580607 -0.0006413723975102266 0.18749552094358687
1.2522093453766554 0.5346074714239759 4995.366667411711 0.0001876116335033613 0.17311341460863805
1.2522093453766554 0.5346074714239759 4995.366667411711 0.0001876116335033613 0.17311341460863805
1.3811882406044211 0.5392315926460735 4424.123583884842 0.0003705746250659866 0.16259103292970498
1.2547786412785502 0.5656938755358965 4796.794257795798 -0.00043495628218189267 0.14082433291703006
1.2888864870179964 0.5640917455614001 4698.7271488844 0.0004217276293039641 0.14235412109455087
1.3448239800603803 0.5495171581515221 4524.033065023572 0.00014831604422144086 0.18072787649064787
1.3652414989665997 0.5862322599948897 4424.287936144916 0.00022326000946490347 0.1693336442088908
1.3652414989665997 0.5862322599948897 4424.287936144916 0.00022326000946490347 0.1693336442088908
1.3409517401177877 0.5630218614245958 4168.386541451896 -6.365408809842536e-06 0.1746821796824228
1.260673905778192 0.5208056766800593 4992.226822552604 -0.00040768370308197523 0.15636447377648766
1.396776765312592 0.5334932789448912 4344.219436367161 -0.0003346039805519701 0.16637715119600122
1.163822927819276 0.5749674232843768 4795.862932866461 0.0005613298461319592 0.10690592161948997
1.2134330377511824 0.5554298082881572 4429.356423308461 4.1390537234495295e-05 0.17184588140953322
1.1421090736850128 0.5385359512214984 4891.744416911258 0.00044168948522701774 0.07058513106182547
1.2253517194911159 0.5252525987361237 4980.93209117823 -0.0004963305282744867 0.13340474376714773
1.3014064246135606 0.5770689603295152 4449.377161685033 0.00020612446114100615 0.17475741545155987
1.261164417594696 0.6050334499013402 4603.080751168706 0.00016362131504619746 0.08899551147144966
1.0905307429139044 0.5797151259642174 4982.002897814142 -0.0005363745991712874 0.07226865271219575
1.292506424046512 0.5676336478558817 4910.677729229249 -0.00038283167220276137 0.1750493334377306
1.2106521803328376 0.5622954405790587 4862.348410585759 -0.00014414443769584763 0.09101729219292722
1.3432025578280669 0.5706071198987955 4767.12393833717 9.379172894074447e-05 0.18642333972238123
1.2831111249415268 0.540079589306858 4924.944244269932 -0.00035058850431143916 0.1800433620566398
1.2166757038233378 0.5343641650446471 4788.107732099416 0.00013769319870115903 0.16381070865362296
1.2063325425004319 0.5744380851631261 4544.923557172312 0.0009040354850889705 0.14578679541223472
1.3347848862328284 0.5762184780248196 4703.17998997831 0.0002356483345372265 0.18362343895958977
1.3347848862328284 0.5762184780248196 4703.17998997831 0.0002356483345372265 0.18362343895958977
1.3997960188438978 0.5232123852502998 4852.895066356561 -0.00045909463211053715 0.1762897774428931
1.2092892513598164 0.5771122739999895 4681.058162579562 0.0008929883137619929 0.1419519993644414
1.4431091181829592 0.5673435174535375 4405.238036672196 0.0001501292464687346 0.17151146354882646
1.198217770529536 0.6035164252653924 4969.164221147087 7.714758785653565e-05 0.07819427285639496
1.3087096042304782 0.4955637891569445 4966.1259113783835 0.00026466225858374625 0.1673229836900096
1.2140330677039772 0.5686244404599831 4841.423425768589 0.0004576186633808248 0.09560671588820414
1.2507724822223758 0.5509808464506538 4084.322234706814 0.00012411083551102297 0.15958273816485613
1.314844916433087 0.5780282553176685 4849.642967722537 0.0001371990903066618 0.12351917871138268
1.1361452204036855 0.5520786856078309 4772.987024470603 -0.000161653932886333 0.09790537357450402
1.2838185805280597 0.586698209069809 4804.977846785899 -0.0003727078931903434 0.15997678095084414
1.2077887229096405 0.588840659509737 4835.402404142666 0.0005282062833579031 0.0889813627055728
1.1796327686870118 0.5318884560033937 4787.851359531918 -0.0002726072108464162 0.14264377124200972
1.455849212075747 0.5262413338269791 4306.925131032432 0.00028560332795055863 0.1736783617213637
1.2182078463387938 0.5433293702664028 4857.979757914897 -0.00026237466167158493 0.1490130867576791
1.3003299848817678 0.5586115288526707 4831.7980189417785 -0.00021578108797927118 0.12979277061701844
1.2945358525935264 0.5307570860577544 4561.2719714254845 8.641907415612753e-05 0.17030602558045332
1.2116008434695857 0.5556325844313892 4840.005839838158 0.0006699550321409854 0.08119126867504589
1.261793753216892 0.5736223906207714 4941.21003536887 0.00020945882660287972 0.1447391563495759
1.2263767630881601 0.5846569658686094 4797.6120226483135 0.0005436858908771716 0.1423084530186422
1.4753553324440445 0.5467988556637191 4598.635094632212 0.0001368137700534121 0.1838929214659618
1.323217057263195 0.5717169026335887 4585.270800827724 -2.299481278449019e-05 0.12081450146410634
1.2840424854102892 0.5361327007945071 4905.382306208558 0.00032920843828653185 0.16048326702899002
1.2921815932634129 0.5213213119706098 4995.793893491535 -0.00033670589091265124 0.1704369444701816
1.2824339813558283 0.5606694770666172 4824.446087361618 0.0006056911510449865 0.1625716122144416
1.2602756973815543 0.521784934742503 4932.873548599601 -0.0003950031241933571 0.17264887826150221
1.2573160974382742 0.5525387489228114 4752.217049228043 0.0002818875468851164 0.1915129219941456
1.3474157462277416 0.5281232674597465 4766.500969631856 0.00033169798641662437 0.17800917436038097
1.1558332734087633 0.5641303260087527 4413.915507865753 6.706332562258023e-05 0.07364778811298231
1.312910878999199 0.5489687612142209 4671.928221882806 -0.000986801541221481 0.15704450385300836
1.2369724253394316 0.5743555416853753 4775.27521577196 0.0005612409861223167 0.09380231421709426
1.3837914091454313 0.5125787421854151 4815.494217827294 -0.0004903144256433416 0.16999833839439193
1.1284241994911786 0.5771271417864479 4751.925563678842 -0.00011794523886241555 0.07208419985013882
1.1964894346765451 0.5755238308188703 4092.548492623392 -0.00014808232855242876 0.07766482216197339
1.1226121837405856 0.5625617950516821 4743.515418369387 0.0005185529403680059 0.07322956626800813
1.2863773069925166 0.5257462570730022 4771.10277141325 -0.0001383006496628433 0.17553485186413864
1.2684360369668017 0.5807934908470814 4958.806552527238 0.0002559518980060859 0.10844542899369858
1.19378115992522 0.5510343465291994 4573.310182592901 0.0005635794804043192 0.12560003199377376
1.3194004197440568 0.5502067745530057 4818.216247215264 -0.0005429985260802373 0.1703736561759217
1.2769909008679903 0.5244218193504193 4896.819787078842 -4.298018441679198e-05 0.1730812248866485
1.3392978374964084 0.54180072617688 4936.90262970783 -0.0001277926957117469 0.18695101827146904
1.2082379724822017 0.5535909377394892 4705.20092381147 -0.00019425627144000127 0.15064240810730106
1.149345221730544 0.5651504078160003 4926.089823067619 -0.00064530535598271 0.06956257332437486
1.2438858784675741 0.5373814954576903 4823.733121523007 5.083077188100126e-05 0.1790500558718907
1.3952308871644599 0.5704270724887924 4930.620357139738 0.0007381390846394802 0.1818979742804977
1.2847065817706198 0.587518301621653 4229.202299309487 -8.31406666487807e-06 0.09127621293311353
1.3299722666590215 0.5726699812219741 4204.700829747916 5.291462628115259e-05 0.1660850539764443
1.2025536054298636 0.5457820997696958 4809.435644683344 -0.000798165102926381 0.1700130634596887
1.041249574067591 0.5458912540153753 4925.2073817246865 -0.0003709703418056226 0.0715420331283247
1.2313147491587253 0.5572294602433778 4857.327381675104 0.00040252797434095326 0.16591709202878266
1.253908184962609 0.5288935190374553 4999.180387591485 0.00010557435863755905 0.1645333834809209
1.329256749450121 0.5636024029152129 4864.677003402632 0.00015703426474910284 0.13812889747393237
1.3032475673662 0.5266686087584502 4848.096807774187 0.00023025818375037443 0.16570913279529642
1.447249542895198 0.5571851259073795 4849.82153886405 -0.00010623785972798368 0.1769359821971701
1.232243177562276 0.5523132245559453 4814.014116904947 -0.0003310942671205767 0.08831778395401657
1.3630197836905387 0.5534786840029798 4821.410714919045 -0.0002141679645877521 0.18253545570262705
1.3815953600221171 0.5992139290535059 4039.1493095566634 0.00019900910452817438 0.16608859894895978
1.3470300384486347 0.5852563373186223 4822.24877334796 -0.0005701059021292657 0.1783782736908557
1.204399956053798 0.5481155137064396 4757.989634309262 -0.00028825440025321886 0.1455424982797722
1.246118715019915 0.5563214736529997 4847.164427480358 0.0003918047004296731 0.182728037564933
1.1865217850801772 0.5865321616277062 4806.749514870912 -4.079305348728503e-05 0.07186618374705026
1.2055770377104942 0.5528479305908601 4970.60690613728 -6.62526381791835e-05 0.10183402688893724
1.3546321798113419 0.5396637561991211 4803.990508357223 -0.0001238510305642298 0.1629369365416522
1.3807118065129997 0.5374225610464729 4865.424577808557 0.0005330930948322444 0.18005483951096946
1.306883016614754 0.5148123628183259 4801.964598770468 0.00025090332544515343 0.17435966171538578
1.2827418316005716 0.572711615909887 4940.638490261275 0.0004471096024485334 0.1345226876848854
1.2883066234427796 0.5717275010906357 4806.253507986845 3.928972495351648e-06 0.09635904938033138
1.1935625404022736 0.5825112105466945 4568.552281489418 1.1603202218584092e-05 0.0745759216698602
1.280967269077466 0.5449325056317971 4779.213729588831 -0.00016241203018697804 0.15012666741561181
1.234208648737231 0.5726853855477921 4858.240294543821 -0.0006477987427367612 0.14074849629890301
1.4150510263494667 0.5691862976511937 4969.434058414116 -0.0007239679945153377 0.17804379233834322
1.3505867701516194 0.5380074677048086 4704.245960277841 -0.00035950580212277736 0.180869276557317
1.2184398426896448 0.5470342884229695 4975.191223406301 0.0004183277825909832 0.112433506046347
1.2996593901593294 0.5462986875125744 4794.21639005762 8.457157797173872e-05 0.14929656701086638
1.1085224079518974 0.5465985802042763 4985.264976191831 -0.0003022035448093531 0.0710632137441695
1.3101372853270248 0.5728009764646264 4836.713032641891 0.00023496710969723864 0.17650678257979124
1.2532126462214745 0.5744847410454762 4930.245874602211 -0.00048792551869859645 0.09229537216202673
1.0637664937472908 0.550699174079412 4636.167513080789 -0.00016393786346101266 0.07213593421823572
1.1368827186104606 0.5778493515360233 4566.254436679188 -9.531577584845086e-05 0.07047382753630467
1.116200749073688 0.5400245290933628 4797.00239606243 -0.0003858327700837181 0.07432155571791318
1.2104873136059124 0.5530405992812883 4806.051775667827 -0.0004085854308305444 0.07586867438686433
1.1833706809084712 0.5566813030354325 4999.652496912388 -0.0004617945812378821 0.12226732196390265
1.3225778626242088 0.5533640928733663 4824.530056496407 0.0005944232740353646 0.17885440233662678
1.2793705836873606 0.5308899003512881 4687.266729634467 -0.0005081247508395272 0.17306125067818734
1.1575614489946284 0.5393151566219108 4925.868671668212 1.3261121745460078e-05 0.09991401169331968
1.2493858499380077 0.5778788676973916 4998.2723909927445 0.00030979657291912174 0.1338840570984131
1.2762837879006277 0.5886489571994805 4607.461122435809 7.283323682912331e-05 0.11395258602441034
1.1782389015225265 0.5462297793531026 4803.052247352494 0.0009598128606913244 0.07198367517359122
1.2751133292600207 0.5574968840371742 4501.207666542211 0.0003351386644525315 0.17213810591997836
1.2113892448000936 0.5750648016261646 4428.739183516836 -0.0001244754695680527 0.08944021575122836
1.319944269519822 0.5580868437308839 4677.248906188912 -0.00028903801085214094 0.17085000543916054
1.3251129792630938 0.5225594187035956 4949.10999874046 -0.0003363816216199291 0.16618542369080608
1.3030472207796944 0.6066199884824561 4709.210563585699 6.944564861546563e-05 0.11375840243831307
1.2888185265904495 0.5684359530066102 4741.081953352186 0.0001003064552312754 0.1363327728007251
1.28009222661988 0.5361531053078399 4602.588040139692 0.0002696842923462852 0.17038366558668605
1.3400447393757153 0.5114271335182048 4975.278613397111 -0.00028311126128693643 0.17281402369561916
1.1508392681689164 0.5453485213059833 4997.669723064225 -0.00020805238692521183 0.07781148857488315
1.262595925804895 0.5443625192741368 4819.966708565113 -0.00045933045202042487 0.16970096909106044
1.297371176283489 0.5859444640325091 4877.7805593600115 0.0002970879686291329 0.13884782571405724
1.359712336671937 0.5558760999076247 4901.3888536530485 0.00022148807826663673 0.1830094258526042
1.2408365837937363 0.5524231073658887 4985.148213892363 -0.0004008706342119306 0.1004830864111999
1.1570777916004333 0.5655563528869603 4645.3678438857205 -0.0003057854064970559 0.08969769073457867
1.369728854138232 0.5652283544732029 4636.094044657942 -0.0004300277691612813 0.16114885312316102
1.3835710891014272 0.5604103212697269 4926.304028416139 -0.00025669377044350744 0.1800458042037288
1.2099844338550856 0.531222855118936 4915.98814533729 -0.00038948033175885465 0.1336958086679972
1.303280874675185 0.570519687328313 4629.675430253908 0.0001645442721465198 0.1854099408043945
1.2757603671462507 0.5414906463862451 4997.535063969217 0.0005551033568140842 0.14726682961464382
1.203587711696505 0.5303433911535382 4903.465723358716 -0.00037743834868184453 0.13267551988948634
1.1106120945983535 0.576904094455202 4526.226619638055 -0.00018310829098389518 0.07334495466911611
1.1704766413976793 0.5566274767840276 4777.479111836149 -0.00018911533070248084 0.0916317959763428
1.1352163802991808 0.5536055645594982 4937.612866453578 -0.000373707095171451 0.08570241571722956
1.1823800297308786 0.5460259193219343 4949.421067068217 5.568116703366757e-06 0.08429083840242271
1.1308774793732854 0.5548191474382761 4901.073011809742 -6.796864803458897e-05 0.07261025764057612
1.1506449909272214 0.5386063853871847 4936.779522826319 -0.00010922696994466262 0.08927441116164278
1.109710033164539 0.5617604063938282 4941.970454304146 -0.00033137555315442343 0.07282758951534479
1.1151909087311678 0.5608763353599692 4737.857265623429 3.482115341837695e-05 0.07561626742146942
1.1803203252829912 0.5382344567890451 4903.0355472484625 -5.188160969167167e-06 0.11039955196124679
1.1710384042979827 0.5407630250581352 4937.45035456878 -0.00020240217581075876 0.1017000009968396
1.2882270020148303 0.5809194695876032 4674.477162881026 -0.0004716772936808517 0.09882184914219784
1.3010437656029818 0.5796168960202288 4581.791032974241 -0.00016078127081513085 0.11710506723578437
1.206927023728544 0.5636257116047152 4821.318151418997 -0.0004724864242022691 0.08133080247835389
1.1907660318133046 0.5752049690466885 4872.166875393902 -0.0005165571992569256 0.08482508908072713
1.198594145045528 0.58209587901594 4987.663296291181 -0.0003332106665484457 0.07604747980420176
1.2166464850630492 0.5544522662566956 4852.308215038189 -0.00017162509691421126 0.10412866822112674
1.1663161494055099 0.5690805706323605 4966.853679473062 -0.0002672654027298632 0.09105651919191493
1.1972564965810637 0.5844026213554769 4933.2794165531495 1.565790702537259e-05 0.08034773398100975
1.2558906351150247 0.5666039811965453 4957.178875317084 3.192316589488451e-05 0.11950884014465152
1.2558906351150247 0.5666039811965453 4957.178875317084 3.192316589488451e-05 0.11950884014465152
1.188327616653324 0.574937598032038 4954.576687446307 -8.081858464724602e-05 0.11082952608548198
1.2545793379496775 0.5926826215894628 4643.5404840648225 -1.8351052396462624e-05 0.07749421233038102
1.2545793379496775 0.5926826215894628 4643.5404840648225 -1.8351052396462624e-05 0.07749421233038102
1.1479332354074274 0.5554705976185386 4915.272598107492 -0.00026748168188408476 0.09095270996949906
1.1984770837808751 0.5633741850486598 4797.277028717048 -0.0005978881308034667 0.1089027992095826
1.2888450384394576 0.5924882483567075 4674.329490849889 0.0006673587855045892 0.09806835368234022
1.3113209749067265 0.5875726764152844 4039.1757369872853 0.0004299321641692803 0.10500667551409298
1.2743941980541083 0.5869538266851239 4306.405147629228 0.0009025893862508998 0.11201163895598558
1.2288491941046547 0.5643980099863299 4955.420240889749 0.00010362920233707311 0.08727966502136723
1.134869049203441 0.583489843244394 4984.379486096314 0.0005465343061332762 0.07568604373994642
1.1458172525718444 0.5768832619843609 4955.357831666503 0.00042602041426859034 0.07565412434383299
1.1169981365441592 0.5695076876093268 4968.918497890299 0.00021616024382567795 0.08000883773886011
1.095352657899231 0.5761312934962737 4918.3540682360535 0.0003599540861960047 0.08411762091520812
1.1682178000878618 0.5481652885556123 4886.889965896441 0.00014790054686724335 0.11372904573782186
1.118443957120388 0.5715015624736366 4920.920278972247 0.0009637571202046634 0.0793417960383377
1.1450782067929541 0.5583890711512576 4896.897375012379 0.0009869774155707922 0.08384962342429811
1.1417886122924739 0.5653338760321859 4811.112886733057 0.0003468338258619847 0.08232422335601199
1.1417886122924739 0.5653338760321859 4811.112886733057 0.0003468338258619847 0.08232422335601199
1.2089309107452362 0.559622332207452 4790.453302355652 -2.476923551173648e-07 0.11785260894594667
1.1720774642265903 0.5626293485867145 4709.173309745466 0.000335142694591749 0.07369354361003981
1.1948483652925388 0.5592376174419809 4837.1817751803055 0.00030092074866861206 0.1134466284519154
1.0962133505108693 0.5652405815158115 4918.216779287602 0.0007659815954964392 0.08128244500656932
1.1531697610056373 0.5679374007094113 4837.686443425682 9.452007977488721e-05 0.08523274638530012
1.1106810153621922 0.5571945658073969 4743.115713965212 0.0005275594673363268 0.07380758337680368
1.186286757240073 0.5639116445934447 4804.126929399896 0.0005327614000961549 0.08659507306438988
1.2306567944159947 0.5469191830546132 4887.626889492435 -0.0008310742954329378 0.1232927945302477
1.2221725966203234 0.5495960740560921 4974.236353745222 -0.00044890478443410857 0.13823707494153548
1.271601570761489 0.5492825216795628 4939.447809259008 -0.0004617532547582835 0.1481082804403292
1.2887076791214387 0.5468244876606598 4957.121067397884 -6.466707331356458e-05 0.14298140413548882
1.3061759564375452 0.5424230805156017 4811.858971999135 -0.00010805102770846248 0.16919376259414592
1.1954087527963733 0.552159338148869 4886.323407936718 -0.00011780293745670315 0.13603953641159755
1.2196348507322137 0.5579093769160737 4961.381948803684 -0.00034391436888197197 0.13614657708091474
1.2201785291068257 0.5548489066124496 4817.577210863202 -5.22149424256392e-05 0.1360923720237223
1.2673983854807478 0.5429478234134714 4905.438625170154 -0.0002711573476938938 0.16107706134884206
1.2749985256861829 0.515467737617829 4904.554803540867 -0.00026774822642434574 0.17460257285352637
1.2222878151667897 0.5416425214307001 4889.651880907654 -0.0003806240837760529 0.1284023459755033
1.3576346616634047 0.5250395853520861 4941.020155955835 -0.00017750169906818623 0.17919158707737323
1.2591613109735278 0.5506142421649187 4911.71235706022 -0.0010864342934582929 0.13295982140206541
1.3332449211237347 0.5375893303973264 4941.2483604485 -0.00028980840260865243 0.17545263507197062
1.2790451228447681 0.5337211851069001 4968.5890320342205 -0.0008538115358596482 0.1702022416095585
1.3183259412366284 0.54339569354098 4730.246993095688 -9.379649596317395e-05 0.18111293313391402
1.291977027332477 0.587394784167226 4984.416001145077 -0.00025755712866731937 0.1712003581649718
1.3215634007040618 0.5669738507180693 4784.622154588969 -0.00020027057482074656 0.1685515842823726
1.2899922070648793 0.5642223998305596 4777.56012982643 -0.00017787879461465938 0.1690632603442726
1.278861997659805 0.560854694922744 4902.813630246782 -0.0002172888461009371 0.18012785820546506
1.278861997659805 0.560854694922744 4902.813630246782 -0.0002172888461009371 0.18012785820546506
1.2720485149457943 0.5547664196618576 4896.198447595636 -0.00020592407653725444 0.17516197732921174
1.2478872598815836 0.5524531653587411 4501.116315769922 -0.00016186911529922162 0.15945352902959245
1.32673179923869 0.5460436606896183 4731.641988505992 -0.00011003997474902796 0.17841874404995822
1.307251541257616 0.5546975274977234 4737.045495284146 -0.0002930709403863479 0.17809159543789083
1.293349806574681 0.5532175965475775 4980.39281379149 -0.0004128786172276004 0.17770730175577132
1.2774071203618722 0.561947164329535 4927.516702868812 -0.0003695174444242595 0.18096529348334178
1.2774071203618722 0.561947164329535 4927.516702868812 -0.0003695174444242595 0.18096529348334178
1.2282234363583302 0.5469116138216821 4816.494556275546 -0.0002692958232970755 0.16225764231472894
1.3594798692284304 0.5607353238240838 4741.941131636302 0.00020486780724536204 0.17529510076016808
1.3340778727478488 0.5596021741061008 4683.306146516004 0.0002488142259224362 0.17946812781776644
1.351643141550733 0.5564360678377663 4794.354086439928 0.0002009924921050638 0.17804879515811667
1.3230345677074542 0.5700035558179397 4872.521288599662 0.0005128252487097116 0.17254021758701976
1.2760997355243724 0.5664698843460615 4902.607774964319 0.0003009954872538794 0.18163134344570647
1.2620139706033955 0.5342034131783686 4574.906065395682 0.0001724569816092946 0.16525513436567518
1.2565890531487647 0.5479966862551852 4752.48781161983 0.00022448255251651138 0.1862011901017392
1.2804327233866948 0.5389278547653672 4927.476340055964 0.00010855329156725132 0.1771772000907752
1.2460710132773656 0.5152630720242151 4948.413055092366 0.00020613450011215903 0.16444099924564926
1.349317452174676 0.5246321889229892 4817.358212441902 8.575992292948676e-05 0.18496529163090508
1.3800794466796673 0.5375110335826777 4853.579720455138 0.0006560149529877625 0.17698155484546302
1.2971598496363919 0.5596143858474314 4955.201010058924 0.0007189248079561377 0.13899738550950394
1.2887115720980842 0.5437822974690876 4889.709089533804 0.00047960480694779153 0.17216921403151814
1.2219102028645872 0.5480485763211116 4920.285529768826 0.00054223884468971 0.13933366975582245
1.261266842171396 0.5693943964806273 4975.393136585366 0.0006233844344229159 0.1429175787036025
1.320293910460988 0.5394771962203675 4939.4887211435025 0.000318600906514882 0.1682265852872191
1.2454944217062147 0.557636153080642 4992.163501243368 0.0003455994753360839 0.14203277300582812
1.254894991532468 0.5573605709166953 4728.376442262248 0.0008259903104467412 0.15720648426257483
1.2568112274720549 0.5379796001016277 4519.5928991986975 -5.530782961723828e-05 0.17070329758129693
1.2572945302640233 0.5359159421669505 4949.719178581209 0.0004218545607821267 0.13805925241058664
1.347461765666028 0.5778357908166666 4849.716553051784 0.0006211023360207537 0.15605099753677593
1.3528629616912022 0.5713637105836058 4344.988272684709 7.075921699430723e-05 0.14450459681992742
1.2664693054302212 0.5813527018507272 4805.444739815608 5.5201728518374975e-05 0.14762829337887395
1.261598604726803 0.5715774640698049 4728.2430625404095 5.0698944897428735e-05 0.16617010470143886
1.3762387059367605 0.5934123156471294 4709.991949799156 0.0007420846002074491 0.17461190729811
1.4050454029681463 0.5889719160941157 4895.861629401486 -5.320165082012688e-05 0.1951537912286746
1.2658255152489524 0.5794207906895298 4947.478121760065 9.20229888627776e-05 0.15723276599301445
1.3798615637350236 0.5740001716305524 4719.3131483382085 6.10026285202575e-05 0.16642103577435916
1.3771170045418748 0.581330608500626 4794.130743055469 -8.39865675869821e-05 0.19005749806883626
1.2948214275581096 0.5977215708670802 4869.671879844462 -2.0026563643293688e-06 0.13854845742216487
