chirp_mass mass_ratio EOS alpha zeta
1.3617293144816824 0.6304194648274465 4593.643581156183 0.0005508937718457483 0.056940692398056415
1.192988206811396 0.678842737532522 4681.484481734089 0.0004349251669512418 0.040808731941515575
0.8899214120191276 0.6016613015211256 4160.657017648789 0.00010024440247910942 0.01840644841536776
1.1423611718078195 0.6652824723751419 4404.691380249596 -0.00040212550954163835 0.024746694682377182
1.2495273573129415 0.632712195724265 4568.662169019561 -0.00024184949964713143 0.024647755067097772
0.9138306044147406 0.5915613735842762 4165.237412157194 -0.0005591529330069829 0.017851452360019567
0.8551648785854735 0.5665907272294171 4126.071797141324 0.0004347066867073645 0.01695359792132212
1.31300479929798 0.5844649157595734 4114.037065029399 0.0004282258514435333 0.04749737703988
1.0047093594663008 0.5741322137319829 4706.448211615309 -0.0004012284006585049 0.018628960975846487
1.0797932515101596 0.5778493514622574 4428.035149195723 0.00029939678299618417 0.018705749006629788
1.0648033734750446 0.6256255909200532 4046.2482004059975 -0.0005327655420341444 0.01678286629462425
1.4347385995977953 0.5602261678834238 4470.666797240866 0.00040683834196556553 0.045670771049932495
1.3919593490685664 0.627207214600716 3965.333303917059 0.0001229407427678966 0.04823868908122088
1.3867108344088233 0.6013915673697761 4161.477865209834 4.006846231694238e-05 0.055201695327808456
1.4652972302104224 0.6164959247763999 4104.089461141665 0.00020957024361683267 0.051631647064706535
1.2223648902809452 0.6633828991424128 4992.898076685378 1.1670169853438731e-05 0.03762185534311091
1.0368829308684548 0.6508258946627888 4917.505804913155 5.292573125200645e-05 0.019045701792445715
1.4515867677690377 0.6577941662289133 4212.349574379659 -0.00015249576896730048 0.07080046255070604
1.2665647406458493 0.6933781185730604 4161.891499291342 -0.0004073769878919972 0.03394585556117927
0.8757124758840155 0.551822658095316 4574.216576577213 0.00034790406111683214 0.018764609074183387
1.451539708511427 0.5982400272784946 4164.859052832314 -0.0004699919617372565 0.04880757665248749
1.075343779485379 0.6693758960893842 4272.674033071971 0.0006241583075855786 0.023218766149932794
1.2974089842102026 0.6219537987648452 4227.743522889847 0.00044829523644018376 0.055452160368338894
1.2754191759647555 0.5737863220868641 4761.109920868749 0.0002819089025889746 0.046717065505957556
1.3238170273293908 0.6641580783566823 4795.622235008795 8.506735650963035e-05 0.07010513564029071
1.2316271932028406 0.6756310210955658 4587.992796000335 0.0004959713889151034 0.03627624897148804
1.110565967773425 0.6734498980687215 4857.673413904869 -0.00019075028426459968 0.02187284737844218
1.1534495479400217 0.6167065359340289 4845.809749745407 -0.0001223013582219175 0.0232146595939608
1.240665178733948 0.6110675755114372 4894.678127780003 1.9928309648662864e-05 0.04380564263140319
1.3954928329543907 0.5835254884999427 4818.272063025309 -0.00024955070189918024 0.047005770209269465
1.3509113515058728 0.616097079898156 3993.8846854102017 -1.2391903517803798e-05 0.04209048274439761
0.9412132624109515 0.6201575349673858 4871.383790255535 0.0006790075648204761 0.02006194103336109
1.3051113986146181 0.5909099385984578 4286.257353135322 0.0007544776149515372 0.044959191920566514
1.2676116992706465 0.6441915975835828 4781.536838164223 0.0004536769420493518 0.04877468267842415
1.2776835444291343 0.5611882517054699 4745.7570706899805 -0.000677150143381709 0.04642618549537948
1.2752118884875137 0.643832374433608 4224.196565105856 -0.00017265930561481292 0.03800189129775211
1.4551089889921374 0.5714943150412327 4021.860522081743 -3.0043971083178703e-05 0.04805613021878126
0.9856629661909675 0.6520759908694047 4805.211812487948 0.00013771992949434888 0.02120669955433719
0.9644098537704731 0.6216006881747269 4434.183030574659 -1.635240596651777e-05 0.01920191960773713
1.3346466078411794 0.6521731172576019 4227.2727083942955 -0.0007127362568254797 0.06598235054801216
1.2829220149727787 0.6595905853444002 4321.841810234176 6.703443510749075e-05 0.022769008631260128
1.1213019280768672 0.6062086911780673 4246.371799885819 -0.0008451344385975157 0.02709663503463773
1.3485077485886856 0.5922532799250286 4035.233199865591 -0.0005761711780778938 0.046957738162350104
1.5048204523085233 0.5885509531562109 4773.26768983134 8.11806997078286e-05 0.046208345216086966
1.3705399418750144 0.6032569823950793 4647.903001298932 -4.1543045047968894e-05 0.04739808370230897
1.3699450440813234 0.6165276865979452 4570.3665470807 0.0005565121349960623 0.06058362170623884
1.225455282159132 0.6247496511486674 4598.42538169042 -0.0003422310319444776 0.02227431949714705
1.0724366030403094 0.6650080873295667 4206.85866355432 -0.00015940604595331408 0.020222021135962297
1.3699199671864282 0.623175345277109 4878.322476537276 0.00036146652785166484 0.055245186212063375
1.1233255569099385 0.6754452775600703 4547.331892461756 0.0002482823431547388 0.025878319461123594
1.2194082862829185 0.6521662705539578 4380.2155737603925 -0.00014148963083611586 0.04822728692999917
0.9576325812094262 0.6143100040121068 4373.665933900546 -0.0003824868643623695 0.018410068842841864
1.4361479373779242 0.5462765195225314 4143.08878764711 0.0007973168956231003 0.045527742946198775
1.2753330181252969 0.6033011463584961 4860.409540713741 0.00012497299826080596 0.05276410259248423
1.2776159793113036 0.627438876284472 4253.98586018976 -0.00012430460204104128 0.03666774573140571
1.456476090250602 0.5671336692568438 4618.466089292252 -5.028382462351325e-05 0.04982929744334866
1.1407131918454894 0.6578794158574586 4157.723488083057 0.0007422781091459088 0.021784600744688753
1.4899640783805652 0.5566980681035383 4093.3936306143887 0.0002454180488801242 0.04430444027010956
0.8949086534189463 0.5678909290307713 4719.356779497733 7.909564190594084e-05 0.018801032034669617
1.347645163425133 0.5721102494152968 4103.403055448184 0.0005972972047685367 0.05104858119548853
1.0853065675761162 0.6056189908740058 4572.098343310721 -0.0001635005212789847 0.019998295655870617
1.2770365057116106 0.6664635895614325 4252.10189623576 7.170448596706199e-05 0.04389729227278763
1.4524475394960485 0.5685251133442644 4251.02170254021 0.00068943239600217 0.05107947118373869
1.1431260555246312 0.6827098639194409 4734.80765461087 -0.0002763261273944554 0.024672151511456086
1.1217412398757856 0.5897484677424361 4771.643634634355 0.0003086614363572233 0.02003882270321053
1.2797485387466976 0.6161927910192262 4767.08302869116 0.00014682743347558806 0.0339803433924301
0.9789283523255774 0.6497356366098631 4524.516333134324 0.0005422134628538661 0.021575559375497374
0.9599848722163158 0.5955500471734754 4623.397736924633 -0.00016459663497575967 0.01935003539518118
1.3389165990389882 0.6133248007714428 4203.786151608387 0.00038562604122596825 0.045886424972736345
1.3621795605468217 0.572464628604541 4857.0067999626335 3.943167104798991e-05 0.0538002090881881
1.3419547744337608 0.6154535239769233 4416.668996092077 0.0003634086477000672 0.04673093002350019
1.479775836880239 0.6220281575090658 4864.548678903666 -0.0004270623523460724 0.06031492427795309
1.0628941553001503 0.6713561345318081 4262.110770282379 -6.248312988168374e-05 0.02235347475512362
1.2900594640542946 0.6194467134608734 4189.666341438701 8.74673589137074e-05 0.028959601176436405
1.0846159433731084 0.6043666659045119 4473.130225336218 0.00020398232164100852 0.020900663997723754
1.4262476220646532 0.6086102620840145 4955.180785454903 0.0005101499030818905 0.057654235602434975
1.0518310544041642 0.6497050381808002 4579.29412824329 0.00010210984558811433 0.022044127762723624
1.2214216538352312 0.6893199162757891 4796.491810341305 -1.838867411069604e-05 0.029505852325565428
0.9455983686916039 0.5922999404146142 4921.99781247814 -0.00012874888939191695 0.019497839537217548
1.295366965252424 0.6354679678832594 4608.73294826158 0.00038002520283435297 0.05842180194590655
1.2406072334196194 0.6271679418515806 4523.688066008097 -0.00022454624487428123 0.026274852035403917
1.4246134741726313 0.6285373631812567 4416.731755353169 -8.416797399699573e-06 0.05302654935976288
1.239708119138783 0.6867791307807954 4665.271929293491 -8.51493586963017e-05 0.03318454644503989
1.3911959444622255 0.6016330026126446 4143.014356902416 0.00032641082145002786 0.05526076383795687
1.4954682317255887 0.6493703415078327 4101.3114787540535 -7.995829027792414e-05 0.06730006536759935
1.3539672066879542 0.5779127755796271 4355.336292840732 6.454002202969109e-05 0.04645562769476264
1.4181592452643859 0.6092826983142452 4560.4524675253415 0.0006775520324348299 0.05688722324107178
1.2775956278751734 0.6805720898947578 4811.979791333346 2.2191800685171293e-05 0.051514416558482504
1.2775956278751734 0.6805720898947578 4811.979791333346 2.2191800685171293e-05 0.051514416558482504
1.2161086518232653 0.6712738648173989 4544.145870156527 0.0005967151799938649 0.04127868595369481
1.4007759128972972 0.6070619347452226 4650.80105542623 -6.983061561163731e-05 0.054306261075264234
1.1285397070663672 0.5946034173212205 4623.357640325404 0.0003142668025054803 0.022317061921893783
1.2285263526073185 0.6583314193872934 4327.061162257416 5.7136160317123044e-05 0.03603718491233889
1.3436299070794444 0.6280520290379328 4249.266522596309 0.0005582266778586295 0.03791968599783936
1.3436299070794444 0.6280520290379328 4249.266522596309 0.0005582266778586295 0.03791968599783936
1.2125675594715806 0.6318289452285395 4298.134411342445 -0.0001660802119479136 0.038783927196060025
1.2125675594715806 0.6318289452285395 4298.134411342445 -0.0001660802119479136 0.038783927196060025
1.3625763573143987 0.6206177360621391 4021.3905660166392 0.00040963651116346817 0.05874562212287212
1.4117724858851992 0.599593040053921 4192.69302186115 0.0005307221609703002 0.04848847607128104
1.2955303686824096 0.6597141629255836 4843.396919541334 -0.0005643550715355401 0.044063072966773906
1.3949019500468993 0.6093513211648869 4169.686464196838 0.0005851568126722422 0.049335914429589595
1.3949019500468993 0.6093513211648869 4169.686464196838 0.0005851568126722422 0.049335914429589595
1.3705760488728016 0.6288319966602638 4989.8623330583005 0.00028804835537342156 0.05916932783691011
1.3705760488728016 0.6288319966602638 4989.8623330583005 0.00028804835537342156 0.05916932783691011
1.3395307814858846 0.6389409305871405 4923.258592543554 0.00010777813831567705 0.06448014336199492
1.377047529334342 0.6853882931483293 4750.731397329488 -0.0003183727486284751 0.053171532871035286
1.3446059836870021 0.6827020964497953 4120.323440904778 -0.0007146451974469168 0.04522519214776677
1.3446059836870021 0.6827020964497953 4120.323440904778 -0.0007146451974469168 0.04522519214776677
1.3657585380108794 0.5953744255154547 4460.526088197 -0.0002005657132959406 0.052683552744650676
1.2430090131239657 0.6062415179104639 4954.849985781507 -0.0007629846030000365 0.04271682142403368
1.2430090131239657 0.6062415179104639 4954.849985781507 -0.0007629846030000365 0.04271682142403368
1.1653030940612952 0.6663957657040889 4745.097338463157 0.0003400097101074724 0.027836696854833063
1.1653030940612952 0.6663957657040889 4745.097338463157 0.0003400097101074724 0.027836696854833063
1.524208625080375 0.6641874671398635 4709.183170276031 0.0009974410717188738 0.0696864037564916
1.2439779408276614 0.6974693792949042 4537.0796521675165 -0.00012832234523425988 0.02595452602469809
1.4963488852720466 0.6403694622372368 4056.6480072731542 -0.0002518594709840634 0.05599655895897874
1.3171055437745474 0.6692930269590862 4469.913308899202 1.80228784696351e-05 0.03705675879769864
1.3676997639015602 0.6143499565400536 4425.664333936841 0.00085712704260343 0.057882024505724466
1.3676997639015602 0.6143499565400536 4425.664333936841 0.00085712704260343 0.057882024505724466
1.383572383356149 0.6568941772159034 4440.223233629629 -0.0001858721085687678 0.05699001331313351
1.2697762424315677 0.6560147049482844 4837.032605578671 0.00011895832263491726 0.04630705830841163
1.2626810077885624 0.6587749676196556 4712.1551591945745 0.0002890963456687893 0.05378631436952318
1.2626810077885624 0.6587749676196556 4712.1551591945745 0.0002890963456687893 0.05378631436952318
1.348806269123794 0.578622497583116 4844.934170708907 0.0005726189314899204 0.046721582505056564
0.9971043332752987 0.590349837841931 4792.315392372601 9.235824062658547e-05 0.017852061246109135
0.9971043332752987 0.590349837841931 4792.315392372601 9.235824062658547e-05 0.017852061246109135
1.2367990216016653 0.6645539408044255 4346.842502245623 0.00012981097776509817 0.031328493838323604
1.1857296398949266 0.6710331597965052 4750.920937152252 0.00040031349487161256 0.019365971295497757
1.4220789287954787 0.5909728588128733 4404.504366559937 0.0002479308775918571 0.05393542623867213
1.3234656739012647 0.5792383342562891 4834.536422170905 0.0002879359571405779 0.047273401428374454
1.510011365797087 0.6320491526875933 4592.925274758665 -6.033463293393452e-05 0.06143538890203641
0.8998468468678903 0.5806265226733304 4933.1350702226255 0.0001459404976666474 0.017991146353206408
0.8998468468678903 0.5806265226733304 4933.1350702226255 0.0001459404976666474 0.017991146353206408
1.1795940416051391 0.6396455634367397 4587.302900827218 -4.9657959496409526e-05 0.023597050175713282
0.9578801763415592 0.5750471704832254 4539.201524809761 -3.1271869206457535e-05 0.016998130606895156
1.2543383182018184 0.6586711229305297 4965.479083216867 0.0009691750986711011 0.05894300702318073
1.3859564340594024 0.6426881539248668 4804.856985163688 -0.00010161267268254536 0.06638560111905686
1.1752250179696673 0.6183950207013511 4513.486131374611 -0.00018572408584170282 0.030432259397889867
1.1656759316976228 0.6513162084963804 4820.371763105717 0.00022511256791093862 0.03222960948938634
1.1794844101633981 0.6366492210540095 4186.100777197837 -0.00040348870560568746 0.027828253068969813
1.2863962567712843 0.6138130432968621 4613.039446975556 0.00010844752741113824 0.05493042789478332
1.0780903958247963 0.6726809964425223 4991.395814231381 -1.341159359835271e-05 0.022352421190759097
1.265596025963728 0.6982762144955474 4933.134779435975 -0.0003284366554973518 0.03154414302817743
1.2553004742565588 0.5974912199329189 4514.501226065891 -0.0003072638277396065 0.04535886842133212
1.468787799878346 0.6562964161501077 4300.259017407235 0.0004529042979890222 0.06729154738530906
1.2259474578716862 0.6208540743796662 4569.737373086762 0.00014283664186051358 0.02339139719153885
1.111550976162734 0.6627851207821854 4157.516338585784 0.0004708627217502079 0.020988193278035656
1.3579836362794873 0.5488511202495475 4186.472326764987 -0.0005256677333762302 0.04404738577302839
1.0501523578716585 0.6560114625151723 4618.052920632272 -7.29487119048662e-05 0.020800482017770024
1.3128211227993325 0.6109916567009444 4595.818020390068 -0.0004086962941880649 0.05093820624786269
1.2954451587001508 0.6179347852355217 4485.761589261845 -0.0002032814658593481 0.04848212715931585
1.2014333260500971 0.6305260645276428 4947.007948874213 0.000743942666203707 0.023438877382643098
1.2014333260500971 0.6305260645276428 4947.007948874213 0.000743942666203707 0.023438877382643098
1.067519143549056 0.6209968133861836 4799.8083313594725 0.000665202297970429 0.01978468767576348
1.3410310166974528 0.638431533197607 4396.45066010536 -0.0002617245577306261 0.053776625769626024
1.126390743220072 0.6531054778151861 4573.047084936804 9.364046531584542e-05 0.023855203429464615
1.3803297728383075 0.6695934466646765 4352.536239243262 0.0005540833117384125 0.0444365727433539
1.0465536508185391 0.6018181038926567 4871.821490551186 -0.0001311220595680168 0.018247020980073123
1.3796188117032346 0.6339851992451853 4985.950216134133 0.0008436304806330123 0.05775507691014515
1.3796188117032346 0.6339851992451853 4985.950216134133 0.0008436304806330123 0.05775507691014515
1.1697555494368355 0.6163478643675703 4705.754173713408 -6.902793824646718e-06 0.029845014608634785
1.3568235337154826 0.6419577766712031 4402.333905653756 0.0005459942316856094 0.05535935705288733
1.2979054843031195 0.6438112541108779 4768.6758859374795 0.0007111107149025229 0.06308918727278653
1.0506192049581653 0.6092831602593086 4286.1560471007615 -0.00020180324947334746 0.018190754434239252
1.4588952443153642 0.5286542175295564 4248.8038915689585 -0.00013308652659381457 0.04528711494036429
1.429268339164474 0.5944378950250069 4503.982344430286 0.0008379455355960227 0.05030515088944304
1.1654639879578323 0.641316936295483 4528.06109208633 0.000574967898232854 0.021194099263861316
1.1925841283833258 0.6063728705578119 4986.140297619395 0.00018231798950187032 0.028432426340408663
1.36935515262169 0.6412932711683859 4862.19693223744 0.00016297339693136211 0.06201692817378431
1.4308335008432627 0.6602491905010373 4427.173483631457 -0.0005066093167053893 0.07011435033657437
1.5211950908855092 0.608411192812984 4773.441313063819 0.0005928164718926262 0.052075652810983565
1.4247195969781372 0.5768471771755586 4387.626498285234 9.517124128353758e-06 0.04931882959126171
1.2188025328420986 0.611551864348088 4976.268277823089 -0.000771659039194167 0.029886584445154282
1.413705677362583 0.5924416339082992 4989.522629113358 0.00010855771186790971 0.05310645395824124
1.3420554078323044 0.6292180338053323 4960.5167758946245 8.533603569904703e-05 0.04390065884408584
1.2066443487336893 0.6346848100308221 4380.85798622157 -8.291246538410129e-05 0.03974380287336685
1.3358563708697817 0.6629276657013885 4030.034146555519 -3.0510354536556252e-05 0.04497286035480841
1.36243908623632 0.624312819362058 4855.976111445563 -0.00013390941538619748 0.05711406192802494
1.3490701795003155 0.6245624685324909 4765.632919160371 0.00014477198480595838 0.05495343370808625
1.4120716196677754 0.6416381387057067 4371.692807441143 0.00037903800110746606 0.06025040969744255
1.3783288172388195 0.6157592025780521 4548.89016747492 0.00019581848622329234 0.05382454206402251
1.3011338724536308 0.6712502683218855 4776.016213077626 2.0817637282214664e-05 0.03736750070073048
1.342654331131703 0.6636979796877768 4569.469384248612 0.00027149879698607973 0.05743110703378326
1.0949634148489968 0.6533022372678801 4835.112929751277 -0.0004315178605696758 0.019312096113524264
1.3087489012832627 0.5957629030318836 4721.109973406283 9.0655507824583e-05 0.054944579288544446
1.2316821282068422 0.5944117621207048 4834.259731103269 8.204639143743617e-05 0.04548222429274615
1.276132432313351 0.6428468451779986 4311.9065590973705 -1.4359645349054273e-05 0.05512568829744074
1.1102458730118105 0.6317781811572021 4126.367891277775 -7.401621475490175e-05 0.018144510180770512
1.0796975368026873 0.6249461280032265 4931.3598106915215 0.0007411798081589843 0.02020864080464379
1.3049285655325842 0.657958068789881 4700.4688249980245 0.0006399199353280746 0.049174687641364165
1.0866572604550246 0.6324893634642423 4997.100264662089 0.000518287528659036 0.020799185431432166
1.0866572604550246 0.6324893634642423 4997.100264662089 0.000518287528659036 0.020799185431432166
1.2976150009651133 0.6056089960038887 4777.446997730459 2.1272352463961306e-05 0.04812737361543049
1.3880337488728083 0.586742344619456 4920.996467806621 0.0003467397354826112 0.05429339531449298
1.3880337488728083 0.586742344619456 4920.996467806621 0.0003467397354826112 0.05429339531449298
1.1219125688881613 0.6224841184594208 4262.755036260185 -4.6356755947450275e-05 0.023172289162371518
1.236132079082241 0.6361145875102642 4740.08677326531 -0.0007821443689129614 0.049890574552071035
1.236132079082241 0.6361145875102642 4740.08677326531 -0.0007821443689129614 0.049890574552071035
1.3588201342001338 0.5624775067805435 4792.553716811786 0.0003315370617069821 0.050278419546102196
1.2592464996454376 0.6181263525395809 4989.75259098144 -0.00019915873616694945 0.039426470608067705
1.4989433166393966 0.6093486831255668 4196.976513903258 3.581281410575339e-05 0.05205354366390054
1.4989433166393966 0.6093486831255668 4196.976513903258 3.581281410575339e-05 0.05205354366390054
1.296183880893636 0.6306757160033891 4399.849460289909 -0.0006624301246865013 0.04916255854798868
1.4202045439255722 0.6539414973719365 4204.036873977851 -1.9976216667267884e-05 0.061589193840279145
1.2572305630677567 0.6481206556817609 4664.0215770633895 -0.0010035731469092532 0.02720201244508367
0.988747265033227 0.6038626339403954 4236.992039117008 0.00014831595664937204 0.018545340286730053
0.988747265033227 0.6038626339403954 4236.992039117008 0.00014831595664937204 0.018545340286730053
1.2099617652365333 0.6415653530267491 4250.401330525952 -0.0001782280935128028 0.03475357191789188
1.0584186962896573 0.6427103081894102 4921.871892014171 -0.00018074203311674826 0.020349751724635688
1.0584186962896573 0.6427103081894102 4921.871892014171 -0.00018074203311674826 0.020349751724635688
1.2074640697302077 0.6768444240000939 4907.797721946129 -0.0002495864914664509 0.02762966755249307
1.2473562930527153 0.6185743870303787 4763.271651105956 -0.0011319954014813141 0.0452306803716149
1.2849266162312873 0.6520561139759741 4734.275387542298 -0.00011341160697061266 0.052860849375038
1.240691381056871 0.6357029582488941 4324.6692388792035 6.714748967960589e-05 0.020399327330594
1.3147726462007912 0.6020987442019994 4425.024857156524 0.0005400384540404091 0.04857844968320337
1.324640709339278 0.5583521195844039 4722.233660149024 -3.06343182117092e-05 0.04976046532815269
1.4128974624892736 0.5962835166373263 4992.808079388587 0.0009003105833754518 0.05037459054045914
1.0461577759743732 0.6443307429079422 4306.053811654124 -0.0004402924990221335 0.01899439977824227
1.2844237046365157 0.6547849344609473 4153.645841809963 0.0005152456066088445 0.022244512019771703
1.1186532916559109 0.6639487576307082 4896.573095195229 -0.0003107938685092658 0.02340327823592869
1.3510083124893792 0.6782489239853216 4930.889911155144 0.00014070763627686673 0.04790137094322969
1.3510083124893792 0.6782489239853216 4930.889911155144 0.00014070763627686673 0.04790137094322969
1.334841398982233 0.5663656132337329 4322.707273941146 0.0008416014301377855 0.04599729000132027
1.334841398982233 0.5663656132337329 4322.707273941146 0.0008416014301377855 0.04599729000132027
1.3775640621575904 0.6695864656839454 4164.045613333733 0.00039793084645756117 0.04575762676015936
1.4640617231426611 0.6121188955093653 4775.522862337769 -0.00027697337098022177 0.05204785030214069
1.3253003841930346 0.629381902144825 4672.137061052344 0.00021525955174513957 0.054260185152184795
1.3253003841930346 0.629381902144825 4672.137061052344 0.00021525955174513957 0.054260185152184795
1.4721285858305329 0.684545110427701 4468.128414818747 4.848053297231837e-05 0.06645291581920305
1.4721285858305329 0.684545110427701 4468.128414818747 4.848053297231837e-05 0.06645291581920305
1.137722236074271 0.673323277237435 4767.5744074746135 9.816663775071607e-05 0.020580931443757097
1.299875592765462 0.6333425210868946 4858.599349979752 -0.0007917780029933168 0.049343928493886344
1.299875592765462 0.6333425210868946 4858.599349979752 -0.0007917780029933168 0.049343928493886344
1.1972967838763124 0.5991945413802753 4489.761458448297 0.00033842331915276397 0.03427209628329815
1.3003284547235197 0.5980704816327089 4362.789988588687 2.2904059162247105e-05 0.045310136978801825
1.3191770521427393 0.5736529853319132 4376.898375736637 0.00025987925305686986 0.04645527766350345
1.2340674217739773 0.6304546423278653 4912.359399190591 0.0004401714992306464 0.05524885219910227
1.2340674217739773 0.6304546423278653 4912.359399190591 0.0004401714992306464 0.05524885219910227
1.3977619021628245 0.6758425278223006 4493.727670602166 0.0003757124090641427 0.05674887329275261
1.3402584957448456 0.5839236719616074 4447.394723853105 -0.0008681278582299706 0.05258388049308619
1.3683849363072964 0.6263383220337375 4839.800421859383 -0.0005310670220623398 0.05821293998764489
1.3683849363072964 0.6263383220337375 4839.800421859383 -0.0005310670220623398 0.05821293998764489
1.1278439669078786 0.6656441127644985 4379.415404591939 -0.00021795635923744765 0.021676763554137588
1.1278439669078786 0.6656441127644985 4379.415404591939 -0.00021795635923744765 0.021676763554137588
1.4858911690847973 0.6085153297665162 4598.727920294861 -3.675490770630838e-05 0.050331307254805474
1.1647568490535714 0.6478945336377193 4399.762682266038 5.522959932127153e-05 0.02326685007197401
1.4653784154964757 0.5582987877110086 4727.872056321088 0.00026684951251923733 0.04603375045631894
1.290060859056511 0.6330224930742829 4680.543590146475 0.00023031123509905293 0.05431217607000874
1.3224915042192797 0.6019347638157246 4521.659781976197 1.0833982664908565e-05 0.05100140181699509
1.3224915042192797 0.6019347638157246 4521.659781976197 1.0833982664908565e-05 0.05100140181699509
1.1597786658141929 0.644600578080309 4666.548907071376 -0.00015535740548405205 0.03088951545422708
1.3045892090165894 0.6365769394133723 4807.472898690291 -0.00018031796089503936 0.045979619593550486
1.3045892090165894 0.6365769394133723 4807.472898690291 -0.00018031796089503936 0.045979619593550486
1.2977241929522167 0.6496690090806744 4550.311693559812 -0.0004845506271818101 0.04850074037560689
1.3361729625182939 0.6584590184692696 4832.324323572411 -0.00047588302960022805 0.06326843449335692
1.1691516893374394 0.679431729637088 4674.364494716297 -0.0004013910699940857 0.022895075719415788
1.325356716578706 0.5956373279047362 4742.7800248607045 -0.0002574829197474568 0.0492088707460117
1.325356716578706 0.5956373279047362 4742.7800248607045 -0.0002574829197474568 0.0492088707460117
1.2375725520608483 0.6153173741236106 4428.880097243899 -0.0003125667404725752 0.023505506731651162
1.1847885728065755 0.6729484862988936 4727.182677087612 -6.975081326051419e-05 0.02442199575305845
1.1182854374130973 0.6580657866533202 4304.154157059184 0.0011201851602290465 0.020131198930842503
1.1182854374130973 0.6580657866533202 4304.154157059184 0.0011201851602290465 0.020131198930842503
1.3329158739705549 0.6804874530714697 4056.9198082124685 4.701246094269679e-05 0.039502998416857435
1.3329158739705549 0.6804874530714697 4056.9198082124685 4.701246094269679e-05 0.039502998416857435
1.3261695336195995 0.6569096853363154 4525.687386316108 -0.00031225056709098097 0.057784514090835765
1.3261695336195995 0.6569096853363154 4525.687386316108 -0.00031225056709098097 0.057784514090835765
1.3930633280774862 0.5990422453320454 4707.904234186864 -0.00017062506050017704 0.05141661272075505
1.3930633280774862 0.5990422453320454 4707.904234186864 -0.00017062506050017704 0.05141661272075505
1.331128194751478 0.662905817071832 4720.69400213954 -0.00017890841887920726 0.04983406833272391
1.2869669851444332 0.6035397561075901 4765.707167991658 -0.00016714504919240658 0.04224678162697617
1.0739055985288612 0.6361223403212278 4950.122577808117 0.0010999877914151912 0.018478732960385123
1.180973313060527 0.648693955036425 4229.5892846243605 0.00022542778720294435 0.02058623228821556
1.0441923231702301 0.6256393726076608 4938.711181164003 -9.121024082558299e-05 0.020164243332426272
1.0441923231702301 0.6256393726076608 4938.711181164003 -9.121024082558299e-05 0.020164243332426272
1.1776245833211911 0.6480788632321792 4745.31895420858 0.0001565545463084575 0.02670825254150485
1.0532983993166238 0.6076464886692151 4957.859027030747 0.00022730669319361536 0.019154917942006938
1.249026955246738 0.6321340101369138 4968.71163314778 -0.00020232862621176413 0.046867791191597855
1.2460417194912556 0.6466906552573564 4781.703854736961 0.000585100209217182 0.04933976037310585
1.0531518945055103 0.6463493398817985 4679.11238844795 0.00010126344224768718 0.020271315346697256
1.0531518945055103 0.6463493398817985 4679.11238844795 0.00010126344224768718 0.020271315346697256
1.3862177661298127 0.6276068508318527 4663.942646372237 0.0005569091110944767 0.055899662548584535
1.3862177661298127 0.6276068508318527 4663.942646372237 0.0005569091110944767 0.055899662548584535
1.274390297516415 0.63647901677068 4323.744254220921 0.00015390938154612193 0.025600540884872753
1.2037978926411104 0.6729654510053298 4918.212725914619 0.00020365973547724125 0.04896742377941526
1.3247620776365423 0.6056066921896277 4833.576446062808 0.000150566315987129 0.05004631384076341
1.3247620776365423 0.6056066921896277 4833.576446062808 0.000150566315987129 0.05004631384076341
1.2726451810369817 0.5826090360483547 4609.1537909348635 -0.0008775228761883727 0.04583273879463904
1.2329781373980526 0.6341804099089213 4308.7617556533605 0.00027753898277751537 0.03260079507830608
1.4448431768001804 0.6489121395934162 4415.271562779948 0.0004917143089031966 0.06188355349319767
1.319651913334068 0.607130989664376 4847.798146857519 -0.000694382078165938 0.050501391379400636
1.2814133135360577 0.6248163552169619 4186.703005586391 0.00011118318316379095 0.054785680533915554
1.3886715884565843 0.6357404540226257 4270.9499638358775 0.0003558022611482509 0.05360307586940297
1.3886715884565843 0.6357404540226257 4270.9499638358775 0.0003558022611482509 0.05360307586940297
1.2756314709899748 0.6441460684315651 4077.8217248544265 0.00019841939125021688 0.04928464045151064
1.3543176304324374 0.6845482916857916 4822.72472515471 0.00014812508592003856 0.06410125952948095
1.2476506592235725 0.6414878645508711 4899.816452333949 0.00031477796752673313 0.027078645367679684
1.2476506592235725 0.6414878645508711 4899.816452333949 0.00031477796752673313 0.027078645367679684
1.2979984771209732 0.6336254240172051 4963.852670299618 -2.244824789485398e-05 0.05420918623729747
1.0331718274957007 0.6025532552522959 4748.321112405084 -0.0010361951718051692 0.017815413112256533
1.0441626695292978 0.6235451372649228 4862.523585771866 2.1114781291377456e-06 0.019562418856045857
1.0478157203894878 0.6198363630671748 4569.74073450854 0.00012847652305984447 0.018234490798890706
1.271617885337124 0.6185167175416284 4746.564682117018 -0.00020276762370511172 0.047389891596003174
0.976024173536678 0.6255778943983 4811.305201288152 0.0001069770879970821 0.018400107979154593
1.2484380264309913 0.6693425622755081 4562.454345595311 0.0005301282383302206 0.050481865374942675
1.1406700770937774 0.661837485465091 4910.5210596911875 3.292610943509208e-05 0.02280745972446527
1.3378341739164754 0.6481010996408331 4189.1446586104385 0.0005811516332890602 0.04047417080448922
1.2047535959087958 0.5964673544517076 4692.303402665933 0.0001215597958991523 0.042674183547828405
1.2899318870461771 0.5998371319050897 4927.475942352844 1.0277436663194586e-06 0.04552938635579687
1.2563321301290071 0.6734715384811363 4831.274271793874 0.0004997665337438083 0.02440348891332868
1.2563321301290071 0.6734715384811363 4831.274271793874 0.0004997665337438083 0.02440348891332868
1.2247587548846284 0.6453414542696552 4863.252730542175 -0.00029707764489622467 0.03277203102803944
1.2390724866162046 0.6489948464517582 4883.90667554828 0.0007061003980875626 0.049051906435355466
1.331142814371482 0.6053081717585778 4308.100338267174 -3.8142263883359945e-07 0.04909887461447687
1.4084378057523759 0.6559047982386165 4982.042409121662 0.0004185687503752385 0.060254883907008026
1.2925944229580986 0.6426757521200835 4114.12334214641 -0.00033790675651226577 0.043050929266564224
1.2342257766017528 0.6280906659071946 4316.495457033235 7.75825471523501e-05 0.027408158994045792
1.111136032756556 0.614780198646252 4362.631544073394 0.00011392564279677061 0.019327499940397688
1.4479379079802652 0.6231794642022042 4236.06063384045 0.00023069711466119642 0.053144405581287205
1.3720445139209236 0.5867546818504044 4348.644080895132 -0.00014633398262201648 0.04869397426156879
1.3720445139209236 0.5867546818504044 4348.644080895132 -0.00014633398262201648 0.04869397426156879
1.277750782183913 0.6267436080956478 4909.378262289213 0.0002892432054787211 0.041709016801386785
1.282687817773742 0.6643051168213785 4804.643846306469 0.000343035504424481 0.04630633014068642
1.2225870218519956 0.6705519095102174 4739.002976070121 0.00010859259165670209 0.027731547015544807
1.3671489351058508 0.6308449751269838 4826.176024187587 -7.412210929372657e-05 0.049927085882341904
1.2826861635004554 0.6506933353250342 4604.294462572334 -0.0003116783657571534 0.043584900840233046
1.2516244970330868 0.6565709385551768 4760.125408470941 0.0003552538204566554 0.05047361798245566
1.1050238135973478 0.6439908728801808 4960.3845134015955 0.00026140941338420126 0.02067736935170662
1.2479168790063957 0.6339394343058156 4845.130678813076 0.00014366574481378485 0.052603072302770455
1.2479168790063957 0.6339394343058156 4845.130678813076 0.00014366574481378485 0.052603072302770455
1.0124931147211464 0.6054074803404002 4902.452971095629 -0.00028582187964758927 0.017633680889979207
1.0124931147211464 0.6054074803404002 4902.452971095629 -0.00028582187964758927 0.017633680889979207
1.2921137198539037 0.5872514585096842 4883.831458376847 0.00021999501689656418 0.047570846272839674
1.1127200480734176 0.6392810126737118 4784.757910580006 -0.00014092338148315474 0.018374505165864703
1.2811910745078112 0.6754313698444322 4799.656334834668 5.8408679715728364e-05 0.04644030441563188
1.152741320765593 0.6314392356413405 4670.026491067495 0.00027557843692086896 0.027586898778639412
1.3481778110451506 0.6636669511828115 4969.770378220666 0.00016045377777609192 0.03729893772082159
1.2474873124532395 0.6646613690661378 4980.759848905911 -0.00022006399301804225 0.04047188474755045
1.3612101934831284 0.677904164739468 4719.211458435319 0.0004791945397587875 0.050152962024484424
1.3435183025931468 0.606840655356667 4704.338866575118 0.000396999978825143 0.051543165601535185
1.1906911163270122 0.6618164175286296 4768.767926885401 0.0005388223116505054 0.0324629453974013
1.0245336915560956 0.609671342347506 4989.636872314172 0.0007005918024744886 0.017794964737771365
1.2441345636374217 0.6384533032587876 4711.447690799237 -0.00033190882107476765 0.04516246345655804
1.386859967809583 0.6183889940860576 4618.018491468305 -0.0006931591828420268 0.0501957988894242
1.2904247949161927 0.6097619942124096 4858.573034074236 0.00024111090619189098 0.04494808182706388
1.4213441873496044 0.6281212931981875 4249.00583524178 -0.00026231376807351746 0.05330023485493979
1.4213441873496044 0.6281212931981875 4249.00583524178 -0.00026231376807351746 0.05330023485493979
1.2466034229546823 0.6293263429736682 4420.061453747349 7.353679879367572e-05 0.04747554514790529
1.4009344064181442 0.6220396897731304 4843.165835309717 0.0003906340840449702 0.05563274358530577
1.3288420132998549 0.6417704480664856 4615.1546757330125 -0.00011947831502993004 0.03386069995604067
1.0745180202523188 0.637206167303293 4510.57147822829 0.0004981890622939448 0.01996959705263974
1.0745180202523188 0.637206167303293 4510.57147822829 0.0004981890622939448 0.01996959705263974
1.2303412617448806 0.6738780469904538 4659.99968762376 -7.303942776200498e-05 0.023209685731475877
1.1616663761845445 0.6121493848454782 4498.006021132138 0.00029133560309806367 0.028994064801380826
1.0936412395921902 0.6289291863428502 4782.773082662185 0.00020139398769843673 0.02015664630887046
1.182018545910302 0.6100725142326187 4498.7715951720675 0.0003811384119150462 0.03405007625830744
1.4084219177151027 0.5883010386582539 4491.5467114436315 -0.000278187394844972 0.05216523047605569
1.291769127727911 0.6196514309318182 4454.125694818501 0.00018054032044063597 0.03865588451477549
1.2669638948652142 0.6416409494772164 4083.7189691467956 0.00022779778418208734 0.02249832012465897
1.2669638948652142 0.6416409494772164 4083.7189691467956 0.00022779778418208734 0.02249832012465897
1.312003281786161 0.6044869970276576 4972.76919840917 0.0001504461163664123 0.04987355294585
1.3261213536219747 0.6116263884089492 4500.138461299423 0.0002367834705261041 0.04971781089635073
1.0477040534600799 0.6268489877091438 4957.944968915061 0.0003484169548954419 0.020047995009289242
1.441068577160467 0.5995264800479165 4955.046871682901 -0.0005150686843843254 0.04912351023153321
1.4055338710278162 0.638514863064697 4300.739536843707 -2.3808316997360906e-05 0.046604805832760776
1.0125521909362682 0.6300234028350966 4609.90843460833 -0.0002960516857232219 0.019087407890343553
1.0304173478741652 0.6048695441473086 4817.138627379276 -0.00011299595007219126 0.01847134592318622
1.3513488290228546 0.6337251434858087 4552.98282378481 0.0003319321559366677 0.05010304972364958
1.3458609400367176 0.6559848375773576 4126.60669518866 0.0004906494990056217 0.0436040059026584
1.3458609400367176 0.6559848375773576 4126.60669518866 0.0004906494990056217 0.0436040059026584
1.2809831140827728 0.6450704656232146 4576.7299257163 -0.0004576402031479976 0.05195912643715679
1.209178973993113 0.6176599879703035 4887.9414260957665 -0.0008925971575680264 0.02483117977615032
1.3721331651473139 0.6200351756512839 4700.379708861643 -0.00041261503127316756 0.05221884030455521
1.5012363260772865 0.6622445003743335 4442.228147482201 0.000290899257969843 0.06661556607489202
1.2607558641538583 0.6143745473251572 4541.895735281026 7.435102432886354e-05 0.048836849176456136
1.3832649140345121 0.6025862026644229 4961.662954036757 -0.00011021865839801571 0.05468307669201595
1.4452802110415564 0.6286128719175511 4379.208754941283 -0.0007079613950418069 0.05363799883118067
1.2656348841558944 0.6053239139601454 4520.199112729736 -1.1348570201720422e-05 0.0496509400614575
1.3942164629718865 0.6459437575822257 4259.794099394648 -1.554734257586783e-05 0.06270518632309971
1.358342305190427 0.6160742663750021 4730.519479217685 -0.00022305393858897032 0.05280667928537218
1.192932648854815 0.632182725217 4272.399399367818 -0.00018668569755288865 0.0199657276837988
1.2891545601407108 0.618181120782189 4824.490328059558 0.00017215307388984818 0.04727706361115418
1.2099034558834678 0.6430804101307607 4868.0328544835465 6.422882868342053e-05 0.03862601919005302
1.2099034558834678 0.6430804101307607 4868.0328544835465 6.422882868342053e-05 0.03862601919005302
1.3953438361417692 0.6102359008834883 4497.456845535476 0.0005073474236858809 0.05329058221780328
1.2402820123588083 0.669420934092261 4818.029707774514 0.000441180756705127 0.031162467682185443
1.2703214761619108 0.5957687709720437 4740.397684408684 0.0002965596420280788 0.04992654702792071
1.3306189187976212 0.6357370139614126 4767.3638599200785 0.00020412778385084019 0.049639247696551196
1.1146780562907384 0.6412703047585904 4776.1082811487095 -0.0003634558973167455 0.01907655552675007
1.1976948619491483 0.6266305554301921 4642.672030088763 0.0004585988632718933 0.0230186586095811
1.4720037346436485 0.6466666676303735 4747.106656810924 0.00012399323019633747 0.05684875926879128
1.2519706570889948 0.6342321547641658 4233.979431986685 4.474251394993259e-05 0.047419286062365215
1.2899829506830465 0.624415823536167 4896.16288024684 -0.00014403055838087012 0.04742231676477017
1.260347139764089 0.6314048379810585 4845.52060664256 0.000547801546011535 0.05026750716260596
1.1728078600380623 0.6319849583914364 4329.817500684848 0.0013289342395409 0.029320372354750837
1.009718443224866 0.6288119555148226 4777.482993116645 -0.0008872241836620213 0.0196423682608419
1.2949067700461458 0.6642074929162349 4821.84353802837 0.00035344349006328124 0.03851062078707865
1.252532329404675 0.6009772035662346 4801.125456891436 -0.000368175559705004 0.04453332765768492
1.1473417107062727 0.6356115262576529 4410.764114606081 0.0008850893629184957 0.02428933576085674
1.3546062574736766 0.5554710361839966 4932.094068645086 -0.00011400137672092755 0.04641484797463882
1.427116252207875 0.6024603032876883 4751.906620346366 0.0002628122730873229 0.05048098999258417
1.3340555077930456 0.6791695154015478 4551.621621721361 0.0002726979395389721 0.0555490839991798
1.402003711444952 0.5894367431507308 4848.767587497235 0.0005122126386718583 0.0482700375138818
1.1386092654805215 0.6178397390592479 4466.6277208566635 6.02919669818159e-05 0.02512658761177032
1.215037025885478 0.6139502426869873 4879.120333647889 0.000266345124064645 0.046388808809390294
1.4799550864564095 0.6467801306719971 4987.340448355449 0.00012840660065262252 0.05780876763687896
1.2542706857904091 0.6166161223943675 4456.4276995841265 5.6863971466163793e-05 0.05325308364664226
1.3686396267668863 0.6165355139682281 4989.7160646268185 0.0006522972493924325 0.0553145853417375
1.34096372860119 0.6400310807501706 4971.780109501773 0.0010170791372915702 0.05698557220268427
1.2155423013726925 0.6451315718029866 4546.98214616707 0.0005081618488660448 0.028432830036082383
1.3106219820248235 0.6235257841034791 4727.5008166607895 -0.00015184181925300154 0.047574557079686886
1.2344576595025734 0.6594499644053485 4427.76955956593 8.481865137931924e-05 0.021811369992953876
1.2875142548461684 0.6736280700120494 4597.790891678941 0.00048023296178530903 0.024608790897250182
1.2455843167399574 0.6227719716717989 4721.037326703836 -0.00044040583952272423 0.05347052655709501
1.2749637617981915 0.5999396484958963 4609.703887208457 0.00023707312673186052 0.04647806774548056
1.1893724737520144 0.6436223550943145 4856.910219508958 -0.0007095349684441867 0.023347831249505204
1.4011275918422754 0.6112014363162059 4572.5285966378815 5.188050380785658e-05 0.05312526630930808
1.2359331364990322 0.6534403832964696 4918.059290324528 -1.3060944810812134e-05 0.054935660396709926
1.2572358254605014 0.6654959120067061 4884.248333093312 0.00029408184919094344 0.047021401749301764
1.4987207114331702 0.645700317693288 4039.100415119812 0.0005163053219867119 0.061514313670787815
1.2589878396730503 0.6570182898119571 4562.141451825603 0.00031790292795402857 0.05088812254389593
1.2832099162271102 0.6705565033770936 4985.292487887235 -0.0003417128568016724 0.033957750882717005
1.2092716383215063 0.633346298499426 4972.267990694535 -0.0002384840164398588 0.03159527946442614
1.3408810459901417 0.6391123679306939 4941.674256228992 -0.00046661069857171545 0.0584829115000061
1.3905818625382478 0.5573885370683813 4889.080050299272 -0.00013981131719663202 0.04851954525463783
1.16933231908186 0.6041388750951489 4904.061633842226 -0.00024047352363973867 0.03557575497971702
1.3267681038533667 0.6179207393025046 4368.0620993764105 -0.00012060934930845243 0.0458280492955139
1.3094685723223938 0.6274667548028425 4892.229157056071 0.00023847718960081502 0.051683369751031424
1.0981380028114878 0.6234684975502122 4676.364815152416 -0.0006696478098367124 0.019341265768301325
1.4465080173088651 0.644025935822055 4747.896552776941 0.00013976521883123254 0.05559410905779401
1.3131127420450577 0.6097591908906742 4778.200607079008 0.00018497096955406335 0.049963210259475976
1.3406554473688943 0.6267591907080687 4676.606459468333 0.00013028818535681618 0.0559610770267586
1.271242239730602 0.6499998246392942 4572.249752814267 -0.0007011590279438938 0.035932388746268626
1.3915338617660913 0.580164957960463 4737.192917355294 -0.0001084727286040871 0.05055860233854229
1.1935305303030743 0.6413829189740878 4501.571405178308 -0.00014811321195431693 0.029564460620344075
1.173705627852104 0.6573815132494021 4819.684810049539 0.00036129894739090083 0.02737153225797468
1.3124576228104994 0.6258548391619329 4549.906763513159 -0.00014464410868981787 0.04858674045660698
1.2755973949370598 0.6251066270426124 4811.077861517252 -2.259613867079007e-05 0.04275867445708742
1.348971662172255 0.6436376785785962 4884.712956528751 0.00011012019029496507 0.060854973847969174
1.075209183977268 0.6362803501832903 4823.189199111883 0.0007548075653787684 0.02145104256835726
1.1729060487369785 0.6554573820305988 4679.358025172566 -0.0007371734633400057 0.02265209269708974
1.3902686421661639 0.658944653034927 4092.4448161743503 0.00020908289865795589 0.0534016907795007
1.400009584744633 0.6058051122834803 4728.123041542527 0.0007934911773882728 0.0544066433531773
1.3026797102455108 0.5948125264493496 4981.029694283306 -0.00030345050810251474 0.0488191454651491
1.2485552915604485 0.656592729026867 4572.8996529192 2.041974113109012e-05 0.028978654596030884
1.4512760571352212 0.604779747909383 4955.790339944624 0.00038416346780832645 0.05071388998686987
1.2494973112795205 0.6262285786149855 4491.320297395668 -3.3487784940861807e-06 0.031902179409755066
1.2056982712582824 0.6452152865966454 4645.123806329972 0.00048731069888256794 0.031693793118890874
1.2363041602507314 0.6347660802160322 4883.983246956429 -0.00012928574063705186 0.04915257473393879
1.259176693726856 0.66186756991337 4953.248428710068 0.00039531144070749895 0.037724482287320456
1.443973302951591 0.6177749062840112 4877.379149840287 0.0005597913945827725 0.05415393959681321
1.0339560496385607 0.6263929470133827 4905.76451457424 -0.000744252359323291 0.019373470143929428
1.3573095440473484 0.6590959135192319 4797.000892844847 0.00022855121496796293 0.0676881429125946
1.3780767881504006 0.6157988486680144 4727.455403885841 0.0001177201708098915 0.053411787679654564
1.2008807652532925 0.6561306909583977 4479.428266636907 -0.00028645318338143405 0.025479101480587005
1.3749208348794024 0.5971663087164554 4642.224683699088 0.00012242273630277248 0.04995123485065002
1.4227380932321954 0.6873837770941996 4580.621199342296 0.00039243050757378393 0.06484011167595377
1.352242809648795 0.5958221862696581 4874.682238596439 1.336395079573539e-05 0.048901681743582066
1.2970830863237415 0.6099663818874853 4992.396942775202 0.00029075460726807047 0.046929585024654
1.230308762538883 0.61149033439678 4722.658188731132 -0.00025614746100164216 0.04806976841798452
1.2657192239145347 0.649834332344535 4835.618326735716 -0.00029326152487399893 0.030066310612073596
1.1694558622002282 0.6331737638894381 4902.597615433106 0.00019457663749253504 0.027108619516964666
1.0620642025300069 0.6202245146974572 4777.13562559355 0.0003006711226795833 0.01831672645819687
1.3456528155721559 0.5877281773621047 4771.031302687458 0.0002681243455136248 0.04927259622417235
1.1870353716790218 0.649170357477119 4580.550414431988 0.00046358552166214575 0.020363310957879015
1.1109232808067027 0.6400076720533516 4883.382490582963 -0.00031751545773892444 0.021808255625435584
1.1451656821295313 0.6390244880208644 4978.5271751349965 -0.0001484642678228256 0.020247430193328482
1.1157170252406126 0.6262094483137718 4792.98089560636 -0.00033684549907834734 0.02065730571131524
1.2644208377499062 0.5949112714181756 4867.438754733976 -0.0002017857880274533 0.045691699823205895
1.0504185277908837 0.6511995614130333 4903.038655363494 0.00021214634064882168 0.02074974200262699
1.1835714294510966 0.6247462937507515 4952.568767687597 0.0002241963748120766 0.03144060129823657
1.244453450999603 0.653384207968454 4922.624028436589 -5.297386064288501e-05 0.03189031244629142
1.3020229930099845 0.6664062781369984 4895.103791753699 6.449229002280402e-05 0.02882799991074233
1.2609376961416827 0.6579333671634022 4850.582681345649 0.00036052503604251516 0.021599172127399688
1.339695714771049 0.6431432769637148 4821.173965829765 0.000525634817553167 0.04835204482950217
1.2840814755380403 0.6528382662532287 4727.085133549566 0.0002751040315674329 0.04168924473271964
1.3338072539927421 0.6617143834634165 4803.919603652796 3.830222100331025e-05 0.04163262565025399
1.3554006024695417 0.6644423124054428 4598.528119204433 0.0005045729943939856 0.04502261230859032
1.4058594539127405 0.6359949024885153 4978.64704844946 0.0007007322536242064 0.057486298546079014
1.3804921380496598 0.6670748105316522 4985.738859054696 0.00028696702276056503 0.06573141649892053
1.4004142421932642 0.6392304623210588 4985.969751438742 0.00025919730868125234 0.0576149167265925
1.4308673483839796 0.6548213519778481 4955.524980779513 0.00021737741588278095 0.06513805246373006
1.297094455111447 0.6526302335830549 4937.782566132204 0.0005608403729809653 0.05825940716328304
1.297094455111447 0.6526302335830549 4937.782566132204 0.0005608403729809653 0.05825940716328304
1.3311090787362274 0.6449196663273549 4970.162168671286 0.000575511000425204 0.055147211516638706
1.2969381943278617 0.6481200122411294 4975.57392141472 0.001407470187846156 0.0454944353873525
1.4403312092192648 0.637073667373816 4978.838661609246 0.00013869238983395328 0.058654850542711634
1.287502102462769 0.6534992049586109 4737.18569692307 0.0004356276237740143 0.046643776904416887
1.3650202830585287 0.6441916085503767 4947.652599546743 0.0004256087493296827 0.06089899726822677
1.2818057020905667 0.6539328016947419 4832.672680975187 0.000630125081813876 0.04192018024940488
1.2876377213683188 0.6672290697943946 4805.256685163766 0.0005698812723896007 0.04738216521913385
1.2876377213683188 0.6672290697943946 4805.256685163766 0.0005698812723896007 0.04738216521913385
1.2763214112884573 0.6472005010956396 4966.638975841142 3.778833940562445e-05 0.04871588436494659
1.301200112050997 0.6421123571278103 4968.4427910261375 0.0006330559950348207 0.055783888033078
1.301200112050997 0.6421123571278103 4968.4427910261375 0.0006330559950348207 0.055783888033078
1.321850281786483 0.6263648257818636 4975.538608966708 0.0003805705793141026 0.049900909192917856
1.3431217616187725 0.6449437978221673 4777.32099086553 0.0006196648928295729 0.05995741904850754
1.2254850188287139 0.6214519662087514 4740.229608232468 0.00020255204958536166 0.04127953745667469
1.3440163559429594 0.6344398288649058 4958.9859982451835 0.00010232529597473797 0.042368494852540795
1.2559119571172288 0.6161618325128928 4574.276713747027 0.0008108077651215324 0.040899730927058675
1.2902422703980814 0.603591919320774 4903.823982104824 0.0002667494636022319 0.04777884593163563
1.3479431274890188 0.6274055998325941 4984.987824029434 0.00024374085892234822 0.0511381566009277
1.3677689335015866 0.5935080967584205 4817.397728007753 0.0007769981998880753 0.05245224380427164
1.3677689335015866 0.5935080967584205 4817.397728007753 0.0007769981998880753 0.05245224380427164
1.346345820833466 0.6182427347833712 4941.902237094805 0.00013791998467422128 0.05111970700391626
1.346345820833466 0.6182427347833712 4941.902237094805 0.00013791998467422128 0.05111970700391626
1.291672085335177 0.61761220150109 4882.049831645126 0.00020935716731807462 0.04991415747827914
1.4251540572845942 0.6158308740692419 4984.583100231793 -1.1080848479872332e-05 0.05408956200228029
1.347218874253975 0.5991405485961214 4915.860948070774 -0.000152803381872392 0.05043401978264285
1.347218874253975 0.5991405485961214 4915.860948070774 -0.000152803381872392 0.05043401978264285
1.3945577028600948 0.6116435430129982 4663.069879473604 -0.00015634587100528535 0.055029075198708644
1.4026122088456194 0.614747127096346 4832.002354153308 3.2432279887827355e-05 0.05276931049695245
1.325036750622165 0.617748136970995 4777.2164751017135 -0.0001994785889644995 0.04872611384347973
1.3253502480738781 0.6339811547045642 4741.601554465031 0.000408781437123077 0.044927171785738934
1.3250230563888432 0.6268414833617475 4991.033291544568 0.0002686790451121143 0.04976975262807289
1.33132726541584 0.6128271593012284 4994.190011237645 6.377447236129585e-05 0.05145049923023494
1.33132726541584 0.6128271593012284 4994.190011237645 6.377447236129585e-05 0.05145049923023494
1.2071419967251007 0.6146121676290114 4929.168943343906 -6.557489310435357e-05 0.04593961018830603
1.2571137834796602 0.6580102988260279 4951.894933318906 0.00058456655084029 0.03637468962935771
1.2260161890840222 0.6519435714916391 4914.0650998640285 -3.11257019175049e-05 0.026320198300608492
1.1627157491747495 0.6428609591928559 4952.10747548061 0.0001538700737620731 0.027053882443048828
1.1414577175849243 0.6589986363098764 4952.5964159531995 0.0008227657022971597 0.024726217576940566
1.2134973717105026 0.6356741843738192 4932.460810511114 0.0004118863666362866 0.037917176956338505
1.1731592237592077 0.6592668398523805 4966.30857302741 0.00044576666236383175 0.024357706630944793
1.1144780544146118 0.644502126979879 4981.1285325963045 0.0005735467590605558 0.021349185253806868
1.1616685822572816 0.6494177702917808 4923.492569068204 0.00038790024554577896 0.024250366305317995
1.1736696807170042 0.6388489551491674 4911.5345552591225 0.00037305421072642285 0.021501269705425423
1.1454211634029732 0.6424838443103339 4910.58351113434 0.00011031930068234904 0.02118579638774222
1.1395235805908652 0.6600750783750959 4853.465309824816 0.00015985485555967252 0.02147193456431001
1.0863448177660708 0.6333414778511922 4989.865881987861 0.00028278274701647865 0.0189632849840333
1.1765717279020589 0.666326353726029 4978.810633291233 0.0001898936166226359 0.022533593183769275
1.1921702099759144 0.6453492825773387 4832.616624140938 0.00016917146224157035 0.023880295920875528
1.1675145238461655 0.6278822390804865 4918.905222372255 0.00035324152412553157 0.03300740871674519
1.1583539432041239 0.6313210809033194 4829.36422274253 0.00029574949502772583 0.025101279686852333
1.1755512938884467 0.6348043929157922 4886.69595873366 5.937540618873351e-05 0.029323361418300435
1.1755512938884467 0.6348043929157922 4886.69595873366 5.937540618873351e-05 0.029323361418300435
1.1638512224887814 0.620361931923877 4904.076949784332 9.451126003181177e-05 0.03501725026834105
1.1518518224819405 0.6564855256841016 4797.2997003242135 0.0001681237342467821 0.023661558785367874
1.2268086302950703 0.6350913014481154 4986.775755186127 0.0003957323177265998 0.0371778560876693
1.238894001591828 0.6426632170381237 4869.563999998431 7.64648496199781e-06 0.0233054031195036
1.2606484424531867 0.6371849831478046 4927.9286412281035 -0.0005702133915815531 0.048140436195239084
1.2606484424531867 0.6371849831478046 4927.9286412281035 -0.0005702133915815531 0.048140436195239084
1.3026069582074535 0.6228163027907319 4953.187214729676 -0.0004479392701523361 0.04440285290377319
1.2868905883162558 0.6375114665664958 4910.416421042439 -0.00045738171514454225 0.046944429256050274
1.3582997105170471 0.6510805222445455 4895.753932473555 -0.000528902113590305 0.04574201474150985
1.3528984964767037 0.6398686759084553 4803.412108774414 -0.0005773349019402311 0.04357621091292699
1.3528984964767037 0.6398686759084553 4803.412108774414 -0.0005773349019402311 0.04357621091292699
1.318677523438324 0.6246279067790526 4994.775053185083 -0.0001836233649452942 0.052109129210781334
1.318677523438324 0.6246279067790526 4994.775053185083 -0.0001836233649452942 0.052109129210781334
1.3418957883034002 0.6260166001692656 4984.603850692682 -0.0003114870369789112 0.053311271460239666
1.290553885761479 0.6292918227265624 4920.71851160302 -0.0002521449088529932 0.05288275813402654
1.3773259531048805 0.6236135650181565 4832.708354054448 -0.00034129145418575473 0.05336899104678107
1.2974070006490055 0.6251970418242558 4991.141648372901 -0.0005724471268619716 0.04764109133685082
1.0957828990949752 0.6355402155156363 4888.049017267065 0.0002792906654929772 0.019923810550672442
1.2435126748298777 0.642134828804354 4368.561093157366 0.0009161114398238164 0.028494463199594693
1.2039960403462056 0.6627942864220487 4896.98600662163 0.0006511584553729073 0.03141182125089176
1.1847182051033722 0.6609858508512195 4725.307770905698 0.00033395202595243605 0.02181426397656643
1.2459106253236225 0.6522072604976183 4737.570756197607 0.0004071171152553996 0.03455260235277375
1.2806125483608 0.6668049154571846 4698.653838821854 0.00042830308188220105 0.034688891693241866
1.1020572552156302 0.6335868155792124 4663.246366844075 0.0007697787306498064 0.01918717873452277
1.1953647108799634 0.6461833888997068 4709.781955417413 0.00021951888646395347 0.019958593305647383
1.0950839124949132 0.6465234481290717 4698.064974232702 0.00035702924334189587 0.019217916294986447
1.2323371145767938 0.6474819015032021 4771.160122537445 0.0003931215697448002 0.03873166573593424
1.2422027717244113 0.6650799971798416 4774.256681509016 0.00047067246755052195 0.021868305405984494
1.1261470905763624 0.6549589710990802 4966.515625982972 0.00019286195397271325 0.021252275095898623
1.3426515938908237 0.6537859208551583 4803.448433013272 -0.00010212578377991337 0.04374574275749826
1.3426515938908237 0.6537859208551583 4803.448433013272 -0.00010212578377991337 0.04374574275749826
1.30732610504006 0.6336660304288229 4994.473230319801 2.036975717626042e-05 0.05260763544004334
1.346712980949576 0.6432735967761556 4784.768310360541 -0.0001521315794422198 0.05343032555339243
1.346712980949576 0.6432735967761556 4784.768310360541 -0.0001521315794422198 0.05343032555339243
1.2964403603719714 0.6337776433830892 4676.570774226772 -0.00031757381058426044 0.04803502228342389
1.3674024619745677 0.6475784546220418 4306.205788992 -0.0003275821494600714 0.053146346572257475
1.2244308407495925 0.6265392870247152 4608.942573307243 -6.729483101136478e-05 0.047507652832795844
1.3214338928171099 0.6369997273999669 4927.299844567571 -0.0001632684874258971 0.060271719818910635
1.4226449889058919 0.6457681970435818 4955.802508486917 -0.0006139256011841449 0.0608870076034882
1.3444392525657358 0.6373675684904792 4832.962680856808 -0.00046258827806773333 0.05497601749627977
1.3828569880189834 0.6500686688550403 4840.084116591198 -0.0005738701626766404 0.055388817470922044
1.188004960923411 0.6295510193476673 4941.60716756746 -0.0006913415786939073 0.023725605093812954
1.174536953271521 0.6422762041808732 4806.9379742869 -8.683514083601759e-05 0.019696609242066582
1.1616110500252648 0.6327549450262735 4536.373523755991 -0.0002313899978302935 0.01912138324569105
1.168775960177074 0.6400399026394378 4901.647891289175 -0.00018139414494922976 0.020277051141784665
1.168775960177074 0.6400399026394378 4901.647891289175 -0.00018139414494922976 0.020277051141784665
1.1315608342439136 0.6190417849114773 4882.63430156682 -0.0003798435216093198 0.020672461066375117
1.234270967467943 0.6428501318511851 4797.704308717812 -0.00013789492817508717 0.035804694763662534
1.234270967467943 0.6428501318511851 4797.704308717812 -0.00013789492817508717 0.035804694763662534
1.2621029812749753 0.649198555064245 4698.029345595728 -0.00010383057907079041 0.02821403923452835
1.2512384867313855 0.6584529075251699 4970.979267046409 -0.0002985267263250184 0.034480658156303856
1.2141248686806505 0.6384958803121386 4790.111648066219 -0.0007050679969325022 0.031192021162150845
1.1857035637523483 0.6436978875745527 4539.647117415822 -0.0006660230990894072 0.028230622128242143
1.2304991499467812 0.6427294007517068 4837.964398408592 -0.000154072684556854 0.03779525758157893
1.220238832162806 0.61276437294654 4888.261782304605 -0.0006515723273604046 0.03498592856922614
1.2758839711561802 0.6447840091224752 4794.701989252706 -0.0004541385479869755 0.034935147628925516
1.2496638837661431 0.6502138493713101 4992.66001028692 -0.00036549513237424554 0.03926696395454284
1.1986755119103767 0.6236608274813804 4764.571950624634 -0.00013934566000570317 0.04173434719158871
1.1986755119103767 0.6236608274813804 4764.571950624634 -0.00013934566000570317 0.04173434719158871
1.2210622823621757 0.6321524574875906 4768.1680064890115 -0.0002716522082989489 0.03792239289962006
1.2729098473651308 0.6479681619851027 4805.001875520755 -1.882562508090423e-05 0.039044869057832235
1.214111798761969 0.630819827623736 4857.224904784943 -0.0002436865225788488 0.039103442449830286
1.2521725887549398 0.6440862703360302 4884.362014340033 -0.0008275010004045186 0.0395713465971233
1.2677366138164707 0.6553269344891429 4899.375110682319 -0.0007356858535501301 0.030863858802689853
1.2468911104919733 0.6649252706347561 4947.965694974363 -0.00015355746988124976 0.037037442590824816
1.261247782506459 0.661213206187677 4683.484559687094 -8.114610690736902e-05 0.03569725881838704
1.2824918884642242 0.6540695204328448 4832.825517662592 -5.120420124551679e-05 0.04251135343889133
1.2824918884642242 0.6540695204328448 4832.825517662592 -5.120420124551679e-05 0.04251135343889133
1.2266074168751586 0.664125098768622 4826.471852779443 -0.000300951018749417 0.023711010987179083
1.2276502502015192 0.6171240060190591 4934.542581664483 -0.0005249393524454723 0.03608047355137505
