chirp_mass mass_ratio EOS alpha zeta
1.2016775365357861 0.6628880314535024 4762.00097274686 0.00017946714443331461 0.022710485790274054
1.031776862645153 0.642629810311228 4686.616228034799 7.84326847161636e-05 0.012242917406628955
0.9555068295940324 0.614435576091434 4449.417701264962 -0.0007501984446575463 0.01161327765498968
1.2566951589748714 0.49491528043560945 4424.540277379089 0.0002969095697326034 0.01429659020978825
1.2774050721617027 0.5587379903921426 4807.945259941655 -0.0002059227138339969 0.019370184437711914
1.0789417445243257 0.6084002590949026 4991.551650611319 -0.0004988535012255997 0.013179512996591355
1.3628729085691453 0.5500756265895643 4269.2093014419115 -0.0004901964056765431 0.02354892404060485
1.2989709681622452 0.4782157669174718 4683.73189905921 -0.00018659996854062194 0.030904571179404188
1.4518758199120398 0.6636034455399596 4643.16804968643 0.00025391608268283337 0.03663181205142668
1.3447772624768026 0.5853507720971869 4835.777592337745 -3.389916239411482e-07 0.0332550298421197
1.0627979475905849 0.6242609265457146 4622.282182904525 -0.001089468308018934 0.012001761469123622
1.1195878242838198 0.4910214208237774 4952.790424738727 -0.0005299035366662376 0.017846557753049115
1.4295570649312763 0.5274256167214465 4611.968830806283 0.0002127063742717727 0.031722154873975165
0.9759887074870461 0.5678532121564832 4115.352492846229 0.00037929724340609585 0.010328394696442566
1.209244885563073 0.48049855095993244 4115.6041199345955 -0.00027873450519791805 0.022615229339090215
1.25071017306403 0.5906650671956825 4731.982001679516 -0.0007237250767385928 0.026046276760893695
1.3007770416339728 0.5039286513617247 4149.40211586441 0.00013553330409892046 0.0250008914380926
1.346992239017307 0.5633126493965128 4783.176662974577 -0.00018169680108722739 0.024331119148764572
1.4560253201330258 0.5920542909762524 4266.998620405356 -0.00020835133299411247 0.03277637882937358
1.2760113511646214 0.5126395175103613 4447.1419321957355 0.00024695852785840524 0.02280123193271055
1.2794930390909567 0.5477865754618158 4694.832844105328 0.00038346742239712435 0.031157943754013536
1.2763546974318312 0.6046897169412053 4080.386707332426 0.0007576430344686201 0.012362693976956432
1.2976062529449952 0.6122714142282122 4076.194053804703 0.0001489101397070495 0.028290398035229702
1.3743452810351235 0.5309940999736461 4615.693066396487 0.00023921526309141728 0.02918870482753501
1.3624541208438181 0.5066363716927149 4242.0275681691055 0.00011412387943212713 0.031098051694201493
1.1187922734115285 0.5950041478236627 4806.346026046211 -0.0007581671507629476 0.009397758580671559
1.523849823378252 0.5405247268438281 4659.3294924109005 0.000980394115389039 0.033485555416535875
1.2248718672138719 0.581158138895584 4092.5843168071137 -0.0002968353110927216 0.010452233507297744
1.1212932811894767 0.5960139117230501 4877.622998042983 -0.0002959541874729046 0.009591438697553216
0.8872934023332361 0.5577006480875467 4903.358373365571 0.00027532702107463977 0.009435574534434832
1.3331426971932197 0.545274722027838 4691.777587601127 -0.0005092213231113592 0.03302440169976304
1.2743929941332937 0.6472534473907825 4776.092131198831 0.00023112984056139016 0.015270633458395855
1.2287213621268116 0.5492562283536926 4738.5572615610645 7.8508960230616e-06 0.0177927576074426
1.118072336525873 0.5837454155059336 4060.0486197770933 0.0001408540728745912 0.01272803406434684
1.3674816558621394 0.541672449433978 4600.608218226257 0.0005166770406311201 0.03098546014203304
0.8813542988819949 0.49469406797186366 4866.681820811915 0.0002463761206783686 0.010393269468982396
1.299966190037222 0.521702702071619 4150.730523431414 -0.0005267812479220645 0.02659529638302203
1.3500091735566802 0.6121341866420364 4737.839316829943 -0.00022205869297395388 0.03350552614147222
1.1470654987995053 0.603052371800274 4860.485386443922 -0.0003651756993609928 0.015052156836926418
1.0434120800716102 0.5925160817612556 4182.327452207252 0.00029222564493586834 0.010057025959638206
1.3502275761180598 0.53059590448252 4474.867651055588 0.00016189742013316837 0.02383294217437714
1.1044669219623366 0.5589436368146434 4354.57943929503 0.0006041176128423212 0.015829487040548193
1.2876182102635003 0.5187899598928651 4855.055598282134 -0.0006834778884056806 0.022448343300015376
1.4362193822071914 0.5236519454271483 4300.042792626879 0.00010206352290577032 0.02794372600089761
1.0666665437139855 0.6117121994204686 4935.7370349007715 0.0005259582998163505 0.010918770525309424
1.1450924758360785 0.5290972779255938 4351.7297480440475 -0.00011638386394469996 0.013375896656269792
0.9188514478578563 0.4943929057301166 4805.047524373092 0.00012309469473897094 0.011637361362823343
1.1754236463974035 0.5304833619147938 4490.7602252215165 -0.0008124316113428464 0.014174042252129676
1.1659238406962922 0.5350163721518494 4741.244195082719 0.00017537072446719706 0.01411949340621741
1.2024212513128592 0.5382816482830701 4783.723733083713 0.0003033108719000061 0.01898907948862643
1.1119394457499674 0.6442451044327442 4941.459350738856 -0.0003461630276957751 0.012856808116322362
1.147965846050242 0.5893247162940778 4759.469547292822 -0.00024364819472207918 0.01980802125273753
1.147344008021491 0.5913911626461351 4564.403008018914 -0.0003108211848334013 0.012791920147795673
0.938089149912908 0.5016205264740221 4700.2680107324895 1.603359533576469e-05 0.010777761766618831
1.2831287521470789 0.5692321322952121 4218.697373449601 0.00046330135122273 0.02107577242221867
1.4129005380124993 0.6329596445878275 4383.522337676967 0.00021985285716485194 0.031524764442631026
1.4952227178547721 0.5691613759760353 4589.289741087712 -0.0001157590907542424 0.03360717911732809
1.2658354572075359 0.5838082229979618 4520.559408829514 -2.3699619025420673e-05 0.025749705375460112
0.9405184345049052 0.5063990872004374 4376.520050990754 0.0007358280032885207 0.010696226296409365
1.3161857201228147 0.5630419949758224 4900.043616503009 0.0003320281241099145 0.025593220277455093
0.8596155266816677 0.5285654683232076 4811.386037700557 -0.0001696246127854569 0.010968557196666324
1.1787491063325466 0.5902120858356812 4595.20434716085 -0.000563396038753733 0.013225999171374871
1.2563648691272273 0.6271892957511673 4551.851858715519 0.0001320760135321077 0.01468867108210871
1.0938856092196805 0.5272357978517774 4113.208986456284 0.00016816000390364319 0.010829892147384343
0.9384180459874475 0.5469942578569021 4654.5576725770525 -0.0001050184545500971 0.011019430611214878
1.3896948444450432 0.5921025863863127 4943.201527896716 0.000583476868858304 0.026395763040796195
1.3224789484335842 0.5061556720094327 4874.2775875923535 -2.2897655551511714e-06 0.024492892393390638
1.229907206979038 0.5789064751651523 4173.302057965944 0.0004217965932753142 0.024105339242747756
1.2392242416355708 0.5422604378287336 4755.590280201194 1.3985334953468345e-05 0.019010079876445575
1.3044130727715308 0.6182647533565132 4086.2070071839844 0.00023538765296491523 0.025591699137075218
1.0581285261384086 0.5180969210806137 3955.825667418251 -0.00029728613181823483 0.011053757678817774
1.2618348421531587 0.5175536208462019 4901.885216469141 -0.00040925093055608157 0.023169685148177126
1.3295546652447587 0.5472126121298754 4290.0211641433625 -4.976807069419033e-05 0.02975276056666288
1.271422894746776 0.5634483605164491 4791.923839871508 -0.0004997187261919831 0.026078864492668663
1.4964419652024503 0.5536696953380936 3956.2590972205326 -0.0001812413238296307 0.027878703939032266
1.2678856585767753 0.5565984400326032 4994.603651000471 -2.489784594386519e-06 0.021048380656547412
1.2696678944935333 0.5549937575858745 3926.3570975623943 0.0009106577178757228 0.019233267311263656
1.1997832684687715 0.572600849923705 4974.254982320149 0.0004865359049223967 0.01540740833669399
1.2618855097886765 0.5926763499170076 4617.287204035766 0.000805107322495163 0.02763274303223444
1.2894721891181846 0.5557159611174362 4147.701574195762 0.0004389395795050014 0.02489468465706933
1.4326529081497594 0.5692789098202395 4826.793070201303 4.119643005081499e-05 0.03363079997476543
1.3081444332591166 0.5074481421126869 4386.0469014077025 -0.00027080785442626295 0.025763196911724573
1.1138715484591004 0.5270737174197032 4384.117038989373 -7.689326215681698e-05 0.011510504454277138
1.2145780488944444 0.5216463681608277 4617.826338075108 0.0007553962814583834 0.02124412583985439
1.2145780488944444 0.5216463681608277 4617.826338075108 0.0007553962814583834 0.02124412583985439
1.2490027006265523 0.563711597005029 4692.724322489296 0.0001215076653489212 0.026475156163627778
1.167609614786516 0.5345305505850828 4887.496223496149 0.00019955044794209683 0.015574749426177533
1.2769666993675162 0.5848582261973739 4369.460626582216 -0.0002539402978106465 0.02012055546664244
1.0444361483550457 0.5550296072421645 4965.840171575236 -0.0005265342256382266 0.012616714311465303
1.451937337394111 0.5378109207401132 4266.047104174593 3.3968454994027505e-05 0.03052756196566035
1.182704186015495 0.5788860307612571 4413.75827062255 -0.00080152976812793 0.013527711775321
0.9304207948659075 0.5264597792728615 4448.390653174305 -0.001065387077420873 0.01051895325735769
1.4048400553438525 0.5494888399533251 4038.355871905084 0.00021964492640681434 0.02873518696279974
1.3444669693961036 0.5882059842438162 4802.77201188707 -0.0003311239743554412 0.020284930829725677
1.2987580420922544 0.5440952775810883 4378.983804214467 -6.823677241920743e-05 0.02498088396196424
1.2199495661185469 0.6320224967951162 4871.890725283078 -0.00029407339824382377 0.014659768458097454
0.926472711036475 0.5110355903589592 4843.44040048724 -0.00025936934113679965 0.01036622399365511
1.1938392946610288 0.5187008130068073 4391.822994833888 -1.2354242118837182e-05 0.023457537164670778
1.0243162226928602 0.529677351512367 4433.3325010116 0.00010094656773868846 0.011391861774983714
1.0493038742114251 0.5366112405566452 4396.548091279833 -0.0002160928282605998 0.0109491677843068
1.2896468251142343 0.596122732609114 4746.063222899528 0.00025330087693220017 0.026725235364177716
1.1489862069104686 0.6058713527642665 4402.965039169469 -7.59376122418878e-05 0.011685966862280427
0.9706509373962968 0.549208512402954 4751.9646555262025 4.4603970122416176e-05 0.009940120907532757
1.3689079778804039 0.5361621470716835 4555.074168582277 7.273190829537624e-05 0.030715147306564453
1.237942930541181 0.5907817843085192 4731.150163336626 9.472526117098469e-05 0.01731213562624007
1.0040608208708792 0.5683764502710262 4986.603184985054 -0.0006126780100188988 0.011486768397897449
1.3180835698294118 0.5424986200153982 4916.494739200444 -0.00039293776308780935 0.030739803796681203
1.258324636057342 0.5157215470463211 4355.200989120002 0.00014194693163566347 0.027498611923368416
1.3720887092252134 0.5577356923459553 4728.452684415161 0.00047819325298119336 0.03229648753730995
1.3720887092252134 0.5577356923459553 4728.452684415161 0.00047819325298119336 0.03229648753730995
1.1940065840773806 0.5417547935498683 4708.470576612203 -0.00028083942839229116 0.016094425685285813
1.2960774143356326 0.4958761059528195 4640.170973272209 -0.0006306305629272483 0.026540077514493086
1.2257432641686195 0.5172030430421334 4790.080141129148 -0.0002150003574637391 0.020577926406913166
1.0290887229345924 0.5166545555277361 4456.399409635752 -0.0005361037713941492 0.010384680939549876
1.2219277937876711 0.56194993415721 4892.397685753754 0.00021687748947314908 0.023609414806272093
1.1873453684989186 0.5302429447531356 4729.9436028274295 0.0005890236249432123 0.02128417428335211
1.2509890366527865 0.5447441921392375 4655.39813256317 0.00036066182273974056 0.01996611398106409
1.2509890366527865 0.5447441921392375 4655.39813256317 0.00036066182273974056 0.01996611398106409
1.2531286323886186 0.5829612600195806 4186.387288114089 0.00047382655133220423 0.025543652135662877
1.2531286323886186 0.5829612600195806 4186.387288114089 0.00047382655133220423 0.025543652135662877
1.2685017416532491 0.63232578590277 4849.802838146667 -0.00044632556014498575 0.016516120072386384
1.3604485721641433 0.5624568886515098 4975.796038215903 9.401747124366653e-05 0.030472141305887407
1.3707139568670583 0.6119295582666968 4878.617597829054 0.00012778728456362681 0.033478383149973874
1.2227128986647342 0.5848412355857262 4879.132218066032 0.00018150759093108786 0.02674717481361507
0.9697228065780766 0.5638942172143894 4673.851193069433 0.00010011139409357256 0.01065068127909341
1.2393386488847193 0.5359075547322047 4358.86558312681 0.0007717404248762423 0.023840712755717034
1.3375689679127643 0.5099096967961316 4251.175065137789 -0.00045919131095685625 0.028256967098392167
1.1967055389714367 0.6175781725354562 4133.686843213452 0.00034585543584923816 0.015731250154068215
1.337810906312186 0.5952010839241781 4030.5335284897055 0.000394389322182851 0.027119676623853117
1.0139582199683081 0.5615429171233571 4798.526903767073 -0.00016977936297184635 0.010927812441004273
1.191395706267103 0.5865943901098518 4038.9103779064103 -0.00036440416067864105 0.01645149312225634
1.2870220260993883 0.6036500258073467 4236.8156700613 0.00016830686509359364 0.01877582264648143
1.081247218180558 0.5663081874634147 4553.396044124802 0.0008492309731590324 0.0123305414562646
1.2311811346177262 0.5826772566656395 4408.596074212975 0.00033362273914914385 0.01310723409475648
0.9646536438590947 0.5488857021733058 4846.651204667458 -0.0002553255720500513 0.010408316958050338
1.3919733741618447 0.586472661182715 4469.105556854389 0.0005484863764495801 0.0256490482074363
1.3652735326438372 0.510577642627115 4921.697212684241 0.0001308576163890513 0.02419742413409364
1.3216127172571972 0.5443214856878774 4602.890816660323 -0.0005940798227349375 0.02539786877142577
1.0510102973294153 0.5954756476317311 4951.349958220305 0.0006954045424716252 0.01058564043874867
1.0510102973294153 0.5954756476317311 4951.349958220305 0.0006954045424716252 0.01058564043874867
1.3199019324301402 0.5705636322377003 4386.849925608489 -7.072736890105211e-05 0.02714837651210922
1.3199019324301402 0.5705636322377003 4386.849925608489 -7.072736890105211e-05 0.02714837651210922
1.3397080330321176 0.5428892581656621 4792.37483535243 0.0003471850695521729 0.02640537711972976
0.8947176696888781 0.5157591743966193 4796.0972746994485 4.771175859695536e-05 0.010848250803616932
1.37184928279453 0.5827794707696522 4032.3499914750337 0.0006631189687810036 0.029341645935072054
1.2486264734926629 0.5953968903895321 4434.256455590091 -9.846565712819049e-05 0.015501225735876704
1.2632508327306475 0.5267136275975537 4902.067665945231 -0.0005470123018268901 0.023306438269447928
1.2632508327306475 0.5267136275975537 4902.067665945231 -0.0005470123018268901 0.023306438269447928
1.4091988420929615 0.5136880260605372 4395.468363824949 0.00018697810641137718 0.028236397431178346
1.0240409263893304 0.565689433180549 4758.815437040143 -0.0003235708503537325 0.010246892806529514
1.0240409263893304 0.565689433180549 4758.815437040143 -0.0003235708503537325 0.010246892806529514
1.2621068916381029 0.49938084814669903 4666.807747728879 -0.00019806351998866205 0.026322848241375728
1.193094043282831 0.6167385829921594 4476.150363248691 0.00037420448655079016 0.011783335303324111
1.2572306424584723 0.5053644357407157 4825.592446674974 3.6883076335231924e-05 0.024666103714304128
1.227047669396251 0.5278827430641579 4861.350234601521 -0.00012961076811324063 0.022459335907640134
1.315992959389053 0.5302062578116566 4382.030452361241 -0.0008027211848910822 0.028390103374060543
1.2617235836124183 0.5709552475679401 4496.524193890525 0.00013951428948557742 0.01347166980245506
1.1529187381232666 0.5932472059858842 4576.582141036741 -0.0004991704392509462 0.014172322174282537
1.4401590510092546 0.5450901669174233 4024.8497015499734 0.0002030393281051846 0.02811527524606246
1.3027485178738516 0.5838820494644118 4950.9848323146 0.0007091391423504297 0.021204619397434156
1.2041343021028348 0.5762315748130328 4275.213538835246 0.000496597652345093 0.014001442431725814
1.2041343021028348 0.5762315748130328 4275.213538835246 0.000496597652345093 0.014001442431725814
1.2053722979505053 0.5669504206816993 4823.518412671129 -0.00012035455046995513 0.028276567132899492
1.2053722979505053 0.5669504206816993 4823.518412671129 -0.00012035455046995513 0.028276567132899492
1.2811564320927733 0.5520048456498192 4967.469654339466 -0.00015275780536767153 0.027202134393133064
1.0193512380872125 0.5345546350425195 4515.448781936016 9.856853380658126e-06 0.011010188671846853
0.9976238743169501 0.5497022091051219 4460.7751202851205 -8.98276089310756e-05 0.01130797511820183
1.2614991578656882 0.5130229723083393 4705.693187050572 -0.00028849487256525495 0.028952018836994886
1.2517499451524192 0.5149028491498131 4147.031990521492 -0.00043218753509179493 0.025363112380369958
1.2517499451524192 0.5149028491498131 4147.031990521492 -0.00043218753509179493 0.025363112380369958
1.2222171935910837 0.541300119822382 4998.237214446833 -0.0003649900181938987 0.017258662688274418
1.3329020275379553 0.5377852645179951 4302.6227198299575 -0.0004942348278184678 0.03014511081862698
1.4194629133437098 0.534145178771082 4221.319994371289 -0.0007664905206985746 0.027644404912394803
1.4244525358486755 0.5531463870325027 4940.384467751461 -0.00029545987934785536 0.029315423460798254
1.3346302841067805 0.5784065429248549 4690.877289814902 -9.291339199232847e-05 0.01987031470642242
1.1172380144244616 0.5503991783172999 4354.051115115135 0.00036726162727963396 0.013002035641640316
1.294744713169337 0.530984264012087 4272.298274235836 -0.00031781863631125107 0.023160190761096405
1.329796479078705 0.546274130414979 4656.321140598455 -0.0003681620157088753 0.026239726065381032
1.196708300511958 0.5823590951525833 4835.361343426869 0.00019333702855376113 0.014506979039038569
1.196708300511958 0.5823590951525833 4835.361343426869 0.00019333702855376113 0.014506979039038569
1.0043577198263678 0.5532604002417353 4788.0270177611155 -0.00043819633862427154 0.011801077264339464
1.0043577198263678 0.5532604002417353 4788.0270177611155 -0.00043819633862427154 0.011801077264339464
1.1732704948086974 0.6079477187755857 4219.302376762551 0.0002403931511549394 0.011554647986191135
1.2744311150403316 0.5767667943941444 4427.982983328093 0.00018748783668667365 0.019509445308226764
1.238576172741082 0.5526927144546516 4556.759921948555 0.000983841706322735 0.023945002971100873
1.238576172741082 0.5526927144546516 4556.759921948555 0.000983841706322735 0.023945002971100873
1.0286730630897538 0.5452283575493653 4095.23230609594 0.0004023586668285453 0.010996491428102358
1.0286730630897538 0.5452283575493653 4095.23230609594 0.0004023586668285453 0.010996491428102358
1.4085719297877033 0.5171849890982931 4776.712618809397 0.0006529726339961057 0.02758384875079784
1.4085719297877033 0.5171849890982931 4776.712618809397 0.0006529726339961057 0.02758384875079784
1.4228027207625638 0.5701167626987446 4943.963825706145 0.0007901132272493312 0.031083487572912696
1.2689840178174918 0.5866094467914542 4554.525776397382 -0.0005167565432959264 0.026555706162314244
1.2689840178174918 0.5866094467914542 4554.525776397382 -0.0005167565432959264 0.026555706162314244
1.4164883667782417 0.5824788919034963 4532.249804116717 -9.145639772151322e-05 0.028578299233199322
1.14640164092847 0.5343067788570204 4168.1261156336695 -0.0006876350021704448 0.011069365217382152
1.154667676824825 0.5962511029680648 4767.618339522777 9.557087390824267e-05 0.013033405744029343
1.154667676824825 0.5962511029680648 4767.618339522777 9.557087390824267e-05 0.013033405744029343
1.2675725230265207 0.5067931489285397 4768.528498785172 -6.474101885353323e-05 0.02765439036616673
1.1560309716123185 0.567448065803591 4863.532067154732 0.000420708201800922 0.0141962756081842
1.1560309716123185 0.567448065803591 4863.532067154732 0.000420708201800922 0.0141962756081842
1.4147152454294896 0.5203684634446382 4143.829053351094 6.305436308537861e-05 0.027448458058943415
1.4147152454294896 0.5203684634446382 4143.829053351094 6.305436308537861e-05 0.027448458058943415
1.4021870288156968 0.5933681488377169 3979.0378880454305 -0.00012326074404832472 0.02256521875454031
1.4021870288156968 0.5933681488377169 3979.0378880454305 -0.00012326074404832472 0.02256521875454031
1.231641287278701 0.5832723486079437 4883.439256538808 1.3292683974964798e-05 0.027008795846616265
1.1997951296181277 0.5621510969073626 4460.971905355274 -4.390811014346994e-05 0.016808505738104
1.3819614941006155 0.5413236564220133 4404.725368814395 0.00042329147286762967 0.025921321480893315
1.1411348418602159 0.6095960381910117 4747.936403830076 -0.0005003819885285928 0.01146984258851661
1.1508975846769802 0.5683635322534933 4440.1544203852345 -0.00045854596017384054 0.012229283259656314
1.1045721675804938 0.5503009080185652 4459.452205189337 0.00022912483085864578 0.012734316902380034
1.1045721675804938 0.5503009080185652 4459.452205189337 0.00022912483085864578 0.012734316902380034
1.0432860300507938 0.5587355793739308 4721.112874457937 -0.00015778060503536127 0.010596778082992208
1.3138857355907865 0.5464684684129022 4761.794408338943 0.0005833796241840012 0.030647489235201546
1.238894396621735 0.5569897167387711 4416.335686764939 -7.79333174533889e-05 0.01547093959230137
0.9695697117448324 0.5554349306521003 4691.428582992013 -0.0007207832920692358 0.010533894778605616
1.1360849535367885 0.5562962354299479 4346.978744548481 0.00012760920192377294 0.011545853251362358
1.0366940247482508 0.572996478944658 4110.196822378304 -4.177053885484243e-05 0.010453650581720859
1.3615335260930248 0.5307059198845165 4519.245951583215 0.0001742154921206133 0.0259538685346919
1.2524963045632658 0.5104197465009735 4934.697986942562 -0.00043830036671090646 0.027120649300456656
1.3805462548742407 0.5968642465073879 4169.166292186465 0.00010114279771596047 0.02902282809179009
1.3805462548742407 0.5968642465073879 4169.166292186465 0.00010114279771596047 0.02902282809179009
1.3154627260928784 0.5470501830337486 4178.987279149059 0.00024075110785224042 0.027662384650716687
1.1568363137262203 0.530370325658061 4454.783029023945 6.060864168149225e-05 0.012173629870414197
1.2247989593405602 0.5317255581570162 4535.859423800207 0.0006175029102067554 0.02496507683513543
0.940949706412007 0.545505663017567 4730.094018971328 0.0005216821829473372 0.011170571975821032
1.183037630770217 0.542059356934116 4880.397184577457 0.0007338064192337884 0.023126328496621388
1.183037630770217 0.542059356934116 4880.397184577457 0.0007338064192337884 0.023126328496621388
1.136280582085667 0.5826605409395303 4704.343220343803 -0.0008286644244639487 0.012741945031398909
1.1659406487563628 0.6047293223418606 4966.487162261722 -8.093604868907671e-05 0.013785162467464019
1.1659406487563628 0.6047293223418606 4966.487162261722 -8.093604868907671e-05 0.013785162467464019
1.2318919133428468 0.5752147691056568 4419.875730679081 -0.0003883191697051815 0.023980443314895804
1.1041853239116501 0.5421511346014674 4450.934559228879 -0.0005692398283977008 0.011176708750438434
1.1041853239116501 0.5421511346014674 4450.934559228879 -0.0005692398283977008 0.011176708750438434
0.998201506725136 0.5238764197752867 4790.439003592291 9.221382184716688e-05 0.010854536820686045
1.1475758503740203 0.5331897720574726 4987.704766554592 -7.094865473343918e-05 0.011122652234745345
1.1475758503740203 0.5331897720574726 4987.704766554592 -7.094865473343918e-05 0.011122652234745345
1.3748498741279929 0.6212204845718254 4831.35602613599 -0.00033283150021848383 0.027204040906226124
1.2030733266893157 0.5983623254448575 4502.093759750202 0.0004229143283863706 0.014237205915959355
1.112502710167084 0.6075642206805925 4896.382852595362 -7.952013830029094e-05 0.011760421093339201
1.112502710167084 0.6075642206805925 4896.382852595362 -7.952013830029094e-05 0.011760421093339201
1.2841461928080449 0.5461090141973574 4521.871620528276 0.0006420812461234433 0.029449913571607977
1.2841461928080449 0.5461090141973574 4521.871620528276 0.0006420812461234433 0.029449913571607977
1.4398588494219193 0.5484574575911444 4836.514934511396 0.0004407819858847038 0.0325220670114259
1.2507822698940998 0.5487508557280096 4824.750225737611 -0.00012165179542070217 0.025720705609757595
1.2397871842914692 0.5639116663272528 4686.744956445129 3.923660824932027e-05 0.0252188550477664
1.2397871842914692 0.5639116663272528 4686.744956445129 3.923660824932027e-05 0.0252188550477664
1.332622092019479 0.5462148966829627 4149.043813344859 0.0002020222506853833 0.02714026578125714
1.332622092019479 0.5462148966829627 4149.043813344859 0.0002020222506853833 0.02714026578125714
0.9990661686280146 0.541040825420187 4721.190378061761 0.00035522330727266987 0.010721834219418552
1.2396672666009936 0.5835579759761116 4187.9648523342385 0.00032241895433527415 0.017829621641307768
1.333966569130789 0.5504798980160948 4773.960351809455 0.00019810220679092688 0.021379196666174417
1.122886865595339 0.5426060217558821 4567.150664873308 0.0001920837214053611 0.015401551235849454
1.096882702068153 0.539733969487899 4609.95401525438 -0.0009618734042311012 0.011239827593930999
1.096882702068153 0.539733969487899 4609.95401525438 -0.0009618734042311012 0.011239827593930999
1.0414744819131814 0.5492596413666824 4809.52932909263 1.3196515868817653e-05 0.012589011174026738
1.2137143640787453 0.5846949316626384 4104.080107341957 0.0005212417377848599 0.011392653595049158
1.3659243226733406 0.5644731752105889 4415.809750212113 0.00035583266869342224 0.026591624662460928
1.1239965654261106 0.5791264983574309 4829.674092800541 0.0002439618602599568 0.011555752161248213
1.1893109190777005 0.5331574124091261 4541.276241944074 0.0002688978855197605 0.023387422668267877
1.1893109190777005 0.5331574124091261 4541.276241944074 0.0002688978855197605 0.023387422668267877
1.2870065817287262 0.5349364827834746 4547.7664190275 -0.0003146488137381999 0.02927948015365415
1.2870065817287262 0.5349364827834746 4547.7664190275 -0.0003146488137381999 0.02927948015365415
1.3858124511902399 0.5946718110272822 4469.818789461828 0.000328994424088924 0.028926601419998404
1.1724434094844214 0.5638915206830118 4501.3809539820195 -7.588115654061974e-05 0.014012433449489738
1.1724434094844214 0.5638915206830118 4501.3809539820195 -7.588115654061974e-05 0.014012433449489738
1.2238286838861134 0.5233812025599824 4601.05896742219 -0.00037006654463693457 0.024780065338922533
1.2238286838861134 0.5233812025599824 4601.05896742219 -0.00037006654463693457 0.024780065338922533
1.2070563754899049 0.5174456877459543 4934.852496971039 0.0004607481585194754 0.021786526367194674
1.2070563754899049 0.5174456877459543 4934.852496971039 0.0004607481585194754 0.021786526367194674
1.170377832717739 0.5300224399504798 4354.0753602194845 0.0003439076064490098 0.023076265020377403
1.170377832717739 0.5300224399504798 4354.0753602194845 0.0003439076064490098 0.023076265020377403
1.270791668652111 0.6028706704506905 4725.601944365482 -0.00039503292007376134 0.018701694038326597
1.2532050950133224 0.6036350094282626 4585.425614622355 -0.00035005253793130313 0.013767424828149454
1.172800599737995 0.5948598770209497 4453.33563635139 -0.0001328462324685304 0.015140915292741329
1.172800599737995 0.5948598770209497 4453.33563635139 -0.0001328462324685304 0.015140915292741329
1.272024102314874 0.5742720864635671 4623.803368515418 0.00037154131383172615 0.028006818037826384
1.2460473216180883 0.5514782263693894 4648.039386356977 -7.419785327695706e-05 0.02584033451346475
1.2460473216180883 0.5514782263693894 4648.039386356977 -7.419785327695706e-05 0.02584033451346475
1.0300669180631656 0.540548937325815 4914.981675767916 0.00030664919474986254 0.01157108966459488
1.2562815909509306 0.5816087863892123 4168.528478244594 0.0001455506727811709 0.01813673458212561
1.3191099668556854 0.571839296066595 4706.56025757836 0.00033579855471882605 0.027037946347051908
1.3191099668556854 0.571839296066595 4706.56025757836 0.00033579855471882605 0.027037946347051908
0.9800141038256853 0.5224569099624032 4643.74702493479 -5.256960246727129e-05 0.01158759078213933
1.0999774711495975 0.55387886543556 4211.603459638384 4.362019629481351e-06 0.010713711027790696
1.0999774711495975 0.55387886543556 4211.603459638384 4.362019629481351e-06 0.010713711027790696
1.0877091407482333 0.5694534089575558 4812.749293308926 -5.511623104623958e-07 0.012334724850532419
1.3588350377904268 0.5796376106276733 4492.115129288732 -0.0003837896081452727 0.024472650209663573
1.0028644963055544 0.5299679794531975 4629.3656490431 -0.00022968084991748823 0.010592722289252374
1.2198359341260878 0.5414143398088993 4993.457034453373 -0.00024514883339012513 0.02328894326025987
1.2198359341260878 0.5414143398088993 4993.457034453373 -0.00024514883339012513 0.02328894326025987
1.4199595250405959 0.5621822481689459 4416.68389939691 0.0004976988312134625 0.028543170107930685
1.4199595250405959 0.5621822481689459 4416.68389939691 0.0004976988312134625 0.028543170107930685
1.2505616284310324 0.5651728103623593 3965.7663509080808 -3.991227031593648e-05 0.017133851959066467
1.4155981422441402 0.6008708205067372 4592.428090435559 0.0007379930322596051 0.030254694597017157
1.1810374842320843 0.5646592360007815 4076.8527318497927 0.0003592495626411772 0.015862290854368855
1.2611087892977888 0.5096292286397497 4886.911558775591 7.32522804215062e-05 0.027178879023750727
1.2591354345694885 0.5943179481451561 4725.6273378138585 -0.0001369849609145185 0.01671493081696737
1.4254880914166903 0.5608619879328538 4585.076474863102 -0.0002872424527953832 0.026524376844215457
1.4254880914166903 0.5608619879328538 4585.076474863102 -0.0002872424527953832 0.026524376844215457
1.3057306115614753 0.5481340801302552 4236.837289809951 0.00025921633985596064 0.020416585571810742
1.3057306115614753 0.5481340801302552 4236.837289809951 0.00025921633985596064 0.020416585571810742
1.1871681057959487 0.5611560115284446 4555.534282557417 8.177670060683954e-05 0.013203274791604911
1.205531506757051 0.5517981446765214 4311.42391110287 0.0003736930120472505 0.018709743900868457
1.0519241377217567 0.5701790212195363 4986.55086393096 -0.0003826682242539715 0.010424944894495438
1.1920447607822016 0.5744510407125036 4605.064908641471 -0.0006067046710827975 0.01195625929925029
1.090413069683267 0.6021480669863815 4918.0002525575765 -0.000347387418738227 0.01219390295821854
1.4137322434057444 0.6085088400159919 4654.349772606374 0.00036082051639867196 0.0323898705644375
1.3193072992635233 0.5577639661775202 4963.242014324455 0.00017660176095651782 0.028977553111299317
1.3389556706044083 0.5418903441864781 4554.453551706564 0.00033922083660107693 0.029944398196707193
1.2221737391764274 0.5460314191212959 4077.6684461869418 -0.00015726541037640795 0.022269336708252777
1.3157919727395486 0.5979454613780094 4927.637426389502 8.733962412072308e-05 0.028939509753656466
1.2651889502536284 0.5504830811200396 4560.115140029427 0.00025184479297165864 0.021044546724664256
1.1631506272841992 0.5851363603373667 4267.030003771607 0.0002062637405252988 0.012857252525696057
1.1468034641435754 0.5735429811234198 4750.527471373363 0.0004624662324934102 0.011935651148336312
1.2381318364391132 0.6055611998824564 4671.095996251141 -0.0005247700081935661 0.01554196069553414
1.2381318364391132 0.6055611998824564 4671.095996251141 -0.0005247700081935661 0.01554196069553414
1.2609639585889985 0.5974624570872873 4502.487811652401 1.530305694840068e-05 0.017326291782528605
1.2609639585889985 0.5974624570872873 4502.487811652401 1.530305694840068e-05 0.017326291782528605
1.237386517383385 0.54507118565188 4631.4243537568 -0.00032091396682500925 0.025657023449425186
1.237386517383385 0.54507118565188 4631.4243537568 -0.00032091396682500925 0.025657023449425186
1.089434953967395 0.5433241372186182 4883.456545737634 0.0001567652337850326 0.013057096351483553
1.35925361133399 0.5063920139524662 4874.605852666416 0.000125917502518572 0.026883953330539424
1.3814683965023487 0.5524898626989166 4272.074902949838 -0.0002497841420283939 0.02595216645197604
1.3814683965023487 0.5524898626989166 4272.074902949838 -0.0002497841420283939 0.02595216645197604
1.4100545615684283 0.5179319464400116 4804.723062023498 0.0002823918243813921 0.026040454884837562
1.266443551793258 0.5546838723562394 4519.999806678967 -0.0001371835454747201 0.024207279756019162
1.1475316242852873 0.6097323628430331 4797.1927753675545 -0.00045537858117130806 0.01328737094685676
1.300154494197579 0.5636361256412904 4210.057316233859 -0.000981367305457557 0.021953306362186786
1.3550802582383799 0.560111214290181 4841.884431773206 0.00044250075710660345 0.030365968876842415
1.1205683849313912 0.5487667867143271 4969.646020873558 -0.0002911106466476916 0.01068867039009881
1.1205683849313912 0.5487667867143271 4969.646020873558 -0.0002911106466476916 0.01068867039009881
1.1260237993797164 0.5583349436457642 4857.041104980079 0.0003677038111847837 0.012295616466921615
1.4837793654509381 0.6142405659215222 4153.500710836415 -0.0005240066885874234 0.03065268086040515
1.4837793654509381 0.6142405659215222 4153.500710836415 -0.0005240066885874234 0.03065268086040515
1.310884580209022 0.5383419258126642 4622.485328507092 0.00014256783492138362 0.025096082688178246
1.3263021976942286 0.5054256668540522 4973.180031291577 7.412138767630773e-05 0.02647431745917398
1.4234766027885226 0.5682924935352142 4229.494517582166 -0.0005848204775693638 0.027353265557885004
1.225393825502414 0.5644608370147249 4556.676333636796 -0.0002776159716398505 0.028466952160830644
1.3297157894528806 0.5772692950644072 4804.463882176186 3.372721113845142e-05 0.02530369926512043
1.2827030787726552 0.5290899994586497 4824.014974724304 0.0003676095656955067 0.02460221096466761
1.404664288523341 0.5656966663425562 4990.27310046182 -0.00035253472695205806 0.029701169445169307
1.2651709780346072 0.5735151565932113 4557.178842214456 -0.00018490510964670417 0.013388377814303779
1.2651709780346072 0.5735151565932113 4557.178842214456 -0.00018490510964670417 0.013388377814303779
1.059077889155972 0.5343952314934041 4882.073120218436 -1.3908420380392406e-06 0.010662866373709529
1.102688877697477 0.5220157774823458 4994.360121203984 0.000544848839149177 0.011932590701143648
1.1471545475145788 0.5839480133909998 4654.729868896761 -0.0001797094766703702 0.012077075091197043
1.3053983736612285 0.5689149822026031 4651.3001497746845 -3.520021621886535e-05 0.026484733821941102
0.9856704347594494 0.5399796577752831 4573.859573801696 -0.00021315768455111082 0.010881935885098896
1.5159993415242017 0.6044429336736161 4849.581396822755 -0.00010539323995427513 0.03231990018482848
1.2253157589810357 0.558802073548591 4997.318009426533 0.0012533964679207852 0.01935769099668123
1.2253157589810357 0.558802073548591 4997.318009426533 0.0012533964679207852 0.01935769099668123
1.1284733792763522 0.6082968264081705 4803.398951475432 -0.0006033074893553312 0.01118739487872329
1.1458574724820063 0.5403902742375031 4806.013576823516 0.0003353496291714226 0.011153846311651392
1.302373050641047 0.557774932638129 4479.666529129263 -0.00020838975585130333 0.0250569964357356
1.3288881594409585 0.5726640104418173 4566.936680940946 0.00023719857990246582 0.017461442103769497
1.502265904473583 0.5869670730311904 4615.3715851407405 -1.1910612847728765e-05 0.03205107667949375
1.502265904473583 0.5869670730311904 4615.3715851407405 -1.1910612847728765e-05 0.03205107667949375
1.220248445114238 0.5627072164306546 4248.463488370117 6.499471698104526e-05 0.015855159830554463
1.220248445114238 0.5627072164306546 4248.463488370117 6.499471698104526e-05 0.015855159830554463
1.1891792211040455 0.5508902876255504 4868.793249599601 0.00012192982996019717 0.023249417652572102
1.1965476711899634 0.5687627705105035 4500.0822024519675 -0.0005049958692671834 0.015315715527396159
1.0484490978493535 0.561794905496771 4919.581119281002 -0.0003290993072431963 0.010929918894267986
1.1756308052554 0.5394221389911006 4322.884235068068 0.0004108662692922571 0.015999730245556294
1.359253846838948 0.5732440498838027 4939.295057263284 0.0002540039001320597 0.029430116521022662
1.2273340048000465 0.5888812485762637 4142.781720223001 -0.00023333939806653185 0.011778895407097562
1.4298289897522303 0.562309858255772 4476.797737878594 -0.0006671197910664481 0.028565553704991562
1.4303539723495715 0.5683100573621906 4987.114167950059 0.0001006695885415714 0.031140787055149888
1.2890017274872279 0.5695988443735716 4169.537615618931 -0.00046851898352445097 0.019653362326936645
1.2352402919929195 0.571051799067725 4603.072629816057 8.312563823687756e-05 0.012793492997425385
1.1906764120011697 0.5357951220441348 4797.566541784028 -0.0003292480230284773 0.01725748280586953
1.0511999280249904 0.5609938878221701 4427.452810319569 0.0003485849031143237 0.010531185852066149
1.2518279250165076 0.5865397876748026 4988.819308926171 0.0007312563552727929 0.019740083919821592
1.1604683788873507 0.5824719434407988 4257.879643664383 0.0001039276682426128 0.01163504858470685
1.0770649733885505 0.5742610606654511 4859.377752331965 -0.00014617311818656946 0.01047446180049512
1.2887681762971803 0.5520453010015716 4679.0199332820375 0.0002603528884863494 0.026801721639272722
1.2887681762971803 0.5520453010015716 4679.0199332820375 0.0002603528884863494 0.026801721639272722
1.3665057573873691 0.6227797031837723 4352.818300345224 -0.00012898907438366544 0.024564046007940956
1.3636449192363098 0.5658286535645997 4351.320745344105 -6.6942827551907e-05 0.028850084538413708
1.2617257748503108 0.5278856580681863 4911.392006306636 5.8811260930938304e-05 0.021591203613737595
1.3001979563538644 0.526888810049987 4973.116210498013 0.0002952832252505898 0.025901930344850284
1.4275242160592798 0.5619989018915993 4366.133758138062 -0.0001681982092377042 0.02830071361896699
1.3293714241275936 0.5742508960860169 4324.184919315075 0.00036271054185961715 0.020100130158495974
1.2111496680030966 0.5559755475469035 4707.446858663785 9.427960167032287e-05 0.016498879746064878
1.0569277643009705 0.5734325216524803 4249.537965474026 0.0008103764154796766 0.010289332545823652
1.280270140180242 0.5266507807477911 4609.484073577139 0.00013653359654796122 0.02901822086977034
1.2896207311944516 0.5695874170234531 4685.2501027236285 -0.00034505277389858924 0.025351743547390823
1.1584504662922401 0.5700021034643444 4509.441800046091 0.0004466739875526301 0.013161414607450912
1.1584504662922401 0.5700021034643444 4509.441800046091 0.0004466739875526301 0.013161414607450912
1.1568818318862495 0.546108835228534 4752.94277510233 0.0003943199434431784 0.022632931441693704
1.3233845384293565 0.49863740579293764 4556.056168318966 0.0006894171761378825 0.025955503511809266
1.0154689264743033 0.570434410535977 4795.9487238973725 0.0005523317948994698 0.011005090874913978
1.0870922316590323 0.5643598890636439 4511.836715448777 0.0004954907012450729 0.011541619597888709
1.0870922316590323 0.5643598890636439 4511.836715448777 0.0004954907012450729 0.011541619597888709
1.0058311276206942 0.5331892537781685 4629.638484489811 -0.0007677476594745703 0.011019602348005064
1.204612162885946 0.5448660762559614 4672.233702977063 -0.0003892985575404609 0.020091641758848387
1.216794974040248 0.5557104488543761 4438.1160148267045 -0.000782191656538827 0.023468890824997767
1.0755461379616 0.5545663339223574 4602.12416951058 0.0007954007621994031 0.010770396405957311
1.3912065473227448 0.5664519804674819 4221.025589171264 -0.0005848324419172942 0.0274231606827189
1.3880629996950866 0.6085578823256035 4427.081189337804 -0.00012579494076172978 0.029384032520440754
1.3124269907814465 0.5728703651031397 4053.4728504252284 -0.00023366014747488274 0.02171948462165644
1.0993767091356879 0.5644277122499136 4083.790188817704 -0.0004780918521695925 0.011272966419037104
1.2822373909234086 0.6212596285903594 4716.619514957901 0.0006106541408643847 0.015005945407336262
1.3533782050192125 0.5591958675753741 4739.100985742752 0.0005565837643413916 0.030192391194642454
1.2064812376657408 0.5579331597090085 4743.743996535684 8.952135298457919e-05 0.017958505645821445
1.1886627319600969 0.5881114170552788 4876.089990983562 -0.00031593731609825485 0.015918735646643655
1.046689061832977 0.56402022966763 4524.994678719489 0.00048576505308518716 0.011140160678868865
1.2264420547189527 0.5527837141654559 4825.674981698627 7.675108959191127e-05 0.024933643323691246
1.3655679237377667 0.5794394524835675 4849.434947193997 0.00011943072682006411 0.030094056468665264
1.2328206228617493 0.5367527592239607 4437.739401447104 -0.00024788457106227334 0.025668501099356665
1.0978402485328598 0.5604578981235093 4831.089560201441 0.00014146584258138776 0.01060768034269274
1.3280867549380093 0.5835758543765572 4818.189763399977 -0.00019618862691280368 0.02819401627548588
1.1701915200867907 0.5812356237977464 4911.474259716942 0.00037781503396069655 0.011351834635911526
1.1739942138797732 0.5414446315794339 4782.753859268235 0.0001647518427841066 0.013942072993799553
1.3251179699478706 0.5432003314961338 4549.350707768494 0.00019628693197677171 0.028547900603975968
1.2858768115753645 0.6164140531395081 4811.944222637731 3.1249626842017343e-06 0.028224298333841682
1.2428658948734217 0.5663065324718644 4557.90571639892 -8.559033483610264e-05 0.013577202289597719
1.3552946015071452 0.5976615038710444 4811.017983379911 0.0003923659285433982 0.029147836871447078
1.3229254242671222 0.5437255621958107 4561.704728878623 -0.00016682995694600688 0.027819749742551678
1.2594551474607956 0.5904257851442529 4676.845451279545 0.00015038271988206855 0.022539139470490306
1.3171565636620945 0.5259931485731153 4506.768081332467 -0.0005816950910774273 0.02772060008423582
1.284970814726685 0.6022776543525654 4321.3425187334215 -0.0004892484071478563 0.014263509267661989
1.051866718156992 0.5617925697152168 4819.346134006529 0.00021186617453987467 0.01075399534445299
1.2864704638297741 0.5563133989624571 4512.1350684130175 0.0005500691214560072 0.02035237733451461
1.1858475748808952 0.5688376445731658 4581.733290972675 0.0003641893206963332 0.010797936707471234
1.3464524231388704 0.5126514078399496 4934.384264072621 0.00048228387967534154 0.02664901517488892
1.140330454522637 0.555316707134183 4855.889658908962 0.0009258070865483414 0.012344235758017855
1.165190345790966 0.5387826118629696 4967.122983956606 8.064651623532632e-05 0.016157070560882798
1.0941911387095637 0.5615224781730144 4704.1847085327945 -0.0005975687242113218 0.01181281428768027
1.158089327727878 0.5825462947145993 4453.122118643062 -0.00044955732387536555 0.013803624516985729
1.2489971091124663 0.5779989328737818 4371.692820877381 0.0003645547620391999 0.015005426262883172
1.2602795128809303 0.5623424025205591 4977.090638476701 -0.000741389615058894 0.024551514844549174
1.2876621394113068 0.5846111857193181 4956.773365502936 0.000518942569085033 0.025076046485248724
1.2228755960299718 0.5776122851893057 4568.734762291231 -0.0009063125167478446 0.012846279394014589
1.2262647304682013 0.5679994356118769 4510.177877162444 0.0005192567842342472 0.012284913432486574
1.3307009657497408 0.56298180646368 4877.049473160813 -5.424203960194498e-05 0.026901173842457993
1.1736241186490508 0.5764219949446457 4229.944033731855 -0.0006531292823864199 0.011290887697822393
1.2767607996346533 0.5968337942598606 4618.946755051024 0.00022341434088862116 0.019169357427282267
1.1928198131064747 0.6056811503845905 4452.434991060268 0.00028746906653535865 0.01598444605307394
1.3168326955667826 0.5832172754104805 4195.070888596835 -0.00022871460209643427 0.024474883260283145
1.1932433743339261 0.6105096172103289 4960.998712404401 0.00013791478043705187 0.011633155817618725
1.3350749699136242 0.6056735665400357 4581.52066804696 0.0005221348093774091 0.023316921212556345
1.283933467016967 0.5716307528386929 4552.257228242901 0.00015293520288809707 0.021253069986727893
1.0385546627628628 0.5376800501820299 4344.507575384306 0.00035579797684793813 0.011181919422334223
1.318377556235178 0.5731058912845326 4945.657471378752 -5.452674410124219e-05 0.027510502782113474
1.2190921477828782 0.5957118858242083 4997.7112716750535 0.00026376574579433065 0.0167607567865345
1.252114217697808 0.5778591674418397 4303.311356314059 9.892564203349126e-05 0.023825750673876427
1.2395699242306262 0.5649956677117197 4524.60326104341 -8.91112749445922e-05 0.016534726150212366
1.0879331097523142 0.5455010678465055 4815.406313122172 -0.0006383564891153852 0.010597845664426822
1.0879167964105367 0.5766284517141217 4922.495888894133 0.00056760138675396 0.010533513022471073
1.0904784098012574 0.5818253954736567 4910.105223780756 2.4759734158211374e-05 0.011138224254122784
1.3830238043040142 0.614603522982492 4615.878753680106 0.00027322768399320124 0.027681288073212233
1.347826303435836 0.5808726401621318 4643.0701592725045 6.355394368084055e-05 0.01999489874453557
1.1096502186710944 0.5866188867836233 4941.4588622648025 -0.00022615818767627254 0.010761690997282117
1.1644398121600048 0.5795882740536489 4768.056824621398 0.00039924767800589327 0.01440847076478343
1.0395678720000334 0.5516752877768549 4952.122670946512 0.00021028922144116695 0.011294802117725378
1.2387197156977718 0.5793638587480096 4605.983403714033 0.0005126684881257494 0.017910749824010527
1.1894744924430924 0.566747569554153 4700.751344491753 -2.0045298214964533e-06 0.013231371239477614
1.0782448636166895 0.5677940114059128 4424.046731689631 0.00020092320133066052 0.011111644703491096
1.352428146993455 0.5522702136304815 4957.655558293283 1.9771345592359923e-05 0.029994835273051655
1.2079432024864682 0.5625733527511243 4874.577250222838 -9.810532436052346e-05 0.02081889740274062
1.281711608928692 0.5518379208886205 4847.397533549415 -0.00022815559414930686 0.027481485545958084
1.2822280530501358 0.5639603543388152 4607.189064690831 -4.545291734755079e-05 0.019090111534115807
1.1410595250663758 0.5741767441685224 4695.530706242078 0.0001242284379760678 0.011846954415533923
1.271583447371438 0.5621045364882822 4725.715605921516 -0.0001697461282509147 0.0215682169269518
1.161018751833585 0.5588234373592507 4913.460779757514 -0.0001087301504842088 0.013053235982614776
1.1429085376284198 0.5683844407077026 4551.178784511132 -0.0003472353009046714 0.011564191535056835
1.1478282816496912 0.5496994756304888 4955.775967486793 5.163751177505953e-06 0.01087491159023166
1.2354341996535239 0.5659420175343448 4942.262114884409 -0.00012567365527613636 0.022626471470507125
1.382857221274734 0.587550318390127 4140.621353569385 0.00027058442586704615 0.02558286524787358
1.221956762102119 0.5763569149878582 4719.240578399106 -1.6939635432080812e-05 0.011345433377640254
1.2631930136357998 0.5262527256758416 4949.0801325852635 -0.0002832035525328509 0.02363172231509534
1.1411680655848182 0.5754608062386883 4862.738534817252 -0.00014147860496477007 0.011638176775894992
1.1940920505902388 0.5703718950494223 4224.326315277116 -0.0002963403432976474 0.013217889685705756
1.3070796998149747 0.5563561241741946 4841.650574202435 -0.0004978934098847294 0.026200111983970938
1.1233795641128321 0.5927263065712975 4957.155853194759 9.721434317681179e-05 0.010895396307750263
1.1234779950161353 0.5503337391879932 4605.963538626399 -0.0001441052636989311 0.01164512499798706
1.1043002329572797 0.5597501140295993 4964.887467727974 0.0004230786200025647 0.011422137407123504
1.2289035337842882 0.6096668453255698 4822.7627716716 -0.0002619245421793521 0.014335568926797155
1.2923681100123754 0.5379372981528963 4811.998905358169 0.0004423716436590774 0.027429902788522878
1.2843766240227832 0.525733665379728 4882.378426302643 -0.0003539607663832178 0.02568262437891155
1.1599530080252143 0.5530947601695299 4787.768966288614 -0.00043509081728206365 0.017781225483345993
1.3143149372833 0.5772616136169184 4970.908018358863 0.0007537474427689845 0.02670378893506052
1.277990239001155 0.547492125403962 4913.125226839085 9.644092498777025e-05 0.026188733117176684
1.0172196293031435 0.5576000022074069 4994.214392226422 0.0004569109494141211 0.011124380594883382
1.199209826382667 0.5833312868619192 4824.218088251683 -0.00031742185153563624 0.015061792949323369
1.1607955478265686 0.5465355761543643 4809.006636159593 -0.0005377080705402904 0.019546838219958278
1.0926583325355126 0.567522885908548 4952.993313060757 -0.0003502487742872664 0.012084826213309767
1.202698176214609 0.6117416325039717 4615.769374584603 -0.00011354548465565247 0.011922881459639031
1.3483427174040665 0.5370371131898952 4974.644509557359 0.00044596648223138704 0.026391216075835403
1.345429973635796 0.5680546971177798 4998.134631349575 -0.0001813159649254084 0.02882719019570991
1.3082282106449847 0.5392177536612031 4728.634473393565 -0.0005670261453630346 0.02883075753198975
1.2903529191636594 0.5584292190512015 4979.6569241241405 0.0001693850157155955 0.027532250837126473
1.1720577980557063 0.587076900216591 4420.113014780734 0.0001131401973963033 0.016217852963122545
1.2444020986835334 0.5301665070724844 4881.858316076094 3.411082816570477e-05 0.024999990534651125
1.1632935181052038 0.5533474551211457 4968.019327888648 0.0003848565173513282 0.01631857001185285
1.2374687868423357 0.5495727763162612 4536.9097714349155 -0.0007813558060002162 0.012855297619818361
1.1401203379727356 0.5747370704204819 4792.067928855913 0.00012690392688423366 0.01263294807478416
1.3152074562589147 0.5996010775306442 4352.96048713703 8.712642143317685e-05 0.016208106560933487
1.2990881473595937 0.5497320655673579 4810.43289691537 0.0001186859935857844 0.02657817445118358
1.1720057807864341 0.5935693449724622 4980.004495622015 0.00013941679849574656 0.01357743800371048
1.259109978644999 0.5723805320457598 4777.66050727856 -0.00023680669400029118 0.02528776949966835
1.060833526886397 0.5571102444464806 4636.988482140939 0.00040785676270826905 0.011593469822596932
1.4021650334105533 0.570950908043385 4840.927881895187 -0.00038550061548800897 0.028731291810525465
1.3085273853581116 0.5924177016132186 4597.815040650367 0.00020944539306936397 0.01664202831586424
1.2857120997336786 0.5481976445417283 4428.802934969753 -7.524739238184752e-05 0.022748507238319983
1.2348654394471161 0.587205141945887 4259.879487693227 0.00016934730723048755 0.01608816923962941
1.3860895940829399 0.5820026086148808 4659.057488775587 2.613723333679643e-05 0.025122986053387135
1.4170599681548173 0.5730044383378332 4526.3707640180955 -0.00017148624202422636 0.0299968516806993
1.1561846097398685 0.5600460652231662 4810.479121096767 -0.0003918594532916269 0.0126177342118549
1.2771313410728282 0.5583808223319346 4896.628341735509 0.00013855549264039363 0.0281956422981268
1.2954781705025473 0.5907494921819032 4985.673294801458 -0.0003397990673274161 0.024240654497243108
1.2419256455611323 0.5677006353014022 4730.00931588602 -0.00036376731295734865 0.020604197972621863
1.3662092049937962 0.5972289535220088 4802.11856501818 -0.0002342036056683437 0.026955098449854352
1.262999347069695 0.5615452117267962 4368.64536059904 0.00021651529513238738 0.02107854545513411
1.3005659754383714 0.5835114794724509 4344.772701196244 3.0359134672119534e-05 0.01653268241879989
1.3005659754383714 0.5835114794724509 4344.772701196244 3.0359134672119534e-05 0.01653268241879989
1.3087848437815655 0.6117432889724504 4413.5902458780065 0.0006426419242783955 0.01802137712937673
1.1361956385869747 0.5769957197719779 4424.757560829802 0.00035100091147074775 0.010816361467431113
1.3049249677167354 0.590249298732221 4300.958723949587 0.00017765885028488598 0.015175237378382726
1.3049249677167354 0.590249298732221 4300.958723949587 0.00017765885028488598 0.015175237378382726
1.2900782877213817 0.5799563444134505 4249.633258909625 0.0003495833862247909 0.01644669626540218
1.2247756598765036 0.5804658772977604 4413.620769512718 3.873145289608279e-05 0.012321791040779016
1.1771510714921083 0.5776518071010269 4797.350448697532 0.0002686723745900932 0.015438984971023681
1.1376948223704386 0.5631738140512176 4992.964115998821 0.0003937198895801035 0.012200521361794598
1.1500992538527108 0.5938766179019315 4840.6312294943455 0.0004035814513031837 0.011509543382315905
1.1824209839550435 0.5906607173413326 4938.45387129242 0.000725877420591351 0.013295594744858532
1.1489826564642418 0.5623517175508672 4884.842817071966 0.00028549152863370454 0.01298478345253791
1.1695342376029063 0.5752497796171414 4992.06446826791 0.00044437220886129567 0.01352600522015032
1.1472622003696453 0.5765462232924958 4698.2036515483105 0.0008770032406779517 0.01161635406254685
1.1522163268525536 0.5899279361122973 4896.009165180982 0.0011043715043705616 0.013020181533601906
1.127208211684978 0.5666300619652396 4797.993624291699 0.00014051415308561165 0.012653235449031488
1.1318341774378555 0.574342292609072 4975.094229416188 0.00019073977977680114 0.011660123031590423
1.1261256666495847 0.5709061274441378 4984.595153948055 0.0005278509632040781 0.012146164065556967
1.2299626428129926 0.5991728559475735 4741.6440330711885 0.00011383652915521174 0.014371459520276464
1.2009828861607728 0.5840618682179799 4814.227107207087 0.000485020610451404 0.012650890970071575
1.1694864427268397 0.5795255793364997 4728.910895540281 0.0005643858533223514 0.013549994847113124
1.1744089621972247 0.6088064389937803 4891.934271961343 0.00048085290713759994 0.012667523988618645
1.2690642098013853 0.5853098114360714 4864.7704299374145 0.0002625603089618773 0.01473159747659839
1.1546909857466743 0.5795918146667304 4923.538878279358 0.0004072500941307514 0.01345554680314491
1.1026634307252547 0.5508433935283576 4899.651303361127 0.00029952617953916326 0.011452849786783681
1.270200684784539 0.580507910387017 4249.264962070904 -0.00014236668202901155 0.01351928873754606
1.1875117698603728 0.5701381183036257 4452.5221027134285 -0.00041638376552886316 0.01693028968428477
1.2308499749889596 0.599579948253729 4366.674751506169 -0.00014170458566580753 0.012598136661218357
1.2274015861804877 0.5883864409949209 4802.7463712090985 -0.0007551308818658483 0.01285219779723884
1.1273996876273826 0.5566194499200874 4608.2848318633 -0.0001959978060355598 0.015247211540142299
1.2460615377479711 0.572080582018734 4674.83907210357 -0.000481737049613443 0.013321955359830256
1.259047508472248 0.5784528277655057 4683.879068503275 7.750321667712605e-05 0.020475024558795688
1.2022853270684746 0.5812679833168591 4858.78331996729 -0.00011724007543065824 0.017131193654188547
1.0915484907063682 0.5802468830597096 4784.63477293928 -0.0001753666912444151 0.01095513537687391
1.1572856427839444 0.5643672286948103 4709.40869861117 -2.480205808924817e-05 0.011149473561638083
1.0297588333224637 0.5581079427870761 4968.821860302173 -0.00022088658935565537 0.010878847720524408
1.2044391611517777 0.5687597736346031 4923.220815985354 -6.127508878818499e-05 0.01897301696373536
1.1298177020786195 0.5562981623895866 4668.3746677867275 -6.303260926492099e-05 0.011252696320861922
1.189001928450684 0.5733608085296162 4997.698553092437 -0.0005030710839130638 0.012893431915116688
1.1842878763465607 0.5588605888457254 4847.811692928652 0.00016591048447755447 0.02044403983166987
1.2934108707156369 0.5846851004037633 4987.291564290751 5.773454322571154e-05 0.01441164951580232
1.2934108707156369 0.5846851004037633 4987.291564290751 5.773454322571154e-05 0.01441164951580232
1.1582598626748863 0.5529273292198993 4948.380837556074 0.00016448580678721212 0.0162030863534333
1.1227708472674358 0.5610992043526964 4764.24518812082 -0.00011325802179937104 0.015105656218248234
1.265187283590258 0.5868853508365861 4841.117677427327 -0.00028287811009700445 0.0188613338623946
1.1654774408284274 0.5625647509208151 4941.938090023183 -3.503481067260166e-05 0.013235387885556817
1.2471426491308155 0.5629318417604252 4806.508286018838 4.593588584745256e-06 0.013018078085604713
1.2201034698174402 0.569847924930164 4739.961500241974 4.89505815307707e-05 0.014640814836454352
1.1843873636559423 0.5460691045369089 4882.689540705339 -0.00020540467602612528 0.017483207267951065
1.2190154805612679 0.5611125662347007 4974.652339610757 4.534824346289714e-05 0.019723133039920453
1.2077424391611753 0.5917664287126952 4958.40451610702 -0.0001133555240098754 0.011976620481351246
1.2341135670239514 0.6069347446008697 4985.483307128604 -6.332794747490237e-05 0.014401413289426616
1.1961621332572454 0.5683275883486318 4927.819487562753 -7.323175767297997e-05 0.018101310385081216
1.3099813015096566 0.5827692965772377 4802.450290412109 2.5110890242085367e-05 0.020049800515118774
1.276888453299345 0.5821066604113383 4725.792816291776 0.00019446927263592562 0.02109185433827266
1.4595753347004692 0.6071244844312599 4774.51554534638 -0.00011346734910805741 0.030313047635160965
1.3547603854191916 0.5968903701019391 4536.59832895496 0.00016325062075997325 0.022693977338752024
1.2137228580738504 0.5580352073034454 4795.506829890311 -4.2595740340544466e-05 0.023521551711922932
1.2961896352233806 0.5735760991938774 4777.099146983242 0.00017237479767250445 0.026425731043008424
1.2922530927809714 0.5611262422760741 4947.485905501312 -8.52903602740258e-05 0.026280130646082124
1.2279123103651817 0.577269603888944 4974.992881988299 -3.703423917619562e-05 0.021555717909012874
1.348138890535898 0.6137129701154532 4668.333985633384 0.00012296142545992827 0.02768764863050398
1.372035278858939 0.592501678339714 4926.556710643592 -4.6413051773386e-05 0.02936519261648453
1.2466395963752375 0.5558811561332946 4609.283991163938 4.1942290057072435e-05 0.02592212697093244
1.3526833429808454 0.585784807229073 4849.683418011015 5.766040322377701e-05 0.02768561567538589
1.2972212416789097 0.5615724880939662 4797.803970133467 2.5123262834465628e-05 0.029951883156227023
1.2881197021942004 0.5723488555763833 4731.355698858267 0.00011990125841581855 0.025868108003667106
1.3626569628079641 0.565598729844657 4853.124323540942 0.00018238630632269097 0.026164933398897812
1.3772337738941967 0.5835437755463164 4969.2355912300145 0.001010345850460044 0.024709762809678598
1.3275277076012086 0.5589033309134428 4784.25076592891 0.0002558761809271157 0.025777516419505927
1.3379553368902086 0.556982558828208 4777.778128856448 0.00038694508495028533 0.02676480521774416
1.2967188593415313 0.5575354085213317 4915.717073084405 8.815024944559718e-05 0.027402035806720487
1.2820905674835326 0.5382310867026068 4819.660564116537 0.0005126501785755479 0.02745399288343927
1.314330555772779 0.5796610174237806 4805.544585863343 0.0002641646243011538 0.02703715820487708
1.3450941274983783 0.5684707996654376 4955.142625808402 0.00013022774187007631 0.02509938626546952
1.2923061439995385 0.581687102614856 4841.538862950419 0.000488658337203261 0.02257125076648031
1.3720109873020385 0.5708679209317791 4581.50465185323 0.000703479386740686 0.027457862914200354
1.2541058829680944 0.5742773995780384 4966.583050108234 0.0002641605496675682 0.023389190510289856
1.2467117191205634 0.5269964689821045 4498.214945774898 9.922225805237041e-05 0.02744312529896486
1.2216259867381158 0.5348792632639652 4882.311958997081 0.0001412360817104543 0.021679995697427352
1.2516371603250225 0.5487383046605963 4925.5102742004665 0.00038336222876823536 0.026779215720222918
1.2979637281363863 0.567263471481611 4911.841680100765 0.000548774631278892 0.02432920648213625
1.2163362210797268 0.5427740319558655 4438.89145219008 -0.00028165894909394266 0.02247265465816816
1.2541346621523637 0.5450367000475838 4574.6973330338515 -9.059733881612147e-05 0.024386001128521878
1.3987857274020357 0.5576945272205953 4344.769679682183 -0.00043510576303200095 0.02824059311883625
1.4187843972014904 0.5803475902527195 4140.9776764370245 -0.0002811342358130723 0.028015753340291594
1.2863471604850116 0.5914374862198509 4668.548699896731 -0.00011211950401835529 0.023571362454706098
1.3607424675759838 0.5714786443286604 4636.994191101551 -0.0004577888991760227 0.024028431362405657
1.3201533834502357 0.5823109987735334 4615.400827745463 -0.0006382481849755745 0.01983362511484841
1.3243550004814437 0.5866315629736506 4636.03675997309 -0.00022102754177490627 0.019661814998987996
1.3441019412431605 0.5892648359545838 4794.3603515238365 -0.0002359181873295043 0.02798160368417927
1.3969418079610878 0.6090775656091292 4580.589321007022 -0.0003936441925608002 0.027277285003915748
1.4405966508854915 0.6018342090078876 4566.989352083888 -0.00017571132264384426 0.028188353738339878
1.466923253872363 0.5791738300414606 4615.275081075272 -0.0005258880341253238 0.029453855606360727
1.290553380198666 0.5530118721974983 4731.814537580139 -0.0002837126524448038 0.027469331143668816
1.3403408240359127 0.5365315872434064 4936.011174445101 -0.000574169876023967 0.027848636969753912
1.2521686687785172 0.5651550966540884 4891.018834181165 -0.0006894220315056848 0.019503400988173873
1.2273088117693751 0.5690068737444075 4934.8755162451225 -0.00020478992822492429 0.021492579521690043
1.3647390675704318 0.554491363467591 4836.303579518077 -0.000616161296287436 0.02854007922615199
1.3143398595456022 0.5624192542729866 4905.650691676403 -0.000737330762738336 0.02645843044760935
1.229368824913211 0.566064153684852 4989.501152768689 -0.00045615738640433925 0.021171308269858444
1.3026162209816992 0.5939985826798844 4853.081095516154 -0.0003601695523663504 0.019961911986204547
1.2717547445675152 0.5809829100158478 4891.5040800360475 -0.0003881365063159726 0.019791451999682623
1.2717547445675152 0.5809829100158478 4891.5040800360475 -0.0003881365063159726 0.019791451999682623
1.299469893206712 0.5451683436137712 4858.272948862906 -0.0007644529719777712 0.028193000539718113
1.1942482888800896 0.5401123525424398 4829.353420468876 -0.00010588271844754949 0.020575128937652253
1.2675372549403507 0.5597027047263825 4853.376284996718 -0.0008073012210864192 0.01907106684918801
1.3438991226390673 0.5094994672313018 4949.269425395946 -0.00025782067301182083 0.02754454970075589
1.3258873281708188 0.5317620851144532 4902.0791394034695 -0.0001433035329914907 0.027314599173137753
1.315132078157938 0.5184820518353844 4966.598209709683 -0.00013913836487287667 0.027851484320783274
1.3036752766158837 0.5558872113941902 4886.194687682837 -0.00026993289085042247 0.029214613148737106
