chirp_mass mass_ratio EOS alpha zeta
0.945872546631214 0.4882456734919229 4355.403188337474 0.0004192095412698004 0.016186186370792704
1.1962241301546088 0.5269027931901789 4083.2461480806387 -0.0006042158664713668 0.016359692452739452
0.9800753349615449 0.4413970591875379 4601.076805574235 0.00040229887921610524 0.019022601871377824
1.1711674389671882 0.4701386071684802 3941.477200904907 0.00039303617722449326 0.01614653254212857
1.0006824854545147 0.49526295276754523 4607.4735473446935 -0.00015622977141256265 0.01386110726264436
1.0120144913817684 0.4698852941514412 4804.229376611225 -0.0012093526830109192 0.021077027029481193
1.2755615701919867 0.48651875206295325 4501.674484550938 3.45729793686864e-05 0.041325860712263816
1.4382032164106033 0.46475428996124934 4405.506843991197 0.0003541687797788149 0.03116942627543328
1.121447365525327 0.4748262859173359 4829.267847025904 0.00011883686417743729 0.02683389944864681
1.3507396341716995 0.5213153102333143 4219.229607096079 -0.0003891561752867545 0.03391733161743324
0.9909082483710211 0.45908118315400204 4613.683357111252 -0.00013158994012191173 0.017404067381664494
1.0262650537033136 0.4662187845333773 4898.676475216206 4.082274344789509e-05 0.019693476708952523
1.0216592260022161 0.4909071669093699 4092.669602695086 0.00039937251981398395 0.01777070897662333
1.2436308524264814 0.49487303043367964 4818.109964741833 -0.0004806851628620689 0.039478736870150695
1.1180121216062986 0.4518129374442552 4929.204256045978 1.4739427180430703e-05 0.038281225899772064
1.1943714922570816 0.47483505189656805 4792.980440685342 -0.000653302584681219 0.03817460781471139
1.2342505681484721 0.504583251558689 4919.380498342009 -0.0004532200006810259 0.03333725797146289
1.126644719374402 0.4804477205736137 4773.100093174224 0.00028978600109904376 0.020981748555650024
1.1231949286186156 0.5233022984968665 4537.407488270008 -0.0002770228492600275 0.015576872485256656
1.0758745274505648 0.5031506778173875 3946.5104168082485 0.0003993446762625074 0.014917533578058584
0.9933568979461775 0.45559779422576685 4551.422945443178 -0.00048778320462140645 0.019007043499431046
1.2389641155128635 0.43563215568934005 4882.2554539207695 0.00021825226261737996 0.035919037487918457
1.1188538445398624 0.494701053038751 4673.223140739863 -0.0006161782126391618 0.019564501333652406
1.1058808734370091 0.4827595087463453 4197.505014980931 0.0005286456048863392 0.022098267123459983
1.2164791020534726 0.5104187147960154 4690.070003533466 -0.00025820236508718067 0.020454486532218277
1.3524874150136248 0.5055238234907345 3965.217943423814 0.00039880171524688505 0.03759827641103598
0.9922512195294677 0.4734352055598937 4369.458685149824 0.0004043782586740476 0.014203584490475579
1.3104455076813317 0.47960976979306624 4650.962971650236 0.00045327335802681904 0.030969995666559294
1.3599116624968461 0.45311836650847626 4030.2633495438295 -0.0002954359939137142 0.0446376615976843
1.0475388034857605 0.4619732051836476 4618.252732646016 0.0003515049995864054 0.013408127531246167
1.2555074106456778 0.4432179137630919 4395.348421631953 0.00011640868747570848 0.035934796649885935
1.2722291849347493 0.4635835415476539 4030.708723902166 -0.000461079744092086 0.02802187511673658
1.2356840707912808 0.5051009405237604 4090.230864186611 0.00039132257305419355 0.021463933970315183
1.00246864379406 0.46189363938265393 4977.326591234415 -4.255441792200794e-05 0.017924724100027347
1.3442985413614483 0.4700672839230697 4134.89836725605 0.00024199824275112085 0.03402673229926537
1.0020982050728513 0.48967535898351394 4732.890467516357 0.001315843655251215 0.017030986087676638
1.0580216647762124 0.4645606021346181 4152.508956473318 0.0003252776668083287 0.017956413615494632
1.2272990622746935 0.49514964474955936 4402.6308851001 0.00046022953698976 0.03560134465246778
1.0855447073332476 0.44072582597468923 4410.321931274287 -0.00012946782408475218 0.02148495086189601
1.3318239603514381 0.4736995196356168 4434.513199315551 5.5658540546740255e-06 0.03213185758562381
0.97114236438601 0.4741840136399138 4828.211017594244 -0.0004463707626451429 0.01597165794847285
1.0552961484343784 0.4896645495786661 4527.3608899768915 -0.0002540346902800613 0.013223023819935726
1.3552398982529947 0.5305704485298774 4101.104149812425 -0.0001570861275480561 0.030828739842314594
1.2692520248971837 0.505603663184292 4020.1342730904307 -1.9238150440338045e-05 0.02842077488738711
1.0203192960834873 0.4749487739271152 4729.351960286508 0.00018620415283774136 0.01605940304435868
1.288591934140246 0.47508241866037193 4927.777101010389 -0.00018557748838699185 0.05183364612713879
1.014462381181266 0.4708757139902718 4469.309014341527 -0.00014902890515558067 0.016881729929198147
1.2526659529040183 0.5096704898946522 4130.446815294491 0.0002930508136745464 0.015468182706691067
0.9718905654769174 0.4713786263639524 4761.4102843955125 2.9133752483971195e-06 0.014734914967946131
1.3666876875547282 0.5207393179359032 4468.850075610592 -0.00036691993946251576 0.034858074568256986
1.093182972486666 0.48697138642460336 4220.488805774471 8.554729937270845e-05 0.014750995156764465
1.3429051250686734 0.4570245257969862 4523.927693182634 -0.0008274969754051139 0.034864271733029153
1.0701267540222303 0.4770963819388089 4909.920641272103 -0.0005935687279502375 0.013684265520147391
1.3281671098795185 0.4853359269579432 4239.112902565385 -0.00027981919351558994 0.039772027551588235
1.2858007311948842 0.4786632164389863 4260.866712722415 -0.00035349892081653684 0.039947001426272284
1.2387440644594876 0.5204344008081454 4773.3330671962885 0.00023480267330581498 0.019149622697209545
0.9731403480633718 0.45937243293731095 4660.470803269139 0.0003004579622353893 0.016805442669845825
1.2363648891146484 0.5002510984234941 4660.987034766357 -0.0001962098456990333 0.026713571355954598
1.2039670588274236 0.48212956794906514 4133.226027296123 -0.00010734966503959907 0.03392924988489076
1.1668463695152398 0.44630918713533296 4900.710576902498 -0.0005513451615932436 0.027931247821133
0.9878147598298178 0.47324864415162066 4858.065435170617 0.0007024851597495234 0.013695550605948842
1.0534532980196274 0.45180733405418216 4636.830531934923 0.00018038520311242675 0.019389209307744053
1.1549552830003482 0.49662323868406694 4679.304943704862 -0.0001418629621284997 0.015941464952291068
1.2870038522473792 0.5066302908361022 4032.711697978599 3.1636943235886715e-05 0.03664180694297657
1.1726762537504034 0.47419459039829803 4380.710014721226 -0.0010639240337641939 0.03138623968322108
1.2707561936090708 0.4513739242041801 4928.56734462682 6.619543907660598e-05 0.04285678544143869
1.0506518699294958 0.4799077940647699 4602.4791501684185 0.0004467404707301017 0.017588864329184772
1.2371976300453793 0.4538147099150851 4888.15977923831 0.0001786308429871048 0.038375117533784364
1.2843961794407375 0.4852705160907746 4741.202449334944 -0.00015828568928278317 0.02792112988924063
1.1417131400075846 0.46098509431445944 4479.000127120196 0.0004090853139750306 0.01770095085174851
1.2854876934079353 0.4738640774025058 4084.53518617762 -0.0003427526749081323 0.03877430632927714
1.2488457377619815 0.5009975912240116 4488.34033216695 0.0003099788335524665 0.026211544903999042
1.1329930860007658 0.4712440886916393 4881.510935312775 0.0003687426621307031 0.02558330250841047
0.992147969936798 0.4590389923718011 4423.32191658388 -3.912058073477645e-05 0.016525092927918913
1.3059406943963436 0.5063482383557998 4323.565891232484 -0.00018113204878028312 0.026830352212170748
1.2173702192588824 0.4800768733556692 4476.796797930013 -0.00031592272234471665 0.02017590625492483
1.1984825496975102 0.4705481816085834 4046.2320520182784 -0.0006049529347528977 0.020321763957766147
1.077310431957577 0.4879496061525528 4266.00171611242 0.0005113388537405826 0.014303844928859909
1.1421967632420817 0.4974543415665512 4615.108312377796 -6.365398217022245e-05 0.013316620578627189
1.223430529326621 0.44908813414822324 4239.828560756565 -0.00018210655210021396 0.03050012913824509
1.0963873970906188 0.49413403646547993 4596.67763793411 0.0004104405283206344 0.015960202784674946
1.208725897878325 0.45142339768883327 4596.651535562989 0.000618750879509431 0.031615814060951236
1.268161485069745 0.46253472818611696 4090.294240666701 -0.0003190702235461783 0.022843267185250808
1.3447453051276663 0.5319724043608687 4405.895971711244 0.0005301356494691495 0.024504938883775286
1.1925204196882446 0.4574735150120541 4368.853093867002 -0.0006210212438992866 0.030388587471726992
1.1925204196882446 0.4574735150120541 4368.853093867002 -0.0006210212438992866 0.030388587471726992
0.9642373268287824 0.4600005779041655 4712.319152444705 0.0008485734503127662 0.014835524333000435
1.0843517444100086 0.48902290314617747 4181.377089459579 0.0005075964132817956 0.018603308593340792
1.2983893458524531 0.4557769741924249 4392.892217439457 0.00032032430010282446 0.03504971010211392
1.1015114325160498 0.4569070778033518 4380.448860883771 0.00013934473264003486 0.02410222839589544
1.1015114325160498 0.4569070778033518 4380.448860883771 0.00013934473264003486 0.02410222839589544
1.2425881124525309 0.5114809854687339 4733.026363040568 -4.1074377501399796e-05 0.02243576071965777
1.2425881124525309 0.5114809854687339 4733.026363040568 -4.1074377501399796e-05 0.02243576071965777
1.0659562093890005 0.4897627868506889 4060.795929972941 3.381955161174107e-05 0.016161577396563143
1.261639063444108 0.4702629966531307 3956.116547703685 0.0001955970424544647 0.028200875932005917
1.1627632025513686 0.4655489538417743 4225.956734915219 0.0004383489125876275 0.02332972340600807
1.176824077204204 0.4614629151094565 4601.040690501808 9.329543957288905e-05 0.027478047310847173
1.0539680532173215 0.47363949213261003 4127.989767031499 8.013600531518352e-05 0.014592045172222314
1.0608084975308965 0.4599865415548664 3926.465886264829 -0.00023863691056213098 0.015483504655109066
1.0608084975308965 0.4599865415548664 3926.465886264829 -0.00023863691056213098 0.015483504655109066
1.1510872933108522 0.4932537676352492 4233.830010265315 -0.00011968268216962708 0.02498499165072924
1.0867529741060822 0.479042951700706 4623.28729458772 0.00013596601738836522 0.016277912918243338
1.130621979191437 0.46995463318437997 4102.714367463626 -4.040916267830212e-05 0.023284006738740003
1.351647870864659 0.4819820868687632 4324.331056848868 0.00010721790212944631 0.03110116494804982
1.2385580451998808 0.5242749072990313 4580.102695094208 0.00021335181994014724 0.021098379492071072
1.294490149073588 0.5208568949928456 4767.48126551635 -0.0006825563872626897 0.034301450698969886
1.0196568446776257 0.46337615003502103 4948.112447446783 -0.0005234621651159802 0.017936880894676856
0.9654875048494087 0.44836431384976283 4463.928998056 -0.0006692411658900968 0.016524154714570492
1.210198810697133 0.480196223823472 4650.996113263114 -0.000356224993156451 0.030547373911474565
1.2872604820765006 0.4878497881177849 4390.574791441044 -0.0003027075075478849 0.0363281213604382
1.2926887545979084 0.5061396263157752 3992.7995521774037 -0.0001330188152654272 0.028853950326253368
1.1969591894063816 0.4952940336330065 4519.616901232141 -9.130660205964587e-05 0.03285948468163783
1.1733453445972508 0.4781351160720919 4747.816768069788 0.00013192350317318017 0.02078377426834547
1.178361015656491 0.514648401718301 4739.076148965183 -0.00018742007059840895 0.019613774661717983
1.178361015656491 0.514648401718301 4739.076148965183 -0.00018742007059840895 0.019613774661717983
1.0315091830569934 0.4646082685868497 4112.213770010984 -0.0001556150243914421 0.01722018108567414
1.0873150067167634 0.4460987282900438 4376.79515724794 0.00014653907807367798 0.020536558902523195
1.2508451485844234 0.5225284825640852 4511.82276394493 0.00015548675360441055 0.021985885321842764
1.2676518331346507 0.5126282595923621 4524.62681301217 -0.0008965017165986776 0.03322001814201155
1.2676518331346507 0.5126282595923621 4524.62681301217 -0.0008965017165986776 0.03322001814201155
1.0054292060483487 0.45550059123124736 4303.591570444772 0.00012592182422596038 0.01455795126734858
1.2927365952996914 0.47338996808949196 4848.398012020325 0.000296886891434196 0.04254642101801624
1.1542765691522079 0.48556453615564543 4039.728310449935 -0.00045997169523801163 0.013942341105972195
1.290191317265289 0.5228339012260486 4469.590530643347 0.0002026512849393661 0.02679839386057229
1.2902924315940287 0.47736018832893556 4569.447778909105 -0.0006024767150779779 0.04278611176845267
1.0546216229089866 0.486856581823076 4700.373873286326 1.0504080265027465e-05 0.014831624024187676
1.2152078823004708 0.46007053301110123 4204.797128756089 0.00015026727340595496 0.02308453191913135
0.9734402136031561 0.46849035915743215 4511.8945935374895 -0.00011740420649216597 0.01465360786320013
0.9734402136031561 0.46849035915743215 4511.8945935374895 -0.00011740420649216597 0.01465360786320013
1.1747712400062778 0.4634108481575626 4201.3782101724755 0.0002530396233601792 0.01970285617010447
1.225008969818954 0.49257780351831904 4779.6240882845095 8.53739093708906e-05 0.029354983364977404
1.2842305683855195 0.47315479082964745 4615.455920687997 -0.00022049398196192068 0.024685276150203543
1.1624651303147406 0.47140521791191625 4819.495845330791 0.0001019612582786174 0.02412362322363146
1.1624651303147406 0.47140521791191625 4819.495845330791 0.0001019612582786174 0.02412362322363146
1.2201611474798932 0.4520886091836131 4392.906486511483 -0.00010477836020765668 0.03209820566580873
1.2201611474798932 0.4520886091836131 4392.906486511483 -0.00010477836020765668 0.03209820566580873
1.3118732454296862 0.48488028492567364 4189.5956275579465 0.00048722244366384513 0.03513248730957141
1.1713103388443318 0.4924898535615881 4675.049220205822 0.00021944265909221606 0.022706636231135374
1.12486799178565 0.496054488602133 4983.895893857407 -0.00013523410221377995 0.019217203735322368
0.9485118450903404 0.46079075368434896 4676.894321992993 -0.00016871138224264757 0.01526693903567665
0.9485118450903404 0.46079075368434896 4676.894321992993 -0.00016871138224264757 0.01526693903567665
1.0206443938729948 0.45953202419163475 4267.800506256781 -0.00033690645846981814 0.016507394030154127
1.1564075677000676 0.47032192359343356 4064.3478418230497 -0.00017288421041480124 0.02093714084495618
1.2517237263822554 0.5249252134519504 4926.537496507811 -0.00047224834740843815 0.024347892798288924
1.0089829815094995 0.4774353437178325 4527.546100153185 1.9473937732353e-05 0.015306909667222559
1.0089829815094995 0.4774353437178325 4527.546100153185 1.9473937732353e-05 0.015306909667222559
1.1647843183892812 0.4849989660193472 4403.802041592742 -0.00048328384623101385 0.017757732416635502
1.3111346691342507 0.4983228174142101 4271.353550032868 -6.647717559563383e-05 0.036554473675147435
1.3111346691342507 0.4983228174142101 4271.353550032868 -6.647717559563383e-05 0.036554473675147435
1.278604076791174 0.4585828542463934 4492.909140184812 -0.00026235046274217206 0.03134063560528853
1.278604076791174 0.4585828542463934 4492.909140184812 -0.00026235046274217206 0.03134063560528853
1.048649553726826 0.4500527143558132 4735.878709460355 -0.000989421606680664 0.019920379670208176
1.1917808651774737 0.5072972292052205 4650.034323074282 -0.000127718355175211 0.021551650674351643
1.274181043285836 0.4895011842577218 4434.149895850516 5.462885356207673e-05 0.03232387161503444
1.259437285154953 0.4686903500041873 4819.887627107075 0.0005761236161862404 0.03441690903236822
1.2249609846445362 0.4441750286808077 4974.171276357422 0.0008170770468269096 0.04119239562220103
1.0733998498522257 0.4681205008466763 4032.51225000885 -0.0003382430424074768 0.018084219686412942
1.052220914971274 0.46498907131758693 4588.97358788741 -4.8188780215474706e-05 0.01724571587991911
1.052220914971274 0.46498907131758693 4588.97358788741 -4.8188780215474706e-05 0.01724571587991911
1.247587549289766 0.47614727232662324 4252.714349656262 0.0008928739022651634 0.041074241585476415
1.0921205559369418 0.44808295196596015 4919.475449348707 -0.0006556871984598569 0.01720962095993788
1.0550574414515874 0.47249081360769135 4940.534050747478 -0.0007035556018338839 0.01660898754521028
1.0550574414515874 0.47249081360769135 4940.534050747478 -0.0007035556018338839 0.01660898754521028
1.1032717968472423 0.4664467534503941 4514.5326761960605 -9.339027051431223e-05 0.021074896362334908
1.3631049349554556 0.4759721053817338 4802.952223782338 0.0005564273355894232 0.046932555137977464
1.3631049349554556 0.4759721053817338 4802.952223782338 0.0005564273355894232 0.046932555137977464
1.235274188787229 0.47863717695985275 4552.838964525983 2.7308867960024935e-05 0.031722383752988415
1.4481441296749784 0.5022580046881433 4612.010548089019 0.00017076615939835436 0.04313771014306061
1.4481441296749784 0.5022580046881433 4612.010548089019 0.00017076615939835436 0.04313771014306061
1.115169896877426 0.4591053774174011 4773.033493352255 0.0005372837214710936 0.014459249934693389
1.1959187112331322 0.48405397214901774 4438.220030178549 0.00010532193354324651 0.02985985802040523
1.26315302101079 0.48346826982089286 4445.26628774392 0.00033026931132752903 0.02282266874629301
1.2153884311021221 0.48642824610208213 4144.324884839049 1.3300234560522887e-05 0.022889148334162647
1.2153884311021221 0.48642824610208213 4144.324884839049 1.3300234560522887e-05 0.022889148334162647
1.2150201803662246 0.45000179233032755 4286.016723569833 -1.699237591353546e-05 0.035268306343912495
1.2150201803662246 0.45000179233032755 4286.016723569833 -1.699237591353546e-05 0.035268306343912495
1.2053224031936953 0.49299827088674675 4433.380750746432 -0.00015020113776280313 0.02170045001476032
1.3193136792299027 0.4624186604630015 4804.068454948447 -0.00010022641966969228 0.03355941394051273
0.9915208048136026 0.4525644371967471 4822.588791217559 -0.00017938769373645002 0.014765577592215508
1.2660834874965197 0.49604726208466354 4665.818589787689 0.00038968707424062184 0.03559809589851626
1.0925271065561366 0.45574906854189184 4668.563009563548 0.00016429205573981982 0.01948244167278529
1.318392193126348 0.4733726443021759 4126.238962648409 0.0002502742234041701 0.04179242092642903
1.2074925153252272 0.5207692577209302 4142.661568050769 -5.235248452177004e-05 0.01850406451135012
1.09760231303023 0.48448594149393315 4934.572316183396 -3.696609441694092e-05 0.01774981590302281
1.09760231303023 0.48448594149393315 4934.572316183396 -3.696609441694092e-05 0.01774981590302281
1.2215335957103202 0.49813821107748374 4253.739113437933 -0.00020165125693091267 0.024466893256964085
1.4390809495488939 0.5047657477219493 4615.785099954951 1.8828851095681155e-05 0.03379241468162503
1.4390809495488939 0.5047657477219493 4615.785099954951 1.8828851095681155e-05 0.03379241468162503
1.1042671645451734 0.4875533492663452 4498.8034890052995 -0.00015402077628770612 0.02169038801861798
1.1042671645451734 0.4875533492663452 4498.8034890052995 -0.00015402077628770612 0.02169038801861798
1.176655632957953 0.4853203883150435 4828.723128043822 -0.0002969716175349051 0.02545204711660546
1.2931634756701722 0.4546595990000993 4549.948364933376 -0.0006551098622320652 0.034412855523458595
1.0585067005071798 0.4727322055982298 4555.844162448864 -0.0004706701112407265 0.015217897061562324
1.0585067005071798 0.4727322055982298 4555.844162448864 -0.0004706701112407265 0.015217897061562324
1.1580020299790128 0.45742067744105946 4842.083491285969 -0.00043044137320824723 0.029286970138682186
1.1580020299790128 0.45742067744105946 4842.083491285969 -0.00043044137320824723 0.029286970138682186
1.1074724555425417 0.4509339507877773 4286.067072019692 -1.6854465780609806e-06 0.022635016659482116
1.1644958119104136 0.4957162122376515 4597.970621955666 -0.0008918098326736909 0.017416394111025264
1.1644958119104136 0.4957162122376515 4597.970621955666 -0.0008918098326736909 0.017416394111025264
1.1494294467179156 0.46103539978269636 4438.990648405957 -0.0006145975809661744 0.03014055837289927
1.1494294467179156 0.46103539978269636 4438.990648405957 -0.0006145975809661744 0.03014055837289927
1.1782980271427552 0.4729709149768411 4453.710612300435 0.00019135182215490094 0.033114881705204005
1.2914326502797624 0.5180408345658758 4259.107926682366 -2.7951289520082408e-05 0.035477570308072394
1.044342174457764 0.5011649995517322 4663.344143469973 0.000663551132105696 0.016269720709752286
1.0050701844889163 0.4584883026326218 4923.961672184065 -0.00019671680306045043 0.015043061993463168
1.0050701844889163 0.4584883026326218 4923.961672184065 -0.00019671680306045043 0.015043061993463168
1.137071451420527 0.4588588190362185 4731.680262088647 -0.00031172004627972834 0.024357888019431097
1.137071451420527 0.4588588190362185 4731.680262088647 -0.00031172004627972834 0.024357888019431097
1.1887427651250562 0.4795428630530538 4635.096013278231 -0.00021910817778626212 0.0209238119565194
1.1887427651250562 0.4795428630530538 4635.096013278231 -0.00021910817778626212 0.0209238119565194
0.9841979226058915 0.44820354469934937 4811.198041970229 -0.0005790163074893814 0.015448642069377683
0.9841979226058915 0.44820354469934937 4811.198041970229 -0.0005790163074893814 0.015448642069377683
1.1627215910277933 0.4522717599034889 4778.453202813511 0.000534534394736954 0.027581025619178266
1.2506353653860942 0.4587688788468066 4637.75809899528 -0.0005153880561022657 0.028205659483031248
1.1753314135583446 0.5033258534618209 4140.047548787894 0.0005820219437294078 0.01849222798156233
1.3686136628112227 0.45981216637193645 4615.325175811453 2.629094284539708e-05 0.040966670239139
1.1901308127112071 0.5013070668209434 4557.248254987428 0.00016600376783858247 0.019121536265424385
1.1901308127112071 0.5013070668209434 4557.248254987428 0.00016600376783858247 0.019121536265424385
1.241963772130491 0.5057862555256742 4810.282985789513 -7.665072672117551e-05 0.030753097405119216
1.401985785078606 0.49440363644802315 4060.321082128383 -0.0003969950616232682 0.04131579352728909
1.401985785078606 0.49440363644802315 4060.321082128383 -0.0003969950616232682 0.04131579352728909
1.1951536303901804 0.4855518091593302 4805.150592616141 0.0005507008049986303 0.021270331058824685
1.1453955594131322 0.49110695517451575 4498.237084720955 -4.483324958310534e-05 0.028096109978589034
1.1453955594131322 0.49110695517451575 4498.237084720955 -4.483324958310534e-05 0.028096109978589034
1.0292354636493948 0.4757370323067056 4632.547250231519 -0.0002694790936229291 0.015764721841589207
1.0279392835524797 0.4507827225643749 4235.3955208292955 -0.000373238964705754 0.01815618406726778
1.234134448718317 0.5024007156696796 4777.686911462536 0.0003491893800313233 0.02981309052246564
1.234134448718317 0.5024007156696796 4777.686911462536 0.0003491893800313233 0.02981309052246564
1.220332353316677 0.4847616033751775 4876.334437968918 0.0005812373627521118 0.030526889183589194
1.042941958424317 0.4704935479161524 4733.43206610385 0.00014335285821056885 0.016674470777992733
1.042941958424317 0.4704935479161524 4733.43206610385 0.00014335285821056885 0.016674470777992733
1.191564813941897 0.49692313049747994 4838.261381428195 0.0009752686510611954 0.02464224123052107
1.3076659302182514 0.4989779175322715 4384.168787950168 -0.00010919912654114357 0.028367880370813774
1.2737391558655264 0.45721183766081924 4272.0632841956785 0.00020366608875667068 0.03805668504917536
0.9944339275969001 0.45053134570884473 4889.756770543977 -0.0002491075352048922 0.01508506028423502
0.9944339275969001 0.45053134570884473 4889.756770543977 -0.0002491075352048922 0.01508506028423502
1.2356154962183954 0.5048312126152352 4306.309391056414 0.0002782976537230926 0.019872168279370907
1.2356154962183954 0.5048312126152352 4306.309391056414 0.0002782976537230926 0.019872168279370907
1.0927913707566965 0.46783340901686987 4617.206440828041 0.00034055326087772063 0.018071689178894998
1.0927913707566965 0.46783340901686987 4617.206440828041 0.00034055326087772063 0.018071689178894998
1.0490766525062796 0.49796717494080206 4344.6971800309875 0.0007647283213657675 0.01551133807008216
1.3031459325258414 0.4792870244891299 4344.845591473862 -0.0005468203841761663 0.03760383056727433
1.1818383408779478 0.4823390940386482 4962.3436483743035 3.577997834463117e-05 0.024574645766648227
1.3382201060323713 0.5377823987614446 4566.516345319046 0.00043267405854162383 0.022966140949675248
1.3382201060323713 0.5377823987614446 4566.516345319046 0.00043267405854162383 0.022966140949675248
1.3760239284996194 0.5299760856129678 4153.137250848462 -0.0002797060100561488 0.02737733855380861
1.130907889735385 0.4573959113845865 4310.958839140739 0.00018924425574427475 0.028205732372171374
1.130907889735385 0.4573959113845865 4310.958839140739 0.00018924425574427475 0.028205732372171374
1.2604030273240907 0.45000712543888655 4068.6247580309623 0.00010529228157128718 0.038922480410599286
1.156846358418211 0.45679579428182837 4856.744270228184 -0.0006285467119085611 0.02092652907166915
1.3493748985992382 0.48603281439593 4598.3384439489955 -0.0002043988482993706 0.042936882938930256
1.2372390101420632 0.49282093875870414 4710.986693177131 0.0005659621961871426 0.0302306376391207
1.2372390101420632 0.49282093875870414 4710.986693177131 0.0005659621961871426 0.0302306376391207
1.240134788244587 0.46269702817656444 4253.079220926168 0.0007261036493457979 0.03521156993577802
1.1554186981090373 0.48117146627039054 4373.6582528274275 -0.00019015542430891283 0.026083809978569072
1.4171497270417828 0.48660665065025527 3979.719484419932 4.276275206469369e-05 0.03607809481626515
1.2333661215167615 0.49958016629491 4774.940881587351 0.0002702312451322619 0.016009158566255347
1.2821492530957697 0.48694321000502677 4838.106164073284 -5.957185037411236e-05 0.03991625815553798
1.2821492530957697 0.48694321000502677 4838.106164073284 -5.957185037411236e-05 0.03991625815553798
1.2995205135367986 0.4513683179012534 4371.604378015329 -0.00023301647514702815 0.03704840489800528
1.2995205135367986 0.4513683179012534 4371.604378015329 -0.00023301647514702815 0.03704840489800528
1.1328726653682728 0.47407482681404034 4533.4343265573925 -9.984957957859634e-05 0.021884277945080785
1.3672230411461856 0.5139614099977421 4750.016933018257 3.106320992460541e-05 0.03212609186877997
1.2747736621551726 0.4542041832795307 4607.329458654166 5.6185346769721416e-05 0.03570390451126522
1.1391695712578316 0.4535841283907226 4441.49824185996 -5.166984563364191e-05 0.02400558926011895
1.1391695712578316 0.4535841283907226 4441.49824185996 -5.166984563364191e-05 0.02400558926011895
1.0988768911847868 0.4549997146250895 4710.725983178011 0.0004004180390658474 0.019604738017964744
1.1570682747250605 0.47847897150131796 4780.217473120118 -0.0004558465164751321 0.02195622811908699
1.1570682747250605 0.47847897150131796 4780.217473120118 -0.0004558465164751321 0.02195622811908699
1.1725094961136997 0.46431308429477924 4104.886928145612 0.00034140032636079744 0.018818564339172977
1.2891141290251333 0.45559981055772264 4150.053459330269 -0.0003242866730178791 0.03333686973461124
1.2891141290251333 0.45559981055772264 4150.053459330269 -0.0003242866730178791 0.03333686973461124
1.3007365233618544 0.47690624633668666 4710.670440061453 4.036998170807735e-05 0.03820288853763974
1.4377218594760168 0.5010760318470628 4142.85290514162 -0.0002250075619347388 0.03778930936508112
1.0964493096280452 0.4624223616456048 4221.46155495675 -7.440780075323396e-05 0.015535848313964578
1.2029664866415355 0.47004289718588 4215.7129813751135 0.0007044698734849308 0.025027610501094852
1.2029664866415355 0.47004289718588 4215.7129813751135 0.0007044698734849308 0.025027610501094852
1.2612450489102376 0.466793479002622 4592.298531973633 0.00027038240407596865 0.027062912508201996
1.2612450489102376 0.466793479002622 4592.298531973633 0.00027038240407596865 0.027062912508201996
1.1195566614278873 0.4765180604775836 4700.004666248123 0.00014425685861292115 0.015431969968218866
1.1930642689903426 0.47067668474503993 4766.237454652101 -0.00031342928789027856 0.03374014810850921
1.1473173048953744 0.4736719177611857 4704.82181263309 -0.0003072560800228537 0.01764002681392879
1.242672986870231 0.46740126479440447 4826.686640574124 0.00019816813054625756 0.03410100312610731
1.042310893927202 0.4776854752761376 4603.855201367041 -0.00041732502583892244 0.015575261162725503
1.1684470897418926 0.49263118101662756 4717.9782191018885 0.00016582960183464032 0.01831537145914088
1.3627313137777812 0.47013532491391496 4719.549033656011 -0.00032521966120865577 0.04520204650138543
1.3627313137777812 0.47013532491391496 4719.549033656011 -0.00032521966120865577 0.04520204650138543
1.1959096055943295 0.46473336497463424 4608.535223627955 -0.00013230959025322013 0.03568144804044857
1.1291695172558252 0.4486300924162257 4883.480014190222 0.0005896154296259274 0.028693278657480815
1.2309860599856004 0.49313866123795413 4704.294639366275 0.00010939069969508888 0.02943591868583905
1.2309860599856004 0.49313866123795413 4704.294639366275 0.00010939069969508888 0.02943591868583905
1.193213591518477 0.4509059463464125 4932.195777085345 0.0003342486810208685 0.036645817143891785
1.193213591518477 0.4509059463464125 4932.195777085345 0.0003342486810208685 0.036645817143891785
1.2044455990745246 0.4632726373383266 4149.454419056822 0.0004757965590024108 0.028055948419648293
1.2044455990745246 0.4632726373383266 4149.454419056822 0.0004757965590024108 0.028055948419648293
1.000853194027707 0.45583145924893775 4997.336464437757 0.00029057893844028126 0.01658221506608043
1.000853194027707 0.45583145924893775 4997.336464437757 0.00029057893844028126 0.01658221506608043
1.2113509800052684 0.4753452505589632 4958.334230775224 -0.0007376648888490684 0.02359537317036757
1.2113509800052684 0.4753452505589632 4958.334230775224 -0.0007376648888490684 0.02359537317036757
1.1122467945903933 0.48412627415485443 4570.382736533634 -0.0005325562579409655 0.01726449927540027
1.4074471939269868 0.4866575282529409 4612.850727642245 0.00013135511702273234 0.03508581670001601
1.3010015864381397 0.5048642692925153 4229.550340101675 -0.0003604746843381724 0.028775712963911806
1.3132684623598643 0.4594254082351665 4196.122449521684 -0.00010978215035159933 0.03381373218754952
1.0955409430072178 0.4693195169209583 4819.109519979837 0.000362199840086562 0.020778772607566814
1.0955409430072178 0.4693195169209583 4819.109519979837 0.000362199840086562 0.020778772607566814
1.175830821691974 0.4925014129169072 4677.678935534682 -2.951381790105603e-05 0.018510940083715538
1.175830821691974 0.4925014129169072 4677.678935534682 -2.951381790105603e-05 0.018510940083715538
1.2485213978074856 0.46382775355549105 4300.980432702608 0.0004704029222552671 0.018869574011057058
1.472497056184968 0.48842446142339013 4612.8456899006405 0.0001493896666908442 0.03997127348779048
1.103297601040469 0.46495226630892145 4665.493647350126 -0.00034980718508303163 0.018477067483803927
1.048421045264055 0.48233203571938343 4524.448285337927 3.295119822367258e-05 0.016122254858711618
1.1472525304284464 0.46665116791905203 4404.419677827918 0.00015609042409837329 0.02047693137756949
1.1472525304284464 0.46665116791905203 4404.419677827918 0.00015609042409837329 0.02047693137756949
1.0867549851935319 0.49896945024136763 4615.1843093198395 0.00038173507662832604 0.015107857542705097
1.0867549851935319 0.49896945024136763 4615.1843093198395 0.00038173507662832604 0.015107857542705097
1.1494735641423732 0.45461579019087567 4695.693882205463 2.080857670806086e-06 0.02289426620377477
1.1494735641423732 0.45461579019087567 4695.693882205463 2.080857670806086e-06 0.02289426620377477
1.2473296986545477 0.4709216843241677 4677.7472855863025 0.00035088650117166473 0.03529105953034408
1.2000743808450498 0.45708811467713706 4524.767797814281 -0.0005531479769640037 0.024196642516568986
1.2695493908997948 0.47437118995108885 4219.699737017897 0.00014555549886544544 0.028234301942036584
1.3629657459115785 0.5084639984416508 4585.858709146666 -0.00010315580349440446 0.03353564761802773
1.1978433329872273 0.47432171937706724 4065.279549554677 0.00029754512693244884 0.017012911107467145
1.1429030143897914 0.46017564052944954 4316.953732380498 0.0006675536136251433 0.018921114004483486
1.3033227197177144 0.49439551445226326 4698.401695959659 -7.137682949823165e-05 0.03517674995117283
1.3033227197177144 0.49439551445226326 4698.401695959659 -7.137682949823165e-05 0.03517674995117283
1.1578786020837981 0.4617910420683605 4500.012634025997 -0.0003255479479525249 0.023086130248240577
1.2523021133605958 0.5156986696832409 4140.911814056429 0.0004144665624963171 0.019479916729621603
1.2523021133605958 0.5156986696832409 4140.911814056429 0.0004144665624963171 0.019479916729621603
1.250013758792994 0.45049191121421833 4766.485893104985 0.0002529637921831463 0.038128828916855956
1.17698360469575 0.46090650521429044 4563.958720136115 3.0276064335937188e-05 0.034536748306290874
1.2617289237078333 0.46802707183032133 4682.676155931935 2.307303111272882e-05 0.034687565823238786
1.1981683755393524 0.46829343317198907 4196.407753743331 -0.00040576205487763623 0.01759492504046306
1.1981683755393524 0.46829343317198907 4196.407753743331 -0.00040576205487763623 0.01759492504046306
1.3764566382694952 0.49086072120792024 3979.647576726569 -1.3269025591150275e-05 0.03306427439097577
1.2905766278690578 0.501619278815189 4853.360536958878 0.00048579044906883176 0.03362963161652957
1.098722656414422 0.4771195224249603 4150.339856987186 -0.0004896764259822778 0.016611446504013923
1.098722656414422 0.4771195224249603 4150.339856987186 -0.0004896764259822778 0.016611446504013923
1.3100848401118328 0.4924961387196954 4304.313644721541 5.7300391873756274e-05 0.030980391662656682
1.1047635024148732 0.4780932988438373 4162.574919693308 -8.144692976018061e-05 0.017373290022781
1.1246071947478584 0.46785845288543276 4833.620469267991 7.764778583324008e-05 0.02059178412916058
1.2975722224834771 0.47297734633094485 4096.941989801032 8.272235104915121e-05 0.027330389020125377
1.3297257669908782 0.46875188752336266 4704.965592967579 0.00028212606083850313 0.03995946613217681
1.2101064163513686 0.49283297496777406 4023.9481310425535 -0.0005589818449652575 0.01549117836577636
1.1491795260082731 0.4785533423253685 4168.001645354357 -0.0007897744817207822 0.01639980546091018
1.2693748514660963 0.46504770984961186 4922.1672713634425 0.00034361680378329024 0.04054680030530381
1.2693748514660963 0.46504770984961186 4922.1672713634425 0.00034361680378329024 0.04054680030530381
1.2412154183077533 0.4732152860470052 4939.8185541370685 0.0003067534638806779 0.038189109928541264
1.2159059942337316 0.4707558282192971 4488.468708710088 -3.4646869718017284e-05 0.025845201573941448
1.1315072820490713 0.4573608163179079 4866.919595967087 -6.322391645455328e-05 0.03140178592383189
0.9788389325517473 0.46879411456428727 4817.573371047005 0.0001708167796171505 0.015407100540603381
0.9788389325517473 0.46879411456428727 4817.573371047005 0.0001708167796171505 0.015407100540603381
1.1390300893048928 0.48162076608550153 4281.9873821468445 0.00020127186538630682 0.016114376230481838
1.2978559787549488 0.4890003473332277 4153.209438077493 -0.0005815107362629145 0.025502234933359912
1.2619558448072374 0.49914463020197625 4836.631349653638 -0.0005912761257729514 0.03492628608495636
1.1445311313854825 0.4947683832991355 4269.735400558722 -0.00018869713765660453 0.017140161885471718
1.1365084354878885 0.47011247814206636 4164.372006246655 9.308078095904934e-06 0.01677671432965114
1.3340559134681658 0.4626798961553571 4212.747560572337 0.0002940020247638993 0.037575537317874434
1.2547509061044306 0.5098890544398734 4802.302724008264 8.558120473139039e-05 0.02368330742290234
1.0821253314798358 0.4758945608232708 4630.959599131659 -0.0012007985851294498 0.016374436022108238
1.1624342751661771 0.46199967650819196 4712.113470968742 0.00033519062677701003 0.027806307047535346
1.3254154040994177 0.49531450289082024 4806.245125194176 -0.0004639549292046361 0.02842728708651155
1.0706422035645475 0.46967643697072925 4142.935561739379 0.00027079794393269934 0.014886546654222892
1.1495493135034862 0.46331943692717453 4465.706746689196 0.00013452254371566162 0.019662159612338415
1.177079820597317 0.473636893161328 4971.370725673312 -0.00017954269570317268 0.026315352631378283
1.1442184071639347 0.47973568022712376 4252.910864905133 0.00024381639126667008 0.020800262559396557
1.3615545830739542 0.5168921828719193 4199.488640687473 0.000691803498444389 0.031178677748239333
1.1893404583896052 0.4616329908111775 4709.801826421832 -0.00023434283568146057 0.02146324486976331
1.2185494405068604 0.45209804025516437 4925.613948455162 -6.556192432756366e-05 0.03630726985509963
1.1641874521932665 0.4792173960656263 4995.352661126266 0.0005686656614825388 0.025985440705922788
1.1291976643067028 0.4898859527826566 4581.805382352921 0.00011711736890464174 0.017932215889440897
1.2005015376553907 0.4912109270106312 3985.784988490098 -0.00026158622504451906 0.016532121459994033
1.2005015376553907 0.4912109270106312 3985.784988490098 -0.00026158622504451906 0.016532121459994033
1.2655498884902496 0.5125723289897199 4719.443671465135 0.00015671586354001847 0.020302399733285098
1.337860906422835 0.495981803160802 4320.433888178394 0.000546388581110309 0.030473404992413508
1.1567462433248528 0.46510379686519165 4450.644726359462 0.00021729321202457747 0.02222631163102938
1.104392361244385 0.4716054094508862 4150.616562743579 0.00034491042620477544 0.017295724408213458
1.114557746601874 0.455280634226042 4979.795375789379 -0.00045785788634977183 0.01982412369800826
1.11816994964542 0.45291307531631936 4904.769083102144 -0.0007430017140788015 0.03166915512168757
1.11816994964542 0.45291307531631936 4904.769083102144 -0.0007430017140788015 0.03166915512168757
1.2861887650122394 0.4965895757151594 4053.223164650681 -0.00040845641222558675 0.026849563305805138
1.2553857375516544 0.5009476399733241 3931.2769395772552 -0.0002654419738277994 0.023772683511409057
1.260982630322597 0.463714808631214 4731.164072703781 -0.00015206921617339172 0.03388354487879339
1.3866304487505554 0.4828552016449574 4524.469166394397 0.0009857324356409933 0.0391663693131544
1.116083472497205 0.4623484051806103 4548.503941417439 -6.289002145073628e-05 0.020062861271774268
1.2876805376167355 0.470101988528751 4384.967498168531 -0.00045426808698000384 0.027479010865410408
1.2264559984846914 0.4633529122519901 4634.645941277681 0.0002527918100759639 0.030512989615166533
1.2016675470900704 0.4823760702435778 4853.57499144508 -0.0005183583836743886 0.018206449314623365
1.199074934272198 0.48194509544822095 4526.8067107346615 0.00025170923053268113 0.021350778096567016
1.242357504163901 0.46590376939408784 4755.27922526351 0.00026355504238310555 0.0338362574811725
1.1814732117372657 0.45755920272838424 4602.645082923416 -0.0007806085315980372 0.030647854947386043
1.2162051270522682 0.4890236638669295 4529.450982111434 0.00015769560662412966 0.024133066674246785
1.0126059319889382 0.460072525304552 4468.860160938868 -0.0001178352393494097 0.01575547659398864
1.2909221519939675 0.4664579943951424 4087.472921948846 -0.0005189279757865375 0.03437166216579346
1.241397691798937 0.4524131012037321 4491.0958993546865 -7.379867878832526e-05 0.03533405257343397
1.28094128471792 0.47225002547204603 4552.252923941347 8.094475641193622e-05 0.03590153272773818
1.1480067978749273 0.4642017114304857 4828.0768104334 0.00017531950004220936 0.028639656552102606
1.333430310795943 0.5009799356213118 4229.700442238013 -0.00018584433660824906 0.034479617477695595
1.1252507559638871 0.48630569404327784 4941.971615753821 0.0006444043911513103 0.016343446799896848
1.2095960401228358 0.4971726356268555 4193.406333549793 -0.0003902702381552045 0.022227205012060526
1.2716922109235398 0.484728118423269 4320.732628709251 0.0005485415392602994 0.02338095649161654
1.2817459939837692 0.48089273228150975 4603.343044549053 -0.00029451455214855366 0.030820820400655834
1.4340207125458315 0.48364859849210634 4160.419130852606 0.0001347338082900484 0.038763464642424146
1.35766854099725 0.46416379612930136 4169.633493876874 0.00035397244197945204 0.04213146848648945
1.1778367623960542 0.48010405076584983 4253.458510914925 0.00030465850801344416 0.021643766153846524
1.1778367623960542 0.48010405076584983 4253.458510914925 0.00030465850801344416 0.021643766153846524
1.336047623885794 0.48564449863214476 4196.127905518884 -0.00018202124414664104 0.031772125128728984
1.3555496674820198 0.4999978838594065 4603.658383179562 0.00014719261747498 0.038210651619606004
1.3555496674820198 0.4999978838594065 4603.658383179562 0.00014719261747498 0.038210651619606004
1.2639479271314693 0.4768827497839779 4677.412860285911 0.0005864508900873846 0.03178736960838366
1.1609068822339033 0.4842072561529197 4651.696193129254 0.0009183227808627977 0.02158007229848277
1.1523288457219454 0.47952860795379715 4782.598582644558 0.0005167362572354261 0.02090278599077673
1.333005026581864 0.48940007795126267 4083.153573331834 -0.0003056743908715421 0.034560055336453184
1.0761271702512103 0.47071619455587177 4635.1126833628105 0.0001358236935832753 0.016129175433055858
1.0761271702512103 0.47071619455587177 4635.1126833628105 0.0001358236935832753 0.016129175433055858
1.1220645092147659 0.49763651984250123 4826.167026031883 0.0003157069817591464 0.016267870030205526
1.316766077148611 0.48880984881529205 4612.82549443313 4.683627018605874e-05 0.02686143319907395
1.110822446088997 0.46054053358139535 4773.466013031296 0.0004930245466897565 0.016661693677325277
1.169372420121983 0.5039786978776152 4955.292041341945 -0.00026950552905720426 0.01666978498174988
1.3479333079045528 0.47986579446753097 4304.335325950538 -0.0004643343561214439 0.03691719000448901
1.3273576936667757 0.481657302525629 4092.764003431529 0.000461075388876178 0.03151988666150965
1.309093503837356 0.48124182749951583 4305.98998647197 0.00043739099187469643 0.033262932242397174
1.1027796207785618 0.46309120329647735 4679.022629501443 -0.00047707661001490263 0.01861744069805612
1.1441424353248857 0.47386146849142174 4275.6378087091025 -0.00017689204628675923 0.01834137139295367
1.2638870469886803 0.46727501450075576 4323.324368427793 0.00025014497706076844 0.027648803619478482
1.247012335196561 0.5113307826514268 4537.890947570451 -8.987121556746519e-05 0.01761144388965668
1.2885881329942586 0.48234494687667623 4851.338804194833 -0.0007776556710637701 0.02943731226197307
1.2661739587442336 0.4893078295659709 4320.8176636799535 0.0003582608150873455 0.022963525436785932
1.2661739587442336 0.4893078295659709 4320.8176636799535 0.0003582608150873455 0.022963525436785932
1.1587468649496944 0.45453343792587403 4974.975275864951 -0.00016188588692765964 0.025323863155720897
1.3490502702963316 0.4542308384248469 4424.284844939377 0.00012848586866569424 0.038450419862997694
1.1537571823621564 0.4816783357390883 4234.579098792381 0.00044975855056711184 0.016752505757507873
1.2115685194986894 0.47562460238238297 4371.865531753634 -9.857279372173552e-06 0.022432905286674
1.331301987599013 0.48547501356786515 4536.313275270346 -9.812401898014714e-05 0.041500242026326295
1.389537656219254 0.5020607392122778 4747.461028354928 -0.0004920768117972851 0.03738997161442946
1.0620051910872605 0.4526234699503648 4344.109503870594 -1.2733381774236424e-05 0.016666064448424348
1.1669323473837374 0.4609180415455739 4760.610564295203 -0.000275177510464617 0.02557239731023339
1.1460176976892753 0.46382316790358963 4577.572434169626 0.00021218832636499694 0.031769708379474834
1.3978170677785753 0.47181873418229225 4773.292049588329 -0.00016840172942797515 0.03808255413043882
1.2336372657218073 0.5025195501252504 4635.08671380596 0.0004493079831462117 0.020745857592992228
1.2479858123480583 0.4643342563009574 4849.928651829302 0.00016628703488583943 0.023738230948621465
1.154777039524666 0.4776435631072655 3931.764475196321 -3.2504056889817834e-05 0.016519271055507004
1.304823237642132 0.468049353268754 4933.70980397035 -0.0003369152648223123 0.03204791974088114
1.046735491055069 0.4551745702761391 4985.710452174288 0.00044480450422704074 0.017188087736315333
1.1864516094936954 0.48432947408912846 4817.666996713239 -0.00022848386207448678 0.02916230905001127
1.3207867860025702 0.4669954503269513 4270.599608132298 0.0003400246261684716 0.03790641168723707
1.4039152577820038 0.48384817075141234 4803.913291110055 -0.0002729577811845295 0.041977024106442384
1.1350989587100138 0.4624938473912268 4491.023325529984 -6.345706021633602e-06 0.01719744167869139
1.2206039186322706 0.46509613924942916 4903.647142944721 -0.0005543187452956625 0.03921180893214401
1.061338628318841 0.48333518521667174 4511.636990189877 0.00035630269056303624 0.015764199336464568
1.2369432748923836 0.4797738095967913 4351.057222696014 1.1550690637758432e-05 0.028631632204853277
1.1984350714749352 0.494936480571472 4947.849410111819 -7.511136234418244e-05 0.026671167502137702
1.2469885187148013 0.4891909620438505 4982.094391743869 -0.00024320024276579147 0.03411362449107031
1.2109254930805928 0.45062013836788994 4927.951677100475 0.00040038041308964613 0.03504072864708853
1.320227097518667 0.4834423967940032 4524.587060360348 0.0005892656018065861 0.042299839049640506
1.318483470286709 0.4727953336971231 4643.883881834705 0.0004455489125353583 0.031612636206223406
1.4026436513361429 0.47636490929684483 4585.8440961336 0.00021797942681698142 0.043281547403804244
1.1146811111996344 0.463578734661527 4428.264791760508 0.0005792318768106508 0.01811744784952015
1.3473656899999629 0.4741550703455465 4181.276446872273 -0.00019162314386920765 0.03700048518396609
1.2454601749391763 0.45017045771491343 4949.576622319583 -5.3661752600273375e-05 0.0351076375314177
1.239633604356629 0.472744404202024 4998.586815982868 0.0007425789493807937 0.038489919463518645
1.3213519162895189 0.4741606683845764 4324.910130116043 -1.8540849890051146e-06 0.0376275396739041
1.145375498377198 0.5025790914901274 4719.814288888369 0.00043493465360234016 0.016083412622705743
1.3448469531903426 0.46250057713724824 4818.348767068973 0.0008274933032063359 0.040080733484280665
1.1759239346012902 0.45604018683428704 4994.338028763384 -0.0005212955953507541 0.02918716085616152
1.2050442596101378 0.5061901716978043 4603.071596778009 0.0005317743342563219 0.017787090288592648
1.1027116313266896 0.4808887020904589 4815.966740563517 4.5264037421933694e-05 0.016099852043794584
1.2315935545922472 0.46140723173786397 4329.167849330289 0.0005305742957560504 0.03651788427581954
1.2105653056814052 0.46939113551224565 4453.299892419364 0.0003374175991015642 0.034907422216831095
1.2269774017950335 0.4717258232269899 4572.724555798837 0.000507401445262677 0.026951266587062414
1.2261511317913176 0.4670162399326341 4655.753228387282 0.0008690505176329792 0.03422919293952911
1.1246951857615184 0.47243915469455544 4921.538092688527 7.5971589394833595e-06 0.016172953933619647
1.3320611042039476 0.4806402538547647 4569.128489722023 -0.0006255390496803909 0.03606047802698936
1.2195173660280179 0.4526316641824406 4966.453737234888 -0.0003202965669669666 0.03475950683480906
1.3689570643865627 0.476145715149325 4510.687034018353 0.00018364574580840586 0.04130405221104746
1.0501708054178196 0.47407929955446754 4982.778844988554 0.00015026637050363323 0.01607961812981507
1.1950910023658514 0.4666122539881719 4862.43164936893 -0.0005848312082015712 0.024785824798917853
1.2623219879942338 0.4572544848670384 4731.080526041537 -9.072956266351615e-05 0.03853124832678427
1.1405240611186112 0.47900237172952076 4877.637436815892 -0.00037712987763964187 0.018377752964397316
1.281282254363096 0.48280643467143947 4679.715892377337 0.00047293097099916957 0.03821830026112391
1.2397482283265635 0.4738252167689118 4728.453041049941 0.0003243964422609553 0.039419835554366456
1.32042375774836 0.4623775540073017 4814.069811536189 6.399509434197855e-05 0.03610003396131385
1.3534522316704805 0.4645668224296448 4597.387325529962 -0.0012306717286093385 0.03731431224075658
1.0866238114761724 0.4613496735994885 4730.774659679516 0.00046481983492139363 0.018715119746229716
1.079471467933164 0.4702390914125358 4767.902196608058 -0.0001128532190328697 0.017115622926763843
1.2407096359333194 0.4581886423015592 4930.25612639683 -0.00024271726221798624 0.02775838841922528
1.316368162258919 0.47082718034733595 4568.440007404505 0.0002045370450855764 0.03701863172977041
1.125099638794179 0.4699025914379743 4871.085838100138 0.0003650493617868847 0.01716802265474458
1.1804065021023078 0.4697649599210237 4882.750769874454 -0.0003450301789178046 0.03146594969559656
1.322522540580468 0.5029893235869848 4142.595437096005 0.00014393516406750232 0.03210860141990925
1.3629138534712268 0.49247102406279253 4142.631834941508 0.00027044432180730547 0.03500855292355505
1.0641018505667916 0.4665967831863099 4911.820887257936 -0.00024366327323323321 0.015984672566260686
1.1394865606256435 0.4733664181828604 4270.046150708627 -0.0006348685089435742 0.01846740744064801
1.246685251990591 0.47657698151489025 4775.303330296439 -9.427316626941799e-05 0.028532575797654208
1.2889413031441834 0.5007825282391976 4095.240176087429 0.0003242394768135018 0.03059440343166922
1.3108776150999817 0.4981493270393736 4536.257131823766 -0.0001833454461587304 0.03441426114949319
1.1398119383723513 0.4603159719630365 4968.509008244791 -0.00012803657258804303 0.027148083147268756
1.1285203970814988 0.4673773749535568 4899.923112161991 -0.00036928386493297613 0.01953792400455665
1.2791291653975603 0.48691512677331655 4775.2093047620065 0.0007387503159955928 0.030214785713512868
1.298285664688736 0.4598259215213667 4536.899821709343 0.00047200068965906513 0.03646984521664913
1.2412518801261179 0.4765901719478133 4195.0728760000775 5.147997840564327e-05 0.029758216176658227
1.0810602729704195 0.4825898139220271 4926.551982011885 -7.820833970696723e-05 0.017063639672021562
1.245919880710121 0.5041864340659361 4899.732417996884 -6.303388062371598e-05 0.02615857685014198
1.2617926311621788 0.45567014983907017 4803.093493966383 -0.00035117783664225985 0.03190503741238841
1.1869643688172085 0.4800530684354639 4683.462222542281 0.000555089808149641 0.025410287146726343
1.2562744738508613 0.4980879483780367 4445.000100385499 -0.00036897276001214953 0.027176847386529278
1.1913038747363074 0.457330033213601 4966.45269281556 -0.00016788094570353938 0.02846455962128886
1.2467139671897485 0.4768857297476683 4838.010318793516 0.0006488585182806956 0.035313327253810756
1.1877494879617099 0.46545610280408733 4992.960509052186 -0.00017565486572414772 0.030354898804663258
1.1406292777478884 0.4799817970577194 4704.328632094627 -0.0006730034739505036 0.01856044534184557
1.354153055666442 0.482723372969698 4750.01423147302 -0.00031870821121929754 0.03924644019640899
1.2586488989808375 0.46547102472909946 4776.235992508688 0.000338145822170435 0.029682325496901644
1.2928305808332263 0.483208211090459 4300.884526866672 -0.00026130521074966916 0.030388219970257382
1.3077115883054473 0.48454396827110174 4840.098022093246 0.0005974674390935561 0.032234361690970326
1.3560730396436584 0.463681420792108 4249.2097010869165 -0.00036343286888740084 0.036180917657604804
1.2170460036486106 0.48084470210113023 4803.587422490649 0.00014927492048300288 0.018590565235694956
1.1174143830625556 0.4606346421180532 4790.487913347852 -5.386423540541165e-05 0.019333398194109015
1.176350557465908 0.4595465015748585 4964.091488296839 -0.0008762003900864489 0.02160164113283234
1.1620959961346926 0.46522626365606573 4914.57412323059 0.000755425935443251 0.02098917187622052
1.3494318643979937 0.5057257353685541 4039.4382461060327 0.0007135737374471691 0.03175153399271975
1.1328530994729111 0.48418615586364877 4767.853932447571 0.00033223666375828523 0.018590555908664205
1.3750203343720677 0.47343290235804064 4802.5224925799 0.00015753882955653713 0.04212623317802991
1.2825658464002578 0.5022470604021461 4615.82817266914 -8.742741142958314e-05 0.02942481811404867
1.2622080315578224 0.4753003751398166 4632.099159756197 -3.201053957794939e-05 0.02179043673160768
1.2482164916810556 0.4866354278264736 4193.008173494869 0.0003232073481482339 0.02537040872197535
1.3641271069811909 0.4944615093576768 4324.554503774263 -0.0002713358176345361 0.03645811866154225
1.2031064152426896 0.4755888159520075 4947.12887930762 -0.0009830087201572267 0.032591027286288474
1.3133003332303759 0.46765390963865344 4424.852741870346 -0.0004109375594089225 0.03172922898773981
1.206858274600524 0.5021905926989014 4930.820478470768 0.0002712789652219761 0.01794584174890832
1.2470821839994741 0.4744856668048293 4725.404068006828 9.335029392845225e-05 0.029479820715717673
1.3177013611090702 0.47901195839045474 4767.302616229861 0.0005378417933879408 0.0354538330723843
1.194584830380577 0.48908565519826436 4537.3108743248895 -0.00010730744607188281 0.015748052160254673
1.3403382799520345 0.46662538184540714 4306.155963065386 -8.479294563205577e-05 0.03493242160439276
1.2639615930605617 0.468951999224892 4832.615466498506 0.00038771061762379487 0.03241440758602707
1.175783372660449 0.4764056235502802 4039.5946934031494 -0.00038732830678569433 0.0161918263362484
1.134971047474252 0.46843512257371406 4795.07213362063 0.00022939626762036812 0.027144602248433174
1.280679938436584 0.46281208815173563 4865.2695089457275 0.0005946225880099126 0.03429349901878147
1.3686953034810796 0.4708109042175673 4405.457424392582 -0.0004606231401249545 0.033486538082177095
1.3890935988796778 0.4854728804440597 4850.8778620165995 -0.000451856165252597 0.04057539626570958
1.2416788174648057 0.4997884658559128 4674.235357271679 0.00020248222114682397 0.018642929916513618
1.083136822445415 0.4725794561508512 4899.998228912007 -0.00027570749415832486 0.01782770645989419
1.1595360909613386 0.4638587766800368 4915.694596326555 0.00021825242518569673 0.03015683866149637
1.3656497587385927 0.47963143852197815 4719.232798542352 0.00025975278055275636 0.04238697242590698
1.152116820540998 0.4652600678619667 4556.484893244085 0.00018962318817383332 0.03180566469686172
1.2513513584157325 0.48204902708798586 4814.926255038844 -0.00021474027386489782 0.029442551486654624
1.4253300985435868 0.49137915956573136 4750.217165789486 -8.724145736233267e-05 0.04093971205366665
1.3560837221208921 0.4607161007072196 4344.740987108935 -0.0004961955094036889 0.03614917512571522
1.2035096011516129 0.4589713427895646 4922.803866635075 0.00022578752916910908 0.028971818037092586
1.2147099609358043 0.48814387030429507 4784.4881559790065 0.00018817713164566703 0.02312219490351601
1.2293022882472822 0.4979024333400399 4510.552892469403 0.0009534047788887092 0.02083897042399428
1.3606815831674526 0.4956885352889932 4747.326092025145 0.0002520764830815634 0.03714985602002987
1.3285958653079717 0.4651396313087446 4306.399242632782 0.00043046088557832554 0.042009445363940794
1.3445453824614853 0.47148838480517774 4933.491469185323 -0.00019090596014012675 0.03604864395717469
1.2384404880422266 0.4829910136906526 4551.396705054545 9.059911995127644e-05 0.027775640603125352
1.232382604223453 0.4790109786129519 4953.951140902268 8.865116437455469e-05 0.030066577550389117
1.3284599628358944 0.4707413730231331 4796.686062686163 -0.0005347017649815491 0.03838752350847646
1.2938916209650722 0.485594271567955 4445.880096735878 0.0004662015112207126 0.029536772387684918
1.238603165719449 0.4910498957370818 4229.474514447322 -0.0007112898406028488 0.01926278037748811
1.3391480266411793 0.46866081511984875 4814.278448057789 -0.0004775921018061638 0.03820753837883198
1.26702291892977 0.46512824059617086 4698.991263165393 -0.0009180581113689042 0.03321908270467536
1.356511765380273 0.4964893732982796 4747.93738048957 0.0001194489085421349 0.034124694529734406
1.3803799030645794 0.5049520296318686 4643.838702206083 0.00018741366816380582 0.031153735056868956
1.3933823602541158 0.5074849523890272 4566.395392853768 0.00013367062794879616 0.03521909448820823
1.3327113404581208 0.48738113374992365 4536.75633934227 1.1488717769094744e-05 0.03400356908463402
1.2975413413621735 0.4884893266550591 4592.130701101798 0.00018825362353762031 0.03441272551959857
1.3298805150591426 0.49477662312927945 4774.963218904189 -0.0003087701153187524 0.03215942289509564
1.3535592581688185 0.5075912365921188 4849.065390377937 -0.0002200734061629626 0.03750655123117379
1.3535592581688185 0.5075912365921188 4849.065390377937 -0.0002200734061629626 0.03750655123117379
1.3955490875412155 0.5031920897130863 4849.534863764077 -0.0002821266712024454 0.03631208230061645
1.3609007530829536 0.48838339684951526 4566.777600483091 0.00032689370794942296 0.03517874403587753
1.3515945992337923 0.4976134912421086 4643.832771937227 0.00036391960610162455 0.03099424138607031
1.3515945992337923 0.4976134912421086 4643.832771937227 0.00036391960610162455 0.03099424138607031
1.2729276662172242 0.49395217238962064 4445.557398803587 -0.00023960387017585614 0.028390138539319015
1.2993316012969667 0.5002850824924165 4615.9381155321635 -1.5071609822801125e-05 0.027290061985785284
1.2917677992689967 0.4896319046464819 4442.591050950859 -0.0002906202514609515 0.028327447284881253
1.3109267521716035 0.49216924146988167 4526.334159759219 -0.00013974491920233515 0.030962621652187206
1.3109267521716035 0.49216924146988167 4526.334159759219 -0.00013974491920233515 0.030962621652187206
1.2603814755683471 0.4810630343402133 4511.677787119742 0.00015261273709442504 0.029929773880367792
1.34912614072538 0.49788899007924226 4468.277844411407 0.0002072530253094447 0.026129380496416305
1.3490235774930217 0.5088379293974483 4468.141915129027 0.00040549060512735035 0.029185376692434654
1.3892893691238115 0.4968837096758316 4427.46869426014 -0.00012189442209942729 0.03925987400917888
1.2872570032170645 0.49252738474902547 4120.257579017155 -0.00010721863092165891 0.028517469877866214
1.330063205539574 0.49890208636176714 4249.221718607829 -0.0005654220089051422 0.03238777534668992
1.3824428763322132 0.49621539846167645 4249.181462315738 -0.00021180317517424896 0.03720547316042114
1.4228800403969704 0.488457724947257 4153.776479252208 -0.00038719211373132646 0.038493169225868595
1.3412797285547542 0.4806429574191652 4306.973483995109 -0.00043734509033922553 0.037144490545043124
1.2300562350610467 0.492042720137325 4056.7929682875015 -0.0004734823372179323 0.021489523285949375
1.3544397552505518 0.4903337688302899 4249.341609499464 0.00010461315953150428 0.03860850679671309
1.2982572424002057 0.4920975959765967 4249.170845507942 0.00011744341178802385 0.029871503481392746
1.3415840518870887 0.5005336635066016 4300.038211829466 8.944932325779648e-05 0.033627110278003775
1.3415840518870887 0.5005336635066016 4300.038211829466 8.944932325779648e-05 0.033627110278003775
1.3369101270725676 0.4902814388666052 4199.242922501997 0.0004478762099785356 0.03514074540413763
1.3026187440094659 0.4841537353619269 4849.715247234919 -0.0001196101503507087 0.03833001659063938
1.2724003684382394 0.4862862112422355 4794.629387382283 -0.00031904736085252113 0.036992909377747206
1.3521395934891927 0.496196073698901 4933.897153416157 -0.00029629780074247027 0.03793860868795102
1.3207842404425656 0.49310880385030825 4840.963547554282 -5.5582550640885364e-05 0.036457329885526246
1.3630694667731076 0.4768102762099794 4803.632476788768 -0.0004592590517067434 0.04033890434211461
1.3766419486039738 0.46572091982110475 4536.261397763506 -0.0006024289236900511 0.0420764295915583
1.3310669752118032 0.47941766227968885 4598.637579489059 -0.0006219400830043007 0.035845053016140035
1.349253878731393 0.48084029775577153 4849.967634004935 -2.347252461431447e-05 0.04187936109932383
1.349253878731393 0.48084029775577153 4849.967634004935 -2.347252461431447e-05 0.04187936109932383
1.295681234440473 0.4775463817566014 4964.43193204489 -0.0002182626703767368 0.03691389342467369
1.3485906143964965 0.4777783835951941 4427.978694387697 3.0078789319624333e-05 0.04060537883406315
1.3459653965963887 0.4810286214853028 4803.087591706719 0.0002717800871968286 0.04022276142778803
1.3459653965963887 0.4810286214853028 4803.087591706719 0.0002717800871968286 0.04022276142778803
1.3252951469348764 0.47414441360050413 4803.346028826681 9.577473985312245e-05 0.03893073409016924
1.3252951469348764 0.47414441360050413 4803.346028826681 9.577473985312245e-05 0.03893073409016924
1.3574285063272877 0.46415527804053364 4536.072354424678 -5.62950341185869e-05 0.03860820318307587
1.3214520538314167 0.49393343179466886 4926.317777213896 0.00010979184156436308 0.03676224963763047
1.3214520538314167 0.49393343179466886 4926.317777213896 0.00010979184156436308 0.03676224963763047
1.328000758804925 0.4834617973330958 4849.994767513019 0.0001410115872517079 0.041563935105642075
1.3581364880120752 0.47029194360273363 4249.359959370136 0.0002990342299183518 0.038865892545743706
1.3329887191895726 0.47008739679884776 4140.386229338436 4.444651038001597e-05 0.037674022925404796
1.2780838638011005 0.4723563611588175 4741.368191528423 0.00014908392158015572 0.036197455382524515
1.3131106774592067 0.4797838673067772 4615.831255184643 0.0005425768626038178 0.03542742949801969
1.2640018875256511 0.45851013870604146 4663.994236250082 0.0007589097033847067 0.04184938888477506
1.3029213341187318 0.47136436920310093 4802.892582341525 0.0004414243632140922 0.03711309078422486
1.3145156230019333 0.47080685445691556 4511.205075068947 0.0010312764321130491 0.038791249624915106
1.306211475301717 0.47290665928584597 4933.295599964863 0.00037442663948697734 0.03477361853776603
1.2756500437988012 0.4612736635795189 4836.905124397003 0.00019337378300180743 0.038141917169119965
1.2781886619188472 0.46952539175789415 4814.073614543625 0.0001918144038621214 0.03295286407647145
1.2429552873499752 0.47569290146786214 4964.166903958374 0.0009333948342864437 0.03243913939121939
1.2254701668603372 0.4626682693613302 4902.118948218248 0.0001020031662559138 0.0378835699187583
1.1945263880467916 0.46776905106467664 4980.087193577763 -2.2270008957864363e-05 0.030791146614265796
1.2546634144052087 0.4631675880020842 4984.841294996855 6.872205158849053e-05 0.03963712588669952
1.2037434548124835 0.45767571144339403 4984.461262730181 -2.996546739657093e-05 0.03012406528957403
1.172022597134855 0.47475268720401603 4817.525763801557 -0.0008542473244093541 0.027880555695194514
1.279730275079109 0.4878598535889015 4802.490073779081 -0.00040690100161538327 0.02681115818786333
1.278375297710222 0.4630246198844481 4803.8599868947995 -0.0001991208578109186 0.034043272931346444
1.2178274178483313 0.4779354753196708 4984.86589610919 -0.00040942638289593404 0.0331793869245637
1.216897305014572 0.4690884688537735 4811.141421990162 -0.00036937460215016817 0.03160513304233221
1.187192293647307 0.4572629369543608 4663.19686675954 -1.0818325433730237e-06 0.03266109794365092
1.2179009315473044 0.4810934122535764 4826.62963895358 0.00036261074447405724 0.023997332401396638
1.2438567352383796 0.4798725294983685 4853.949702876043 0.00018537145713411012 0.025890600562654353
1.172220193582886 0.4659017158707125 4797.191688531396 0.0005122381584377331 0.025238868673020755
1.2220096400626832 0.47111882206508016 4899.03372410091 0.00022847866506322745 0.027197625744539024
1.184705806769018 0.46491600889463136 4975.490096644772 0.00018032505410253583 0.025857415174178493
1.161470008303089 0.47568248071161456 4968.812482210338 0.0016046842593584242 0.02455018669244497
1.2010617157895962 0.48583921580626727 4827.483096135186 0.00033121175414972193 0.029288818063846873
1.1984972938001766 0.4697394960445501 4832.752887035883 0.0007919245518933233 0.02591649503009911
1.1215675355208248 0.4745838684646447 4960.703809704556 0.00013758356641784247 0.01680208977507143
1.159925612793368 0.47649338370134664 4719.938714212322 0.0003227070964188386 0.01598327428016364
1.1570790714085053 0.48352104566864335 4802.751461920038 0.0008612225013629068 0.018158204156292358
1.143740420362477 0.47555334034328606 4668.22287843222 0.0003815008212153994 0.01638849860813678
1.0940197380573824 0.4735452983741232 4817.234716747268 0.0004172565579184668 0.01777330514855659
1.1726693129407477 0.48099074122654606 4969.548104527648 0.000528458581848133 0.017393034171460684
1.2433494012297746 0.5039111343254317 4468.322611463892 0.0002891640457880209 0.01908778374280266
1.2624844036294276 0.4941347577339281 4643.550316506506 0.00014137057428290827 0.021407170797902195
1.2624844036294276 0.4941347577339281 4643.550316506506 0.00014137057428290827 0.021407170797902195
1.2624844036294276 0.4941347577339281 4643.550316506506 0.00014137057428290827 0.021407170797902195
1.1420247666157857 0.4830216893755776 4803.410708018405 0.00011083374618586977 0.017712525414600385
1.1723193797792217 0.4859807481058841 4445.796083284659 -0.0002472534080027691 0.017178897381294345
1.210986172730888 0.4779286982262117 4566.161104225756 5.6738729858242915e-06 0.01845460000430597
1.1065935604573838 0.47707480476630043 4344.474360287703 -3.4804532140505796e-06 0.015827230756618616
1.1661570015838671 0.48177464263373837 4636.824193341519 9.136210284508484e-05 0.01744199830463806
1.1836211461564616 0.4688816071577264 4836.186269094804 -5.499448451476669e-05 0.0245656904411304
1.112371211831371 0.47645477700142086 4978.943365168759 -0.0003409674499715402 0.017839407500185835
1.1601011690091578 0.47333898919131606 4804.0312796291255 -0.00012915466036165195 0.02204746936703569
1.1618888921482484 0.487062431302568 4802.709537565998 -0.00019005222604130228 0.01876621511501722
1.1699449236571895 0.4907292410920275 4803.831273055222 -0.00022202035688602867 0.017684816303505067
1.1536919285989835 0.4846935468844506 4566.061056436446 -0.0008096248756628424 0.015878865366014135
1.0970101546198787 0.46915030079124054 4777.380934994462 -0.0002958238366838274 0.016860703617155706
1.13249473510709 0.4745789745675168 4872.698655463034 -4.567744433251948e-05 0.016598551909025747
1.240608816285257 0.4703692224596262 4806.875137578779 -0.00036102929229253226 0.02290351846985862
1.204119022516567 0.48275165332577163 4832.279383954582 -0.000216789756682992 0.02539668263061194
1.2431302754893983 0.49274111708396845 4926.129303661628 -0.0002340568195527657 0.022826829810307203
1.2431302754893983 0.49274111708396845 4926.129303661628 -0.0002340568195527657 0.022826829810307203
1.2657128247093437 0.49359552585756955 4802.946679104502 -0.0002722549101095404 0.027299957345320376
1.2722328674759742 0.49374334751599536 4635.73968058685 -0.0004179821884198334 0.022989200441413754
