    0.133734202546620029E+01    0.657771196222643351E+00    0.485568600739970952E+04   -0.555474050548143607E-03    0.776336936752482165E+00    0.183454872004104796E+01
    0.129153716080744707E+01    0.702495763008159635E+00    0.452583749849761716E+04   -0.162674844646213724E-03    0.744830083353869021E+00    0.273994683971025399E+01
    0.124559497903572280E+01    0.616101850344239588E+00    0.498472935563635201E+04    0.664951867452584099E-04    0.443797311089463742E+00    0.297346558839540975E+01
    0.128411911940203471E+01    0.544048111616127206E+00    0.468622636227024032E+04   -0.179976129646380558E-03    0.610119222281380047E+00    0.416465406962712414E+01
    0.142746075007781581E+01    0.569609655085093314E+00    0.455281496168810736E+04    0.267201612144279445E-03    0.577958981563513774E+00    0.450111144716387468E+01
    0.126979406669888428E+01    0.671342595490203697E+00    0.412721731850763626E+04    0.183936618569642091E-03    0.453139984077965685E+00    0.452404579666268258E+01
    0.146484020957606220E+01    0.650846117903689292E+00    0.459721842245232074E+04    0.549754830836846758E-03    0.690711376247336473E+00    0.474265908206051989E+01
    0.144195086931746008E+01    0.679273774651969586E+00    0.464956882703972860E+04   -0.610469691439396826E-03    0.906013869874504163E+00    0.489333139121817950E+01
    0.888261430620148729E+00    0.623261710864719709E+00    0.445799094095836790E+04   -0.449597522429673468E-04    0.224630548739503055E+00    0.491901866187961634E+01
    0.128331903104054357E+01    0.606059912325601746E+00    0.485888396355090117E+04    0.233447115671008981E-04    0.540182819936491754E+00    0.497628127247661567E+01
    0.150586862457169701E+01    0.577961322101380737E+00    0.420695506096435201E+04    0.356343771282018680E-03    0.582621076385250625E+00    0.501946497420128068E+01
    0.886207800667092926E+00    0.604807131295831635E+00    0.414608019573444381E+04    0.345693892787796923E-03    0.221743479812974098E+00    0.517553647524781724E+01
    0.116733528066540249E+01    0.707575611024259921E+00    0.459769398730757348E+04    0.236396236946817383E-03    0.259417660793453464E+00    0.527696637254277334E+01
    0.137652974635193970E+01    0.657294437134865239E+00    0.472875367833391101E+04   -0.232857524415039927E-03    0.752369118158658368E+00    0.531104138826892136E+01
    0.136618869911083562E+01    0.569139634205144684E+00    0.420043349372683497E+04    0.316912037292858340E-04    0.573798329193952572E+00    0.535993099611269308E+01
    0.145153543457299072E+01    0.628804800292774080E+00    0.472557613408730231E+04    0.318940856129964210E-03    0.730707132537259496E+00    0.543498656090188170E+01
    0.131090511914557961E+01    0.614105241586165640E+00    0.457120122683514910E+04   -0.636202325062991164E-03    0.630223757562927256E+00    0.544467558725835410E+01
    0.128861646856698320E+01    0.601544938033358401E+00    0.429693334502145080E+04    0.458854138224462727E-04    0.653766188274935822E+00    0.544518307390591261E+01
    0.147167619992215126E+01    0.658135650829829166E+00    0.440572652629351342E+04   -0.109592666820369772E-03    0.789800254964271420E+00    0.547066227640858571E+01
    0.132737440702367704E+01    0.604431241271232156E+00    0.479876119720279166E+04    0.660542565476045945E-03    0.517593074012536958E+00    0.552289131645959763E+01
    0.136200308823822436E+01    0.707839884590702684E+00    0.425911031801442914E+04    0.438388546825164608E-04    0.974960664243161412E+00    0.560526164324926057E+01
    0.146540256504021538E+01    0.685228955022100683E+00    0.458986108574406626E+04   -0.477969376479137271E-03    0.815213134914764881E+00    0.572970334505084367E+01
    0.142748389705012979E+01    0.657177493663283041E+00    0.453721174757528752E+04    0.155228912351891801E-03    0.664993833823977809E+00    0.574765260023437019E+01
    0.135611944206908630E+01    0.596818538005046584E+00    0.446782065002861691E+04   -0.187629021660107900E-03    0.604571456191806633E+00    0.576406589183536866E+01
    0.128797620727796414E+01    0.640809785959648215E+00    0.483696324928314334E+04   -0.870220129350867256E-04    0.463980922754796077E+00    0.581161972627629808E+01
    0.111123445388465969E+01    0.612877172708930829E+00    0.457567008819878265E+04   -0.460086788177999076E-04    0.267309776928262632E+00    0.581789901859851355E+01
    0.143674201676061974E+01    0.718130628695525575E+00    0.465703256073037846E+04    0.639576129452679252E-03    0.909087574651388342E+00    0.584118038063254374E+01
    0.141333453592786307E+01    0.641180708758300910E+00    0.424342733925509674E+04   -0.403178312754213174E-03    0.659854602640428611E+00    0.596720027779777062E+01
    0.113692304183332649E+01    0.623331911116915549E+00    0.480625868034798259E+04    0.102160275319577572E-03    0.255024410769827459E+00    0.599830293356175748E+01
    0.123323888693233097E+01    0.604084504090570462E+00    0.489492087466890553E+04   -0.215598505939135400E-03    0.552987055455995469E+00    0.604585943490660860E+01
    0.142552471006773374E+01    0.642687757862236642E+00    0.480611587478574347E+04   -0.371986269415904719E-03    0.743805111807778419E+00    0.605630393623787988E+01
    0.135584812229780760E+01    0.676939214784573973E+00    0.421095863779180399E+04   -0.607370589454605441E-03    0.648251330130344083E+00    0.607156663473239178E+01
    0.100722439565904720E+01    0.584995050907765268E+00    0.498732143230804650E+04   -0.912451538350290015E-03    0.216073067411231445E+00    0.610423475038386165E+01
    0.106521643074224825E+01    0.611331825616092228E+00    0.492131687066813083E+04   -0.229048957199913251E-03    0.221319097988238844E+00    0.611282983794017021E+01
    0.110238730349409186E+01    0.603778583516974221E+00    0.453853433465334820E+04   -0.555363829675092248E-04    0.273649287378938788E+00    0.613534047690136486E+01
    0.129279331468510472E+01    0.586582776086920887E+00    0.457549937203700574E+04   -0.285140050706670658E-03    0.626231424278171245E+00    0.617628929610414890E+01
    0.120177291620470816E+01    0.606418061026476884E+00    0.452248131667291636E+04   -0.145822883745671872E-03    0.335934866531181875E+00    0.617916257510631439E+01
    0.130768937654685824E+01    0.573039194503929150E+00    0.498012589440902684E+04   -0.478805164310850185E-04    0.614371155756020304E+00    0.623052700240328505E+01
    0.136883875126322563E+01    0.614553152620005094E+00    0.452718469189411280E+04   -0.146909777922890410E-03    0.574909272508463909E+00    0.626234512483873029E+01
    0.150586688518524170E+01    0.608178302645683289E+00    0.458591250729560852E+04    0.331360004453625618E-03    0.645629465579986572E+00    0.628010622664852924E+01
    0.137218874269903734E+01    0.669916425200421051E+00    0.460575798586455403E+04   -0.274575854900575291E-03    0.761994108752129362E+00    0.628992078690333400E+01
    0.145626054321887999E+01    0.642673113879486335E+00    0.471762819748201946E+04   -0.313146733540798768E-04    0.761241202873435996E+00    0.635644334166021352E+01
    0.136281227625975676E+01    0.582977457743018901E+00    0.426041426820438664E+04    0.637317416928143577E-03    0.607937803636380281E+00    0.636216850019198965E+01
    0.123378843809478744E+01    0.587851612609927243E+00    0.454458239278332894E+04    0.381966420123266114E-03    0.542087090525533166E+00    0.636650393035933959E+01
    0.122804629782392261E+01    0.590912510238943534E+00    0.439701921979825329E+04   -0.528242452576705985E-04    0.564944453098826793E+00    0.637833602600835281E+01
    0.127497173744384895E+01    0.564923807991711158E+00    0.479284067885838249E+04    0.653156422608197249E-03    0.579446348654036436E+00    0.638006349488607327E+01
    0.143906286000773509E+01    0.611215051057270031E+00    0.420325503804077925E+04   -0.178535266214911265E-03    0.632656602488815500E+00    0.638920089712115669E+01
    0.128939560975059542E+01    0.673365607199145400E+00    0.447400012534628604E+04   -0.554793028190068158E-03    0.414949454959527453E+00    0.642358080160260592E+01
    0.107797914743423462E+01    0.628902032971382141E+00    0.499469554817676544E+04    0.242676434545643140E-03    0.224435746669769287E+00    0.643227241221013202E+01
    0.119077100517418066E+01    0.662254325895094476E+00    0.490072226430249702E+04    0.128366821917952264E-04    0.350935227819131668E+00    0.643228220330467337E+01
    0.130524024833581143E+01    0.569787380207977368E+00    0.486631118620251436E+04    0.190635976811388781E-03    0.577491552761596472E+00    0.643413102886586241E+01
    0.113346199189585928E+01    0.636939630063364071E+00    0.425396129287520398E+04   -0.780113254304722493E-03    0.255937176007419387E+00    0.643702453964331056E+01
    0.152722674072543674E+01    0.574757825744072748E+00    0.427288755884430157E+04   -0.137777622805322728E-03    0.579056505336744909E+00    0.646165890037004775E+01
    0.107839038372563634E+01    0.621144806205058186E+00    0.450867195588460163E+04   -0.123118790867564820E-03    0.242409069481666961E+00    0.647329573572396200E+01
    0.946321707719793404E+00    0.598849823517743629E+00    0.419734148257796187E+04    0.185554727731117628E-03    0.224624459380319164E+00    0.652019905811692624E+01
    0.145395685775091454E+01    0.618530718779578104E+00    0.425682748830397850E+04    0.574349259280350377E-03    0.658182404347963379E+00    0.653983045835494003E+01
    0.122944690820166391E+01    0.622072595333557965E+00    0.447606260389315412E+04    0.353348763417256134E-03    0.306842790357743700E+00    0.654972431069671668E+01
    0.142901242031271059E+01    0.616621857178855204E+00    0.436863777470206787E+04    0.784459771501494626E-04    0.660715547406159232E+00    0.655347161417517476E+01
    0.993967459945231502E+00    0.598749216039937471E+00    0.493986908267830495E+04    0.250677634653864603E-03    0.239878173832714425E+00    0.656545393672526245E+01
    0.120899248766529732E+01    0.652261220455527591E+00    0.482905779890634039E+04   -0.829672706955027011E-03    0.413820607923498840E+00    0.658427980989010919E+01
    0.135189233804011710E+01    0.646412435341484404E+00    0.408977059125659343E+04   -0.174030996136085279E-03    0.500804689866584551E+00    0.658637930993920406E+01
    0.134685657316952523E+01    0.655927130865454844E+00    0.455767458777921274E+04   -0.451400161384884536E-03    0.470790659828617564E+00    0.659452886138823402E+01
    0.114230513750603357E+01    0.683510054677047507E+00    0.484316982289352654E+04    0.192883128926613366E-03    0.257016326710778509E+00    0.659635879184958540E+01
    0.128889065850347340E+01    0.582529297538850965E+00    0.496161969656231031E+04    0.664898429459740965E-04    0.621385522796227940E+00    0.664059176040521759E+01
    0.109590696080572569E+01    0.607487331852074486E+00    0.474746386526525566E+04    0.385244730418071471E-04    0.238940944377570352E+00    0.666471695960847743E+01
    0.130015245536427604E+01    0.571730324174141380E+00    0.491519897750460768E+04   -0.352732614124934795E-03    0.591534941782685064E+00    0.667679923798994501E+01
    0.135714186499552514E+01    0.706111730642360325E+00    0.410482468837665601E+04    0.555906438370218597E-03    0.631523326327098511E+00    0.669807700715164156E+01
    0.141882456316899086E+01    0.619442078895153569E+00    0.481045076132895156E+04    0.660582814542672514E-04    0.639619478727465940E+00    0.671174069337239665E+01
    0.143023581822023904E+01    0.632199251732909473E+00    0.399225128801185656E+04    0.559706215326808993E-03    0.697427060645820607E+00    0.671791093748474477E+01
    0.135590698822084432E+01    0.644624077606079093E+00    0.492316668357515482E+04   -0.493964623827941617E-03    0.729583572311552575E+00    0.671835049356348790E+01
    0.128905775749750129E+01    0.604509050329137931E+00    0.403587260714135800E+04    0.130993908342397170E-04    0.514992863540972401E+00    0.672570216513994534E+01
    0.120652489402125584E+01    0.575314680327793426E+00    0.443708718445291015E+04    0.172955467301814486E-03    0.548499176216378559E+00    0.675755055826927098E+01
    0.111350109252565987E+01    0.604802797678820836E+00    0.469378800472749299E+04    0.103886982732076570E-02    0.254536282817901027E+00    0.676063762588083961E+01
    0.111592037659378840E+01    0.672313605203270437E+00    0.476186317304348722E+04   -0.566397550906070171E-03    0.265903747986749373E+00    0.676477884921019701E+01
    0.128803271827523846E+01    0.589473668593692546E+00    0.479565646990147252E+04    0.245074378994854832E-03    0.655560490855435996E+00    0.676617728254976925E+01
    0.144896421684739951E+01    0.651446164653456949E+00    0.463316582215180188E+04   -0.339143542831023596E-03    0.632410904882218849E+00    0.678552192587099690E+01
    0.124888405425767557E+01    0.610995787726413386E+00    0.461699771502701151E+04   -0.180841515673556914E-03    0.614906042576991108E+00    0.679072828161828213E+01
    0.136194240060822214E+01    0.572624277158208184E+00    0.467770695218716810E+04   -0.764425148829675147E-03    0.569552667549845903E+00    0.681508261268874715E+01
    0.141589830553987195E+01    0.662669828318846799E+00    0.498372264785877633E+04    0.587419088595465540E-03    0.777443594235201596E+00    0.682547922055222678E+01
    0.140441542765220229E+01    0.535559355048603969E+00    0.424475591924319360E+04   -0.231975043829780883E-03    0.586321473000733562E+00    0.683168099190152844E+01
    0.128644407729602972E+01    0.619659718928206482E+00    0.478399496404692127E+04    0.129701473306534072E-03    0.573078405934688728E+00    0.684552157219940582E+01
    0.129573704809216106E+01    0.641169244200680888E+00    0.474971998785314645E+04    0.175167568851417521E-03    0.496457267070552211E+00    0.685440468557399818E+01
    0.136518008797604229E+01    0.579347966965009009E+00    0.401761524333054194E+04   -0.440141607354152010E-04    0.629480313236639777E+00    0.687113451150218069E+01
    0.117357374245555590E+01    0.616177226865326388E+00    0.421831631605726670E+04   -0.481160250040177427E-03    0.263972545619947263E+00    0.689086476381597723E+01
    0.134490480311250060E+01    0.665504294756732229E+00    0.436505108046331134E+04    0.263943347805030534E-03    0.644648890275035580E+00    0.689125445912087109E+01
    0.133991753236524080E+01    0.649048211593668434E+00    0.499310197777141730E+04    0.142449086467818018E-03    0.720027158794707356E+00    0.689370317775689045E+01
    0.110576190938349739E+01    0.626975679941231601E+00    0.467842767333748725E+04    0.241647835552957172E-03    0.274567888364543489E+00    0.694804476626763101E+01
    0.123388917498576012E+01    0.635458495872304407E+00    0.499376754875255756E+04    0.469045568997981835E-03    0.463738546986363298E+00    0.695315014626762018E+01
    0.145952173612296177E+01    0.567669136109049566E+00    0.456948453463541591E+04    0.240638401223268174E-03    0.624994517216648893E+00    0.695895803199928231E+01
    0.144460089858103036E+01    0.645691316794161141E+00    0.464320891695718183E+04    0.889423276619496594E-03    0.713778055698102931E+00    0.696033157312876938E+01
    0.144460089858103036E+01    0.645691316794161141E+00    0.464320891695718183E+04    0.889423276619496594E-03    0.713778055698102931E+00    0.696033157312876938E+01
    0.124921577743478407E+01    0.612709801455227687E+00    0.424699460525234917E+04   -0.170945075034715323E-03    0.656079041401067986E+00    0.696200689812257600E+01
    0.131943985061431901E+01    0.682339581024674846E+00    0.491400584449507278E+04    0.295559372993726705E-03    0.687344681395225754E+00    0.696420372219590522E+01
    0.134359673763018872E+01    0.588121737567293135E+00    0.497642571460525505E+04    0.166238372716779806E-04    0.645720968620649538E+00    0.697715153654730180E+01
    0.132084862028352923E+01    0.590155099321500232E+00    0.425521305342044980E+04    0.135899738134541724E-03    0.525333788066291607E+00    0.699356786252157114E+01
    0.140966101592780113E+01    0.627908822405521261E+00    0.434624740294631465E+04   -0.251778799490995475E-04    0.683852754608661795E+00    0.699810921427999588E+01
    0.143715022045466378E+01    0.597209180468682321E+00    0.421283443716916372E+04   -0.326100188877397133E-03    0.635361700121025441E+00    0.701938312584812962E+01
    0.157824255259279589E+01    0.648044326606256771E+00    0.474702999332875424E+04    0.339320387620693136E-03    0.761923354827198862E+00    0.706159831654563863E+01
    0.133358035702952704E+01    0.579713750547899420E+00    0.472879563746198983E+04   -0.235155163142955926E-03    0.643022649574005900E+00    0.707310473389031280E+01
    0.116466276465777163E+01    0.631171601853777187E+00    0.490119599805052167E+04    0.542635777654984649E-03    0.242414958441597272E+00    0.707447907605103588E+01
    0.130149301080072988E+01    0.658054526851699517E+00    0.412728925397957573E+04   -0.367102040222912345E-04    0.513811509303847558E+00    0.709337874041241356E+01
    0.906348705712043512E+00    0.582281457099308564E+00    0.499970013368754735E+04    0.649861675660131418E-03    0.229365091966343304E+00    0.711228380654599945E+01
    0.141848143483853306E+01    0.598902402796245514E+00    0.462402764718602339E+04   -0.160952972228405055E-03    0.641290298747232201E+00    0.712318650194873371E+01
    0.123576474934161196E+01    0.691697353307607288E+00    0.473606805585060283E+04    0.610533580004264469E-03    0.510626505622931326E+00    0.714443479828276118E+01
    0.123576474934161196E+01    0.691697353307607288E+00    0.473606805585060283E+04    0.610533580004264469E-03    0.510626505622931326E+00    0.714443479828276118E+01
    0.119940636275647794E+01    0.680339345613940938E+00    0.465169209732138552E+04    0.299362219887129783E-03    0.322840601963786111E+00    0.714931360934265392E+01
    0.134707037004987740E+01    0.618907787933469455E+00    0.468674608088996138E+04   -0.848399211810012678E-03    0.653344540162865695E+00    0.716453955711685264E+01
    0.134707037004987740E+01    0.618907787933469455E+00    0.468674608088996138E+04   -0.848399211810012678E-03    0.653344540162865695E+00    0.716453955711685264E+01
    0.139091980715186336E+01    0.601556781580312006E+00    0.439580217694110706E+04    0.330035895798758041E-03    0.646108774965043486E+00    0.717542163613344819E+01
    0.100895804083053697E+01    0.619444999401216889E+00    0.407765330095664467E+04    0.547354973533750147E-03    0.239294783919975385E+00    0.719492257761541154E+01
    0.100895804083053697E+01    0.619444999401216889E+00    0.407765330095664467E+04    0.547354973533750147E-03    0.239294783919975385E+00    0.719492257761541154E+01
    0.137793170409881283E+01    0.718724769862364332E+00    0.453709071352170213E+04   -0.233231652443306281E-03    0.647935146211183755E+00    0.720115285507563208E+01
    0.136751753002893528E+01    0.599213014849457437E+00    0.478439448304905454E+04   -0.249440838202783926E-04    0.667012556710038673E+00    0.720499827790364833E+01
    0.114747712475300601E+01    0.640488125940806174E+00    0.451630870709385090E+04    0.243975675502899989E-03    0.262001720526021220E+00    0.720896249190772220E+01
    0.129237319998961175E+01    0.616482325507611950E+00    0.442891869467322977E+04   -0.772601465940290621E-03    0.473474443712104121E+00    0.722730518543621159E+01
    0.133598009546874286E+01    0.592800567932347144E+00    0.418375546301732811E+04   -0.172737731962609837E-03    0.612275572305841065E+00    0.722926938143407405E+01
    0.133598009546874286E+01    0.592800567932347144E+00    0.418375546301732811E+04   -0.172737731962609837E-03    0.612275572305841065E+00    0.722926938143407405E+01
    0.981260241283249290E+00    0.595705894493442578E+00    0.444508950250680391E+04    0.416130465796948554E-03    0.229723489197046021E+00    0.723177122281376938E+01
    0.132017862568642963E+01    0.619956036844781400E+00    0.412641274305640218E+04   -0.416895673049667078E-03    0.430355564300644755E+00    0.724871959321175474E+01
    0.132017862568642963E+01    0.619956036844781400E+00    0.412641274305640218E+04   -0.416895673049667078E-03    0.430355564300644755E+00    0.724871959321175474E+01
    0.121695103539339389E+01    0.640644069338000000E+00    0.441607340408204709E+04    0.236274395594184900E-03    0.286057841026384929E+00    0.725281323273803302E+01
    0.121695103539339389E+01    0.640644069338000000E+00    0.441607340408204709E+04    0.236274395594184900E-03    0.286057841026384929E+00    0.725281323273803302E+01
    0.144549291667263358E+01    0.677279229478744527E+00    0.470907031917416680E+04    0.148511976557771919E-03    0.805704471030064484E+00    0.725487816827510024E+01
    0.120631090803089691E+01    0.620382013094799900E+00    0.451408028896484848E+04   -0.448322339595399132E-03    0.448909843239304163E+00    0.727146091323280075E+01
    0.120631090803089691E+01    0.620382013094799900E+00    0.451408028896484848E+04   -0.448322339595399132E-03    0.448909843239304163E+00    0.727146091323280075E+01
    0.138002884538168091E+01    0.597613010313896242E+00    0.462284311720996448E+04    0.905594483022205692E-03    0.600774656877939406E+00    0.729088519509349009E+01
    0.143854229483480678E+01    0.611407780044951998E+00    0.496029388866067075E+04    0.226253946568407929E-03    0.708561131674906752E+00    0.729641673187179585E+01
    0.143854229483480678E+01    0.611407780044951998E+00    0.496029388866067075E+04    0.226253946568407929E-03    0.708561131674906752E+00    0.729641673187179585E+01
    0.136702929367208581E+01    0.562809794800025021E+00    0.435043892873210098E+04   -0.476511297779970460E-04    0.596870350748451628E+00    0.730702741939442824E+01
    0.147955813666411684E+01    0.648217409006748957E+00    0.485387295479891418E+04    0.823548849396914576E-03    0.751485738306668871E+00    0.732708115205209864E+01
    0.147955813666411684E+01    0.648217409006748957E+00    0.485387295479891418E+04    0.823548849396914576E-03    0.751485738306668871E+00    0.732708115205209864E+01
    0.128077662985164231E+01    0.586904686399511433E+00    0.493564638902121533E+04   -0.257142854663994875E-03    0.578621745825914191E+00    0.733387428181115020E+01
    0.147998129513691135E+01    0.638770671746909380E+00    0.426480453034725451E+04    0.486365843819775660E-03    0.717733894048780074E+00    0.738655016559538335E+01
    0.136479022810118655E+01    0.586331730390568295E+00    0.447098182156812436E+04   -0.613384166895982732E-03    0.584900061269199023E+00    0.739824345901105040E+01
    0.136479022810118655E+01    0.586331730390568295E+00    0.447098182156812436E+04   -0.613384166895982732E-03    0.584900061269199023E+00    0.739824345901105040E+01
    0.124326215728929790E+01    0.579977946848608372E+00    0.468733307381880877E+04    0.336708415262535203E-03    0.539828273352597310E+00    0.741553207315194829E+01
    0.124326215728929790E+01    0.579977946848608372E+00    0.468733307381880877E+04    0.336708415262535203E-03    0.539828273352597310E+00    0.741553207315194829E+01
    0.145221480917655010E+01    0.640781527650906013E+00    0.458046534485033317E+04    0.559994769933471110E-03    0.748554330587162031E+00    0.741843429430873602E+01
    0.151118263556270116E+01    0.629963728736972817E+00    0.398568934832684226E+04   -0.353917511237984380E-03    0.688283515590118466E+00    0.742627932422142223E+01
    0.146864046364420742E+01    0.651571769993400052E+00    0.477353250640496208E+04    0.496173390840027044E-03    0.742050681876346707E+00    0.745375805937459113E+01
    0.146864046364420742E+01    0.651571769993400052E+00    0.477353250640496208E+04    0.496173390840027044E-03    0.742050681876346707E+00    0.745375805937459113E+01
    0.133368805562322268E+01    0.628509862772105743E+00    0.413537521406256747E+04    0.557177908632766096E-03    0.492247100898533962E+00    0.745793156099560406E+01
    0.122216312696661245E+01    0.668943919248952357E+00    0.434851279616032753E+04    0.182292395320977256E-03    0.336304809374902980E+00    0.747285936920772897E+01
    0.986452559118238148E+00    0.622546748670501748E+00    0.479248405718660069E+04    0.478361708505715451E-04    0.227356537196992753E+00    0.748232463760949074E+01
    0.112189021722824611E+01    0.638720117420370492E+00    0.398230228848964407E+04    0.592948356443264162E-03    0.247631343738578480E+00    0.749269938083967180E+01
    0.112189021722824611E+01    0.638720117420370492E+00    0.398230228848964407E+04    0.592948356443264162E-03    0.247631343738578480E+00    0.749269938083967180E+01
    0.139419996583545469E+01    0.616847472767090843E+00    0.470316737323596954E+04    0.252442938743779291E-03    0.686911458601672797E+00    0.750700496279589036E+01
    0.154760592109170880E+01    0.641402706727634886E+00    0.413022631097451449E+04   -0.422239554525335624E-03    0.756040559339195450E+00    0.752924916112201892E+01
    0.154760592109170880E+01    0.641402706727634886E+00    0.413022631097451449E+04   -0.422239554525335624E-03    0.756040559339195450E+00    0.752924916112201892E+01
    0.108243382650989783E+01    0.625433191883760897E+00    0.489706364117344401E+04   -0.264586007122496099E-04    0.236330973951863810E+00    0.753272104906857365E+01
    0.108243382650989783E+01    0.625433191883760897E+00    0.489706364117344401E+04   -0.264586007122496099E-04    0.236330973951863810E+00    0.753272104906857365E+01
    0.138946136861760650E+01    0.658933847082803337E+00    0.485126718731573055E+04    0.671900546458795763E-03    0.650515822740520999E+00    0.754044457824060110E+01
    0.135559582034219295E+01    0.577629253611787075E+00    0.468484966100300880E+04    0.276357690144056443E-04    0.600305103356319592E+00    0.755681631245658103E+01
    0.121080438021163861E+01    0.646625491559987386E+00    0.446274497632551720E+04    0.535898858555557958E-03    0.298147277218816842E+00    0.756567440373474120E+01
    0.131841220836187722E+01    0.598599163009188473E+00    0.472374651131462815E+04    0.123418008717965399E-03    0.614394381463024941E+00    0.757890425096642950E+01
    0.131841220836187722E+01    0.598599163009188473E+00    0.472374651131462815E+04    0.123418008717965399E-03    0.614394381463024941E+00    0.757890425096642950E+01
    0.134058575496306043E+01    0.619831994785336016E+00    0.475225931113719253E+04    0.250044417033005670E-03    0.675930598198106192E+00    0.759387979813273439E+01
    0.104102287367416602E+01    0.616730569377020643E+00    0.484654694420196938E+04   -0.472751871425771482E-04    0.238415976066088470E+00    0.760604694650535418E+01
    0.104102287367416602E+01    0.616730569377020643E+00    0.484654694420196938E+04   -0.472751871425771482E-04    0.238415976066088470E+00    0.760604694650535418E+01
    0.142616796314586125E+01    0.609091716781049120E+00    0.466098798218469437E+04    0.323472057973323674E-03    0.653366144412716787E+00    0.762586561356132542E+01
    0.142616796314586125E+01    0.609091716781049120E+00    0.466098798218469437E+04    0.323472057973323674E-03    0.653366144412716787E+00    0.762586561356132542E+01
    0.130258198159889993E+01    0.692244503382928311E+00    0.459897728821570763E+04    0.968670870022691376E-04    0.373226346547893995E+00    0.764313895303920177E+01
    0.116886854148371144E+01    0.667582412543464732E+00    0.405999189617388174E+04    0.722325976094957526E-04    0.260582212811843850E+00    0.765674911264951952E+01
    0.143824850547181016E+01    0.651358492134040290E+00    0.409239062684351939E+04    0.640708269703705338E-04    0.710907289304317569E+00    0.766328282009926376E+01
    0.143824850547181016E+01    0.651358492134040290E+00    0.409239062684351939E+04    0.640708269703705338E-04    0.710907289304317569E+00    0.766328282009926376E+01
    0.131752807527593152E+01    0.615689766388522575E+00    0.478306327350066294E+04   -0.337436370141540071E-03    0.624181477235687510E+00    0.767404256419599129E+01
    0.143902860112823161E+01    0.627275425096325501E+00    0.421947583615568692E+04   -0.586241203963487091E-03    0.689941202571606738E+00    0.768570212535321495E+01
    0.143902860112823161E+01    0.627275425096325501E+00    0.421947583615568692E+04   -0.586241203963487091E-03    0.689941202571606738E+00    0.768570212535321495E+01
    0.104135562425645678E+01    0.648246016716260698E+00    0.480480836143505257E+04    0.525285477370249243E-03    0.233129851955194894E+00    0.768884626065802301E+01
    0.104135562425645678E+01    0.648246016716260698E+00    0.480480836143505257E+04    0.525285477370249243E-03    0.233129851955194894E+00    0.768884626065802301E+01
    0.141954364004283073E+01    0.647572656835812221E+00    0.479736754122332695E+04   -0.253365261525133388E-03    0.785589373564233751E+00    0.769218758009332682E+01
    0.118515859004738688E+01    0.656372541013532818E+00    0.472972734388802201E+04   -0.176680689480455228E-03    0.340778350790865492E+00    0.769388486301329166E+01
    0.118515859004738688E+01    0.656372541013532818E+00    0.472972734388802201E+04   -0.176680689480455228E-03    0.340778350790865492E+00    0.769388486301329166E+01
    0.119564831924745918E+01    0.654886333665176346E+00    0.491934980358455778E+04    0.228584919536057695E-03    0.322151001085445587E+00    0.769924196365482771E+01
    0.119564831924745918E+01    0.654886333665176346E+00    0.491934980358455778E+04    0.228584919536057695E-03    0.322151001085445587E+00    0.769924196365482771E+01
    0.115288599228179245E+01    0.669850268861687637E+00    0.449255208445256449E+04    0.403006872385984331E-03    0.256217845829062874E+00    0.770265957104583343E+01
    0.115288599228179245E+01    0.669850268861687637E+00    0.449255208445256449E+04    0.403006872385984331E-03    0.256217845829062874E+00    0.770265957104583343E+01
    0.136936492679020549E+01    0.615024606351276759E+00    0.479939584330641173E+04   -0.512233243193617655E-03    0.683183339399258349E+00    0.770624924265506372E+01
    0.137261398847390170E+01    0.615251216477908924E+00    0.452233612483340767E+04   -0.207404282594698031E-03    0.653023548965607104E+00    0.771107150929722174E+01
    0.137261398847390170E+01    0.615251216477908924E+00    0.452233612483340767E+04   -0.207404282594698031E-03    0.653023548965607104E+00    0.771107150929722174E+01
    0.151459179557165236E+01    0.620488795803357363E+00    0.458065938942769299E+04   -0.446947466732093026E-03    0.715749980365883443E+00    0.772052011542842109E+01
    0.145175623571800205E+01    0.684802370972176000E+00    0.498580380283711565E+04    0.174400020005577636E-03    0.914150879729939692E+00    0.773402930357457485E+01
    0.145175623571800205E+01    0.684802370972176000E+00    0.498580380283711565E+04    0.174400020005577636E-03    0.914150879729939692E+00    0.773402930357457485E+01
    0.137041664766141924E+01    0.630531953577462279E+00    0.478042815979064198E+04   -0.202509808243869451E-03    0.684360144559509997E+00    0.774915046651697725E+01
    0.137041664766141924E+01    0.630531953577462279E+00    0.478042815979064198E+04   -0.202509808243869451E-03    0.684360144559509997E+00    0.774915046651697725E+01
    0.142786052057096802E+01    0.570488245884465339E+00    0.456115426551441215E+04    0.541760217335365596E-03    0.578566984574211962E+00    0.775341233463932777E+01
    0.131669351107110244E+01    0.669017969328995710E+00    0.421770843263984352E+04   -0.462040996111940695E-03    0.429456609310909565E+00    0.775583529915057124E+01
    0.143789670695015603E+01    0.657151607707071261E+00    0.496481286219984304E+04    0.142267042390107251E-03    0.805400294798854222E+00    0.775914978246394593E+01
    0.129133966184295357E+01    0.637661313132613872E+00    0.440860688086317896E+04    0.531273842619488744E-04    0.430191787419694771E+00    0.776868262044553148E+01
    0.129133966184295357E+01    0.637661313132613872E+00    0.440860688086317896E+04    0.531273842619488744E-04    0.430191787419694771E+00    0.776868262044553148E+01
    0.109955484021139105E+01    0.662245710978297542E+00    0.486456774500805477E+04    0.389591313706631368E-03    0.245413504984064723E+00    0.777419283975410380E+01
    0.115327939950258984E+01    0.600316690388624563E+00    0.473706470702965635E+04    0.153002964493539624E-03    0.260249694294522271E+00    0.777632243302270432E+01
    0.115327939950258984E+01    0.600316690388624563E+00    0.473706470702965635E+04    0.153002964493539624E-03    0.260249694294522271E+00    0.777632243302270432E+01
    0.118031397497018320E+01    0.688053419574139125E+00    0.450161872304189728E+04    0.631282993712111774E-03    0.340215425720727493E+00    0.777865760801855810E+01
    0.118031397497018320E+01    0.688053419574139125E+00    0.450161872304189728E+04    0.631282993712111774E-03    0.340215425720727493E+00    0.777865760801855810E+01
    0.140709642387228762E+01    0.539127966901959410E+00    0.476879041573643372E+04    0.192743671351379810E-03    0.561521673029460988E+00    0.777973068293588632E+01
    0.118009564907657483E+01    0.686546646529628823E+00    0.491970258949652998E+04    0.130892604951654058E-03    0.299962655067092521E+00    0.778131539167067565E+01
    0.107070352893783327E+01    0.658053630984924642E+00    0.492970178936192224E+04    0.493286281133824343E-03    0.255024899396330273E+00    0.778325936360073989E+01
    0.125363651236257811E+01    0.635464906440501243E+00    0.462561989143650862E+04   -0.375090212266839266E-03    0.656893335710995507E+00    0.779940738105932141E+01
    0.138991628372966725E+01    0.622372683948261285E+00    0.472699919534119363E+04   -0.137127708287658142E-03    0.625402319125330286E+00    0.780880548640086403E+01
    0.127891688826570116E+01    0.584399665436979632E+00    0.465225370917615692E+04   -0.164148589386199379E-03    0.588378721780071334E+00    0.780944688872997439E+01
    0.120464054457134018E+01    0.685887860564710850E+00    0.441375688443303079E+04    0.232947923511597033E-03    0.277080292544161444E+00    0.781135222979443178E+01
    0.120464054457134018E+01    0.685887860564710850E+00    0.441375688443303079E+04    0.232947923511597033E-03    0.277080292544161444E+00    0.781135222979443178E+01
    0.116572300087933867E+01    0.684128158260297048E+00    0.459790510743892992E+04   -0.310695958247963718E-04    0.258026413588013759E+00    0.783402189774687052E+01
    0.116572300087933867E+01    0.684128158260297048E+00    0.459790510743892992E+04   -0.310695958247963718E-04    0.258026413588013759E+00    0.783402189774687052E+01
    0.117700755624334885E+01    0.652450462195724112E+00    0.494805271394225929E+04   -0.697436436960713552E-03    0.317307386996282692E+00    0.783452171304227463E+01
    0.117700755624334885E+01    0.652450462195724112E+00    0.494805271394225929E+04   -0.697436436960713552E-03    0.317307386996282692E+00    0.783452171304227463E+01
    0.124827306015557626E+01    0.626393611313273868E+00    0.478791394530904108E+04   -0.234365278116982864E-03    0.649117079647092865E+00    0.783520955324593427E+01
    0.124827306015557626E+01    0.626393611313273868E+00    0.478791394530904108E+04   -0.234365278116982864E-03    0.649117079647092865E+00    0.783520955324593427E+01
    0.121383023458773698E+01    0.695532117457607679E+00    0.447923756658479397E+04    0.112053622426501080E-03    0.370290903269695271E+00    0.783673243956752774E+01
    0.130060219295789992E+01    0.616253275019107871E+00    0.457798851501230638E+04    0.129207652813727044E-04    0.643276891233944381E+00    0.784904135871858433E+01
    0.132877301745715748E+01    0.645369688817402976E+00    0.440845699856543342E+04    0.644418836851024440E-04    0.560299785053961052E+00    0.786241450073604664E+01
    0.139076962846701169E+01    0.552256274626126697E+00    0.488297063856010482E+04    0.270190854797439713E-03    0.614757874055808173E+00    0.787184179440925114E+01
    0.109778561054431423E+01    0.628926560801175150E+00    0.464410107745309597E+04   -0.252048758832523507E-03    0.254107637624037430E+00    0.787319839229480678E+01
    0.128802321676282872E+01    0.650562668014371237E+00    0.491982527045290772E+04   -0.643727707147651604E-03    0.572126880827495743E+00    0.787924403316671818E+01
    0.103997047314373625E+01    0.638743748332678773E+00    0.488159083438156813E+04    0.284740654843964171E-03    0.239317737886464876E+00    0.788975802937883230E+01
    0.114536663608269307E+01    0.692188268343869262E+00    0.495273155097632116E+04    0.806936199236102294E-03    0.320380569745054800E+00    0.789570741851009572E+01
    0.138661029980668227E+01    0.591719075216282198E+00    0.459382530365188904E+04    0.104128121524584574E-03    0.584631929878764001E+00    0.790552386952529851E+01
    0.138661029980668227E+01    0.591719075216282198E+00    0.459382530365188904E+04    0.104128121524584574E-03    0.584631929878764001E+00    0.790552386952529851E+01
    0.128523086770016604E+01    0.616337047271621530E+00    0.499118244883889383E+04   -0.198689120515526399E-03    0.570599054942477979E+00    0.790715373866870941E+01
    0.129287070884386246E+01    0.622404810699111355E+00    0.452081492493943006E+04    0.265979480389349403E-03    0.666403993012962492E+00    0.791256039575411307E+01
    0.129287070884386246E+01    0.622404810699111355E+00    0.452081492493943006E+04    0.265979480389349403E-03    0.666403993012962492E+00    0.791256039575411307E+01
    0.127694236115112347E+01    0.602512336257890246E+00    0.443756665711098776E+04    0.272229529389734800E-04    0.617279078626326250E+00    0.791312373849558615E+01
    0.127694236115112347E+01    0.602512336257890246E+00    0.443756665711098776E+04    0.272229529389734800E-04    0.617279078626326250E+00    0.791312373849558615E+01
    0.124369356050940860E+01    0.641522317906277562E+00    0.470572785404370643E+04   -0.710814167746773328E-03    0.586315810555996686E+00    0.791564050136758190E+01
    0.127211038423846778E+01    0.628152517627338702E+00    0.456174062798525028E+04   -0.212832130430227977E-04    0.540046346568368918E+00    0.792104922506061548E+01
    0.141215002748834939E+01    0.597984347387664261E+00    0.457072169616864812E+04    0.195330834958034084E-04    0.646974048097594512E+00    0.795320893442099575E+01
    0.134553058011135152E+01    0.617777359602030174E+00    0.484335389028208556E+04    0.493391735358085222E-03    0.653532951637172066E+00    0.795691570558695283E+01
    0.138801296808037433E+01    0.614768643229445022E+00    0.493306794880543930E+04    0.533181362709295192E-03    0.641027821995034164E+00    0.797004431774178101E+01
    0.113902718643135192E+01    0.625291347496822247E+00    0.488845795497394010E+04    0.660870845588566947E-04    0.283345910582852134E+00    0.797309759418905806E+01
    0.139617892381715647E+01    0.582767960601507262E+00    0.450606451325611852E+04    0.405127975727827771E-03    0.631833542705282136E+00    0.797372039177979008E+01
    0.139335118599035401E+01    0.659834469955602465E+00    0.426444312864196399E+04    0.101367037346387326E-02    0.678375821183195060E+00    0.797764023036741499E+01
    0.139335118599035401E+01    0.659834469955602465E+00    0.426444312864196399E+04    0.101367037346387326E-02    0.678375821183195060E+00    0.797764023036741499E+01
    0.125688470090402005E+01    0.588052101696792562E+00    0.488109651823596778E+04    0.120770551202922333E-03    0.547467581967776895E+00    0.798041491905527334E+01
    0.125688470090402005E+01    0.588052101696792562E+00    0.488109651823596778E+04    0.120770551202922333E-03    0.547467581967776895E+00    0.798041491905527334E+01
    0.128295925934303634E+01    0.674299318015379678E+00    0.473607067289169299E+04    0.266964733632070309E-03    0.688220203430018329E+00    0.798555026427166048E+01
    0.131535382130356826E+01    0.585464205527223558E+00    0.477747040046726761E+04    0.957018825012463529E-04    0.606123408070723846E+00    0.798666202141543735E+01
    0.136169653905735233E+01    0.594942841313118365E+00    0.496365245140943534E+04    0.881033283723633244E-04    0.613627127097370773E+00    0.799447825029275094E+01
    0.136169653905735233E+01    0.594942841313118365E+00    0.496365245140943534E+04    0.881033283723633244E-04    0.613627127097370773E+00    0.799447825029275094E+01
    0.122659965296430973E+01    0.639194938794485523E+00    0.476450141682572394E+04    0.451818079006353749E-03    0.597285970002232047E+00    0.800171360941319421E+01
    0.122659965296430973E+01    0.639194938794485523E+00    0.476450141682572394E+04    0.451818079006353749E-03    0.597285970002232047E+00    0.800171360941319421E+01
    0.142207889110656982E+01    0.638519600904783657E+00    0.499840462771538569E+04   -0.497200876307215428E-03    0.721484460389430371E+00    0.801243224677479127E+01
    0.129643523012607176E+01    0.619747812435001766E+00    0.448579150055617720E+04    0.251517656062801129E-03    0.641438029023428058E+00    0.801403427961502146E+01
    0.120655102286382188E+01    0.645788850698469696E+00    0.420224695477002388E+04    0.713757255817019454E-03    0.278494829638709307E+00    0.801479571311013750E+01
    0.120655102286382188E+01    0.645788850698469696E+00    0.420224695477002388E+04    0.713757255817019454E-03    0.278494829638709307E+00    0.801479571311013750E+01
    0.128345911551485647E+01    0.614188914914521877E+00    0.437868580010260848E+04    0.372395564110991075E-03    0.589585892538595613E+00    0.801759163175832867E+01
    0.130609400453107050E+01    0.629037046509104636E+00    0.435170511716800047E+04    0.741265019194606664E-04    0.545280781026874273E+00    0.802851384993425476E+01
    0.132917129897095565E+01    0.651422930922295418E+00    0.467613105428040217E+04    0.296811397837758303E-03    0.686444393555367571E+00    0.803023532529880235E+01
    0.132917129897095565E+01    0.651422930922295418E+00    0.467613105428040217E+04    0.296811397837758303E-03    0.686444393555367571E+00    0.803023532529880235E+01
    0.136243861052848469E+01    0.636202191454069088E+00    0.422494231271905846E+04   -0.222157742576793872E-03    0.650977803276775457E+00    0.804063652408463625E+01
    0.136243861052848469E+01    0.636202191454069088E+00    0.422494231271905846E+04   -0.222157742576793872E-03    0.650977803276775457E+00    0.804063652408463625E+01
    0.105327170204495557E+01    0.636995470723781265E+00    0.477793997971067711E+04    0.434918413111150932E-03    0.247790185354284015E+00    0.804223645890822070E+01
    0.105327170204495557E+01    0.636995470723781265E+00    0.477793997971067711E+04    0.434918413111150932E-03    0.247790185354284015E+00    0.804223645890822070E+01
    0.142905163564755511E+01    0.565635041840682362E+00    0.497411251471073956E+04   -0.790437858310187960E-04    0.568014923593557763E+00    0.804507725485902547E+01
    0.142905163564755511E+01    0.565635041840682362E+00    0.497411251471073956E+04   -0.790437858310187960E-04    0.568014923593557763E+00    0.804507725485902547E+01
    0.134060531756783607E+01    0.665285137392602310E+00    0.421217536503512019E+04   -0.266364891531466869E-03    0.467012792011840427E+00    0.804589965036908339E+01
    0.140494753612077838E+01    0.574947003135531931E+00    0.440419815057560572E+04    0.174060398249621510E-03    0.608652605727052487E+00    0.804749888420624337E+01
    0.115434331485814212E+01    0.600004816989945788E+00    0.473546477270492323E+04   -0.437709584072824495E-03    0.388853553433950949E+00    0.805831064262791230E+01
    0.115434331485814212E+01    0.600004816989945788E+00    0.473546477270492323E+04   -0.437709584072824495E-03    0.388853553433950949E+00    0.805831064262791230E+01
    0.115286370974902908E+01    0.631800634335765499E+00    0.467991545916093673E+04    0.225294651731235265E-03    0.253876203585113036E+00    0.806026302383032878E+01
    0.149501596791558278E+01    0.648784704972512061E+00    0.463202917704326046E+04    0.728754584176700363E-03    0.746214667659769182E+00    0.806115148999847264E+01
    0.149501596791558278E+01    0.648784704972512061E+00    0.463202917704326046E+04    0.728754584176700363E-03    0.746214667659769182E+00    0.806115148999847264E+01
    0.135021447806856054E+01    0.629282397365275914E+00    0.467652743412832388E+04   -0.468297509378493787E-05    0.689486060436312220E+00    0.806371938571138003E+01
    0.122595408875098633E+01    0.604679996821007926E+00    0.496106648047342787E+04    0.315842330745779115E-03    0.458611015993839577E+00    0.806498477258419300E+01
    0.125049320241355533E+01    0.664272176578636797E+00    0.476517918344842656E+04    0.829662333753609926E-03    0.452772488687166463E+00    0.807239872067549946E+01
    0.125049320241355533E+01    0.664272176578636797E+00    0.476517918344842656E+04    0.829662333753609926E-03    0.452772488687166463E+00    0.807239872067549946E+01
    0.121395951517035439E+01    0.608025090609543239E+00    0.498668506316122057E+04    0.358701036319213377E-03    0.429036975445826807E+00    0.807536713612340940E+01
    0.121395951517035439E+01    0.608025090609543239E+00    0.498668506316122057E+04    0.358701036319213377E-03    0.429036975445826807E+00    0.807536713612340940E+01
    0.133511390884289427E+01    0.652088328615547885E+00    0.452456105423436293E+04   -0.804650870681869880E-03    0.664182495276972817E+00    0.807715489514884943E+01
    0.129877835536034736E+01    0.675394801344926687E+00    0.451068896091168517E+04   -0.870431170213055146E-04    0.390366155782076563E+00    0.808336480291378834E+01
    0.118975472225287704E+01    0.649475534473525573E+00    0.495620385903275110E+04   -0.342937858094648966E-03    0.288457929604836072E+00    0.808513349092108058E+01
    0.103372558314488483E+01    0.628969315817547781E+00    0.484706204140076807E+04   -0.185652218603691644E-03    0.240159545939690244E+00    0.809401314191883614E+01
    0.125193669571080979E+01    0.608938143743703364E+00    0.482091957911075679E+04   -0.455231762625383585E-03    0.604106119762060523E+00    0.809471610344092873E+01
    0.113922008541734043E+01    0.658979768088785445E+00    0.436278276889730569E+04   -0.290657909181054233E-04    0.253971510356008512E+00    0.809916077032349868E+01
    0.127820629100935301E+01    0.627183137222697917E+00    0.470522191609786751E+04    0.717640840480673631E-03    0.631224113386199770E+00    0.810065504765708866E+01
    0.132014009088493345E+01    0.626345962125367750E+00    0.498097861623585322E+04    0.143140302057203267E-03    0.689689112596996390E+00    0.812504953015434062E+01
    0.132496050811364552E+01    0.570489806280313316E+00    0.432296714664892806E+04    0.647685929221919411E-03    0.594264623634291000E+00    0.814531592323704245E+01
    0.132496050811364552E+01    0.570489806280313316E+00    0.432296714664892806E+04    0.647685929221919411E-03    0.594264623634291000E+00    0.814531592323704245E+01
    0.130893617376980398E+01    0.582332312182185730E+00    0.497446886951986562E+04    0.716715301340736257E-03    0.604420139888166563E+00    0.815415874537094787E+01
    0.130893617376980398E+01    0.582332312182185730E+00    0.497446886951986562E+04    0.716715301340736257E-03    0.604420139888166563E+00    0.815415874537094787E+01
    0.132356792193610984E+01    0.564779108368390181E+00    0.480168518619419137E+04    0.167284653152633832E-03    0.604121648097935560E+00    0.817097480187969971E+01
    0.132356792193610984E+01    0.564779108368390181E+00    0.480168518619419137E+04    0.167284653152633832E-03    0.604121648097935560E+00    0.817097480187969971E+01
    0.141560983879533531E+01    0.634579379303191748E+00    0.463562416898241827E+04   -0.300025730651748564E-03    0.663522218940718944E+00    0.817412139341072574E+01
    0.130079064876682193E+01    0.639248107931173704E+00    0.488394867168628389E+04    0.193708782395238667E-03    0.711559333994163601E+00    0.817463145420209791E+01
    0.121165610265736245E+01    0.633198573603406700E+00    0.456395144860236996E+04   -0.152132281887759418E-03    0.529282078360071240E+00    0.817682121137897155E+01
    0.135394147207809956E+01    0.648416451230857116E+00    0.493825088859859443E+04    0.851821817618706221E-04    0.715576194551219125E+00    0.818128891873801756E+01
    0.135802024791877174E+01    0.641364825199861488E+00    0.490504217474876623E+04    0.197336331761436786E-03    0.705494162688165227E+00    0.818375506866916069E+01
    0.136337777916644343E+01    0.571317179923120699E+00    0.481759367135247157E+04    0.555225133392193027E-03    0.638095659967635065E+00    0.818821800389998344E+01
    0.136337777916644343E+01    0.571317179923120699E+00    0.481759367135247157E+04    0.555225133392193027E-03    0.638095659967635065E+00    0.818821800389998344E+01
    0.142994220918383075E+01    0.615975122799592101E+00    0.434495515988983880E+04    0.337088853920503303E-05    0.665196860283418623E+00    0.819505853889736890E+01
    0.142994220918383075E+01    0.615975122799592101E+00    0.434495515988983880E+04    0.337088853920503303E-05    0.665196860283418623E+00    0.819505853889736890E+01
    0.132393218559814385E+01    0.574818217590572500E+00    0.471221499338617377E+04    0.112628446696992884E-02    0.595554806459087094E+00    0.820806859596260452E+01
    0.108178781792071077E+01    0.636973572688320222E+00    0.478726388589653379E+04   -0.498573059042671995E-03    0.259812134879897572E+00    0.820809681665075708E+01
    0.108178781792071077E+01    0.636973572688320222E+00    0.478726388589653379E+04   -0.498573059042671995E-03    0.259812134879897572E+00    0.820809681665075708E+01
    0.118064187714110469E+01    0.653947724809460618E+00    0.472202058521086110E+04    0.762098267203051576E-03    0.512231648605951717E+00    0.820813282382470710E+01
    0.118064187714110469E+01    0.653947724809460618E+00    0.472202058521086110E+04    0.762098267203051576E-03    0.512231648605951717E+00    0.820813282382470710E+01
    0.140753416570717915E+01    0.662617620392579765E+00    0.478419022736317402E+04   -0.893845542395987382E-04    0.783762643587194052E+00    0.822466572436290555E+01
    0.123798320179716281E+01    0.616431321549694267E+00    0.469283012045497344E+04   -0.147637763055554692E-03    0.616181171390826066E+00    0.822636136882066360E+01
    0.147364610127100670E+01    0.604217927774193697E+00    0.477581065404373476E+04   -0.718509612543624643E-03    0.674870041953083755E+00    0.823427189225534129E+01
    0.110319568209872676E+01    0.621243405122656744E+00    0.448961964049305880E+04    0.154330579113179660E-03    0.263343796591461066E+00    0.824532008916159498E+01
    0.140475595809059284E+01    0.565377079592644383E+00    0.472894786151440985E+04   -0.361311907460445719E-03    0.613139844545385393E+00    0.824869878456279793E+01
    0.120045787597571385E+01    0.617985295105443422E+00    0.442073653904581988E+04    0.113147924005564600E-03    0.410498917089140103E+00    0.826248800750439649E+01
    0.120045787597571385E+01    0.617985295105443422E+00    0.442073653904581988E+04    0.113147924005564600E-03    0.410498917089140103E+00    0.826248800750439649E+01
    0.135724501742211734E+01    0.621401031908966228E+00    0.450149911831357076E+04   -0.590953852616531808E-05    0.667392148539142194E+00    0.826693378489390618E+01
    0.110876687356957215E+01    0.649648924738675193E+00    0.451995226313025341E+04    0.102062630437393018E-03    0.249487860040132015E+00    0.827450557028564049E+01
    0.123766348812729032E+01    0.627094810969320182E+00    0.454139588814436411E+04    0.125438396431660218E-03    0.597363430557498187E+00    0.827665920460483662E+01
    0.147603309491750689E+01    0.656718007042517038E+00    0.474788455579896618E+04    0.508359282694010673E-04    0.754669946524389235E+00    0.827825988200724439E+01
    0.132515832095517960E+01    0.667996459746486471E+00    0.485224460658879889E+04    0.247142138773935268E-03    0.685206658067918473E+00    0.828129348132556586E+01
    0.117334236562375827E+01    0.671921084682765235E+00    0.462912804619034341E+04    0.325362160772328223E-04    0.324338149776892348E+00    0.828430165298990673E+01
    0.127587035781720437E+01    0.665557185349629488E+00    0.450227054533905630E+04   -0.116052309356629688E-04    0.434100836240704391E+00    0.828551573780676698E+01
    0.140691259218148090E+01    0.581629048414498917E+00    0.471383977209809655E+04   -0.317493116132569182E-03    0.628879458068559272E+00    0.828636059992686036E+01
    0.113316857364860946E+01    0.641550184257562384E+00    0.492919313743102884E+04   -0.767379840179227622E-04    0.331696318717427052E+00    0.828637756773505174E+01
    0.141109378691443066E+01    0.594267893765609512E+00    0.457266939568324506E+04   -0.143695452474926720E-03    0.611465516662428099E+00    0.829470003933742817E+01
    0.134694592633521593E+01    0.597036962063887344E+00    0.497276096760429755E+04   -0.258992886087884859E-03    0.638126578062086169E+00    0.830143350062702012E+01
    0.117295152962750260E+01    0.649004849959877506E+00    0.454970002266025858E+04    0.586097341966049278E-04    0.259331917506955834E+00    0.830222423385374064E+01
    0.110126343086570966E+01    0.631147981535798763E+00    0.469243861222694250E+04    0.462346908395210433E-03    0.280668016524985464E+00    0.830394066732504577E+01
    0.110126343086570966E+01    0.631147981535798763E+00    0.469243861222694250E+04    0.462346908395210433E-03    0.280668016524985464E+00    0.830394066732504577E+01
    0.126023180588773531E+01    0.703340562603833930E+00    0.480534425967596508E+04   -0.382373576774286622E-03    0.514838229615809495E+00    0.830651180882190943E+01
    0.126023180588773531E+01    0.703340562603833930E+00    0.480534425967596508E+04   -0.382373576774286622E-03    0.514838229615809495E+00    0.830651180882190943E+01
    0.130843550713465873E+01    0.622020319202589711E+00    0.460949593668028137E+04   -0.242118519707658163E-03    0.652595919758090615E+00    0.831945231003389729E+01
    0.141700481699322323E+01    0.556557459219712891E+00    0.490357925759554928E+04   -0.290931671812943570E-03    0.601526277624951144E+00    0.833309727710770076E+01
    0.141700481699322323E+01    0.556557459219712891E+00    0.490357925759554928E+04   -0.290931671812943570E-03    0.601526277624951144E+00    0.833309727710770076E+01
    0.137599677666886167E+01    0.640262541560342457E+00    0.419358764055799020E+04   -0.775724017327725994E-04    0.672968138253917103E+00    0.834434438647340571E+01
    0.145370602477958988E+01    0.638146885999696600E+00    0.427564182495459681E+04   -0.134935881911853233E-03    0.733427823442333260E+00    0.834550763713724386E+01
    0.128596362216216842E+01    0.602111757915002488E+00    0.468001068615655640E+04   -0.749310815096567763E-04    0.617570631102802081E+00    0.834963367303517501E+01
    0.115327108760169805E+01    0.656711321222439692E+00    0.444516786982045778E+04    0.688384846392089229E-03    0.252925948951452595E+00    0.834966495776155782E+01
    0.129566360334419928E+01    0.656329141199113453E+00    0.498688821707871648E+04    0.108195095670517834E-04    0.698027045027245330E+00    0.835221896073075420E+01
    0.134676970011904107E+01    0.600481764547317831E+00    0.499417251967982247E+04    0.118579498094314564E-03    0.651424206357810398E+00    0.835486895785240691E+01
    0.118181351260311285E+01    0.686546625414308886E+00    0.430057790435460538E+04    0.155232082872098907E-03    0.254610596845951331E+00    0.835698751096781045E+01
    0.148247494906477950E+01    0.627101959418053800E+00    0.461148046388319563E+04   -0.209146799356987374E-03    0.697024099287939070E+00    0.836362825447953284E+01
    0.126538630849830325E+01    0.703207563201079688E+00    0.489168636589837297E+04    0.136395883901747867E-03    0.430250884466849337E+00    0.836417092964690312E+01
    0.128666100457775623E+01    0.583756728119199764E+00    0.493620069957301257E+04    0.891454547220648427E-03    0.594177601806257893E+00    0.836976898018244242E+01
    0.117309495243341533E+01    0.671699890574088632E+00    0.464562568301397096E+04    0.327063870350681224E-03    0.313887034589043989E+00    0.837015486397334563E+01
    0.132680603345506487E+01    0.688702003408230623E+00    0.442709820643535568E+04    0.291278073109478661E-03    0.539593693272320429E+00    0.837055095471182931E+01
    0.143591877894243058E+01    0.646269613061728365E+00    0.479962421669612559E+04    0.444059545002377387E-03    0.764123495056548308E+00    0.837189171348802930E+01
    0.138230735431298446E+01    0.615876075288261049E+00    0.457053972034769504E+04    0.336246806022945429E-04    0.681713332724984356E+00    0.837601142964856393E+01
    0.123649669798663897E+01    0.610174565547496828E+00    0.490514877237246765E+04   -0.146350798852297443E-03    0.441012951897051309E+00    0.838196724871077059E+01
    0.138128568276806218E+01    0.672992716942644287E+00    0.458963035334785945E+04   -0.250984601952161396E-03    0.531964477150136839E+00    0.839116305767520210E+01
    0.144784435471710404E+01    0.667786291237814744E+00    0.422987303270705343E+04   -0.238916165982222962E-03    0.757839238043034880E+00    0.839449050771759886E+01
    0.130888375893484232E+01    0.689163351178411987E+00    0.482660969992017363E+04    0.966041906215478799E-03    0.548523702242061817E+00    0.839633282084099619E+01
    0.145431443258717641E+01    0.618886651607071903E+00    0.456978088234001098E+04    0.878694714097208191E-03    0.699333398556296060E+00    0.839781845122880810E+01
    0.132050731501110463E+01    0.587412968029381699E+00    0.472216701610918790E+04    0.362379604266543074E-03    0.621019229954484109E+00    0.840067961644059302E+01
    0.119212224773533326E+01    0.672685596312199596E+00    0.493665133627154592E+04   -0.216840231156714447E-03    0.354256818847340893E+00    0.841398276095872788E+01
    0.119153632977823065E+01    0.632778617949508848E+00    0.475851081403431090E+04   -0.200196770361782048E-03    0.488121305957302520E+00    0.841429164350807035E+01
    0.139046226185046073E+01    0.611835272361587856E+00    0.498867494927967709E+04    0.945980895675678278E-05    0.666165520386959420E+00    0.841812740939827364E+01
    0.139046226185046073E+01    0.611835272361587856E+00    0.498867494927967709E+04    0.945980895675678278E-05    0.666165520386959420E+00    0.841812740939827364E+01
    0.142584397976941957E+01    0.588619665759317678E+00    0.481799204540880692E+04   -0.112766364455425523E-04    0.618552929347893743E+00    0.842101726023714114E+01
    0.146125614061562037E+01    0.642288788941240307E+00    0.453654448224941734E+04   -0.195844914900914201E-03    0.697902281648909328E+00    0.843224274555725017E+01
    0.129460225229019832E+01    0.622642244151397017E+00    0.479620894777256308E+04   -0.423113272502007693E-03    0.534575424167355706E+00    0.843891027107458669E+01
    0.136977386835884785E+01    0.597196247160108218E+00    0.493768077072312099E+04    0.161600722659078707E-03    0.673867742081716736E+00    0.845382856429290896E+01
    0.130028745864957385E+01    0.663859196750912650E+00    0.469853908772696104E+04   -0.364562957558696151E-03    0.470392632061606197E+00    0.845427648292241507E+01
    0.126737839390856766E+01    0.612800227613388704E+00    0.484829083908162556E+04    0.323459897054238299E-03    0.508244135934019292E+00    0.847527924161005330E+01
    0.115142281751465925E+01    0.671482115945589153E+00    0.482117313307635686E+04    0.645834783638944069E-03    0.254638923751733637E+00    0.847728355791027610E+01
    0.132207823263316326E+01    0.605662164846249684E+00    0.490597110124707524E+04    0.386211749439060959E-03    0.606766084588931109E+00    0.847818206689910170E+01
    0.137582404208286713E+01    0.619552159170239314E+00    0.464533985161566125E+04   -0.466117308721987654E-04    0.679150949769947165E+00    0.849312131882249943E+01
    0.134713599856066546E+01    0.642105608885812362E+00    0.467112839826230993E+04   -0.489397226987179951E-03    0.630160950147644283E+00    0.849427708513900193E+01
    0.144089204846174690E+01    0.600622710924443526E+00    0.467186040862634673E+04   -0.220620621607823847E-03    0.665274141768552374E+00    0.849566286489421252E+01
    0.110188052371092082E+01    0.627809655207251627E+00    0.485975284553785150E+04    0.592380190238359560E-03    0.245096267309601268E+00    0.849667914806328994E+01
    0.142910774531671159E+01    0.648446980563560427E+00    0.492696949090260478E+04   -0.298400404384181566E-03    0.717176207429378154E+00    0.850046508644791388E+01
    0.135324090577782941E+01    0.660124397419787790E+00    0.469856879398997899E+04   -0.110649032111121196E-02    0.666017246674144303E+00    0.850569859577339393E+01
    0.104828392198585441E+01    0.620586366146880453E+00    0.494926049463247637E+04   -0.322695487550224544E-03    0.239559961498501534E+00    0.850926756021112851E+01
    0.132687629884852676E+01    0.610200567958676832E+00    0.498927232331161213E+04    0.211152676621280936E-03    0.665947174531211328E+00    0.851343387477857760E+01
    0.132687629884852676E+01    0.610200567958676832E+00    0.498927232331161213E+04    0.211152676621280936E-03    0.665947174531211328E+00    0.851343387477857760E+01
    0.140679298721739388E+01    0.603134332353521319E+00    0.483619468477487044E+04   -0.278093403168719149E-03    0.633435704665428645E+00    0.851728557254245011E+01
    0.143829708576595117E+01    0.550803335792958371E+00    0.467222450953623502E+04    0.384429492985286587E-03    0.568390557578267952E+00    0.852241864683279893E+01
    0.141002466292929318E+01    0.618016334115661481E+00    0.421028574485544323E+04    0.286788466910148463E-03    0.658965719072330258E+00    0.853259098970386631E+01
    0.139200580148110076E+01    0.608353346210875889E+00    0.485671884033968581E+04    0.793078046467844287E-04    0.652239619094696299E+00    0.854301363119306778E+01
    0.142689691916003758E+01    0.579438423555025617E+00    0.490359306391468363E+04    0.219607792426484158E-03    0.595044646299777824E+00    0.854325532912978680E+01
    0.147781213395553346E+01    0.620321466789542253E+00    0.476780425299934359E+04    0.264066228341896581E-03    0.667906034583443220E+00    0.854954961796501500E+01
    0.140619084431900077E+01    0.670665949773507242E+00    0.497810123605893114E+04   -0.288605084464114785E-03    0.811384786682306403E+00    0.855035460437530048E+01
    0.126842115821406054E+01    0.656204393674378661E+00    0.499231276717516266E+04   -0.328541217891362679E-03    0.520218982190729262E+00    0.856244607114423673E+01
    0.146367925380164010E+01    0.625232007716861493E+00    0.486987774155516217E+04    0.965537849956704311E-04    0.690407175724318645E+00    0.856801497148061308E+01
    0.137941675767300476E+01    0.592390564923267915E+00    0.493697875539035613E+04    0.972976968716556776E-04    0.599664166962106560E+00    0.858084889166108411E+01
    0.131841955690599288E+01    0.621799478055248711E+00    0.477708185416072865E+04    0.301453773902970708E-03    0.662734507584834209E+00    0.858335840322767041E+01
    0.129068704974199222E+01    0.653791978222018955E+00    0.498847427185919787E+04    0.583840020929773811E-05    0.628846804877903232E+00    0.859795782581284129E+01
    0.116301983114038854E+01    0.678185954142230374E+00    0.495126272235167289E+04   -0.192259926704111170E-03    0.273284692931872297E+00    0.860814827214848677E+01
    0.139923485311354945E+01    0.637787735382980059E+00    0.489553801517722422E+04    0.373263410355925544E-03    0.674401209585400063E+00    0.860904663630675060E+01
    0.136556778367963738E+01    0.570386927999787963E+00    0.483724286046967973E+04   -0.522579121438470945E-03    0.621227377148414139E+00    0.862099174942962954E+01
    0.140574709847416512E+01    0.602945946469338634E+00    0.490953873345505508E+04    0.501483166004886862E-03    0.664025784605500768E+00    0.862271617297638748E+01
    0.121404464465791562E+01    0.663730941318443346E+00    0.498602364250237497E+04   -0.185032067208806703E-03    0.438187595108337657E+00    0.862996833561160948E+01
    0.124716229644040855E+01    0.597966714420945511E+00    0.488271317734989589E+04   -0.721004166549513761E-04    0.500716032706470693E+00    0.865175846355553801E+01
    0.135725556044143048E+01    0.592124618258725199E+00    0.462251649273579187E+04    0.585050401031735209E-03    0.609958492353202320E+00    0.865232190316115002E+01
    0.147045127844947499E+01    0.604285139296659612E+00    0.485364074353972865E+04   -0.105383014837991769E-02    0.632293054360677287E+00    0.865844598541378119E+01
    0.130838967524140637E+01    0.658843622165380283E+00    0.456943485846793828E+04    0.647594131792588379E-03    0.495462372412922458E+00    0.865864984986421149E+01
    0.134792300805677967E+01    0.649087130361161835E+00    0.495420876404529190E+04   -0.815163000340101118E-04    0.753376621585638451E+00    0.866084328890882560E+01
    0.138830339143057779E+01    0.585985713191160107E+00    0.477749962220371617E+04    0.423511671449035916E-03    0.606341961904796611E+00    0.866145232573171420E+01
    0.139465414485459016E+01    0.627671330532574512E+00    0.418177147062648328E+04   -0.418481721650153867E-03    0.676997781837955115E+00    0.866695508398447245E+01
    0.128105178671378295E+01    0.602692467394279396E+00    0.497976761189843728E+04   -0.464458173172082432E-04    0.585705122109125398E+00    0.867083529386565033E+01
    0.116308943608872384E+01    0.633684478468733658E+00    0.440318990597488300E+04    0.588110478592308991E-03    0.266772496272196458E+00    0.867218937252145494E+01
    0.105734676576246178E+01    0.622458796238445800E+00    0.492597336250619810E+04    0.136792247558488141E-03    0.242635769680240199E+00    0.867738509836449978E+01
    0.136034757560545061E+01    0.583114939115411013E+00    0.444347257816847923E+04   -0.261904002931738109E-03    0.609442993100129393E+00    0.867871163517541433E+01
    0.130225662534817954E+01    0.593899665891747253E+00    0.472131360375370059E+04   -0.722023468394278084E-04    0.622291833618257906E+00    0.867917642900455810E+01
    0.123180144594274532E+01    0.629875831302325939E+00    0.493285139899147543E+04   -0.476947154778589602E-03    0.514825585484021686E+00    0.868205581638556900E+01
    0.109310738481616099E+01    0.647289428216541229E+00    0.495460237564809540E+04    0.369860943196281778E-03    0.248360904988241982E+00    0.869130307791425594E+01
    0.137372626843434231E+01    0.575028418089209570E+00    0.476861927971288424E+04    0.781173222521948916E-03    0.610368101696370013E+00    0.869146961838901788E+01
    0.134568680374412275E+01    0.610603141888680812E+00    0.484183847703692845E+04    0.141218214468766967E-03    0.594847560920391150E+00    0.869263336843043177E+01
    0.132055483234222848E+01    0.627251080648858261E+00    0.481180992097688249E+04   -0.133353737412630912E-03    0.692200919047949115E+00    0.869572053321326166E+01
    0.130125112203316418E+01    0.674712587878937287E+00    0.467469577610039778E+04   -0.670476811281100820E-03    0.355979482736662800E+00    0.869723889692479801E+01
    0.119875861473072898E+01    0.650024203451162852E+00    0.491953210251986548E+04   -0.393995912414280046E-03    0.312345106746219292E+00    0.870211163124307241E+01
    0.139709728452068438E+01    0.606119776792407694E+00    0.499135006005307605E+04    0.288963050260874555E-03    0.640943761147662272E+00    0.870505191849525595E+01
    0.133796204344547442E+01    0.643520402561820526E+00    0.496211984176658643E+04    0.425213226012557217E-03    0.711831304630756612E+00    0.872224373308507239E+01
    0.138586129048356366E+01    0.643319973020898606E+00    0.466935829821992047E+04    0.687306444643993224E-03    0.722949662533865611E+00    0.873497849461544362E+01
    0.132316545087928072E+01    0.593144584481305803E+00    0.476452743758466931E+04    0.449392258105746746E-03    0.629637020201167741E+00    0.873623742953903637E+01
    0.137570229381521703E+01    0.572591335443743632E+00    0.491519950336370039E+04    0.364108092458533171E-04    0.621522061597184705E+00    0.874062544946182385E+01
    0.135549330984051597E+01    0.596749968542243936E+00    0.462237433179428535E+04    0.454299275518035492E-03    0.630362190848901216E+00    0.874083985498430138E+01
    0.132600368834009119E+01    0.650895732931741300E+00    0.440363969717830514E+04    0.301748530518187769E-03    0.666327452144742871E+00    0.874270273797442776E+01
    0.139892291393036894E+01    0.626072172124583992E+00    0.458192154877249413E+04   -0.149743373600794482E-04    0.639281652547816215E+00    0.874373150756117212E+01
    0.120761085634125287E+01    0.624464977584483716E+00    0.477272903200193105E+04   -0.264410207073647588E-03    0.483783489769048503E+00    0.874384388745100694E+01
    0.128339955238833703E+01    0.599607409064846886E+00    0.477777286904747325E+04   -0.670539114630447006E-03    0.549986260089497137E+00    0.875474886874152247E+01
    0.135539704695208085E+01    0.647008394951733123E+00    0.486443791106316166E+04   -0.174944635829786755E-03    0.536869438450677583E+00    0.875506936942018044E+01
    0.132718548936037939E+01    0.670093399530516720E+00    0.484182074458829538E+04    0.342051713501213958E-03    0.646464674481234458E+00    0.876321980250556720E+01
    0.115041375781387645E+01    0.647861984843290606E+00    0.485030939859290811E+04   -0.219170443949782051E-03    0.246417261698958390E+00    0.876411844676090901E+01
    0.128480272235596349E+01    0.625063151196346811E+00    0.474136947785675693E+04    0.361202473244307595E-03    0.437495889638863211E+00    0.876603369457846249E+01
    0.130795207988945172E+01    0.656326848669741447E+00    0.479925387520359982E+04    0.479489760733037968E-03    0.637424011991606254E+00    0.877228788201940901E+01
    0.142919384444078812E+01    0.640404863763599508E+00    0.496486197893304507E+04   -0.450499711119262320E-05    0.724540427809498899E+00    0.877402517311276320E+01
    0.118304342100800297E+01    0.635389841271445044E+00    0.454639195137010120E+04    0.502644353193302845E-03    0.279765361617862585E+00    0.877504390291540304E+01
    0.129216702766786051E+01    0.642359634609058650E+00    0.487796093136235413E+04    0.171402059370067046E-03    0.420463702098308356E+00    0.878654919307375692E+01
    0.139942008820385966E+01    0.600681840319784222E+00    0.484889543531949585E+04   -0.695933914643303403E-03    0.629669087508728298E+00    0.878824997395408580E+01
    0.132170094260996263E+01    0.633338578295866372E+00    0.496213122883994311E+04   -0.426424069023963013E-04    0.647409982514791871E+00    0.879338033684641296E+01
    0.133843352024397744E+01    0.682419593385663714E+00    0.455721423964215501E+04    0.147243111415785153E-03    0.490629531290202481E+00    0.880109074561707416E+01
    0.131542309680840752E+01    0.585231816453708698E+00    0.497443874391927602E+04   -0.102352681474178497E-02    0.601142257836885907E+00    0.880260934554168983E+01
    0.133936952421845712E+01    0.599043514189409709E+00    0.479292038482424232E+04    0.169372029315676830E-03    0.625843488435209538E+00    0.880573033610509270E+01
    0.138672274462643719E+01    0.625138397143271574E+00    0.484987928081042628E+04    0.495667214771807458E-04    0.622816389349950095E+00    0.880675086073998870E+01
    0.131890026531429561E+01    0.651267206225252804E+00    0.495430451887482104E+04    0.423482129320500660E-04    0.740103105109266468E+00    0.880727855987790775E+01
    0.128940755050888090E+01    0.642278479629836307E+00    0.479543783067174445E+04   -0.544039315989504162E-03    0.693170116977766426E+00    0.881167355915505190E+01
    0.137647723399660649E+01    0.626184517214458669E+00    0.444921274335723865E+04    0.576121541527157503E-03    0.676036100481475888E+00    0.881244979009295548E+01
    0.133289065984977473E+01    0.595361118462842009E+00    0.492390611014546357E+04   -0.427844957491342647E-03    0.610158328089818514E+00    0.881451313034725636E+01
    0.126675011355014844E+01    0.645153843670518645E+00    0.445210213083883355E+04    0.468381658089328935E-03    0.594994195976850326E+00    0.881652249174631564E+01
    0.136711658432733318E+01    0.634819148551885815E+00    0.472702839417632367E+04    0.146605352626596227E-03    0.678725616916778129E+00    0.882510226966724964E+01
    0.147428591306297840E+01    0.589367043224206189E+00    0.469874278140026308E+04   -0.235779045618332740E-03    0.619602195968920411E+00    0.882818943401721334E+01
    0.138103950853109847E+01    0.595785658700328513E+00    0.460133325390864593E+04    0.164051955013609066E-03    0.633000777413430193E+00    0.883262344487898510E+01
    0.126806939435784405E+01    0.645027516451154970E+00    0.482272913991591304E+04    0.931854592088647455E-06    0.406815165671907897E+00    0.883438360545165402E+01
    0.138592428973509119E+01    0.632359753861386542E+00    0.474119058909874911E+04   -0.263370577236876483E-03    0.706928296195353578E+00    0.883992374925588464E+01
    0.141237553223870194E+01    0.619452377042308822E+00    0.487231073312112858E+04   -0.160341407451894654E-04    0.707151076994019356E+00    0.884135010794935639E+01
    0.143292321023356162E+01    0.616533405785364530E+00    0.499014118520608190E+04   -0.230915235605157963E-03    0.676562166497675310E+00    0.885184797587000816E+01
    0.110077044361484511E+01    0.651967045010857782E+00    0.488924421246629481E+04   -0.825713725547214675E-04    0.249179554500661538E+00    0.885436457339170602E+01
    0.143771493870548772E+01    0.570062049111171643E+00    0.483284881113478150E+04   -0.647029052322504756E-03    0.614934808843740965E+00    0.885554834750551478E+01
    0.127306078561967118E+01    0.627735298821750276E+00    0.479081411142497836E+04    0.550018895700393837E-03    0.547064081744782826E+00    0.886435097352338275E+01
    0.139273645432993476E+01    0.553322386286335677E+00    0.482981733586113569E+04   -0.941309335079876751E-04    0.573770302301360835E+00    0.887249686053482733E+01
    0.135209377522672636E+01    0.637745620440599348E+00    0.492284330434474396E+04   -0.344687227115197405E-03    0.685035776987940936E+00    0.887611966529866692E+01
    0.125418489700768920E+01    0.651687475980261777E+00    0.425925489317895699E+04    0.124490569759320909E-03    0.392917404301423967E+00    0.888399418420509690E+01
    0.145343304681629859E+01    0.632144523269136283E+00    0.486409860125363139E+04    0.354390455727248202E-03    0.713417806652765107E+00    0.888475734159681352E+01
    0.134973129911433332E+01    0.680328228021439219E+00    0.463613327712403316E+04    0.252470888324364887E-03    0.533728428367612251E+00    0.890920839052355085E+01
    0.124156578750810676E+01    0.628318072791070215E+00    0.481907992157414810E+04    0.572257780840271842E-03    0.528549303378017088E+00    0.891740693237598947E+01
    0.130464253701507626E+01    0.600411227983669304E+00    0.466386998098555068E+04    0.260542534258654569E-03    0.606308942935383732E+00    0.891764113182822804E+01
    0.123588075009244402E+01    0.615290719747178416E+00    0.461324293123650932E+04    0.845875375674126845E-03    0.562455417054933737E+00    0.892390626477468274E+01
    0.144398365556436215E+01    0.658657629195437799E+00    0.422944989654840720E+04    0.645723158834330953E-03    0.733034796042115855E+00    0.892535426019738232E+01
    0.140016567819975801E+01    0.643553940352262210E+00    0.461549528042936799E+04    0.336450154441934684E-03    0.654965218327511312E+00    0.893725868143838653E+01
    0.136278171888235056E+01    0.629543065725409523E+00    0.472515508672021588E+04    0.557498402759414057E-03    0.650951886178792738E+00    0.893946024895869051E+01
    0.145631013300536649E+01    0.659343861376321949E+00    0.475085140235743893E+04    0.616502146472929164E-03    0.762482443834942458E+00    0.893970614603269098E+01
    0.135060876107157490E+01    0.605600221526024662E+00    0.462969819071731490E+04   -0.113455151480447241E-02    0.637643782194667441E+00    0.895564272563695951E+01
    0.114301881884705470E+01    0.671344856444685445E+00    0.498427647582051213E+04    0.592474259675514008E-03    0.261818254914657544E+00    0.896630866022335304E+01
    0.134025260695855053E+01    0.615288757219830229E+00    0.447930753763313805E+04    0.459183389482925185E-03    0.643369021606840619E+00    0.896647164770820559E+01
    0.133620396776868078E+01    0.597011585274550560E+00    0.442039495331219950E+04    0.213806945257836610E-03    0.628216882361632978E+00    0.896821465389397687E+01
    0.112253706225220995E+01    0.631206898784895221E+00    0.494942747375249201E+04   -0.286442847604406129E-03    0.242953779567022798E+00    0.897611736413316130E+01
    0.128481946215532883E+01    0.605390220418351221E+00    0.478815186463272858E+04    0.126039432077677664E-03    0.635225997418161437E+00    0.898602251383257311E+01
    0.132980297841739503E+01    0.577382486417330032E+00    0.480842722422611587E+04   -0.177230400467642130E-03    0.606526486333667569E+00    0.898900737917957215E+01
    0.130766587595900718E+01    0.584099501031668633E+00    0.480855657486962173E+04    0.117343728371496558E-03    0.619768568071045411E+00    0.900792342264780643E+01
    0.142366628467403733E+01    0.610670178826457022E+00    0.486527042595367493E+04   -0.339871009570636112E-03    0.653876744351240324E+00    0.901242371711657420E+01
    0.125148245536259228E+01    0.634791184961745691E+00    0.496878201255099066E+04   -0.105045135314444960E-03    0.544199399116700233E+00    0.927350685155028032E+01
    0.129073228117205074E+01    0.677286974701072131E+00    0.486927337739834093E+04   -0.376627223576119679E-03    0.429217893384357563E+00    0.943270250352797035E+01
    0.133213234851261153E+01    0.675322038174669070E+00    0.495815574190466577E+04   -0.920867353053667103E-04    0.541589117193842062E+00    0.924285001373286264E+01
    0.133786154848224537E+01    0.640153851705773658E+00    0.473606873516595351E+04    0.196332849030102642E-03    0.721670931660432502E+00    0.923327962186061058E+01
    0.134746273874377831E+01    0.679597142544871469E+00    0.458152009632461704E+04    0.171409148401520535E-04    0.551778557660182578E+00    0.917403043231307791E+01
    0.125294896060728012E+01    0.631728531260123405E+00    0.473736089350262409E+04    0.398090986829916535E-04    0.427678802528948077E+00    0.907389837544462807E+01
    0.119588553560210564E+01    0.642305144766511127E+00    0.496249626681256996E+04   -0.560442532766217290E-04    0.321308339191011982E+00    0.917414500478435180E+01
    0.118797407229769969E+01    0.632063630519608899E+00    0.490107735592946756E+04   -0.147026345795865112E-03    0.263819665616140786E+00    0.905475519258954975E+01
    0.123410059051964671E+01    0.638367480385562458E+00    0.489102427657132193E+04   -0.342330788469770930E-03    0.329310063299698752E+00    0.937688389382369181E+01
    0.117736973218970609E+01    0.638365130716954221E+00    0.481765702023320046E+04   -0.889759466085510739E-04    0.321106116517047402E+00    0.979633391343459081E+01
    0.117736973218970609E+01    0.638365130716954221E+00    0.481765702023320046E+04   -0.889759466085510739E-04    0.321106116517047402E+00    0.979633391343459081E+01
    0.129863374578555502E+01    0.666032159650403521E+00    0.495849115513693869E+04    0.650336614832701409E-03    0.412160795973879779E+00    0.971219265895826922E+01
    0.129863374578555502E+01    0.666032159650403521E+00    0.495849115513693869E+04    0.650336614832701409E-03    0.412160795973879779E+00    0.971219265895826922E+01
    0.121141813854244984E+01    0.635214467983116204E+00    0.473027959659850603E+04    0.534523353223358730E-03    0.358796009450432551E+00    0.914718058353108887E+01
    0.111496141568385365E+01    0.645389663022414184E+00    0.481186267217891327E+04    0.609233022731078426E-04    0.257009672780907694E+00    0.935026826805006550E+01
    0.119348485218730183E+01    0.624189460476645586E+00    0.481799311227008457E+04    0.359583564224538418E-03    0.359001040999211818E+00    0.955816545868761125E+01
    0.119348485218730183E+01    0.624189460476645586E+00    0.481799311227008457E+04    0.359583564224538418E-03    0.359001040999211818E+00    0.955816545868761125E+01
    0.120218066357729958E+01    0.670250347939664204E+00    0.488216153234220019E+04    0.268057067325686786E-03    0.372737109910751929E+00    0.901752965735971301E+01
    0.121657301373311855E+01    0.638303965375036531E+00    0.490595884564748121E+04    0.384592305154440243E-03    0.379120290899229828E+00    0.932838917533707424E+01
    0.116470212383445926E+01    0.632775047752593411E+00    0.488638871164758439E+04    0.511996811316666866E-03    0.338254479416801479E+00    0.921071261327221791E+01
    0.114726893286265197E+01    0.645485168157572509E+00    0.491546581910589885E+04    0.809971083794583185E-03    0.280224174615406940E+00    0.914499176017273818E+01
    0.109990136847030784E+01    0.650376071546473922E+00    0.481156897013028902E+04    0.179552279167384100E-04    0.245074065204225644E+00    0.910733553299025900E+01
    0.115354716512536415E+01    0.629227440216483469E+00    0.495532044388938448E+04   -0.166409875529134773E-03    0.249452716645447187E+00    0.907403554019405689E+01
    0.146218478919196748E+01    0.654440013189150238E+00    0.430072143352151124E+04    0.389227540055175620E-03    0.765769316879102213E+00    0.964300103424520572E+01
    0.137806830484505394E+01    0.608669061288978908E+00    0.440314758732401515E+04    0.682479954924589756E-03    0.643446320854019760E+00    0.925535993369422094E+01
    0.142550560983702912E+01    0.650575853012203331E+00    0.453660546418737249E+04    0.151236962848123348E-03    0.701604068649449575E+00    0.920621021916480764E+01
    0.140681397890213367E+01    0.627219915266872374E+00    0.459013569370497498E+04    0.539973694051235661E-03    0.657347201039744866E+00    0.921708890153267646E+01
    0.124953446712164085E+01    0.628913500255355418E+00    0.445340327637115661E+04    0.563598978360222379E-03    0.527728524993618109E+00    0.929945207830089871E+01
    0.143670257900340559E+01    0.614040665306151423E+00    0.476755973294690193E+04    0.549045705622212704E-04    0.676113790355791666E+00    0.914296620984372943E+01
    0.147163783196912479E+01    0.603657865432328800E+00    0.485344875790095102E+04    0.141987919161760316E-03    0.637548799121487764E+00    0.902978930882218478E+01
    0.143055892113605765E+01    0.576876580481322954E+00    0.492757783698509502E+04    0.373910373485899898E-03    0.631750880144501870E+00    0.919035873675607462E+01
    0.142218365298457172E+01    0.570025238780831556E+00    0.476077232871149681E+04    0.148611009059985364E-03    0.588484091539910548E+00    0.908866113758936400E+01
    0.140389642431949602E+01    0.556062250172073336E+00    0.481785131945261310E+04    0.103148567958734794E-03    0.594036106912490425E+00    0.968026879758360081E+01
    0.134399720084260554E+01    0.562444157792963195E+00    0.489278566792922629E+04    0.270697099046786859E-03    0.582202368232680678E+00    0.912626185157161984E+01
    0.136931823141210285E+01    0.573559755922593895E+00    0.489898879549335834E+04    0.618226775158901083E-03    0.613557489596189498E+00    0.909455819963017120E+01
    0.131854241920452298E+01    0.591448171079616225E+00    0.465228915722175225E+04    0.299830341420033908E-03    0.633905110639661595E+00    0.916662418882225971E+01
    0.132375605945389729E+01    0.599788151546279069E+00    0.477159363777350154E+04    0.323543076244194527E-03    0.638510727564942537E+00    0.917930027611164157E+01
    0.135968345670941781E+01    0.584604155319495833E+00    0.493653829840467915E+04    0.935451490710403557E-04    0.611751009107566857E+00    0.976799453517961602E+01
    0.135968345670941781E+01    0.584604155319495833E+00    0.493653829840467915E+04    0.935451490710403557E-04    0.611751009107566857E+00    0.976799453517961602E+01
    0.147858738742838947E+01    0.584487093596893881E+00    0.483671401226002490E+04    0.118483615226244621E-03    0.629622846685058635E+00    0.954679709683522049E+01
    0.130258775253580872E+01    0.555254800488962363E+00    0.494897818972084769E+04    0.258266007360211829E-03    0.570181810612145901E+00    0.944472601363441022E+01
    0.140264410137622297E+01    0.566531550161683439E+00    0.481702397578274213E+04    0.405618933440221282E-03    0.613242395565532172E+00    0.953353497182281728E+01
    0.133374264420196242E+01    0.591602005874115600E+00    0.465216563694112210E+04    0.137269588754262712E-03    0.622398999485633597E+00    0.915284469489599850E+01
    0.140169850346889224E+01    0.660950741803590702E+00    0.483698372772421135E+04    0.724825244711426266E-03    0.791868234638340995E+00    0.911558763934704430E+01
    0.141413486341597761E+01    0.650094756949611163E+00    0.480243554269484684E+04    0.465858039890393219E-03    0.695653998609121249E+00    0.931667037945370780E+01
    0.140650018762206175E+01    0.650420531247660416E+00    0.461509027170388526E+04    0.554872203578150197E-03    0.678813846650201280E+00    0.920524082190107507E+01
    0.138711273288692771E+01    0.638301978782395585E+00    0.480574499072524668E+04    0.139173423944152953E-03    0.732210637073003157E+00    0.976808365180951910E+01
    0.138423755561172523E+01    0.644711126896836850E+00    0.481117051589468974E+04    0.252852480543251049E-03    0.766570698505378845E+00    0.948484194716066398E+01
    0.135538411773412482E+01    0.641515281732206955E+00    0.483697027846219135E+04    0.739367024122455062E-04    0.698533303157734875E+00    0.966541293584387518E+01
    0.135538411773412482E+01    0.641515281732206955E+00    0.483697027846219135E+04    0.739367024122455062E-04    0.698533303157734875E+00    0.966541293584387518E+01
    0.135505585575270793E+01    0.632443530402104215E+00    0.476760416942113443E+04    0.250637456737302878E-03    0.661526907689988120E+00    0.911955220459301863E+01
    0.148293359326234109E+01    0.654204330942207646E+00    0.496939473431042825E+04    0.327507216097479585E-03    0.776817054682549024E+00    0.929610600464157599E+01
    0.136571379267508863E+01    0.624684482401188346E+00    0.494755675227359279E+04    0.480395203982731745E-03    0.705736840593164438E+00    0.919084152783399944E+01
    0.141906810292247521E+01    0.632233481608889702E+00    0.498347022711221325E+04    0.475085145935074445E-03    0.731892567743113176E+00    0.906502793043906507E+01
    0.142850193606453657E+01    0.603392538279016399E+00    0.495151173970764739E+04    0.469184516911478179E-03    0.644388130489143451E+00    0.918868106112288885E+01
    0.139949656156068114E+01    0.661040933940850395E+00    0.489181705541574229E+04    0.522794381263883673E-03    0.818622312475281277E+00    0.926463313155944235E+01
    0.144206171484201162E+01    0.612039022904634633E+00    0.498493689057674510E+04    0.688786264669745906E-03    0.651157155825473399E+00    0.901800373532539723E+01
    0.127280282377596898E+01    0.629740447087189348E+00    0.464537886751125370E+04    0.338413310458789943E-03    0.580986140454320843E+00    0.910182407854751752E+01
    0.125087817686027036E+01    0.626159607253918171E+00    0.475284122154320085E+04    0.101458950014806897E-03    0.665864408946294728E+00    0.914826865396967115E+01
    0.133013059976371562E+01    0.606628825540797223E+00    0.497401997326075343E+04    0.322286062900621720E-04    0.629351286902499085E+00    0.936805507478523047E+01
    0.133662615336036272E+01    0.635051399021111851E+00    0.495587077643661451E+04    0.464982408811463768E-04    0.565237038502743094E+00    0.962161817387000440E+01
    0.133662615336036272E+01    0.635051399021111851E+00    0.495587077643661451E+04    0.464982408811463768E-04    0.565237038502743094E+00    0.962161817387000440E+01
    0.128515468913904352E+01    0.632405178450171079E+00    0.498023503357444406E+04    0.532406238139011140E-04    0.605389194981737377E+00    0.969843281593480633E+01
    0.127259627275638532E+01    0.601493816840425910E+00    0.488347916161215926E+04    0.575490346046158926E-04    0.619539238179090734E+00    0.912308422099734706E+01
    0.130940511425062800E+01    0.623930556370134282E+00    0.495137983585575330E+04    0.190532924527394079E-03    0.568923345511575196E+00    0.920179092479995475E+01
    0.131135792685273489E+01    0.636781901855878241E+00    0.494740580542166663E+04    0.169885760069342687E-03    0.648839674975571601E+00    0.954053968788601736E+01
    0.128198199346147579E+01    0.612697125710949586E+00    0.489232521098213783E+04    0.264131355903896167E-03    0.590891005801999381E+00    0.938023748990330475E+01
    0.129155630378428032E+01    0.623140422367193691E+00    0.493788449357517129E+04    0.230166312973209271E-03    0.647311843760346894E+00    0.989935731015361497E+01
    0.129155630378428032E+01    0.623140422367193691E+00    0.493788449357517129E+04    0.230166312973209271E-03    0.647311843760346894E+00    0.989935731015361497E+01
    0.129368532937006608E+01    0.633166849697486045E+00    0.493730865063219790E+04    0.635569060026937413E-03    0.681637972779212786E+00    0.942824903972520367E+01
    0.129502959997331080E+01    0.636557106939712014E+00    0.490537890459185110E+04    0.211284469854353509E-03    0.606486561710660399E+00    0.905493720542788694E+01
    0.129165595770888908E+01    0.625103320319566835E+00    0.496156359149839045E+04    0.129239968796841776E-02    0.640744850115857578E+00    0.950905560733480293E+01
    0.129165595770888908E+01    0.625103320319566835E+00    0.496156359149839045E+04    0.129239968796841776E-02    0.640744850115857578E+00    0.950905560733480293E+01
    0.130507999734923263E+01    0.623124644926685844E+00    0.492709289313304453E+04    0.508263037188299866E-03    0.669862711034649561E+00    0.990290727401621851E+01
    0.130507999734923263E+01    0.623124644926685844E+00    0.492709289313304453E+04    0.508263037188299866E-03    0.669862711034649561E+00    0.990290727401621851E+01
    0.135909189937291153E+01    0.598452513853109047E+00    0.494948679010812884E+04    0.391467628990786265E-03    0.611207631991639966E+00    0.908883605001828521E+01
    0.129140610053802041E+01    0.644933540928913973E+00    0.483251009981280367E+04    0.116050348108231451E-03    0.546731465585622134E+00    0.966089867895663623E+01
    0.128205976258754650E+01    0.634569998883979691E+00    0.494762181484687699E+04    0.138981729893227662E-03    0.566520452162563970E+00    0.935755689392207302E+01
    0.132850365346005828E+01    0.648436890405628685E+00    0.493305426594409437E+04    0.552203907272630096E-03    0.514392619956010710E+00    0.918493756448848231E+01
    0.131599861494646042E+01    0.668364008273305221E+00    0.481401915569069388E+04    0.374280205195701618E-04    0.482561765826623579E+00    0.903553966003317655E+01
    0.139935411334644422E+01    0.658088760590470612E+00    0.480575804697349486E+04   -0.129108677116778728E-03    0.816012142296268728E+00    0.942415727017026938E+01
    0.137345481255657043E+01    0.674248160920461581E+00    0.486998458800927892E+04   -0.161234155184048454E-03    0.762123664821102609E+00    0.945326133296737048E+01
    0.144215164256313200E+01    0.656012290637285833E+00    0.489555977093214096E+04   -0.170724665881826106E-03    0.754223930121052266E+00    0.908796306977863289E+01
    0.133150828919752917E+01    0.614886828602003943E+00    0.496855934849431742E+04    0.116020784911348937E-04    0.670823714344286337E+00    0.950594333779303824E+01
    0.134069817107030609E+01    0.648953531133606432E+00    0.499781147834242438E+04   -0.543361502029214116E-03    0.691864017304519630E+00    0.922605807501292219E+01
    0.142700039405996248E+01    0.632466354993323709E+00    0.495502573095663865E+04   -0.126918444719658540E-03    0.721352642608132033E+00    0.984532640222681010E+01
    0.131740386301986190E+01    0.603864276833165237E+00    0.498948422116676193E+04   -0.260219978396604521E-03    0.629542057612694883E+00    0.980063336749695324E+01
    0.131740386301986190E+01    0.603864276833165237E+00    0.498948422116676193E+04   -0.260219978396604521E-03    0.629542057612694883E+00    0.980063336749695324E+01
    0.135854979388454877E+01    0.613988002471506755E+00    0.493985105274026682E+04   -0.577314756106729198E-03    0.658256925227685974E+00    0.903810171316631283E+01
    0.135495866599281523E+01    0.628741000522389903E+00    0.483675358950100326E+04   -0.266204832503637398E-03    0.650097300126055710E+00    0.994933565167080403E+01
    0.135495866599281523E+01    0.628741000522389903E+00    0.483675358950100326E+04   -0.266204832503637398E-03    0.650097300126055710E+00    0.994933565167080403E+01
    0.131867312120928482E+01    0.614686752799114000E+00    0.489680962358973193E+04   -0.209276983265328553E-03    0.642129857754267008E+00    0.918710640078279539E+01
    0.128802409489806302E+01    0.615620931957360895E+00    0.498055147720091736E+04   -0.235654150824167951E-03    0.592304270272502764E+00    0.918973878028583258E+01
    0.132135931552668984E+01    0.611727654619998340E+00    0.494197941093684858E+04   -0.275613665156946577E-03    0.605637897882300380E+00    0.952505070852124547E+01
    0.138313675954209003E+01    0.591401496807615334E+00    0.484878551596014040E+04   -0.495988458272046879E-03    0.632304081087209147E+00    0.924854608469967410E+01
    0.141063067458216418E+01    0.631776959300979435E+00    0.483603255435553274E+04   -0.112206014835473673E-02    0.689624165497493391E+00    0.920171934059615992E+01
    0.139002171047997725E+01    0.630837493570029162E+00    0.482797513241992419E+04   -0.752009573259487829E-03    0.707883072809032843E+00    0.928869765384561141E+01
    0.140415033839558356E+01    0.603204798977385659E+00    0.483211293308088443E+04   -0.189364071876384264E-03    0.650449073271322176E+00    0.969943732301319272E+01
    0.139391991750398248E+01    0.616564593136449846E+00    0.493706772134187304E+04   -0.270251006208565019E-03    0.686548295120426144E+00    0.924774466212151225E+01
    0.136689614583495178E+01    0.592334506739551570E+00    0.485921880203639284E+04   -0.976104067749108506E-03    0.635097266006350969E+00    0.916331771866258293E+01
    0.135322536884651345E+01    0.606113862748844490E+00    0.488269942631169033E+04   -0.603913399653779664E-03    0.651650342941187177E+00    0.929098957776120393E+01
    0.128498513888476951E+01    0.650484358734601087E+00    0.494192684178509535E+04   -0.270998866439480902E-04    0.584233925243567098E+00    0.933004995125439152E+01
    0.126086678467696589E+01    0.615911478853468752E+00    0.488246081249804411E+04   -0.647143793681994998E-03    0.548611066426473504E+00    0.963000571401860839E+01
    0.129922360343465071E+01    0.648631305212629017E+00    0.499175976181860733E+04   -0.417979970489719150E-03    0.629348597657227948E+00    0.910841685798817835E+01
    0.131512209799575586E+01    0.640212314779747049E+00    0.499233937920924200E+04    0.169205012066698488E-03    0.649849274400614130E+00    0.932015207665149248E+01
    0.131722366315588646E+01    0.621337097741032629E+00    0.476062239236482583E+04   -0.278787165162936949E-04    0.669122086429566942E+00    0.927860981650821337E+01
    0.129585928251666926E+01    0.637477699025059019E+00    0.474323371522163688E+04   -0.177112912225224932E-03    0.596589601162336725E+00    0.931990723470195448E+01
    0.140938037397815474E+01    0.661663618424981448E+00    0.464359993388172825E+04   -0.103112825537818632E-03    0.574414835605523977E+00    0.999226679185520084E+01
    0.144156916053469075E+01    0.617503678026494640E+00    0.473968068312474861E+04   -0.735998060772013909E-04    0.671080045711961004E+00    0.908947939888090239E+01
    0.145446503752618428E+01    0.616148383346969752E+00    0.480289368299111811E+04   -0.675025138796628453E-05    0.662397347449382723E+00    0.920849399904590804E+01
    0.133998946325083845E+01    0.625719419894597895E+00    0.462965115036738098E+04   -0.262777857889647404E-03    0.691378638213906438E+00    0.939029972924440415E+01
    0.136017051748021189E+01    0.633692792850387265E+00    0.467123593617177266E+04   -0.175409549988909437E-03    0.655315696807641679E+00    0.904936570938576779E+01
    0.146179079622093289E+01    0.625315001398946579E+00    0.480315889376905852E+04   -0.119532688750988283E-03    0.678358261977032528E+00    0.949151457545288579E+01
    0.143893571726102398E+01    0.609716266154637476E+00    0.483634921046149793E+04   -0.111876581931774887E-03    0.682863923283022922E+00    0.938869948492583539E+01
    0.145454138269902211E+01    0.606740020381738576E+00    0.481468043205857975E+04   -0.376977911962008086E-04    0.659796802283342254E+00    0.920013967339196981E+01
    0.137779010668257573E+01    0.633551087308249827E+00    0.463656564038282613E+04   -0.103252360208788804E-02    0.608720233721731230E+00    0.909548799450255530E+01
    0.141943107845960714E+01    0.618517455920338466E+00    0.434464834769606477E+04   -0.273676466867512681E-03    0.633975771305610780E+00    0.910236633133590445E+01
    0.134436873905913323E+01    0.620463318266199826E+00    0.454607035515496773E+04   -0.565346014075390475E-03    0.651706721427547264E+00    0.930294723749996066E+01
    0.139632339156677476E+01    0.594065900792074442E+00    0.442801112068407838E+04   -0.419036457086144343E-03    0.622773321024307824E+00    0.911058958214142756E+01
