chirp_mass mass_ratio EOS alpha zeta
0.8797430342486668 0.7389581670560311 3986.958888891858 -0.0006333115659517798 0.7228341203403682
0.8493618350021989 0.7564001081121504 4419.01509705892 -0.0003289972227235627 0.704244903234952
0.8793435020868792 0.816674732133666 4702.647768937461 -0.0006428778122268755 0.8287372423945205
0.9645613721887398 0.829753710225247 3942.521256483578 8.38235559507074e-06 0.8357737130354623
0.8703659446001852 0.792896259457966 4932.866195112446 -0.0005856469754682819 0.872940817855409
0.8863856354236229 0.786478580796262 4880.013788238065 -6.674518256803126e-05 0.8640560174136312
0.8448975808393506 0.678537363108889 3931.109912490139 -0.00042292832820173357 0.6057527948469246
0.8682498824753687 0.7542827463683316 4940.714639650405 0.000680964146444316 0.8032796672990529
0.9089642842531371 0.7653872655791457 4921.169205137072 0.0005111909968754882 0.7842344611145197
0.8982425758260089 0.7972548287864607 4169.525313746375 -0.00013792861674012959 0.9625844865814805
0.8372558441488884 0.7715527124498726 4684.420569807661 -0.0006442271744923823 0.7706894382192049
0.8828372271955491 0.7639650144742903 4598.559306966887 -0.00025587547251340847 0.6675106716574559
0.8746816804672307 0.8127710898108378 4595.043570879188 0.00041839459343390417 0.9851711700611554
0.8727464949640602 0.7654782359377587 4095.3224614642545 0.00011586977895380895 0.8204616263669708
0.8218910030595195 0.7160004805177015 4775.304645117976 -0.00031947799432496555 0.6393151316846787
0.870265995974555 0.7517250219380989 4311.144245218825 -8.23864011370963e-05 0.6283589534121559
0.9275969206978056 0.802793617691496 4607.229902146598 -2.4399829173508437e-05 0.9903944391513997
0.9219283426068461 0.8042913925632512 4621.743179028188 -0.0003164684692494983 0.9773424703774984
0.823151838512349 0.7071063889234144 4271.044663295039 -0.0002623837593547106 0.6039305904965672
0.855109794414301 0.7384187678241526 4502.149906167748 -0.00013315594671177701 0.7158128260753228
0.953992115261817 0.9756696027116505 4644.564426343582 8.417777001918722e-05 0.9926565857477079
0.8791861440121809 0.804396696889499 4959.504718155462 0.0005181899726105344 0.7923223381559222
0.8322496813950624 0.719279381554981 4707.420977986472 7.212764851625252e-05 0.6502983562648145
0.9757421976550322 0.8189328666560178 4496.880335651362 9.420380369438168e-05 0.9821070490634124
0.8786270113581681 0.7984047980723491 3994.0410104291605 -4.4088417637995586e-05 0.841980504967834
0.8693205083326347 0.74407588400836 4536.150174339308 0.0005965304013004461 0.7470391443771417
0.8086071888977843 0.7299155270074276 4963.559384602505 -0.00044762213766780115 0.6346359373321355
0.9732853520151867 0.8577943462013317 4802.842274880952 -0.0002970653427309116 0.9389625946081187
1.016777006014784 0.8740996401539839 4492.118481073592 -6.699010937475094e-05 0.9866519199463849
0.9069663776583253 0.7827774038865811 4147.127436036096 0.0005024514738850254 0.7649612879174538
0.8281506897053816 0.7312730279267884 4307.975338305812 -8.211637027036261e-05 0.6571831465560404
0.8880592796281812 0.8567587827364068 4399.74195919298 0.00012674635643084104 0.982068729006556
0.8957188059382549 0.7928871136540097 4923.9128876796685 -0.0003484614754962204 0.7360652988195071
0.9252348600849158 0.7780911592179752 4257.875519195145 0.0003836539989839265 0.8427071064142047
0.8187139326731633 0.7405682911416285 4990.2286394481125 0.00033702927379133967 0.6939787380325639
0.842675065630428 0.7472348238540685 4935.74665856968 -0.0005487535010963502 0.6582855261302567
0.9061590829646606 0.7604466816145623 4957.131663149079 -0.00028511098581165435 0.7120328013608777
0.9277613755927402 0.8411996636438154 4669.210360635394 0.0004337205082941032 0.8798468493424079
0.9324045937664512 0.8133130183916383 4348.171266693053 0.00018879282486350526 0.8017874964715503
0.9141959003162999 0.7841728125609414 4531.989595333875 0.00014642443074411042 0.8545486808561624
0.8627254931297729 0.7613321123460567 4142.072422227712 8.764806090235354e-05 0.7853601569560563
0.9463528727185503 0.8410354922864731 4913.554872481591 0.0003905656458113045 0.964435529544766
0.9661747056886061 0.8375567242167189 4104.030029701849 -0.0001739712026690383 0.9620611869782443
0.8865878763556264 0.8391237403089268 4654.5939814169105 0.001145137943469503 0.8868257820633387
0.9125257410353054 0.8383770393195763 4828.687032378338 -0.0002918663172711472 0.890545620088788
0.8228673481826604 0.7031117976349374 4982.067031260875 -0.0004133297734552244 0.6247044249167275
0.9003914351422537 0.7677382037274747 4210.585439199805 -0.0003275819036299554 0.7053399215406732
0.9345337116382862 0.8264070386601968 4311.447300658292 -6.153947739459144e-05 0.939324859483402
0.897852974192156 0.7715709655634189 4605.996348760356 3.3434971349833655e-05 0.8250922860792054
0.9684138862259867 0.8232799106264178 4140.091471859212 0.00018446534808528266 0.9559367839253141
0.8770454917988911 0.8112498319474615 4726.314983538517 0.0010319156157626744 0.8656252910769886
0.891562004274288 0.8407872046512431 4883.020336996173 0.00013826849447925877 0.9315176309403956
0.8214306846589029 0.7021344831112124 4872.273862278923 1.400296677678691e-05 0.6284542184285435
0.8385970196802887 0.7771333411647341 4761.736834373626 0.00022193744790977805 0.8106163452174566
0.8965113186542042 0.8645440291490393 4285.8518564290025 0.00030961189795416627 0.9968650086928559
0.8128957266891745 0.7263867708121239 4804.170430556625 -0.0006121474453249284 0.6546318771017594
0.923886472013532 0.7894192671598177 4862.144418062731 0.00010812869766027362 0.8610268487837669
0.9235119738112352 0.8084592582441863 4306.634532768528 -0.0003081561479897074 0.9602395961390592
0.8313348310006804 0.7568534631026187 4704.361482152661 -1.431519871125771e-05 0.6759160426763293
0.8770057593586464 0.7715618269746334 4939.111172271027 0.00030014446751082396 0.6995619924245685
0.8567295546555275 0.7891186115200236 4932.895273560894 0.00043135356280423143 0.869420627128177
0.8952609844543626 0.8194133430318982 4711.4069929573925 -0.0008199436806891123 0.9435182036481653
0.8946389022260876 0.7659755312926806 4748.359114248262 0.00037289937120886334 0.808756634584118
0.8693270527460212 0.7698486898813207 4934.655208090768 -0.0004947620647540264 0.8055900229244013
0.8594086872940917 0.7252895689408074 4128.631186990902 0.0005411392602383725 0.630331228791119
0.8781379686860111 0.8061180227036964 4390.528749982395 0.0003105598507993161 0.9058349546008098
0.9047770054581898 0.8089357286110684 4897.620549226601 0.00026622483990682596 0.8667878072871307
0.8989686553004195 0.7450190564734653 4985.088723856267 0.0004497846095389669 0.7382959827520332
0.8724895848098609 0.7950973751439729 4139.11439150635 -0.0002885060847052551 0.7735879591882258
0.9066852606396708 0.7485417930994253 4267.876702538861 -0.0002044673817013087 0.7253644060618306
0.8277457515281059 0.7204633412606071 4877.033202934382 0.0008994983968894268 0.6395025615329265
0.8764505534859695 0.7645577367639239 4219.88217182015 -9.159179877299099e-05 0.7106731740762855
0.8845260166690794 0.800734006648156 4730.999417687367 -0.00037232866266680614 0.9287336076827566
0.8753055145250148 0.7834170920083263 4753.292006217485 0.0010897461301419083 0.7847988764716576
0.9006665670753112 0.8655637217305072 4872.477566381462 0.0010730474857024795 0.9625105761320082
0.9603631801544257 0.858675731201193 4973.233718420259 -0.0013056659296321346 0.9607301450889516
0.9286897932030349 0.800110019360372 4236.4474329515515 0.00015719177160752865 0.8325948558848173
0.8915485833201445 0.8107799415595381 4307.947970484151 0.0003128375923407634 0.8867471398673334
0.8978801795460778 0.8258531533168079 4481.093030199669 8.688834915458976e-05 0.9241854855991725
0.9565803009166273 0.8109161571604907 4211.113146088114 0.00022890468552062121 0.9282018259143251
0.994220281314107 0.8589030819734372 4597.456566952951 -0.00020627220610828833 0.9597494917349519
0.8979660552445791 0.834041243496388 4801.592527510998 -0.0001719063643848854 0.926302862879802
0.8953880203974256 0.7981680161660025 4511.246953149784 1.8575627781606208e-06 0.8409251325999432
0.8912204554879031 0.7839438383562066 4775.5086029644735 -0.00040883966079661684 0.8303066554600678
0.9170377148835847 0.788208790175201 4531.760736170103 -7.476337835433243e-05 0.8514518401884383
0.9170377148835847 0.788208790175201 4531.760736170103 -7.476337835433243e-05 0.8514518401884383
0.8990073291176441 0.8634598959268357 4519.8052859888085 -7.417417891177352e-05 0.9564228791390765
0.9370192738729459 0.8456798658536763 4639.5046229043655 0.0006059887035453395 0.9477118393659232
0.8647213349390298 0.7340547963985236 4634.881883182758 1.795999249348138e-05 0.6607267696430726
0.8321217647433455 0.7334988021100668 4784.386327225405 0.00012001605089990156 0.6917986076978607
0.849356362204329 0.7347440764473504 4302.654785261182 6.147903686029185e-05 0.6824848194854476
0.9524948778101783 0.791990138427774 4199.2573686480055 -0.00021607434398466778 0.8393777041232099
0.8789972213358584 0.7620929219945725 4979.079109069008 -6.787294207107335e-05 0.690046049732573
0.9116517665643779 0.8119146679835497 4703.771381622326 7.754697554005326e-05 0.9356788983607685
0.8900417874324577 0.7909017517933565 4486.295427291207 -0.00027164585083964943 0.8491058235790909
0.9736532583657839 0.8412471408737425 4568.813973845132 -0.0004351997584881841 0.9145977144719499
0.9736532583657839 0.8412471408737425 4568.813973845132 -0.0004351997584881841 0.9145977144719499
0.8741512947651141 0.8192938809858186 4663.830910742895 9.203656934136371e-05 0.9981755849743188
0.9063498963834028 0.7760800927796345 4637.111301845294 0.00033996381149041055 0.7668894398964072
0.917793946095621 0.8180291012592708 4811.970808124377 -0.0006811398749839882 0.9652228057864738
0.8605023069128628 0.7817397731017304 4456.606537665237 -0.0006366315386325319 0.7848817621989371
0.8978189021194991 0.7738304989724936 4585.465019640022 7.373080729466195e-05 0.7074941104698509
0.8518826594770065 0.7448090763402395 4835.7564038950895 0.0004280776516315288 0.6788666874675977
0.8518826594770065 0.7448090763402395 4835.7564038950895 0.0004280776516315288 0.6788666874675977
0.8769116562356611 0.7783043631117005 4868.803586151352 0.0003651886698021408 0.7417228293513233
0.8769116562356611 0.7783043631117005 4868.803586151352 0.0003651886698021408 0.7417228293513233
0.9314812773246408 0.8012272612148011 4572.431938114128 -0.00011143801571326562 0.7901419329775404
0.9271710294550204 0.7829452111899503 4334.695128070024 -0.00039078088790543117 0.7911398513481082
0.9155794850098709 0.7976386868124354 4946.694888057087 -0.0004966473237240813 0.9138833592229189
0.9563372886762054 0.8634993619534168 4939.781830495452 -0.0005167027186979337 0.961995116108893
0.8421749714474667 0.7975800806139325 4722.0856122846 -0.0005798637808302818 0.798624307159058
0.9978597119273154 0.8740194083040544 4773.351004157633 -0.00014601715101792567 0.991579214532186
0.9016595885500721 0.8367301969433096 4516.2337721027825 -0.0008925209428656482 0.9926850874366113
0.9067533723272221 0.7853023617147211 4460.535838102662 -0.00017296898675667785 0.8172976826267334
0.8701410521930423 0.7503688999103212 4425.692403694561 7.948329282793875e-05 0.7155670660279501
0.9582619442383654 0.8236413073678601 4161.183766504644 6.638064777298003e-05 0.9309787821645072
0.9030914218288971 0.8091686500074313 4968.780116934044 -0.0009542617625215362 0.9626519799684368
0.8813775974499285 0.7709959662219137 4602.612159142139 -1.7084361532940993e-05 0.8094899911473215
0.8614853034463908 0.8317480257408466 4879.991275667207 6.274848275327213e-05 0.9053959477307809
0.8784881254524536 0.7935537196542178 4934.700168596638 0.00011472867032212556 0.8794888374534029
0.9338578204321559 0.7917762432388576 4189.126365685284 0.00027577231339843104 0.8502712866939242
0.8704057747420765 0.8169468033750594 4654.594739621567 0.0011613605723177205 0.9545756491195683
0.975319522709396 0.8121934127428194 4405.935050869946 4.726687624474522e-05 0.9587486558113837
0.8573289627687553 0.8197411376336836 4764.568413884763 0.0002656158050890782 0.9668650171213642
0.8573289627687553 0.8197411376336836 4764.568413884763 0.0002656158050890782 0.9668650171213642
0.9126893564763786 0.834547104886372 4103.855994605192 0.00033984076961364695 0.9560152957547414
0.8359894016749841 0.7517557921319908 4848.839722636115 -5.463854851707822e-05 0.7168280910993878
0.9324440424209582 0.8067129529885364 4677.881013395842 -1.0650907876261309e-05 0.8074555550625753
0.9324440424209582 0.8067129529885364 4677.881013395842 -1.0650907876261309e-05 0.8074555550625753
0.9432038303577015 0.82988318813996 4600.886809863498 0.00017849124027829395 0.9491501819886596
0.9356216503825915 0.8238251345894119 4975.050960068986 -0.0002923276735239403 0.8588096620566321
0.8807043784055386 0.750906617432153 4509.334532242783 0.00038558574408333415 0.6515399893264348
0.9386002021635861 0.8275745464237924 4807.116276214341 -0.00021906516745942396 0.9706752378402961
0.8575911491276299 0.8285676581028609 4812.096702115853 0.0006779520120701298 0.9391477967269528
0.8774487867534656 0.8063058434653008 4968.173433173697 0.0004476884367698724 0.8689222665509837
0.8627985749001137 0.814913222205793 4788.261656915029 -0.0001734006162665507 0.905975435309673
0.8863487736843967 0.7758953835909916 4639.390298317621 0.0002634332802373282 0.7712835236136388
0.8899823565330219 0.7924008586752753 4619.074607765697 -0.00011353157594386203 0.8008268068469359
0.8899823565330219 0.7924008586752753 4619.074607765697 -0.00011353157594386203 0.8008268068469359
0.9131567868688594 0.8073235307289882 4568.2555908840495 0.001026831283470872 0.8929460284731793
0.9131567868688594 0.8073235307289882 4568.2555908840495 0.001026831283470872 0.8929460284731793
0.9029913918240977 0.7887334415936784 4966.354283425543 -0.0002477165584106576 0.8724303054652507
0.8992366983470776 0.7986909025755491 4898.6433581920755 -0.0005197089055884288 0.9131337125919541
0.9341959598375265 0.8281020539160968 4454.749479343879 0.0006102790604412662 0.9051084793515838
0.8868304931304549 0.7664504735324007 4835.444328558889 -0.00039412825941748624 0.770834612500331
0.9068290559531884 0.7945064812890795 4941.785003580163 -4.542265214429283e-05 0.7598547666789133
0.8970973535221569 0.8150889154721399 4485.241270219844 -2.8676995741575458e-05 0.8900363512733669
0.8611791648053454 0.7554909954215598 4771.820613717338 -0.00032608970109358266 0.7327941741931142
0.8932909840440184 0.8400566614716528 4848.474513616969 0.00064059117027048 0.9051535779063622
0.9437566555900183 0.8283971754625774 4217.239504717687 -0.00029002068306409654 0.9507364427111641
0.9437566555900183 0.8283971754625774 4217.239504717687 -0.00029002068306409654 0.9507364427111641
0.9014585966649493 0.8432573074818647 4588.6233484977 -0.0008791132401017779 0.9730500425788124
0.9014585966649493 0.8432573074818647 4588.6233484977 -0.0008791132401017779 0.9730500425788124
0.9115288823618911 0.8001171816487065 4306.5322682416845 -9.541175238510496e-06 0.7857017532648206
0.9115288823618911 0.8001171816487065 4306.5322682416845 -9.541175238510496e-06 0.7857017532648206
0.8981180354159125 0.8230848730570964 4390.89344156193 7.912109390457128e-06 0.945069379161482
0.9082086763421071 0.7977056349310248 4611.231505660342 0.00019890269782420005 0.8131000516312599
0.9037195057860207 0.796554519771073 4416.954253115486 -0.00012427119510386816 0.8324874291975216
0.9037195057860207 0.796554519771073 4416.954253115486 -0.00012427119510386816 0.8324874291975216
0.8760132734380068 0.7993830229689387 4990.529635648144 -0.00012637838006050622 0.8211417648148923
0.8760132734380068 0.7993830229689387 4990.529635648144 -0.00012637838006050622 0.8211417648148923
0.8923338342882455 0.7548268107499541 4865.796289869938 0.0008452505517555344 0.7498788455899189
0.8923338342882455 0.7548268107499541 4865.796289869938 0.0008452505517555344 0.7498788455899189
0.873457037080252 0.8222826611234075 4834.297291179554 0.0003646533837481455 0.9485794091835464
0.873457037080252 0.8222826611234075 4834.297291179554 0.0003646533837481455 0.9485794091835464
0.9173381945261049 0.7868257524508987 4080.9864252819793 0.00045171386765339983 0.8291705230520774
0.932882157418977 0.8176610659620063 4843.268667374887 0.00023742834707396284 0.8692405055193668
0.9817954500226154 0.8536252854870185 4510.822244657446 -2.5800425751889856e-05 0.9561862033121097
0.9817954500226154 0.8536252854870185 4510.822244657446 -2.5800425751889856e-05 0.9561862033121097
0.9164840905746724 0.7742467292482436 4080.8592430440854 -0.00022845217187869156 0.7593786216032086
0.9164840905746724 0.7742467292482436 4080.8592430440854 -0.00022845217187869156 0.7593786216032086
0.9549610196444664 0.8561075436961608 4243.429924759688 0.00041849462542348513 0.9878043695719336
0.9549610196444664 0.8561075436961608 4243.429924759688 0.00041849462542348513 0.9878043695719336
0.9469074105702335 0.8277619170871615 4328.514134615686 0.00022440255974069548 0.9115499213848246
0.9928673032332627 0.8485687573038044 4135.741149723071 3.8268806548258804e-05 0.9961775805276927
0.9310927826688593 0.7919462494102207 4320.126853709222 0.0004038019263492402 0.8276246244533777
0.9486342926925784 0.8106011803513895 4130.645240447243 0.00021592335620319002 0.8493357084949322
0.9551773550840962 0.8432403655975028 4168.744898419867 -0.0002391340612380355 0.9633860147726561
0.8789139594374642 0.7466898491002877 4641.070924230675 0.0003241942262596444 0.699996250543112
0.8789139594374642 0.7466898491002877 4641.070924230675 0.0003241942262596444 0.699996250543112
0.8912940351060145 0.7782177943564149 4602.973717653019 -0.0002730256297820599 0.8249179097991657
0.959696463391216 0.812877073991146 4189.148733720066 -0.0002428905684057986 0.9061817817041022
0.8732314438311521 0.7610777375488631 4805.653771781929 0.00023562898126969496 0.6922842072924809
0.8732314438311521 0.7610777375488631 4805.653771781929 0.00023562898126969496 0.6922842072924809
0.9123435959097329 0.8690486447887166 4766.109110678853 -0.00037084481047373733 0.992910581581622
0.9392401514755957 0.8500411044103826 4416.7270550709645 0.0001638568184429757 0.9623829514220574
0.9473939260572241 0.8163755213350817 4970.6790967414045 -0.0001896978927377641 0.955294676383605
0.9301560092628771 0.8047281113898268 4913.789945213959 -0.00010405568601828273 0.8490375238793031
0.885120249084275 0.84855699521072 4262.288028681244 -3.4182666696217e-08 0.9707188058059762
0.9327448545861245 0.7879955334598469 4270.974275652983 -0.0010736732074348562 0.7700326181603812
0.9465820714255816 0.8160823033306163 4798.086657808496 0.00022453611593911514 0.9288340662474355
0.8714628965997201 0.746155532603221 4840.456496805577 0.0003857319846486836 0.6787301599717356
0.9710295133895156 0.8567473241767876 4324.633388694453 -0.0001975583327457577 0.9806388698651118
0.8665865097287586 0.8115366846844049 4980.21692850251 0.0011032412475075288 0.8295819129129336
0.9326625438869334 0.7964627402104344 4384.144441321369 0.0011410800063209492 0.8724896999370759
0.9078452841210795 0.7698219399714841 4970.930243684577 -0.00012242300614832965 0.791190757400225
0.8839018049201909 0.7540357536986197 4970.586861674901 0.0005029741709832012 0.7005595905019538
0.9566347784436595 0.8353463775541211 4649.268886371324 0.000323110598792733 0.9269943761596093
0.9613921424766404 0.8322414988805069 4552.023340943376 -0.00044692418923193814 0.9017063609770624
0.9573502026760613 0.8159296331424442 4560.753433370451 0.00011080000343214287 0.9484352287417156
0.9573502026760613 0.8159296331424442 4560.753433370451 0.00011080000343214287 0.9484352287417156
0.9245431826565982 0.8643784071592284 4548.939167583782 6.606180783694556e-05 0.9915996961381446
0.9245431826565982 0.8643784071592284 4548.939167583782 6.606180783694556e-05 0.9915996961381446
0.8934093073580062 0.7636184056851465 4662.841452497187 -0.00018485274111691293 0.7315382150243617
0.915199702598559 0.8028591672050343 4219.549127442871 -0.0002897477989873938 0.8599974200176287
0.9724325181390501 0.8233406455817327 4053.5781788242725 0.00013153361127983136 0.9760061158196449
0.9187375604042216 0.8224034547198058 4763.429548208287 0.0005111505656800259 0.9059693317898405
0.8669591672257901 0.7972118957743337 4974.372651800423 -0.0005245836394342108 0.8205867772982063
0.8876755338662193 0.7853618726351673 4899.6009157399885 0.00013645344145480083 0.8517241417344064
0.8876755338662193 0.7853618726351673 4899.6009157399885 0.00013645344145480083 0.8517241417344064
0.8746526275880632 0.7788737739556162 4880.287237380958 1.5407205170242354e-05 0.772791313888185
0.9296363338504207 0.8426919440646078 4807.99311481282 0.0007221701399599437 0.9548695549641983
0.9048011182017999 0.853966500493113 4799.790663171258 0.001276620024060515 0.982908781176405
0.9048011182017999 0.853966500493113 4799.790663171258 0.001276620024060515 0.982908781176405
0.8457817286086629 0.8137943622567033 4912.811719388973 0.00022743250878688937 0.8927948250968685
0.8457817286086629 0.8137943622567033 4912.811719388973 0.00022743250878688937 0.8927948250968685
0.9102616160412452 0.8114960091495539 4946.43004513933 0.0005599382740448562 0.8436363482086511
0.9099059567207605 0.8038810775380939 4881.2276831693725 0.00014929036350020647 0.894256690545427
0.9480865511188934 0.8394871499687466 4215.344002283892 0.0001532565464676981 0.9524773519094937
0.9833026259028393 0.8444555247682836 4865.776250090481 -0.0005147762331731454 0.9820888918243245
0.9833026259028393 0.8444555247682836 4865.776250090481 -0.0005147762331731454 0.9820888918243245
0.892366484872468 0.8075114653090762 4810.464716687195 0.0001799353153929161 0.8269084262374125
0.9299340807063821 0.7848163298990555 4865.834128409 0.00025766537765829084 0.788189814748805
0.9203110916643227 0.818180761622442 4311.377356395709 3.575250458844189e-05 0.9389782252753389
0.8729746942278614 0.7881152623488663 4968.412132584579 -0.0003989997942564963 0.758391454855775
0.8647500441297028 0.7735419485574897 4837.606610539543 0.00024971630618400825 0.7429167871809944
0.9669703826341369 0.8140815471346066 4234.000771907491 -0.00018248128293702344 0.9308458990042698
0.9669703826341369 0.8140815471346066 4234.000771907491 -0.00018248128293702344 0.9308458990042698
0.960552533421018 0.8424636588881624 4642.281476939457 -0.000334232935309032 0.9429709889686078
0.9168815058321261 0.8708164657107504 4524.881156643265 0.00022800445120129678 0.9995314268170747
0.9051908990565327 0.8623285350281726 4663.256990548069 0.00016464834285863882 0.9897535123145493
0.9051908990565327 0.8623285350281726 4663.256990548069 0.00016464834285863882 0.9897535123145493
0.8814114834740375 0.816715323742553 4663.539789125388 -0.0005415136206932781 0.9525377180066597
0.8814114834740375 0.816715323742553 4663.539789125388 -0.0005415136206932781 0.9525377180066597
0.9607110157909983 0.8457503648678203 4193.8580393967995 3.8333588570400303e-05 0.9625897463650603
0.9216732030316518 0.8175596148916752 4779.458028819572 -0.0002356929851490406 0.9595171916676327
0.9216732030316518 0.8175596148916752 4779.458028819572 -0.0002356929851490406 0.9595171916676327
0.9133780653240886 0.835968585281412 4046.0289437887914 0.00010514876614418527 0.9414036790060167
0.9231155721543634 0.7898053228968107 4275.799760125919 0.00020273681576245256 0.7926361763557142
0.9162733953918559 0.7925143900420198 4191.160704715685 0.00011391084973851413 0.8506233562803849
0.9584701836750316 0.82168035863765 4943.556438661635 -8.296713986904486e-06 0.9638421646781516
0.8958620666611599 0.8584129833131773 4874.4494777971995 -2.507023938641721e-05 0.9659228997546006
0.8903871610064158 0.8076637604965102 4562.139901662256 0.00011734807134650805 0.8530376969863365
0.9533457419164177 0.8172495042516652 4674.863800559519 -0.000425320410975268 0.9778151775511402
0.9781596138464845 0.8475377694560835 4603.620142410352 -0.0003234160345484943 0.9755030173685943
0.8994040751562433 0.849238215860802 4761.90554165369 -0.00019475432762537846 0.967744074401736
0.8994040751562433 0.849238215860802 4761.90554165369 -0.00019475432762537846 0.967744074401736
0.9158327004628003 0.8352685394189239 4693.078130690572 -0.0007336300736619962 0.9594902202826321
0.9088628869123607 0.8388458232070829 4263.677140066188 3.925640712521132e-05 0.9808853760548143
0.9267963128703707 0.8266421239975339 4856.45397443096 -0.00028609939004943047 0.9380643359538161
0.888663089074718 0.8113267710785969 4950.480675228459 0.0010970327102457318 0.8794676268056127
0.888663089074718 0.8113267710785969 4950.480675228459 0.0010970327102457318 0.8794676268056127
0.9403440455249676 0.7894966239245252 4869.671378807364 0.0006441012678701747 0.8395666842326288
0.9403440455249676 0.7894966239245252 4869.671378807364 0.0006441012678701747 0.8395666842326288
0.9758834841867353 0.8305632962050578 4059.996758662593 -0.000308684000534675 0.9523460650334412
0.9758834841867353 0.8305632962050578 4059.996758662593 -0.000308684000534675 0.9523460650334412
0.9144327417332743 0.8232777753309499 4221.962807760422 0.0012521497938397974 0.911085619740478
0.900448719905275 0.8363637953135555 4269.127759865321 -1.3485137360121672e-05 0.9514440308102097
0.9485040371177926 0.828916738415952 4450.418186523739 -0.00035405106526150066 0.91606312532444
0.8889039471472896 0.8164333820862762 4501.984088601886 0.00013753076462220176 0.889559364903356
0.9741489038442483 0.8607376335140724 4913.2854975014925 -0.00030015441207876246 0.9633659945088515
0.9742339385041993 0.8213241169845299 4930.170389091046 7.811367424994176e-05 0.9176703999398874
0.9742339385041993 0.8213241169845299 4930.170389091046 7.811367424994176e-05 0.9176703999398874
0.914600294955851 0.7656917507431795 4560.0608063374375 -0.0001782064396425647 0.7184253068320936
0.8875684740163059 0.8160037239448817 4893.689246157799 -7.331690314735428e-05 0.9146082829444546
0.915497518062449 0.743796799337713 4413.3188234019535 -0.00014181196590105436 0.6821844785990622
0.915497518062449 0.743796799337713 4413.3188234019535 -0.00014181196590105436 0.6821844785990622
0.9288193291791519 0.7962372679891093 4933.715576512451 4.448029645363322e-05 0.8146666718505764
0.9288193291791519 0.7962372679891093 4933.715576512451 4.448029645363322e-05 0.8146666718505764
0.9634154883694493 0.814488933480393 4257.178567519158 -0.0003953774026872993 0.9114484145532362
0.9615686048136864 0.8739627229634463 4811.506998102722 -0.0009685705559545746 0.9962117237582332
0.9763552250568523 0.8558546922024625 4862.659933297993 -0.00019465764550499135 0.9857399996906591
0.905165532392296 0.851490302351802 4933.189122364076 0.0010345608021146966 0.9714260757423396
0.905165532392296 0.851490302351802 4933.189122364076 0.0010345608021146966 0.9714260757423396
0.9596345628149818 0.8437061381598299 4193.276954741542 -0.00022954594990123024 0.9647167020417875
0.9596345628149818 0.8437061381598299 4193.276954741542 -0.00022954594990123024 0.9647167020417875
0.9120258519391713 0.8237030130652825 4841.887183252207 0.00031950100408987544 0.9253777098296487
0.9202207547930908 0.8417114733669919 4797.592965467902 -0.00033062059035558956 0.9640012181659643
0.971948659935315 0.826828163637701 4043.201486933451 -0.00019330045659817781 0.9249987479516634
0.951041961196975 0.8377467379133611 3986.320521751252 -0.00023557387261227147 0.9487196989635758
0.951041961196975 0.8377467379133611 3986.320521751252 -0.00023557387261227147 0.9487196989635758
0.9127452450821216 0.778817692372303 4977.6608118773165 0.00013324230245791746 0.7957504596088132
0.8929670650650507 0.8186585217483089 4887.027715406162 0.0002855901887150146 0.9201713575507153
0.8798338736254254 0.8118951664300715 4506.013048887873 0.0001713265627596366 0.8928209642191521
0.9668338550588303 0.824230081389921 4161.601431966865 -0.00013226629142708103 0.922593153675175
0.9384223746988479 0.8555066492919595 4459.864264402361 -0.0003455243955054031 0.9681296640250558
0.8898824937011631 0.7787204988290322 4743.337272736403 0.0003698714414190742 0.8136500866508254
0.9495447676113474 0.8341571726247587 4743.704406883601 -0.00045470145120557926 0.9917380654731238
0.9298051068925784 0.7830336152710592 4943.638969489103 -0.00030593502333031665 0.825966176447472
0.9690530398229047 0.827256455472315 4257.619117935174 -0.00011006540908129606 0.8885536287455809
0.9573209624766024 0.8354305845762822 4636.470751410808 0.001008083811875543 0.9143730139360995
0.9504457058181668 0.842975980524632 4656.559801488681 -0.0005874058558112012 0.9856420595311834
0.9504457058181668 0.842975980524632 4656.559801488681 -0.0005874058558112012 0.9856420595311834
0.9549755693946294 0.8288943250603885 4677.319955813374 -0.0003546993100357115 0.9930409198458565
0.9379733789385796 0.8005318415940254 4864.014250066192 0.00010013231049409578 0.8830736796562992
0.9205635747777564 0.8554647176616209 4619.9858275624365 0.00024413160465083404 0.9660493766302871
0.93178265059059 0.8024580777476391 4853.683172300221 0.00016353089556750473 0.8908112461392022
0.8940920043003814 0.8158511752283357 4934.854502430869 -1.888026676086975e-05 0.9082746164020533
0.9339034426342875 0.8162970874043864 4210.771161946819 5.2381445070019676e-05 0.9294898876458502
0.9339034426342875 0.8162970874043864 4210.771161946819 5.2381445070019676e-05 0.9294898876458502
0.8993507087858074 0.7880946489291084 4984.699820326741 -0.0003314371335200662 0.7716085104173658
0.9489163325584973 0.85662617073707 4322.175566345324 -0.00045258674530404195 0.9724405930134046
0.9061687202529708 0.7876624593419264 4395.055572049111 -4.7727181387644324e-05 0.7905420728902803
0.8717414455732726 0.8180715414699272 4886.77408366231 -0.0004925095085616776 0.8993427974671062
0.9160170018320587 0.8313681146460307 4693.851359552806 -0.0009263486810834039 0.9679850225351558
0.9035114504723196 0.8246334248227433 4953.885857297721 0.0003000691072454785 0.9585576620685629
0.9035114504723196 0.8246334248227433 4953.885857297721 0.0003000691072454785 0.9585576620685629
0.8994613186890796 0.8050901239202782 4403.154978673821 2.90429380006075e-05 0.8415616062647666
0.9576613427533167 0.8267722384465453 4371.481653478201 -0.000278367703501323 0.9134115671777073
0.9576613427533167 0.8267722384465453 4371.481653478201 -0.000278367703501323 0.9134115671777073
0.9517563559096003 0.8385546657534225 4348.590857356914 2.816620687881053e-05 0.9497353223119942
0.9369727030409578 0.8248347553988695 4950.911031042901 6.710601167266486e-05 0.9019603257959508
0.902621042454172 0.8382705946129732 4896.637555049897 7.196182820128029e-05 0.973092602114575
0.9609849395924417 0.841737365993702 4729.885230598367 -0.0003290197618028132 0.9327897878836361
0.9647795737265349 0.8231461324441132 4415.671738231883 -0.0002294482105684589 0.9574304154106621
0.9410930493522583 0.8107974999003468 4323.172124491442 0.00021457269603826812 0.8543537540365469
0.9616622644600046 0.8263182435892882 4348.4109086890785 -0.0007631284743447603 0.9006613513671173
0.9389532612513338 0.8077406235422964 4892.537983969237 -0.00031680157127204103 0.8300109570303322
0.9365870485885164 0.8446749008374543 4947.138674930766 -0.00010013860766930601 0.9237101371026724
0.9248447446476347 0.8157545648593986 4839.940473900719 6.677444568467441e-05 0.889618486986645
0.9375072010764302 0.8113389165478088 4316.152747015459 0.00032801270929064497 0.8789242776967149
0.9056084892188127 0.7919944562156054 4980.11977734482 0.0001965998189644 0.8639672904551253
0.893615826087896 0.7984523785543571 4549.881651103447 0.0004701406618177725 0.8619145291036301
0.9542355911030677 0.8102798110264096 4773.383768221099 -9.49788915554569e-05 0.925766943748537
0.9029923277270384 0.7995092227879538 4379.3943375540175 0.00035007679254534023 0.8173982274356497
0.8759863563307101 0.7599307719584979 4941.062734219452 0.0002262974349983808 0.7501025221022324
0.891825732513668 0.8376727444240557 4804.837269079523 0.0002628546963910058 0.914904073085181
0.9139280034473306 0.8170202273279898 4771.649887844988 -0.00035283306675753433 0.9478609901926551
0.9163764816900334 0.7877384677994221 4748.767509077399 0.00014716849098431946 0.7758454873250957
0.9163764816900334 0.7877384677994221 4748.767509077399 0.00014716849098431946 0.7758454873250957
0.8931484284507522 0.7720942181505833 4895.5506325515435 0.0011420079842194663 0.7915611536721378
0.9160638193215628 0.8484770175652123 4953.395256056087 0.000297698113674326 0.9822007748518902
0.9521613040244902 0.8207311918853366 4630.907443411173 0.00024594060766573283 0.9083068928587694
0.924855627474942 0.8177408996597443 4846.038736825111 0.00034830634547761114 0.9098391798755794
0.8997668699543399 0.8198415588553662 4887.751639710194 -6.130496709602951e-05 0.9157801783322315
0.8997668699543399 0.8198415588553662 4887.751639710194 -6.130496709602951e-05 0.9157801783322315
0.9572909656871813 0.8175523048710008 4404.32960116668 -0.0003305660188578505 0.8814257509367709
0.9138898407722544 0.7649007033955807 4424.329365508453 -0.0001808098589378706 0.7066322035221607
0.9504005034409615 0.822945622941815 4821.106568342637 -8.842414197225656e-05 0.9468167221792085
0.9417922186830245 0.8301353550256932 4750.720714951696 0.0007279552491493916 0.9368813604526729
0.8908340090358219 0.8182993718575096 4725.663291401487 0.0004528403648319559 0.916913773485833
0.9082934699616535 0.8206035959623942 4442.5343592264535 0.0011061479440578133 0.9030704509247087
0.9125931535974046 0.8240623014900395 4695.708554919254 -0.0009583597691384695 0.9306195680035372
0.9336740273005886 0.8142801916037332 4821.713420912067 0.0004422730147584051 0.9347969292501664
0.9035469209152912 0.8020139561175027 4794.045377164088 0.00038790114393169616 0.8266473300619054
0.9512477110085603 0.8241468886490133 4362.9027035284635 0.0003959870493314945 0.9557004732592124
0.8929272530509044 0.8300628671730976 4501.831605264279 0.0004248057965456321 0.9487749475033165
0.9075326475568452 0.8231477809001946 4679.152075060362 0.0007158221657004271 0.897287462644821
0.9451466733803946 0.8428693236939169 4615.196583092396 -0.0002567692909004845 0.9745652010306409
0.9451466733803946 0.8428693236939169 4615.196583092396 -0.0002567692909004845 0.9745652010306409
0.8566801333790584 0.796293784925143 4903.287830820474 -0.00018622448772811177 0.8320610971490809
0.9010765994405521 0.8159763115163237 4872.535078202912 0.001040954252764794 0.8655950774072898
0.8950871453171035 0.7770261648659866 4270.083082119415 0.0009264473625186382 0.8042162881485789
0.9330105922364023 0.8354083861350219 4621.686094839212 0.00047466453984521825 0.967671763692533
0.9348800652334006 0.8162794730492977 4853.076100284331 0.0006506823413816113 0.9014467044868548
0.9348800652334006 0.8162794730492977 4853.076100284331 0.0006506823413816113 0.9014467044868548
0.9053798707737075 0.7674478214184033 4992.583691612876 -0.00033577560715308553 0.7833956512784421
0.9087400484955188 0.8275247003240594 4875.52685937683 0.00015408405293386966 0.9317581159009758
0.9933831379933915 0.8423257680740007 4869.1759289903675 -0.000245073676311799 0.9566192553463171
0.8859957018980422 0.818416229956509 4847.5021826766115 -0.0003156211601180407 0.9002055376111916
0.9557936741078973 0.8516863597272101 4641.502597516596 0.0005119559428606841 0.9986280490052206
0.9319522735350451 0.8053804917591061 4630.975673595217 0.0005861658995750867 0.854763840764776
0.877880864748282 0.8104103272883587 4954.463011717135 0.0003609564619047945 0.8628732899922916
0.9221855089888389 0.7890969526796102 4938.211265182485 -0.00018250685751543914 0.8125767761990377
0.93830074696551 0.7999879888165258 4997.529728486106 -0.0002695045778482394 0.8020365888348585
0.918094371653197 0.8018193340187241 4980.715829050509 -0.00019080146571867022 0.8122959613339048
0.9429721416555337 0.8053064348187622 4943.025681504076 -6.029288196365853e-05 0.8405651280433639
0.9193254244353296 0.8142913454814074 4454.47992176135 0.0007209874865658002 0.8595206578486307
0.87174953503525 0.8540191727788833 4927.163573944909 0.00011730141870777427 0.9700653748618591
0.9533229302424452 0.8176563201377784 4323.349490221982 -6.997590692545794e-05 0.8936824241377893
0.9171207318436123 0.8334887132737379 4777.47481646357 -2.1714477131632417e-05 0.9358184407286647
0.9476861794225151 0.8376055443117826 4765.385144013269 0.00012474107375008838 0.953435694102057
0.9262986200790656 0.7608375195659766 4405.657033323198 -6.892700160857674e-05 0.7094061134908874
0.8976915739401692 0.8269283471797853 4725.8946693286925 0.0003834311149991058 0.9350442252193927
0.9697499447500972 0.8321717065671788 4415.863740004437 -6.442060204675636e-05 0.9775117261907649
0.9312797543137914 0.820425725621277 4598.328576159915 0.00020747547324843248 0.9215024174315047
0.9225649922285412 0.8083351988123797 4980.074356802048 0.00010727786921535878 0.8824253430266673
0.8901307232412596 0.7894535277062432 4920.616532240341 -0.0005443580625852012 0.7877218618977649
0.9163000425101907 0.7947013779501363 4605.205511807706 0.00020505795529068266 0.811770430557857
0.9272919685805809 0.8056825053539892 4814.093016131725 0.00014189580300525786 0.8516210736438776
0.9111967869056078 0.8081797796578065 4136.294679113726 -0.00023677325840841578 0.8720847206444545
0.9305779024290699 0.8370285475314508 4656.773177803092 8.204426955061116e-05 0.9690066011687347
0.9071747757538311 0.823351330213625 4362.728827331417 0.0010799607037489754 0.9023531917081719
0.9680924043655779 0.8147837425871924 4065.252990725796 -0.0001519225029722957 0.9172642229020889
0.9331429933484578 0.827242365571338 4986.162624332394 0.00010904961708074648 0.9594468311809821
0.9070157201810894 0.862193228858741 4728.575109042896 0.00020660828616935985 0.9950314980513755
0.9012939034354215 0.7738371117677005 4941.557808770189 -0.0007371609706712602 0.7973031632142935
0.9313078090776159 0.8369353514881125 4881.031280733129 0.0001955435141311547 0.9496849728227557
0.9424793762428755 0.8038120697717929 4224.587838494953 -0.0003118480052185169 0.8529946978364042
0.936198250961736 0.8021176466951851 4585.321741882383 -0.0005143447038242583 0.8598157104076583
0.9271198557808418 0.8446856761214038 4618.860278477922 0.00021189563145586845 0.9605461374004997
0.9192495387723669 0.7804815032338623 4674.470281948589 -0.00045341906620327495 0.7897715567130088
0.9479419315796012 0.8347919769061541 4729.943923750447 0.00030668535369174284 0.9600069455866979
0.9270732368865987 0.8409153617882386 4947.519564046415 0.0004149171505503693 0.9649089533566886
0.8952086990655892 0.8379258185120892 4801.551328288017 -0.0001461961874851078 0.9896839846004741
0.9030068836792239 0.776774991084224 4949.525894946433 -0.0008621952743441162 0.8057411343971885
0.9024078683469653 0.8282710946137128 4907.323175517189 0.0005348967804398529 0.92903237616502
0.9219247777147173 0.8328970161709871 4939.246585846217 0.0004162793669913382 0.9078247299952211
0.933767011923623 0.8503529019915564 4511.501956820227 4.280269593788641e-05 0.9925702565630856
0.9297420552700212 0.8211607869724703 4872.227975010401 0.00034005437355273096 0.9696008346537235
0.9768341269084031 0.8394731088664719 4597.074594408295 -8.732089590542377e-05 0.9553086672931644
0.9492525120447226 0.8365177249013587 4642.878726075066 0.00031906396202174874 0.9374830781290733
0.9240361736421682 0.7809566907411127 4977.463024169473 -0.0004194588235263164 0.7956561263344631
0.9415456850170056 0.8263063294317678 4951.676218535821 0.0002704361938502744 0.9726291772284004
0.945222366726985 0.8445280470305907 4919.612285568205 0.000434381339521542 0.9756109774603008
0.8952070456869856 0.8061008879681518 4888.896050587656 1.605735089953982e-05 0.8811816353265647
0.8843479381686538 0.8301343716693036 4903.48544169104 -0.00024323720021574637 0.9431504821691097
0.901853247204343 0.7967355073878772 4805.021830131067 0.00037931821466818635 0.8146019726257904
0.9465394849604496 0.8320119559619046 4748.019710166046 0.00014826144581248646 0.9435820038530291
0.9461080849235564 0.8238857312832264 4585.3040049446845 -0.00011184566232149962 0.9429010036314671
0.9298662409063766 0.8366580124165776 4931.909846024323 0.0008356082911538078 0.9712172939352304
0.8721495717108483 0.7960634686045612 4811.493035103522 0.000553926298195384 0.849884353386783
0.9147783135647487 0.8398981273230273 4712.852238800713 0.0004413363302918689 0.9693429459421723
0.9143097606487982 0.8022905588215674 4939.72994699046 -0.0003925311374915813 0.8735257478302861
0.901661510574059 0.8333815710800574 4934.5961858057835 0.00045918829396066134 0.9687438637618578
0.8961933561421807 0.8383158180802752 4874.3758518093955 -0.0006186100538150534 0.9976005158272296
0.9364020611963036 0.8249279645704569 4368.091560308683 2.835417459424283e-05 0.9348081956746924
0.9292576943250872 0.8081673860931158 4967.7723153033385 0.00019461301158257285 0.887168224437284
0.9068868134642134 0.8284423300191184 4888.500080359634 9.219022301240978e-05 0.9357150002372816
0.9240614307169812 0.8466248935985708 4782.882167006004 0.00018861415607134889 0.9579738431373234
0.9465835167538362 0.833328662782559 4476.105374945935 -0.00029413966373072745 0.9720267636482776
0.910924953777862 0.8084301266631406 4939.961782862662 8.825919185171141e-05 0.8620079821491532
0.9290871578852005 0.8298288463283302 4379.457590419235 0.0002906054202730249 0.9536900532672361
0.9136032463530571 0.8379822408498037 4923.283943450661 0.0006631440414953113 0.9842224139822655
0.9310193690303016 0.8271427578984843 4737.482070000962 0.00011187378097600655 0.9739769373757481
0.9327472559754302 0.8060286475275397 4913.32738587854 -4.856365631583214e-05 0.8279241198202556
0.9069619769835061 0.8273581102824702 4988.913739813619 0.000572452859114733 0.9646410513395929
0.9144607222175151 0.8352731453840126 4779.255325303079 0.0008273855488695937 0.9683005486714512
0.9710774834065878 0.8427033029859762 4853.25550623171 -0.00027713831996205925 0.9363976048615732
0.9455951835944727 0.8225251095063205 4840.504662780044 -7.674379637449718e-05 0.9429720378010731
0.9676177115934654 0.8199262501231166 4709.108356190911 0.0006469493426557361 0.9542857525327147
0.9247973667334685 0.8236538233130791 4939.762892958689 -3.0271247416151405e-05 0.9490750687938446
0.9041684661231814 0.8352096431249305 4758.419804597929 0.0005910216599777937 0.996283664661034
0.9506435742871654 0.8297835897232934 4441.364563322582 -0.0003541756205943784 0.9533743920024838
0.9359798687359611 0.8215034442533622 4862.565462672577 0.0005770266626853936 0.9366562602035091
0.9472718875242184 0.8391240128801964 4306.896897787491 -0.00023063353036423023 0.9153110855451247
0.9198478218146465 0.8414314179857746 4771.258341163664 0.00023552194578284374 0.9488420175795869
0.9324209440623045 0.8081304017438009 4674.681828026081 0.00021090800797801044 0.8686248589171492
0.9222641190503225 0.7974085141223255 4957.639882687617 0.000620391494039901 0.8270167863018767
0.9367055745276999 0.8140156634359952 4977.530419373806 0.0004062961159819927 0.8723043758086478
0.9313363473644467 0.7678524865458095 4958.807042301732 -0.0003106204797265509 0.7202166997428502
0.9510877400216897 0.850057028976169 4862.279102132806 0.0008202537783863636 0.9688947112452327
0.9553377084091496 0.8225733905195884 4428.0276746925565 5.4633813816581334e-05 0.9196276568386589
0.9188885367724373 0.8425280421995276 4804.636960590063 -0.0008017677528621845 0.9495726593553137
0.8841950688728799 0.8009865789021611 4797.540259105428 0.00010828820549336163 0.858990114276825
1.013551077358752 0.8434744323880969 4537.463217262562 -0.00012563020747109312 0.9590450255265198
0.9458760796350945 0.8275416016048464 4605.419271080343 -0.00013736561028742742 0.9176068982410672
0.9239490449022402 0.8330181821364534 4919.655701579856 0.001174106240738979 0.9583719209431294
0.9185255993523662 0.8515697013066797 4829.563761879517 -0.0006502783062186938 0.9861079727171768
0.943841415949688 0.8352071085582446 4607.102086678379 0.0004895536021625153 0.9717098903655235
0.888857282170788 0.8317897772623932 4804.448041025163 0.0002894825015732757 0.9435009477452745
0.9356124082201298 0.8403033553251692 4615.185245120287 0.0002120987379011008 0.9510944080278727
0.8975607063171125 0.8117050263427736 4811.948680463114 -8.727367850617624e-05 0.8949604399514672
0.9472775874210699 0.8069892138190193 4815.355582163528 -9.60612059058004e-05 0.8746392490489475
0.9691707540138336 0.7982688770195284 4985.076068984472 -0.0006064441181520691 0.8036269342566309
0.9639575734474992 0.8004988259385135 4985.298097666385 -4.927996624108923e-05 0.856781231220828
0.919041902524223 0.8027756785124576 4948.397979339429 -0.0003102346716226905 0.8253165745972724
0.9070008971648127 0.7964431389454457 4966.563381167818 -0.0002033502376982864 0.8243119714255245
0.9350572053241185 0.7982166706411247 4992.300021186133 -0.0005331089841703168 0.8211424162061945
0.9098358869353581 0.7991984694317219 4899.205701663806 -0.0005409960923040151 0.8174281491572745
0.9151323944912142 0.8116506469075668 4991.383863476061 -0.0003925846207263136 0.8763669037739847
0.9183503289828681 0.8129801172984765 4948.740622277473 0.00013166468449810162 0.9083982247642315
0.9183503289828681 0.8129801172984765 4948.740622277473 0.00013166468449810162 0.9083982247642315
0.9062776187793615 0.808633633021107 4899.011669980106 6.510167054284866e-05 0.8335060460878898
0.9388137055545511 0.8070881981235641 4933.922753378761 -0.00017889881500721138 0.846479177484663
0.9773660280861469 0.8019724564638971 4987.078756494088 -0.00016181868252406677 0.8414359272197517
0.9773660280861469 0.8019724564638971 4987.078756494088 -0.00016181868252406677 0.8414359272197517
0.9169322917734635 0.80841852781823 4737.162661665562 -2.0215009186750568e-05 0.8717936862987519
0.9302513665095233 0.813359224347807 4526.318997077986 -0.0002934070910529854 0.8582101399436605
0.9352452423253359 0.8188725195184233 4962.020557950072 0.00016736887694444023 0.8979490832793394
0.9248437112098946 0.8292807065609533 4889.985997242168 4.1439137900506004e-05 0.9101864219472217
0.9236140388866444 0.8151589840726446 4986.540075431447 1.7327205667635607e-05 0.9098964147375839
0.9306330477440311 0.8245816437044404 4805.421115649535 0.00013257378479111518 0.8917616157573163
0.9267663183362778 0.8241169878998524 4978.150252180167 2.5698895766531027e-06 0.8984163456780123
0.9273656115481498 0.8229603035591421 4794.736763404043 -0.00010331426398986794 0.9035188087852295
0.9402731093601934 0.8134341332926494 4913.926534203854 -9.987823052080796e-05 0.8934185501448589
0.9297204985663521 0.8158932499906637 4982.802493159331 -7.390292931631822e-05 0.9160715110954674
0.9381638576813439 0.832501591440083 4975.454555798047 -0.00020124570693788406 0.9217164773965016
0.927412119453783 0.8282357350553732 4947.4975017489605 -0.00014021656729428517 0.9702901268998991
0.9107748420134556 0.8380341207875868 4968.887378786779 -0.0001503868398378406 0.9747775154844088
0.9337250913460208 0.8218465497833645 4941.379178088924 -0.00017186084992902917 0.9300158611941483
0.9337250913460208 0.8218465497833645 4941.379178088924 -0.00017186084992902917 0.9300158611941483
0.9449530625403433 0.833661487280219 4980.331583343182 -0.00013288758772704237 0.947240318131824
0.9225368137168707 0.8278143839602301 4898.183623714796 -0.0006041210807273429 0.9458125808403539
0.9567574438760215 0.8298139689925748 4821.949464724782 -0.00033803672063478015 0.8977066077002247
0.9624762082764893 0.824099219812459 4911.741895347248 -0.00043870325118259065 0.9334732832245882
0.9624762082764893 0.824099219812459 4911.741895347248 -0.00043870325118259065 0.9334732832245882
0.9244703034664765 0.8222250092627689 4767.391740117422 -0.0005477186420743217 0.9237837568477822
0.93897018194966 0.8269382679198043 4949.232731019515 -0.0005135769719077433 0.9573542860166762
0.929830661239111 0.8370649586106226 4953.677610047442 -0.0007243610175043379 0.9534926639697546
0.9683527031475672 0.834682115649053 4960.374562468982 -9.071696891461083e-05 0.9769413967817734
0.9377849621694038 0.8332080274027623 4743.317064639593 -0.00011112917650628143 0.9566238189550542
0.9394691187114328 0.8265054264752713 4901.908472085766 -3.6147135426311066e-05 0.9689583971368446
0.9413338846460875 0.8399325715043867 4922.810306768187 -0.00013474213605526252 0.9808050831810984
0.9382677434493283 0.8356330444618204 4881.718052484877 -0.00039841859816432 0.9774637154249723
0.9560787760716248 0.8409789325376115 4931.366111353185 -0.00044243459484468643 0.9846035669474011
0.9420671778936482 0.831616662941427 4740.847247760822 -0.000555263883541513 0.9727803719752943
0.9492450859855729 0.830222577581683 4805.825580527497 -0.00039680004549405096 0.9235950997454938
0.9576683587289538 0.8339339696602178 4814.411874702888 -0.00040057608641598654 0.9749468377227171
0.9578880509396601 0.8341193743239422 4805.331924703683 -0.0006551744582296812 0.937818054167804
0.9578880509396601 0.8341193743239422 4805.331924703683 -0.0006551744582296812 0.937818054167804
0.9436475166029671 0.8316647622248508 4794.973783737536 -0.0004915216642523267 0.9922704993650385
0.9194036371349132 0.8323148896031578 4836.601364804489 -0.0008575969252951503 0.9753577755535474
0.9597386471703844 0.8393462744278057 4892.554050737914 -0.00038837861590748093 0.9574954759387277
0.9639874481168734 0.8417422821065245 4509.288815175283 -0.00012933692267159182 0.9671003953285031
1.0123040613452288 0.8456898194063879 4580.951108060933 -0.00014948885839126527 0.9665728544046934
0.9619166291502013 0.836683587683005 4509.036394776678 -0.00019641090595633352 0.9920526419294273
0.9424650956678935 0.8308856150016671 4306.596766562846 -0.0003009980341538471 0.9166222730838021
0.9679738238728695 0.8575417628097955 4249.257433886932 -0.0003268323288475332 0.9866386418328572
0.9613866005509831 0.8502509466816255 4306.226147074372 -0.0004501285716763174 0.9971344746672045
0.9644101278914388 0.8500875864895573 4368.702004773108 -0.000482486264592779 0.9974718432375862
0.9413915381271458 0.8164111598462431 4512.992195294914 -0.00041491380386674676 0.903568899201777
0.9800817716569123 0.8256757059538609 4930.066652742386 7.697223842477357e-05 0.9428181954643093
0.9546243360263559 0.8262318548804776 4741.995013405035 -7.570436712187396e-05 0.9456676290723468
0.9546243360263559 0.8262318548804776 4741.995013405035 -7.570436712187396e-05 0.9456676290723468
0.9777231911796229 0.8381176477638428 4831.180057336917 -3.844742503578914e-05 0.9675181997280689
0.9680768351342091 0.8163636569930387 4636.183508093885 0.00014112572347333774 0.8851449954612889
0.9680768351342091 0.8163636569930387 4636.183508093885 0.00014112572347333774 0.8851449954612889
0.9717344995136017 0.8194090713280117 4636.2195699423 7.551382184097703e-05 0.8775794691377024
0.9717344995136017 0.8194090713280117 4636.2195699423 7.551382184097703e-05 0.8775794691377024
0.9876288265568172 0.8262646348039349 4747.289449742383 0.00011241999088252848 0.9011087415663921
0.9844462057899807 0.8280729172643224 4709.899395025724 -0.00012543278793436833 0.9902649352058841
0.9844462057899807 0.8280729172643224 4709.899395025724 -0.00012543278793436833 0.9902649352058841
0.9849750794956191 0.8374128938920629 4659.626197853612 -0.00022202856214648562 0.9543640024165054
0.9849076366527026 0.8349117837921874 4636.7454995603675 -9.88819965661245e-05 0.9738861710238679
0.9032585563610003 0.8078251614004014 4889.913317042815 0.00034990159911107906 0.8520615759348306
0.9082271958013819 0.803540087925988 4849.042482753056 0.00029251303876215543 0.8107108152068045
0.9463819858371404 0.7964739320367085 4822.863416806149 0.0004954528932474768 0.8197512319190061
0.9361656329843593 0.7905007436631201 4668.765677757559 0.00037204091085875325 0.82960972003813
0.9361656329843593 0.7905007436631201 4668.765677757559 0.00037204091085875325 0.82960972003813
0.9095432806439069 0.7865033840349807 4938.6270257499 0.0005967789501484134 0.8006719115732182
0.981419462187126 0.8140588377915086 4751.739698730003 0.00022523772195024165 0.8652446827898481
0.9206629235693041 0.827076562390086 4966.489337414256 0.0003591812110333757 0.9159971157838341
0.9146005499931158 0.8131212877064857 4994.913758624722 0.001087680351918849 0.8731245483028895
0.9197570874295671 0.819122225961059 4941.5413997093165 0.00044144378245899925 0.8831738800818554
0.9322483051414552 0.8115354377287479 4994.317159095639 0.00041211196349987667 0.8982455799534307
0.9529040026108635 0.8239365081099385 4958.52379473475 0.0011626207770437226 0.8827461557950317
0.9931490137187231 0.8245187772345783 4987.97673178175 0.0002880633119611335 0.9572370490113729
0.9838926991724095 0.8246714114504861 4747.866121090151 0.00028674534978505073 0.9240675340264354
0.967375214994756 0.8079151594383714 4895.880195742739 0.0002623793069028903 0.867845925294402
0.9403275792904763 0.8247886065922211 4490.521480170897 0.0011209412419913966 0.9324341688084603
0.9365518456959744 0.8208063754645973 4270.822341013573 0.0005415210607084626 0.9302166943682075
0.9261970790187339 0.8388222171880203 4615.706983771408 0.0006543240641478895 0.9763336688062476
0.9197234668696577 0.8341409420236974 4539.600053719167 0.0005121084675740497 0.9428398724595077
0.9587314178889311 0.8411811720893202 4741.521927807751 0.00021112617311660255 0.9379978626884671
0.9514448014816419 0.8323140405991029 4741.824436483101 0.00045638105286263485 0.9812590431346084
0.9300976562176675 0.8328623790350862 4941.427288567159 0.0003181012131295647 0.9128053646987639
0.8894523782577453 0.8285332034094632 4902.774042004183 7.947828001600963e-05 0.9610622714933803
0.9202597170050371 0.8260773114786147 4939.717077238072 0.0002820139181034158 0.9345516943665931
0.9109610582159131 0.8416246636826515 4832.8688415425895 0.0005671715610960826 0.9867648484422411
0.9043017961743741 0.8576586840766212 4902.431201752148 0.00023690286242849645 0.9817659563712894
0.9344475225878399 0.8412901410141351 4949.855138223459 0.00015534693953963378 0.9644369913357962
0.937693195745398 0.8521662450197764 4889.353192774564 0.00013525535560670137 0.9984642791748772
0.937693195745398 0.8521662450197764 4889.353192774564 0.00013525535560670137 0.9984642791748772
0.9099993742676036 0.8421090814520128 4797.662538051056 0.00031050529334561547 0.984208017071282
0.8871458141800125 0.8353215120323558 4937.741045902765 0.00037349530181066956 0.9887850311452557
0.9216412594563214 0.8345536912936515 4991.649591599179 0.00024210630898476794 0.9840287935855849
0.9060234888381883 0.8381416197436798 4999.238470877315 0.0001363258595859735 0.9817660393614591
0.9658536777655689 0.8326374611430886 4831.68993093921 0.0004701642328018354 0.9838233081146164
0.933473586725905 0.8513185634184891 4975.410726784151 0.0006155902815721806 0.9909494407246051
0.9320611495388642 0.8333363101615192 4872.445895032816 0.0006519017421480061 0.9708723874745677
0.9320611495388642 0.8333363101615192 4872.445895032816 0.0006519017421480061 0.9708723874745677
0.9526962158646953 0.8467407044090702 4913.618809805112 0.00034864734788220633 0.9993578012709524
0.9526962158646953 0.8467407044090702 4913.618809805112 0.00034864734788220633 0.9993578012709524
0.9496377092521131 0.8332246355941874 4933.357152773643 0.000514629564966985 0.9493686049771657
0.9286213784312494 0.8436684183684918 4966.668251921658 0.0004610022440191647 0.9615540810702561
0.9299746294801712 0.8481166244168782 4984.764750143386 0.0004236402158749469 0.9420098161687749
0.9460744495975157 0.8376751905271249 4951.062508674732 0.0003226867149281955 0.9856319314139812
0.9393006065098635 0.841598679802593 4980.487419145993 0.0005040400866900025 0.9907067667271151
0.8800147093231029 0.8356492557213038 4817.510254940792 0.00023134417533191758 0.9624466753159092
0.9338962370322345 0.8364225936323681 4803.297637971751 0.0004004274891866677 0.981492784406921
0.9183186867346326 0.8417260740593298 4898.819481702909 9.831045359478974e-05 0.952543137750572
0.917699918521269 0.8417418881358696 4907.144633969789 0.00024264700191946393 0.9828507435207485
0.9175358127449191 0.8224466153768992 4794.015226238652 0.0004642015357232068 0.9673638628128696
0.9385197499948311 0.8270794999857761 4802.333948254243 0.00016765818612411186 0.954630234899815
0.9233945999071445 0.8284320607701057 4922.523479097084 0.0003824676493589512 0.9408544984208593
0.9090591214129066 0.8229505620825128 4947.907868129887 0.0005688212392108308 0.9415326692995376
0.9468630705418482 0.821574579350419 4895.791758136807 0.001156009518234147 0.9453589956318652
0.9288865849984531 0.8244182505858644 4802.467224547808 0.0006464713952209201 0.9324199094022679
0.9288074582050019 0.8547065553214919 4898.777580911686 -4.7718806583594714e-05 0.9926317023940794
0.9675266855905348 0.8551478867917217 4911.420000399805 0.0003781153278140759 0.9814489566750689
