chirp_mass mass_ratio EOS alpha zeta
1.0470368415979532 0.48405702785071225 4768.531897112306 0.0007157480675976991 0.05056633254529894
1.0161567035981935 0.46709942480928596 4757.894554168639 2.4251995402293606e-05 0.05092167970089355
1.072333002237722 0.449763251293979 4662.031612342837 -0.00037496498407095475 0.05033922483745622
1.3687071189378255 0.47953874473698954 4024.29735644128 0.0001214514419962869 0.11340864574458498
1.0047146843210106 0.4629694477250849 4487.801503665985 -0.00027496711291955103 0.057903620527064666
1.0471879415732577 0.4532155514866332 4342.093682229739 -0.0002937681358714004 0.05960770449601825
1.0928133010312333 0.4615695586357989 4809.1032886714875 -0.0002134811765292426 0.07142365785785976
1.11440314406006 0.43977486922361014 4764.527364471007 -0.0003879066163151725 0.08920007857646192
1.225918177216248 0.5020233320932515 4916.227677100015 0.000653977448019186 0.11327031009670513
1.1184426573044501 0.4463338614994984 4714.332350289921 5.8612857503409724e-05 0.07649332756257177
1.39200136432361 0.43731223675591224 4266.082826226102 3.681806752329324e-06 0.12823152194227874
1.1942118357086486 0.4661626548776507 4076.820359303717 -0.0009304535019633026 0.11446263922695143
1.127572295955086 0.46563651718260834 4090.127649031979 0.000335251283698953 0.061815251369458216
1.183366133568981 0.48612123987717115 4662.271042091253 0.00010807729509967589 0.09275056494700123
1.371094324196029 0.45875094307530395 4168.377670394044 0.0004360080994728251 0.12480598156755765
1.041667453734248 0.4495413092226818 4823.699512822949 -0.0004937515101906451 0.06920563306475626
1.187330145550138 0.4470372236085072 4657.64353821603 -0.0005499475234830071 0.05178374657341271
1.0094960087516 0.4447882215415206 4463.2044025216255 0.0007354715594186007 0.05013984211075066
1.1210820579087892 0.49258524236127427 4463.5629367232195 -1.860572000887088e-05 0.06959428224783616
1.1433539061144127 0.4595114192438342 4286.2493511735165 0.00026738848778323055 0.0799151135239739
1.1895697311042446 0.45943372661883747 4138.701835966936 0.00043371774980076333 0.12247934815016215
1.4093522444391364 0.4752271985861675 4208.740940946547 0.00028615075741637126 0.14401305474295867
1.4095792228520265 0.47799123922787734 4803.927041478655 5.131595903399928e-05 0.1212294845390888
1.3124299208994852 0.4941008466685806 4013.24181324285 -0.0006676902433375562 0.12054436802142524
1.1846822172395202 0.44234859087046213 4120.404885222949 0.000532071475130631 0.05622137889108887
1.338332240465562 0.5047602353955793 4157.400412634336 0.0005493164146804281 0.12149227111499725
1.2019247460184408 0.45450342181876197 4652.07467947278 7.652292951720775e-05 0.11389815321640259
1.156426621711783 0.49165833080909915 4953.086827394576 -0.00016552454693096204 0.06761946837477864
1.0531846830031328 0.4511298087955079 4743.625721874499 4.713915280121396e-05 0.0602570276953632
1.1625438283511706 0.43850292051677336 4940.213677484934 0.0006226301307908385 0.07118222677749818
0.9935818451099008 0.4461869783497447 4819.370865791439 0.0001498070268662787 0.050809494265880176
1.1921880971618901 0.46795250146315376 4710.723111268302 0.0002729347301118325 0.08359530120245359
1.086730426518304 0.4587965882995005 4695.895492515228 -0.0003615079347322133 0.0524308380542749
1.1764296168578872 0.46987280340486554 4178.59247472636 7.384655336382286e-05 0.0957858011228861
1.2923618067197922 0.4631307297474194 3946.974222610638 -3.656442572385986e-05 0.1304248506708747
1.0260644291017151 0.44366703649926265 4925.14616831024 0.0007375916309961682 0.05116794086388096
1.2496509656306922 0.46012497872553887 4654.42743792272 -0.0003415826690616281 0.07104443866516369
1.2470703040301419 0.5166263492653507 4796.50411000031 0.001056032545442838 0.10362227320301481
1.0030179390475154 0.453471181158043 4856.883984556167 -0.0003457138284715499 0.05138546737381255
1.3167665423816546 0.5038467808783144 4095.898583819401 0.00028149830685252997 0.1289336253295334
0.9936965529545527 0.4388200710080186 4804.702685828867 -0.00037174070186712964 0.05304653495988681
1.0538235942428948 0.46231383106918095 4742.055730339935 0.00037639922636777687 0.054806284428887006
1.268859485347976 0.46835162733977725 4068.2094281071472 -0.0004282622198638058 0.13394277925354872
1.247479891533866 0.45568210616298854 4176.738021630942 0.0005796794685999071 0.12037406359518989
1.0105003566413997 0.46190264114849433 4281.330350446223 -0.0002011295853051263 0.054222892744138836
1.1589523430354667 0.4945824078215413 4840.54425089787 0.0008487057548730505 0.054546979729868286
1.1645192119478915 0.5048771951144724 4202.798403464013 1.1161005256003288e-05 0.05792965333046478
1.101957741447888 0.48137216076018113 4866.052621573853 0.0003216864689990992 0.08294889725279934
1.2011126948930095 0.44218642091338134 4989.984088502251 0.00028470109941446326 0.12347380131397455
1.1227457124820635 0.4803253143481525 4711.350384947976 -0.0003974764347465513 0.06864472051584819
1.2216606856923073 0.45618128179544365 4961.945803043587 0.0003601484536776156 0.13670065721521563
1.0017342141775878 0.46696704885315404 4643.03066371463 -0.00024079565612683957 0.055132381879996396
1.1450544543676353 0.4772382411814792 4090.5979179989804 0.0006914204436260128 0.04844099555739937
1.2611060076849305 0.5018851897157466 4307.737900510712 -0.00015991791190595156 0.10711328427096123
1.2691129035837874 0.44338113684494956 4113.8906246904 2.6037012243737435e-05 0.08550031182117854
1.0895891852233341 0.46691642679172235 4859.665357093172 0.0002485456090607785 0.06296398782628784
1.0992387511004862 0.4599625911515418 4397.547860619919 -0.00013566036431136586 0.07611472279784864
1.0748402862044406 0.47345108785090967 4496.900391016463 7.99431555322752e-05 0.052058066982422956
1.0861924349989018 0.4493101818315851 4471.648771872017 -0.00034721558489664143 0.06522425883108048
1.085349506669567 0.48119845693380203 4812.076526442043 0.0005417387639246175 0.06825575790812263
1.061358482957467 0.4783981158527557 4719.689709709694 -5.5632565947632575e-05 0.05651458386343336
1.195407666731846 0.454640022279751 4139.1340064551305 -0.000553119059887582 0.11629545891229409
1.3573869893999153 0.49276722235898535 4236.743191867679 0.00018286834472938638 0.12890420140345443
1.2185238991724265 0.45665091204749253 4651.09374569147 -0.00016044247773565969 0.11853481561273653
1.3251660301014212 0.46072967223847805 4790.435010770353 -0.00033188730213279995 0.12511459338916478
1.0733576098445938 0.4579068654927574 4140.704137670051 0.00019165000158183083 0.058387948838010656
1.0733576098445938 0.4579068654927574 4140.704137670051 0.00019165000158183083 0.058387948838010656
1.2121577205156329 0.5055033362144483 4926.967833306811 -7.547494812960905e-05 0.06896620940720319
1.2265611189935985 0.44823970284569736 4777.655164283135 -8.449041293509958e-05 0.12900693584445067
1.2130749672422492 0.43799958926917626 4941.686673829399 9.189165233813154e-05 0.1159490027705553
1.245125619373188 0.45124132011566676 4404.227647897393 -0.0004616954627732063 0.11582981954727983
1.1561819402210032 0.44243442466462307 4101.305916707748 -0.000751307266038502 0.05881097797970981
1.1376178743398286 0.48951214783343355 4087.358236951764 -0.00023382540598815532 0.057363474717329915
1.2562417954020626 0.44999641722647193 4421.61735172919 0.0005962474542536126 0.12399304867990599
1.2562417954020626 0.44999641722647193 4421.61735172919 0.0005962474542536126 0.12399304867990599
1.1533917213733926 0.47823916220462437 4529.195489360548 2.477031298707846e-05 0.058409965373146015
1.424753966934515 0.46790415125800133 4080.7494959650603 1.031772862253379e-05 0.13227689129242437
1.1993038728025902 0.47892325632255595 4609.310072924016 0.00048588008231424565 0.11632831344610012
1.144744004466206 0.4627920139056224 4934.300978203526 0.0005983909431631358 0.08649323683000017
1.2505832881864065 0.46913831877464074 4635.922375260526 0.00023148182641684724 0.08446113136767167
1.345561084532251 0.4480093182856846 4747.807126815296 0.00024226407555420773 0.1069636316838173
1.2136332763397355 0.4602709642277949 4676.744136248948 0.00028853979951805835 0.1180010552476457
1.2136332763397355 0.4602709642277949 4676.744136248948 0.00028853979951805835 0.1180010552476457
1.3177483170954032 0.44407478985568155 4046.1584538500265 0.0006270858364602474 0.13075859438179804
1.3177483170954032 0.44407478985568155 4046.1584538500265 0.0006270858364602474 0.13075859438179804
1.1216663421733535 0.46613925876407125 4712.8952150181285 0.00024372847392664234 0.07537938174248278
1.089759785103498 0.4476926305736757 4929.403023549516 -0.000664409205567131 0.0871914684917639
1.0291388650905042 0.45156243941382773 4817.675108480307 -5.1021183515324856e-05 0.05893618007394336
1.0902031907634657 0.452587875127225 4322.5267120623585 -0.0007384726252613671 0.05955172148529815
1.0140084421957054 0.47727796504126413 4811.178516354858 0.0009907306270870797 0.05557365310266808
0.9440314829287889 0.46047958372638986 4526.477952926567 0.0005317185369466414 0.05236659423398727
1.3564480424741936 0.522861805504291 4716.411920312794 1.7757414783123094e-05 0.11372763951795503
1.2713922904506962 0.48581561081354563 4767.245799046091 -3.708964847042542e-05 0.12575527767561837
1.1911699666489053 0.47707677576407836 4390.2435156052225 0.0001446174694537873 0.07170493814457074
1.1535109136668646 0.4831688779522909 4988.027448983244 0.0007640030957531049 0.07673472762540232
1.293082485657336 0.49238946633441155 4683.6204123247 0.0005890384415603202 0.12452324181998155
1.293082485657336 0.49238946633441155 4683.6204123247 0.0005890384415603202 0.12452324181998155
1.1598580792477702 0.469355255826631 3982.3656366362834 6.842388525375335e-05 0.07264124958024205
1.1598580792477702 0.469355255826631 3982.3656366362834 6.842388525375335e-05 0.07264124958024205
1.1518635079840076 0.4480443271253041 4571.983574055885 -0.0006688128358138723 0.07227469807046413
1.1024065254227238 0.4508952672417051 4472.816239994729 -0.00030863827352636174 0.0570388418692942
1.3642338052935115 0.44891985714658383 4659.701116382475 9.285864225639775e-05 0.13753592341054807
1.1416541856070768 0.47192794666035975 4968.954583702336 -0.00011770224421475251 0.0860430782332417
1.360193589959681 0.46627278689418855 4164.6995585060495 0.0009025812973080588 0.1283080927388601
1.132363260663221 0.45791830272317063 4481.611896623235 5.118108645645934e-05 0.06558728951099334
1.093779299830597 0.4517619947327835 4239.763190865415 -8.61083629508319e-05 0.055496788826334506
1.1132136308506348 0.4693017457830926 4840.298169823853 0.00018605420772352336 0.06108027095399812
1.1132136308506348 0.4693017457830926 4840.298169823853 0.00018605420772352336 0.06108027095399812
1.0917104723503936 0.49261016025282756 4039.6446215105457 -6.426806436670969e-05 0.05169350682913487
1.0917104723503936 0.49261016025282756 4039.6446215105457 -6.426806436670969e-05 0.05169350682913487
1.3398501904345297 0.4856820377576997 4802.693636703599 -0.00024288410016291736 0.1146974763451287
1.3398501904345297 0.4856820377576997 4802.693636703599 -0.00024288410016291736 0.1146974763451287
1.291488659168686 0.46019310371606714 4150.351313327652 -0.00028801320783325554 0.12873083905558208
1.109283491134226 0.4575085181901187 4483.230798149889 0.0007207666892703761 0.06650115747473323
1.034429761836968 0.46438447670783617 4403.591021361837 -0.000523571590787412 0.05423159466837482
1.034429761836968 0.46438447670783617 4403.591021361837 -0.000523571590787412 0.05423159466837482
1.2510039492187295 0.4502431961283746 4024.2670894490916 0.0007321481095188726 0.08065630561379408
1.1253698706314932 0.4440677964837583 4652.6755784605175 -0.00012052034530696747 0.08878229824157932
1.2180052301409094 0.49544777686427577 4891.634252952952 -0.00023850481434660835 0.09040698288481339
1.1803575010096654 0.4656495216485262 4790.136002498176 -1.532169064308187e-05 0.10263838288487845
1.2682335032145289 0.4505437133048765 4821.326665292237 -0.001050057347982921 0.12064647244446677
1.2682335032145289 0.4505437133048765 4821.326665292237 -0.001050057347982921 0.12064647244446677
1.1559351128930215 0.46677627913546255 4833.81642396223 0.0011482984589913073 0.07802704494089674
1.0942101337832963 0.4598068924385274 4657.921231278674 0.0005046460728148918 0.05501640237068904
1.0827278761027794 0.44938683980336125 4893.8564927653415 -7.056005807305522e-05 0.06510172968810429
0.996920220001779 0.46714849150636784 4728.754576461538 -0.00020140784877077336 0.052997373737312975
1.0499327848291988 0.45675622909841795 4912.488096313393 -0.00035943201083351813 0.06241648179354596
1.2184204485268268 0.4554770546560912 4601.628415598162 0.00039967828095286144 0.13063728786690615
1.0729153588583507 0.4860555656570745 4300.668420575353 -1.0168987312538401e-05 0.05478636303635559
1.2434461079650783 0.47168957127970323 4993.162345569051 0.0009056514658542254 0.12749585972970034
1.2479384953531574 0.48121624212593134 4604.637336842114 5.415371947307398e-05 0.10791499049677189
1.2479384953531574 0.48121624212593134 4604.637336842114 5.415371947307398e-05 0.10791499049677189
1.2100001469811357 0.48278639193099093 4677.788200764519 -0.0005529721935077718 0.0816016343398118
1.2100001469811357 0.48278639193099093 4677.788200764519 -0.0005529721935077718 0.0816016343398118
1.2053730518228938 0.44337470095694553 4420.840177769501 -0.0001691824066027953 0.12128170670376379
1.1729642639332987 0.47672189294967177 4472.210109701777 0.000427685804849702 0.06389976924991408
1.1729642639332987 0.47672189294967177 4472.210109701777 0.000427685804849702 0.06389976924991408
1.0721470492211282 0.47174928109065806 4060.93730459249 7.888983645157043e-05 0.053055130255135766
1.232818200629363 0.4540128942900943 4636.551365735932 0.0006837184212286677 0.08607574155485619
1.2512744308425234 0.4766440925349237 4767.60836473606 -0.0003404170737986745 0.11690459615345926
1.1962581807003896 0.47287496655822886 4810.593430038514 0.0002806729981211287 0.09331052185667009
1.1962581807003896 0.47287496655822886 4810.593430038514 0.0002806729981211287 0.09331052185667009
1.1283607443118773 0.4459862215625293 4454.705566055152 4.423122683753445e-06 0.05839784362333778
1.2164455462151336 0.4840880533145656 4837.163832245748 0.00011277278642489956 0.10682672227035625
1.2164455462151336 0.4840880533145656 4837.163832245748 0.00011277278642489956 0.10682672227035625
1.1989245448669117 0.4458949131086817 4459.9045718674315 6.381929578816383e-05 0.10704932497707738
1.1418546101923912 0.4625525261882998 4571.903255112311 2.828659835319811e-05 0.06941430503328144
1.1511313171077269 0.46996177278817497 4907.625903016614 -0.0005456330089902645 0.06565877629617328
1.1511313171077269 0.46996177278817497 4907.625903016614 -0.0005456330089902645 0.06565877629617328
1.2568257313844768 0.46135182332139657 4149.337950456565 -0.000133059442675297 0.12025551229071155
1.342529496637753 0.472944811480514 4351.422717484369 0.0003862095901315728 0.1337064433599786
1.2642525390126318 0.46819626439330797 4264.794285386537 0.0002008976384997132 0.08248051442391086
1.2642525390126318 0.46819626439330797 4264.794285386537 0.0002008976384997132 0.08248051442391086
1.3050633885430536 0.5022909775689249 4269.2247090408455 0.00041877295382157086 0.12440720315784336
1.3050633885430536 0.5022909775689249 4269.2247090408455 0.00041877295382157086 0.12440720315784336
1.3258364154557563 0.4916282895237855 4130.067821460743 -0.000709231850719684 0.10239698365036194
1.3258364154557563 0.4916282895237855 4130.067821460743 -0.000709231850719684 0.10239698365036194
1.2175224564554534 0.46761417196325217 3979.1637642853843 9.564279266956927e-05 0.06202926759721052
1.2175224564554534 0.46761417196325217 3979.1637642853843 9.564279266956927e-05 0.06202926759721052
1.0065335979663403 0.46537208565286137 4982.767135406593 4.632219585009001e-05 0.05376559192880701
1.2421807515682284 0.4503017261190999 4682.875330411456 -0.0011872974541186408 0.10208622171649617
1.3704450490235942 0.44843261286087 4306.151069942176 -0.00031971953090292947 0.1192962058185817
1.2373120691490063 0.4511237796646049 4725.913814035826 0.00020811161036047297 0.09546725162935604
1.3121812288260042 0.4838489972871682 4193.3929750815005 -0.00039151253144449865 0.12083016640788061
1.1549675472151957 0.46743354228379175 4705.035463284249 0.00012968100994033171 0.09744578323548815
1.2534083740574837 0.4600740941756692 4731.016618082088 0.00011765865195760591 0.1172710474638028
1.2534083740574837 0.4600740941756692 4731.016618082088 0.00011765865195760591 0.1172710474638028
1.1948540288784089 0.4475315407684454 4851.029265885471 0.00017441882228743166 0.06267249730558584
1.147328077182264 0.44894536045809613 4140.597331258032 -0.00011076309460643519 0.06100055690497587
1.1316279793321997 0.48462664355349655 4679.357546038838 -0.000417771283434983 0.061449376704003474
1.0492496691442272 0.45940233904076383 4747.561601989156 -0.00014368949006396474 0.050368358641597354
1.0492496691442272 0.45940233904076383 4747.561601989156 -0.00014368949006396474 0.050368358641597354
1.047483734447734 0.4624247963121591 4888.205665975565 0.00013221953372123362 0.05640791671202265
1.047483734447734 0.4624247963121591 4888.205665975565 0.00013221953372123362 0.05640791671202265
1.2501542860838835 0.47728625819083603 4532.841046387637 -6.837495982693128e-05 0.08803671161036732
1.1114519475047189 0.4558817091957077 4334.107969120032 0.00029491026516719333 0.05793360372513643
1.2310070570325093 0.4471566527547123 4905.045236164258 0.0013302643970978917 0.12916633284713153
1.0762189106140725 0.4569346521112366 4127.843036519605 0.00014861959305306283 0.05457811354164008
1.323982370916934 0.4965523922823315 4877.247911704905 -0.00029830678991663875 0.12090218092699137
1.2354834190349318 0.4525237485109286 4506.426607086323 0.0006596851194483155 0.12045696163299459
1.179540743016421 0.48225255041921106 4560.990609296519 0.0003237037609266598 0.07081069012975495
1.3076657129013975 0.48683289683574354 4851.376067651738 0.0003077066870517652 0.11491458603157094
1.3076657129013975 0.48683289683574354 4851.376067651738 0.0003077066870517652 0.11491458603157094
1.300207748070469 0.5063704163001681 4982.248608513278 -9.139053386580427e-05 0.11867936465727971
1.300207748070469 0.5063704163001681 4982.248608513278 -9.139053386580427e-05 0.11867936465727971
1.1397436749228627 0.4759454187128429 4609.7672492613 -0.0001676999857933857 0.08434310138212214
1.1289755432077468 0.45737731025737116 4989.581773540368 0.0005465449903986348 0.07756020032641722
1.3384557904959613 0.49871996082372916 4802.192513575208 -4.928777153788338e-05 0.12228878532584048
1.041729991503837 0.4472440688049765 4936.314602365477 8.114723473289636e-05 0.05780756468232681
1.1922926151608566 0.45674653178966 4598.087447648902 -0.00020509066927589903 0.05632138362841201
1.1922926151608566 0.45674653178966 4598.087447648902 -0.00020509066927589903 0.05632138362841201
1.1045081342186427 0.452544060312034 4110.335916215076 0.00047906634333117024 0.06249568464597531
1.0331723958301107 0.4510229746964274 4269.490060312635 0.0008514360517250125 0.05549611582057665
1.1455855949075993 0.4677628524961258 4639.285411109417 2.6200991854095048e-05 0.06479386989701356
1.3210603997727302 0.4803123693421202 4633.159670836271 -0.0002739178267783212 0.08857217044157101
1.1988927690781872 0.4710367070106974 4270.587104409331 0.0002471480933032142 0.07743274342167641
1.1021509761054007 0.4773815322276569 4271.715211694567 0.0001994909373284176 0.05280122176198585
1.045936955984452 0.45237971589377496 4986.408775736225 0.0006958201216063501 0.05537119801170904
1.146246927302161 0.44727088947695137 4829.121598142484 0.00038006387861634205 0.0904380651516752
1.1981406457731614 0.4467409851671896 4272.720858123414 -0.00031921565828786695 0.07167883282015185
1.1981406457731614 0.4467409851671896 4272.720858123414 -0.00031921565828786695 0.07167883282015185
1.3014629764691863 0.4481858121371487 4164.7848986712115 0.0001395205496281535 0.10447227582757093
1.1107963300764172 0.4485146409345882 4746.7220985831755 0.00028771798579875783 0.0774331519337671
1.2226831344223157 0.4882634394509301 4859.536037497353 -0.00010669367359408127 0.10551755360648896
1.2226831344223157 0.4882634394509301 4859.536037497353 -0.00010669367359408127 0.10551755360648896
1.2460443639631842 0.4779006504546936 4086.809192638599 0.0003313059164495632 0.10489169248080321
1.1211842705063786 0.4457745296920118 4835.873707925504 0.0002106652711015946 0.05894799062672011
1.2503742496165253 0.4505741589156368 4279.829405999386 0.0002134448494668859 0.0938581768035236
1.2503742496165253 0.4505741589156368 4279.829405999386 0.0002134448494668859 0.0938581768035236
1.2044934345927378 0.48515963645215804 4580.243061069788 -0.00024329669007320544 0.06422935522981257
1.0974548674751907 0.469836233126658 4271.652262902992 -0.00039421066017867 0.055035730432299
1.0974548674751907 0.469836233126658 4271.652262902992 -0.00039421066017867 0.055035730432299
1.2175821187562688 0.4581429741635418 4831.847999533635 0.0008994222701331722 0.08621363328095602
1.3734782580917595 0.47964428791942704 4169.130132735346 0.0005072820871084937 0.1335535322091731
1.1969991091045966 0.45400989981064777 4279.409780376748 -0.00019356869535329575 0.06962828496897255
1.2414987111197533 0.4595538238619523 4371.372609745898 -0.00024734507050798606 0.08392247541129443
1.2634869748547288 0.4787592501735428 4909.747964523501 6.061903162083021e-05 0.11888301499123297
1.1252318140867337 0.4538299559856865 4873.3798045125895 -0.0007081373032710224 0.06637187000033497
1.1189367179072334 0.4433236916674229 4837.567484016124 0.00030906031568252824 0.07089284639207824
1.0479486187525195 0.4530773307690772 4229.034558895954 0.00043394711941214105 0.05277280182494453
1.1583482232959441 0.4468418076466855 4476.583904131046 -0.00018937511026152014 0.062498396007981745
1.1583482232959441 0.4468418076466855 4476.583904131046 -0.00018937511026152014 0.062498396007981745
1.278732674099849 0.4562344871503791 4637.931163529964 -9.250795062743146e-05 0.10869647799087714
1.278732674099849 0.4562344871503791 4637.931163529964 -9.250795062743146e-05 0.10869647799087714
1.1526741822042255 0.46651091633437725 4623.038554254692 -4.469812069966e-05 0.09897561871780478
1.1526741822042255 0.46651091633437725 4623.038554254692 -4.469812069966e-05 0.09897561871780478
1.3118941053378559 0.4922336258512448 4537.84465012292 -0.00011083600959469336 0.10682486581355068
1.1979119773053746 0.47807700961909 4871.1289848808165 -0.00036729402099239884 0.0744914562401975
1.1979119773053746 0.47807700961909 4871.1289848808165 -0.00036729402099239884 0.0744914562401975
1.241191855647597 0.4849386557589775 4259.40971912819 -0.00021504001600552322 0.09911040589200065
1.241191855647597 0.4849386557589775 4259.40971912819 -0.00021504001600552322 0.09911040589200065
1.2573545605786762 0.4510297281474714 4113.966151836761 0.0002827272464304019 0.06864851515145623
1.2573545605786762 0.4510297281474714 4113.966151836761 0.0002827272464304019 0.06864851515145623
1.151022162341943 0.4535669592253768 4087.1727789666406 2.179565583825819e-06 0.05798749481839908
1.1807482476473472 0.48947915387834207 4802.66036647428 0.0002983661574487795 0.06272360892560842
1.167419026848947 0.4733981141210402 4100.705353943534 0.00020475511936222867 0.06016381216643584
1.1473331489872955 0.48578268589174 4730.285770564639 -0.00048710577589106976 0.06924442431337631
1.20875195024568 0.46896375763094544 4557.7943157524505 -7.601188173606516e-05 0.05930924819782622
1.291270557834212 0.47939556858438864 4229.065565024268 -4.800907138723888e-05 0.0789805998893299
1.2418395113320917 0.47310225147171725 4560.657224448953 0.00039244713077352865 0.10395017720319423
1.2596953224115741 0.44854198173710236 4221.843290196217 2.7521846524894385e-05 0.09096925357337914
1.1616719522692431 0.4666240878632264 4629.141526875389 0.00012362089773072405 0.09964121416268379
1.0841953246700424 0.4755318204261149 4635.0878884044105 8.04786601079098e-05 0.052939744529741574
1.314411754686049 0.464833228453517 4634.258857524592 0.00022337710242015916 0.12477697105660521
1.314411754686049 0.464833228453517 4634.258857524592 0.00022337710242015916 0.12477697105660521
1.0914725417319362 0.46519401688698303 4420.382212374438 -0.0002885425855095446 0.06248841136198388
1.0914725417319362 0.46519401688698303 4420.382212374438 -0.0002885425855095446 0.06248841136198388
1.1377741039113929 0.4593837391951453 4938.536214184483 0.00021419625994037022 0.06393503242024101
1.1377741039113929 0.4593837391951453 4938.536214184483 0.00021419625994037022 0.06393503242024101
1.2762985726623381 0.46318120293624043 4300.961928638233 5.129823569549798e-05 0.09192459949358242
1.2762985726623381 0.46318120293624043 4300.961928638233 5.129823569549798e-05 0.09192459949358242
1.3584327709340225 0.4722486694512437 4352.687979664822 -0.00018433227889671507 0.12083510832758124
1.0462900725113538 0.4545905818062122 4826.745840080814 0.00032724414628117 0.05526119916993077
1.2857453355017276 0.47454760397995566 4739.200009662972 0.0001788235403250598 0.1187396628401628
1.2330959809747521 0.44612058608191574 4669.73224952932 -0.00046627380532835767 0.10500913111510982
1.2330959809747521 0.44612058608191574 4669.73224952932 -0.00046627380532835767 0.10500913111510982
1.044252032879197 0.45660318549888 4987.249518010006 0.0007027215327337232 0.05711505962910905
1.044252032879197 0.45660318549888 4987.249518010006 0.0007027215327337232 0.05711505962910905
1.2788063578341826 0.49851466462662436 4674.037281364177 -0.0002505695062812729 0.08078342138633723
1.301464760675094 0.48470250238597656 4774.091450121818 0.0003976607733680703 0.10115897156023612
1.0757844687852005 0.464356335126112 4887.246003041891 -0.0002901355441954405 0.056094968449426866
1.0757844687852005 0.464356335126112 4887.246003041891 -0.0002901355441954405 0.056094968449426866
1.2676421478332012 0.47712642322720605 4510.557730134992 -0.0006008032667417888 0.09981619413000994
1.2676421478332012 0.47712642322720605 4510.557730134992 -0.0006008032667417888 0.09981619413000994
1.1207907660949836 0.44544159870619676 4995.488526093501 7.09593328595482e-05 0.0817857186498939
1.0865628561113478 0.4543606760937523 4990.168837725979 1.2373398836268053e-05 0.056037729363546986
1.2273505971591911 0.45268906060413755 4969.777994679816 -5.403381636732049e-05 0.07292261837268543
1.3307607575373557 0.4516200725541332 4257.0902966652175 0.0008542846358418724 0.11599448151007066
1.3350892125601157 0.4650094958997026 3926.341685488778 -0.00025004732433388596 0.12464465277440215
1.3350892125601157 0.4650094958997026 3926.341685488778 -0.00025004732433388596 0.12464465277440215
1.2355218860064585 0.45678957674110643 4936.849350659401 -0.0004809628768647558 0.12128553512939988
1.2355218860064585 0.45678957674110643 4936.849350659401 -0.0004809628768647558 0.12128553512939988
1.2635446914482102 0.4566578676859018 4576.731696043775 -0.00015872669944341146 0.12319561866318796
1.2554481395348187 0.47033010567014155 4476.60189485914 -6.540703233218156e-05 0.1092680230856901
1.1902275015499195 0.46855525094947736 4612.529717399873 1.6858797327758673e-06 0.057432303653852476
1.1474054602698867 0.4589457914612121 4416.793552980766 -0.0006661361774885695 0.05888286812883571
1.2907104012465416 0.47431685930840667 4747.404788916909 5.462215195456104e-05 0.09448850857037142
1.2907104012465416 0.47431685930840667 4747.404788916909 5.462215195456104e-05 0.09448850857037142
1.3405037675501634 0.46010499453433273 4540.890198363156 0.0002111479355303538 0.12920460365850267
1.3405037675501634 0.46010499453433273 4540.890198363156 0.0002111479355303538 0.12920460365850267
1.158158227857093 0.45925378889704005 4165.512403506012 0.0007106782170512613 0.05627585295296227
1.1367467840936467 0.46113547310128994 4257.050535894219 -0.0004168606123336445 0.05302583552382513
1.3185393630320008 0.4776632831716811 4717.363392944439 0.0005292613653532345 0.10291031563218617
1.141352079004934 0.45359122817096464 4795.938063862229 -0.0002889469469423923 0.09954858459254456
1.141352079004934 0.45359122817096464 4795.938063862229 -0.0002889469469423923 0.09954858459254456
1.311989365803997 0.48041788172831457 4320.724128134367 -0.0010252736140574802 0.09490099657700377
1.3154457502034371 0.45267580234754845 4080.4785583790294 0.0007989480587951456 0.1160348560667159
1.2568976043201951 0.49351290598073005 4709.036947081751 0.00032443516258733263 0.07343232858086583
1.1335536605954246 0.456195667631874 4362.423132331446 -1.8900165345032315e-05 0.06624829216078511
1.1335536605954246 0.456195667631874 4362.423132331446 -1.8900165345032315e-05 0.06624829216078511
1.125990154626055 0.4611325835551602 4907.379200152046 9.560746336556992e-05 0.059992029568023804
1.125990154626055 0.4611325835551602 4907.379200152046 9.560746336556992e-05 0.059992029568023804
1.3189073398549036 0.47813132501325406 4657.378142485097 0.0001027733067142758 0.09083864596677815
1.3189073398549036 0.47813132501325406 4657.378142485097 0.0001027733067142758 0.09083864596677815
1.2438551622251586 0.46799775084775963 4704.5451572407555 0.0009214507983158039 0.11059545406733841
1.0744262806261922 0.46675334507146615 4886.678273101918 0.00024197702551711996 0.061927932487955986
1.1735015453606 0.46257388193194915 4797.111511140282 3.601098129442349e-05 0.10099145143705276
1.227848686241208 0.48560224402633695 4964.70313770894 -0.00021858919934691229 0.08953971233617822
1.2394887647984112 0.4496613247569947 4677.116861015651 -2.9340371815704704e-05 0.10606740773822257
1.2394887647984112 0.4496613247569947 4677.116861015651 -2.9340371815704704e-05 0.10606740773822257
1.1710097151837235 0.457777807660801 4630.357340534514 -0.0005459839980150528 0.07182911263902533
1.3874882649507172 0.48041563565178186 4160.310496049467 0.0006899016517701247 0.13366908046625078
1.2844985559726674 0.45055998865310415 4841.7448065910685 -0.0002950354424446204 0.12704245957294746
1.3814755469431546 0.46943407864903874 4612.1435836088185 -0.0003616491935768593 0.11703104970802963
1.1503780413150366 0.46843933865683984 4907.432190416858 0.000809789737068004 0.07364858500781386
1.3786316561193181 0.46629844318230046 4160.45098644378 -0.000394674266199387 0.11983470096884995
1.3028459091247373 0.46955321164486524 4864.618252943514 -1.1285653382452253e-05 0.11915203559150553
1.2084869089008043 0.45398077553276767 4592.507623757103 -0.00012816963069205175 0.07137952905578934
1.2084869089008043 0.45398077553276767 4592.507623757103 -0.00012816963069205175 0.07137952905578934
1.2876183058922066 0.4744688393372091 4821.74404177995 -0.0006106513944300921 0.11537218166897552
1.2876183058922066 0.4744688393372091 4821.74404177995 -0.0006106513944300921 0.11537218166897552
1.1975630884845239 0.4627234088411233 4874.011581050866 -0.0004419725172302628 0.10966324471721312
1.3955565367587126 0.4943811222061956 4536.52343808516 5.6201078729189495e-05 0.13240682179371968
1.2160236256651002 0.4505168901898241 4990.779157118488 -7.15120548194806e-05 0.10981687762018397
1.2160236256651002 0.4505168901898241 4990.779157118488 -7.15120548194806e-05 0.10981687762018397
1.3184560368441036 0.48663840856707574 4719.013383647121 0.000324351760881922 0.11737443280476653
1.223830085588571 0.477092245472834 4943.225004224869 -5.9734314168537866e-05 0.08756382802783944
1.223830085588571 0.477092245472834 4943.225004224869 -5.9734314168537866e-05 0.08756382802783944
1.2338465931540092 0.4786292889918058 4679.850297614691 -4.742139662558182e-05 0.10803238260351658
1.1698973270096147 0.4673512837433608 4838.318426509369 -0.0004295038095574799 0.0738883841162134
1.095243541678773 0.4584944969359582 4810.919628066082 -0.00038658926132786864 0.05576848051740435
1.1217085043012953 0.46640004240117905 4105.665393171115 -6.516594690229085e-05 0.056794915176376595
1.2189767287481734 0.48596627436806816 4629.53424725517 0.0001338370094974352 0.11855037076825035
1.2189767287481734 0.48596627436806816 4629.53424725517 0.0001338370094974352 0.11855037076825035
1.1918436437101598 0.46296679582616 4127.123636502913 8.310427606940695e-05 0.0751553522678541
1.117966486211643 0.4590494324983163 4966.585200990651 0.0006357233310343174 0.0620055667049503
1.2211463585100708 0.5002811067518758 4120.359749531221 -0.00020230054440108206 0.06411207685890499
1.2290252486800406 0.45018151847051696 4998.622651861978 -0.0003177640596399231 0.11798093146276961
1.3777452685759548 0.4924941468921682 4750.4084352481195 0.0004470207535769885 0.13114898252892002
1.2403287425478038 0.4426865560539531 4849.0472449983345 0.00027417135073880776 0.09273674921232523
1.1799498133643371 0.453654877533074 4168.420229327718 -0.00041766707953764143 0.07107713236578721
1.2041435988704918 0.48786066198457184 4790.091834477295 -5.610913362806911e-05 0.09934971008747659
1.2907247679600347 0.4606395824393306 4253.951877234785 3.4237333347824954e-05 0.12422345090561182
1.2907247679600347 0.4606395824393306 4253.951877234785 3.4237333347824954e-05 0.12422345090561182
1.2469117370924523 0.4633089545120311 4774.908122140541 -0.00035744784303150853 0.07752149923956018
1.2859902827106073 0.4585056209004003 4969.875349668271 0.00037807793373041313 0.09999826778350246
1.1639697971518972 0.46935586490225456 4683.6800788573255 -0.000528151802493186 0.07134660651179302
1.4113882427494904 0.4778487745382948 4105.910268713263 -0.00032005328012996723 0.11100324937525752
1.3022719647234071 0.44475023253473484 4306.0079637725285 -0.0006173163282053914 0.12444610829336186
1.3613222318877267 0.4881245500417777 4160.570603039172 0.00013902943948731033 0.11894448691458766
1.063788078360035 0.4581387900330457 4918.311028040041 0.00015521060028337306 0.06246937623089654
1.272388720060813 0.4525098660630995 4838.319500186937 1.590360778995994e-05 0.11947364789727259
1.3697781752811395 0.4642212705231584 4589.546265872506 -0.0002240614218656354 0.11856595610737725
1.227519507309025 0.48216667021461307 4790.09537558958 1.8978948522892368e-06 0.11466679885386684
1.2458286201891937 0.4786678323175172 4794.760014291188 0.00010805357934316081 0.0921418536443662
1.2221037623956774 0.46933225573031456 4634.923137449673 -0.00013474221713811302 0.08438732434384286
1.2221037623956774 0.46933225573031456 4634.923137449673 -0.00013474221713811302 0.08438732434384286
1.1918309350426628 0.4629273474952179 4982.514761389574 0.000902106778991265 0.0692125387103651
1.1918309350426628 0.4629273474952179 4982.514761389574 0.000902106778991265 0.0692125387103651
1.2310680134599759 0.458929713590461 4568.1569184605405 0.0006377374520210585 0.07799938976000148
1.2509905660260079 0.4862938771478548 4826.446302917588 -0.00020025816010012007 0.0930398277318948
1.1709097306662901 0.4523209923072172 4922.529116995883 -0.0006411467218273876 0.07224781746315467
1.1714216362445953 0.464847131151616 4398.82018127703 0.0009714662726103319 0.06192697935796475
1.1459612532756978 0.46637027898178507 4502.612089562847 -0.0005241440119951695 0.06049168721739763
1.1973065600824955 0.457539974767883 4497.721524887027 -0.0003925242790586159 0.09604915829238622
1.2292849919015711 0.4610187345652481 4100.637822833885 0.00026998384641062747 0.07622091180934301
1.2292849919015711 0.4610187345652481 4100.637822833885 0.00026998384641062747 0.07622091180934301
1.3617287425861626 0.4672313277198695 4142.191960905318 -7.071102964167278e-05 0.11813734320957235
1.3455378642277909 0.4687371307175536 4199.13824614769 -6.540278553493778e-05 0.12274289358420214
1.2101387097522938 0.45098144688593517 4774.788409446153 0.00020047330147618367 0.06614214822617097
1.1027869091536013 0.461202518884484 4669.641258544715 -0.00032399966237773106 0.055150304672020485
1.2159325791403781 0.448191884513489 4930.904645512084 -1.1698607824526862e-06 0.07796596273854903
1.110277729909238 0.4645100328225815 4592.93997094373 -0.00026514643068296484 0.0535639755929888
1.3894509308226861 0.48421588905779167 4747.657054804486 0.00014660526387315448 0.12921233557436884
1.311278124920194 0.4707920566663433 4043.1746463149916 -0.0005094049308674564 0.10473185812272653
1.3880153986959456 0.4750056659533426 4217.351743735537 -8.915523920275508e-05 0.13022782556218188
1.1221360138115914 0.4637085069482836 4630.854039989964 0.00031535440622992595 0.060232496389256394
1.2798236911393437 0.45112899962016556 4598.911868926194 0.00011974669162698957 0.0981393356299046
1.2283385544943084 0.4577994012394127 4700.050967921825 0.00032301818064163365 0.10180813835757535
1.1973988572561107 0.47072265572358574 4537.1662080573415 7.258404108100804e-05 0.053828745709855005
1.288123202230526 0.46335095594236286 4321.551068423641 0.00032517783755600644 0.10605394190248002
1.389399843715114 0.4790398198376494 4142.9281083706255 7.718074030183028e-05 0.13610148045664744
1.389399843715114 0.4790398198376494 4142.9281083706255 7.718074030183028e-05 0.13610148045664744
1.226680732395763 0.46990214240140454 4323.771427187566 -0.00021294532125990995 0.07156712274071687
1.3686280327009765 0.48697996515433134 4113.466894709902 0.0008423801161389819 0.12151943239112302
1.2648509826533383 0.4512227866376485 4727.881396379853 0.00016481638831546282 0.1216490418016323
1.2204237859622353 0.4597921388674515 4871.667073883239 0.00048142393027275746 0.08933167096057726
1.2255377845102662 0.46095572514123756 4750.869386201323 -0.0003043506027232406 0.06997227858042725
1.2144422572052804 0.46662867520015217 4634.090059587343 -5.834781351419337e-05 0.08115442651358337
1.1672568673811508 0.4909715121264048 4300.783038501587 -0.0004692973926476282 0.05716899412707072
1.3007572573617345 0.48024023916920733 4589.283675726872 0.00014831031338695237 0.09213554091306875
1.1998392616352755 0.4552636878325278 4569.160462277019 -0.0001910447128797371 0.07348767211419699
1.2632471737827156 0.4523628251249189 4592.407667463812 0.0002456529070491533 0.11167667032349617
1.2632471737827156 0.4523628251249189 4592.407667463812 0.0002456529070491533 0.11167667032349617
1.4114807985711142 0.46465555051111196 4585.342579542591 -0.00019420057181205499 0.12907391689363146
1.1998833651568623 0.4734068606605656 4933.1735867547995 0.00022001997507067306 0.06202774712663452
1.1998833651568623 0.4734068606605656 4933.1735867547995 0.00022001997507067306 0.06202774712663452
1.3121781844562244 0.453649176665645 4424.915655656108 -0.00015795279092205723 0.10919463410843354
1.1864033300871957 0.4782754312851265 4140.870365484218 0.0003538403077080658 0.0559321643530327
1.2140711047407533 0.4519557644939291 4650.202313469443 0.0008207987688654038 0.09634341847304986
1.1211165823891096 0.4490902971385465 4427.200720139405 -0.00035498790504175743 0.05592373152392189
1.2760100059194066 0.4961131010350792 4960.221913971601 3.2667324044841e-05 0.10063345062858933
1.2736376070906852 0.4523038197334851 4832.657676376388 0.00023619213023025361 0.11704414740561339
1.2551347516181046 0.4594935088524797 4449.89693077634 0.00038338559377902544 0.12270132499375466
1.224169180784649 0.49486440139552745 4836.812517247468 0.00023962780922280832 0.08860808042510246
1.2884544062847878 0.44955013266987937 4632.7243998297145 0.0001645030311076304 0.08738933221248618
1.3029371904390383 0.4614996367500522 4104.853573897638 -0.00021445018851927512 0.1169287772972809
1.1636175073800352 0.4682980710226633 4095.4980456149483 -0.0002512573389609608 0.060918180240817646
1.3362786316630921 0.4566319486890169 4849.5584459373795 -0.00048553988086103646 0.13713129163860396
1.2917661931310853 0.46910715138442866 4053.033056352567 0.00015849383214561747 0.10782861464314189
1.3075956659403718 0.45834440704835117 4160.3682204255665 -0.00019808010928699864 0.10858955552015268
1.270857464517428 0.4816877128097991 4568.034468762601 -9.483352916712661e-05 0.0880494838184645
1.2014635186596947 0.458694396167454 4810.791268528783 -0.000283360704913295 0.09661755688233387
1.093191490077394 0.4608069029475017 4796.938437626139 -0.0006353062366547007 0.05621045045126101
1.093191490077394 0.4608069029475017 4796.938437626139 -0.0006353062366547007 0.05621045045126101
1.0953251808148088 0.4491439570929791 4832.926452467113 2.7032836455010356e-05 0.05696989358927583
1.0953251808148088 0.4491439570929791 4832.926452467113 2.7032836455010356e-05 0.05696989358927583
1.3645116641510417 0.4730647408049289 4635.650679313485 -0.0002682777912067771 0.12986405386724845
1.1626521937308438 0.4726115636281309 4773.832087374019 0.0010469455907733268 0.05563442334837306
1.2645456690770844 0.4749222690545118 4957.8128187695365 0.0002474971911798435 0.11060397529301237
1.2321293670685878 0.4937329769490549 4581.04717315343 -0.00027845677942392363 0.06972376016046453
1.1876553332587 0.4489325339018492 4869.110770250215 -0.00026662011720507943 0.074803670664227
1.1330086736130567 0.4623870653964619 4871.242380795077 -4.636131101065531e-05 0.05990830909238422
1.2751959651423492 0.4744399588553092 4379.679210438778 0.0003032844018675267 0.09877510616414159
1.2680339970199634 0.46855994636305354 4659.678084892143 -5.8160076113487514e-05 0.07893195497845765
1.230932129364017 0.4770322656823806 4799.615173857538 0.0001299819302721087 0.1057608576217994
1.217384541452408 0.4676223905971145 4990.7158437776725 0.00014116764433665056 0.1108471036420633
1.302625641972194 0.4804918431039369 4741.987026324451 0.0007813390292021261 0.12179708640356914
1.3275409571849637 0.4638129921042939 4589.850282691361 -0.000742827177863949 0.10673206228543562
1.2817778938109519 0.4474046522296905 4566.740900508889 -0.00013540011262449858 0.082652229612599
1.0978797827754891 0.46386755736987184 4796.358798068057 0.0004792996888618591 0.05749796686019473
1.2690957990389315 0.4829741755824301 4427.135518253842 -0.00016177054317763296 0.09057639582527158
1.307998195607358 0.4819506987553526 4603.353800389818 0.0007425191966042828 0.10865893567093418
1.2483891188318679 0.4897337856912575 4950.582572508897 0.00010345735105733784 0.0993108287524298
1.2232331210815743 0.45566131024621376 4659.87871969861 -1.995311664987708e-05 0.06514312623054981
1.2871601037157745 0.47116878516257193 4603.298458822988 -0.00034336151295916764 0.09206000491953412
1.2713482418229143 0.45893734581349827 4056.203650095823 0.0002595573908033734 0.08680529379031249
1.3404771866438523 0.47052887409295924 4300.874231173753 -0.0007123588500875047 0.12273547585465747
1.0789591755597059 0.45410498107957187 4817.87088141539 -0.00040401920696576666 0.059263427450087246
1.179399790672442 0.46508461431837345 4835.845353860944 0.000782478264727521 0.07138149865855223
1.2110069397396837 0.4618405913287501 4775.188314952526 7.034932885343325e-05 0.07686088685316045
1.1589256853743657 0.4595843647860804 4449.594503341637 -0.0005981535091081274 0.06985642143503885
1.2988178312882261 0.45805848411152716 4229.593933011181 0.0005255879077535578 0.10118527070547953
1.159240173544798 0.46248738098823966 4954.551194079216 9.447779254805405e-05 0.09143796615660796
1.3075670899765939 0.47395572492189497 4597.392462588122 -0.00013057824527289052 0.10397731750302705
1.3210779985845786 0.4881561957554246 4352.379473859367 -2.532355476311598e-05 0.11175525862087096
1.2437235362780656 0.4708580609191537 4741.175645769813 -0.0002208244073546403 0.09616938357369338
1.184578390028864 0.459233497594684 4838.258117535863 0.0005893351513602645 0.0812515791348561
1.0878513786262913 0.4666891573798345 4895.924040376621 9.72908564533427e-05 0.05118759637811636
1.243711307442252 0.4725243407803129 4796.511835374187 -0.00019516946043016914 0.11330108814245524
1.388072091396263 0.4748102804496061 4234.967586563989 -7.056148326028637e-05 0.12189038623306617
1.2119758389793283 0.48042166379249884 4984.012550129375 0.00023224255140913278 0.09837308928948937
1.1933023283420123 0.4579870237128476 4810.776964915248 -0.0004383718523394171 0.08995928651172805
1.201384562338887 0.4598616581283677 4826.613103493002 0.000398465302243756 0.08147251606196095
1.1378020751135582 0.4506008903069801 4975.533211732058 0.0009011083914699964 0.06486467017101319
1.3083956951380942 0.4809521996312798 4709.470155963631 2.714106797859477e-05 0.10045607063457135
1.2145994916896963 0.4518230615008848 4524.5306716279365 0.0001326753536468809 0.09602281492087453
1.360728734267206 0.45382855594563465 4536.288744273517 0.00028186121522722727 0.11805993373492976
1.3059942775873998 0.4799806078470503 4493.5854357513135 -0.00013233289453886053 0.10052568596528924
1.2321653523682785 0.4655590041122063 4984.046144283517 -0.0002900121406337962 0.11542187455181532
1.2973603480869642 0.46756268890387515 4568.554371374069 -0.00015524855407030494 0.10840836938848011
1.1855792847112572 0.4633052303215411 4169.0116726719725 -0.00024278034299843418 0.06361893806048295
1.2183146127438689 0.4585530869351293 4618.567032768956 9.219237331095883e-05 0.09028033976704858
1.2242017988270453 0.4610974958941199 4502.118342557559 8.48186806626715e-05 0.09646294164772036
1.1890605843341229 0.4644612377692223 4964.633913463794 0.0007392994976145237 0.07647433703531656
1.2419584688146945 0.49898210624827083 4413.539594839447 -0.0009348907800808022 0.07374004746527119
1.3402354142352308 0.4563813165340607 4524.160389791254 0.0009390727853126591 0.1303991813078329
1.3664973033940546 0.484433876540763 4566.4945095310195 -0.00026901397800588084 0.12333917769164122
1.2753173143167564 0.4704497495551899 4960.846072529831 0.00018194579042004558 0.11125954129793814
1.1564254088091062 0.453802416619802 4140.818596218911 -0.0003178767899084758 0.05803626266624313
1.2562995358050055 0.4581946629061762 4236.210320917072 0.00027844702156343786 0.09511350895886031
1.3127359979956787 0.4559271332798527 4083.8011167094105 -4.8908387616691606e-05 0.10642083654499812
1.3162294381315363 0.4625810932693373 4427.570963768193 9.524833640899195e-05 0.13029876677237937
1.2106089210588131 0.4653437225204406 4850.262841452865 0.0007237043505487007 0.06220738557918215
1.3455485430347884 0.4524862872344613 4803.853755888516 1.301014935829025e-05 0.1349694795715975
1.3475328099929695 0.4600889855676538 4597.201599275062 -5.105542573662133e-05 0.11743237921000625
1.185402170925181 0.4871448506969246 4719.211414998159 0.00029316443824129986 0.05937835178198302
1.1960833281591827 0.47208310611035553 4767.552464487464 0.000691596038528105 0.07366927917096752
1.3240379239557432 0.4591635256183155 4379.450374036359 0.00026229834906704903 0.12514927127469416
1.260948946230294 0.4612290225736598 4221.426839861801 0.00037089252558628874 0.09041101812549823
1.3336730109605641 0.4809514083211959 4366.4135784914715 -5.081565258166404e-06 0.11342073740179971
1.1689067729339855 0.45538836505430463 4413.116796010827 -0.00021123465124575606 0.05680219899897476
1.3792875342269102 0.47528944450812527 4585.020445978161 0.00020856067501581532 0.1257493073820399
1.1862102800381333 0.4770149618586403 4537.323547011719 -0.00020608678495690773 0.05940268500491246
1.2359390178340481 0.4761693097776719 4853.251651628026 0.0009523217975566223 0.08321064409098405
1.205529481661756 0.466962654143712 4840.2298116267075 2.2480536718588466e-05 0.06872307621630735
1.330276193572038 0.46312884482945843 4324.551634200822 -0.00037816546488079523 0.11655627638581513
1.1702611067465278 0.475682240711592 4140.563607909069 0.0004563026938133855 0.055431089885054435
1.3585912166658112 0.459447699827012 4536.07180909719 0.0003503442870601018 0.11717755397771887
1.206266122974143 0.45235460827204116 4379.486647473711 0.0005366497694672599 0.06723961557955997
1.2123676152297755 0.46499422984792443 4321.266779880691 0.00033650462934186476 0.06260123149470477
1.3399800091732694 0.4664066962536372 4568.764938395953 0.0008576216855802699 0.11917533537459266
1.3334450372410362 0.46377394896670543 4568.398004302928 0.0004348220322793888 0.1180680367301318
1.3221029103359914 0.49057424646313624 4654.157378494311 0.00010332202196314574 0.11496749087391456
1.3088381026440874 0.4726055958972535 4597.670329839682 -0.0002115322509434646 0.09864339666291352
1.199034457551881 0.4830808169494937 4056.035984946886 0.00022320272620867683 0.05866021770660618
1.1243262374517276 0.4518275369586028 4817.279310397871 0.00045216207103502263 0.07151715613886742
1.322318682907437 0.4932302244083063 4526.66192359245 0.00034993931875140717 0.0986462548410107
1.3916624720149384 0.4750744820045747 4379.866687776623 0.00031301564018900433 0.12772218009553865
1.374028435051238 0.4563894517048601 4105.658136795608 0.0002537030556763268 0.11810000180190502
1.2587967644473732 0.47310699529173444 4775.591371698095 0.0004213796391807372 0.1070650158577842
1.3374977531184302 0.463810944608763 4632.144990231113 -0.00010652428635456322 0.1115226614257242
1.3313636321919375 0.4514029078199127 4405.147544414194 -0.0005475009751013025 0.10549664067316089
1.3023221693182478 0.4783801934298878 4140.257255930219 -0.00025041622617759515 0.11001159615666106
1.2166022961143381 0.4811819921522562 4950.037218974721 4.997545202120671e-05 0.08345641290263503
1.3466427950713955 0.4664651507387277 4201.2277806060365 0.00010125386388481708 0.1169532508715768
1.237121362473511 0.4622806568489464 4379.32093791 -6.404341469139041e-05 0.08014126699799368
1.221115076321786 0.46638070437250134 4120.081360546123 0.0004631800128869298 0.06623369836954976
1.3623670148662446 0.46866217037849034 4201.002663615553 0.00041240558239751804 0.1175248244727984
1.4039084657909722 0.4710966404644509 4249.485144330027 -0.0003532432377218121 0.13249241406463064
1.2660297888709997 0.4567872295862959 4321.033699098685 0.0005820213178588919 0.09080204934381292
1.207095435254045 0.45818278177979527 4877.188490165891 -0.0006306203020838602 0.07795344275740101
1.3670882631308565 0.4706806145008669 4615.85271885162 -0.0005428213493400604 0.13446396690522183
1.1668057729499595 0.46917625191744816 4306.034023656848 0.0002422324303918733 0.06220875365382741
1.2459929522663251 0.45350891464563425 4853.284170617714 -0.00047648686831122867 0.10217890385358973
1.179868384184619 0.46948216459984154 4827.18024134479 0.00034092008684276603 0.08984868407130972
1.2457743986949696 0.48366787955142243 4969.273502744814 0.0001738564839875749 0.07102087152206665
1.2859218054363253 0.4687279995942141 4603.918771259072 0.00027175559157562073 0.09740670871793708
1.2850095772614116 0.4563358185891454 4659.3541445560695 -0.00027878984401978694 0.09923742393891634
1.2243702934945986 0.4787043290185041 4468.249389941993 4.88480936184163e-06 0.061224967597224816
1.3548535372212602 0.46353741067155896 4142.919002217131 -0.00039357507467903505 0.1305288000378388
1.1596939169455047 0.4555414018093975 4790.254658871195 0.00015767920585482557 0.08379345328687056
1.3733263266296878 0.47071837103756614 4105.67778499263 -0.0002600887031338954 0.11631922739837197
1.2157792766569728 0.48877223632993805 4526.422977664042 -0.00031410114395533583 0.06385551066880656
1.147925224314112 0.45289594804653427 4719.005472769855 0.0002933930812228697 0.05691244424373889
1.246831163340754 0.45702948038626817 4537.307856194416 3.870057965097465e-05 0.07242975828211723
1.313812332067716 0.4591160987941306 4510.074837183249 0.0006475529485395761 0.12153294771389313
1.3804007587225928 0.4707461119399227 4142.291844338483 -0.0005611922922809218 0.13052060407799848
1.1810532123010304 0.4681619400099847 4895.049743305048 0.00041300247526467136 0.05496758430542157
1.2865131626186888 0.44959881241150623 4806.712209411747 -8.866810247377431e-05 0.10742017132780388
1.1427790368955115 0.46596529633710226 4947.136110903932 0.0003880219356270685 0.06884550822351686
1.399897282025249 0.4718705193151518 4249.7316790328405 -0.0003061971024854211 0.1319135730878838
1.3125777020904856 0.4699373163767074 4864.772589728145 -0.0008236984774857697 0.11684146356354254
1.218780219653937 0.4563057021388913 4445.552453422546 0.0005355583957934372 0.07537453547974236
1.2506255283370367 0.45487569051686977 4796.064263342201 -5.2023807343267163e-05 0.11840025024255216
1.103305107258433 0.4582281340204275 4927.925789999517 -0.0003643159849154897 0.06698600339411911
1.2383922845303876 0.45328253744925934 4674.3433627763225 0.00019865627296517297 0.07381638333433899
1.3645572639153496 0.4598344868540058 4199.743113937623 0.0005544873406180238 0.12008490439420047
1.2370016448651002 0.4706329015798469 4306.281516577751 0.0008418439870284786 0.08958851403583984
1.337366539703757 0.4658440886991081 4511.061514234304 -0.0002728725751495764 0.13000452671777207
1.2628400735029064 0.47919860028732975 4987.71080542345 0.00035597425084177487 0.06869291979658632
1.199008174331491 0.4621322354053534 4983.895771971268 -0.00016423925810924036 0.08684016353108913
1.3277674898647334 0.47416376433010515 4442.350575879721 -0.0002142825130262163 0.11504829306247194
1.1960706291537297 0.45395244501471277 4960.875800279277 -3.4312424163934587e-05 0.06854925019600085
1.3215385980513141 0.46817644678243353 4659.591389954367 -0.00047625864092472016 0.11080995775368405
1.171256124828685 0.4655397903378653 4852.641689410974 0.00029287102992940465 0.07307371056732527
1.1730070984664451 0.4509070040196166 4802.20692435444 0.0008185737968688791 0.06040574869597241
1.3570148695633026 0.47137179437132015 4199.360299955113 0.00041276252017508964 0.12234606224092137
1.3154555580918408 0.49949928895884504 4526.913428502297 0.0005282103868617001 0.09710544453396089
1.3640704956995993 0.4528701031792617 4536.421852631178 -8.259479452894405e-05 0.13147283733683612
1.2664999164298618 0.4507112348501461 4249.801326883102 0.0004004036100307362 0.08980406513305032
1.1914579921848392 0.45497649660409695 4957.690195154858 -0.0003084347425417564 0.07895103777270794
1.181734021336735 0.45768146086817324 4566.984279560359 0.00037006628095748623 0.054122907817043486
1.399971010796405 0.4685763951605297 4249.373256812933 -0.0002982247609088703 0.1273155842294123
1.3423887226793672 0.4666204264058629 4585.278652064183 8.607145831116872e-05 0.11837747020369856
1.338081649600103 0.465010597600371 4039.1133414457413 -7.140227234868449e-05 0.11781380364418194
1.3148648872276523 0.4989052291805601 4580.362518604359 0.00020955520879701843 0.0968089486186646
1.1114362999185885 0.45394762488604334 4926.9467043592485 0.0007751203835600977 0.05478520602190663
1.3182115403363837 0.46144292494930067 4803.108049896127 -0.0004551209275013296 0.1132599007730623
1.140258957193896 0.46343584664447335 4899.165961517885 -0.00018710356120917417 0.060686779472998026
1.282356793797778 0.48971230158177514 4249.350811155402 -0.0004084104159506416 0.08615919366980793
1.101934011550697 0.45589657473192124 4344.686473256828 7.682209114685813e-05 0.05363509679350888
1.1938468244910967 0.45161849160578765 4853.099131761331 0.0004563082244880478 0.072153313491055
1.2819020236003045 0.46753627652582463 4585.875290863284 0.00023133871931348626 0.0915167008806421
1.3747424347903001 0.47599966862465637 4850.444774104158 0.0008817198754148468 0.122227723353158
1.3074179726988842 0.47661768586263964 4140.811799209131 7.571131311912405e-06 0.10496889314130228
1.2756905370474794 0.46229021160134176 4598.495452415889 -0.0002046018657679151 0.09522924817431741
1.3063864363683009 0.4594612775950425 4379.35974878751 -0.0002921918261662157 0.1117272324440474
1.2054575507141077 0.4724044593455678 4537.159294121321 -0.000828818056336629 0.0607396045246539
1.323918861376128 0.4587074321103757 4615.3959893680985 -0.00012532913086899712 0.11501332355148397
1.3549097943968054 0.4564696572914762 4566.455416441273 -0.0002147395590214003 0.12024562513529341
1.2886749011134084 0.4829406370088546 4615.455024754556 -2.7309872383977803e-05 0.09932487511566321
1.3077568785329425 0.47964442248653494 4899.503274880455 -0.00020896706396547393 0.11858151280800346
1.2662497943629918 0.4770359484506388 4955.123166984454 -0.00010125747837687183 0.10403944714698193
1.242001106253452 0.46909460581311385 4840.102635434748 -0.0002704188679845867 0.08800815936073733
1.3653279195588177 0.47414870172569834 4468.97453577226 0.00021156958140407608 0.11504836232734611
1.2261488379283452 0.464535225841833 4930.623671040064 0.001106734999887833 0.07749804355788685
1.1568874215467024 0.4730549947828958 4249.831050687051 2.9882717597592746e-05 0.05740745679673664
1.1530184494875115 0.4687379157824436 4413.223286058519 0.00030978858857564956 0.054966350234814776
1.3003177205705163 0.4769308154118638 4774.749290069058 -0.00045838013962413396 0.09794410787968906
1.151028370541465 0.46020937915143256 4831.854578578949 7.671844608838427e-05 0.060054495559288004
1.2900306044386656 0.48161873696261936 4536.497862185384 9.03300954527523e-05 0.10144268300088939
1.256780157991855 0.49982144306917053 4300.349720372036 -0.0006038153212455465 0.06646193780811688
1.3288773675578365 0.4700760063546432 4615.530093762301 0.0004422955952421256 0.12317151613780587
1.238450497713549 0.467289293212867 4850.959052746953 0.0002466901746552383 0.06502617055491307
1.3709904504797734 0.4707874274933971 4566.000928551005 0.00035805479192593874 0.11760882080830894
1.4162314455596194 0.4791128280057234 4468.228397990712 0.0003669446481084085 0.12246283765859986
1.4090311114789051 0.48464369225217907 4566.549655291266 0.00021272224076909155 0.13026859083234577
1.3397826724559785 0.4669735060265771 4719.382084649198 0.0004276817358618388 0.1226397971167354
1.3208164503401028 0.47544488459826223 4427.018818843994 0.00014761822319633565 0.12208145342930028
1.3707193350912874 0.4783853652621909 4427.277330449804 0.0004065757836283669 0.12874086525348294
1.3534771885963905 0.4634722151552569 4427.030346274522 0.0002165903427823305 0.13234000646916919
1.3309638388307765 0.4660250426147283 4536.828159903579 0.00011969100541187892 0.12302302190582527
1.3349243477161914 0.4785385120566689 4849.836942639711 0.00034012399508450005 0.11611328165805239
1.336411717621888 0.48386116775418647 4849.8819629000345 0.0006523357169471124 0.11527985588608511
1.3650049074185953 0.4851856759628299 4849.868564477245 0.0002682357144914594 0.13152857531276402
1.400515355272683 0.492142404122698 4566.642917409383 0.00018447225660757433 0.12734761982486725
1.351876407185764 0.4876333644924119 4643.571210158654 0.00045052925896086525 0.10437514693860933
1.351876407185764 0.4876333644924119 4643.571210158654 0.00045052925896086525 0.10437514693860933
1.351876407185764 0.4876333644924119 4643.571210158654 0.00045052925896086525 0.10437514693860933
1.3066765941339318 0.4852764317723567 4849.343244415549 0.0002952433215771944 0.10504150838858105
1.3382009460130462 0.4891438702698663 4774.119570701691 0.00023646253004714124 0.10899550080657336
1.4247718911797613 0.49160491121157995 4566.7405292993635 0.0005137995303199471 0.12717411612944024
1.3542251551066338 0.46354389791206896 4849.609033097416 -0.00020663062800218586 0.1360482915250098
1.2954434457879986 0.47715850936560883 4537.821024019725 0.0003442726719669584 0.09139635309351218
1.3449962133294577 0.4809681481201727 4632.291901395272 0.00019637692574697978 0.10207505351811161
1.324176889504058 0.4794991274474052 4526.436320335251 3.176293553940385e-05 0.11093319377198779
1.3471147428204033 0.4768510074944802 4643.134324850706 0.00021908676507936963 0.10673870595231694
1.3471147428204033 0.4768510074944802 4643.134324850706 0.00021908676507936963 0.10673870595231694
1.367546550589902 0.47831765044615787 4632.437001008198 0.00025056565529905234 0.11388109487905748
1.3377360026500411 0.47259069512553853 4632.452652482371 -4.351351597957285e-05 0.10429344954936065
1.3321776999667225 0.4745888390324583 4643.566678430821 0.000145043750834112 0.10684810151285391
1.3254996381178992 0.48840869168514933 4105.075017156229 -0.00035562991285975815 0.08025083137363165
1.310597097707481 0.47794869618451913 4249.634058848998 -0.0004150387228994693 0.10877672882917275
1.3376046498187728 0.48886448185018505 4153.84500369318 -0.000196477709359123 0.08781497875864222
1.3330220839913585 0.47767917930282816 4300.32405549695 -0.0005857224059333631 0.10301337163381247
1.366028764695532 0.4866942397282872 4105.431622714941 -0.00041049249774812086 0.10166799344123807
1.3778163715700398 0.48423641996340255 4468.45055813358 -4.7308276114207556e-05 0.10972434913763157
1.3304050929900173 0.488330755925213 4537.855232432366 -0.00011142736459596911 0.10995303813904467
1.3564375870326248 0.48966017515322907 4300.030976727718 -1.3360748522271161e-05 0.1138846557672929
1.352643722209045 0.4779194482833553 4105.669801985605 -0.0007061383912689923 0.09580373376303114
1.3343539209046555 0.47352679653328256 4803.296686214737 -0.0005446646423435147 0.12362523144140429
1.3130214432230738 0.4632582333373229 4709.696468621607 -0.0003327803918963837 0.12077618048664823
1.3441467307184478 0.4774644013661093 4300.232650126847 -0.00047806702357330714 0.11627961576718025
1.2188375192214758 0.47333130607922913 4955.308196045025 -0.00014728742888530573 0.07899915961924524
1.1984250356345467 0.46032838659841735 4849.768361601627 -0.00024494931587199957 0.06715600916332605
1.2048201110786696 0.46156941614465624 4978.493434672115 -0.00014846327490684711 0.08248604743394797
1.1897339131238682 0.4642965525927742 4872.308674908153 -0.0003981563728327851 0.07870913753982071
1.2291831670030318 0.4688533413711565 4899.112012621052 -0.0003709097217404323 0.08369577078359264
1.2756748661564563 0.46379760354865096 4926.418465014493 -0.0003922477138898875 0.09975028157296978
1.2700263571731747 0.45755219981830586 4899.483577532361 -0.0004328633575439395 0.11117744434828247
1.1349434069801254 0.4620546114739018 4985.992012387639 -0.00018828227306244967 0.05832086049532355
1.301474170404055 0.47590902152825076 4615.136478148563 -0.0003711879354971868 0.10103042466632756
1.3560244555935224 0.4753578452567074 4427.493998358062 -0.00015061976631690745 0.13087183860971924
1.318948748504709 0.4810244055047812 4427.365366181813 -0.0003048307315931481 0.12218509078138788
1.3622037278422627 0.46834116026310063 4468.030421433367 -0.00021459029294614723 0.11071485974453048
1.2752295607646436 0.4623482916567619 4709.980631486736 -0.0005634524177307503 0.09412250892901455
1.2730306088611023 0.4633773405599445 4536.733583784014 -4.5295259675134835e-05 0.09402696951486661
1.2749364227452722 0.47471617247286996 4709.346948463454 -5.964045180576474e-05 0.08793025153609364
1.2942897888973923 0.46788612553354475 4674.656293629769 -0.000164973514128198 0.09980152273370999
1.2970231235748013 0.4676571895506173 4674.7316650440625 -0.00034503996473083916 0.09948409881089532
1.2824889151306584 0.46108791437215163 4536.170874400867 -0.00010788848504780313 0.0981597053690817
1.2143773008240546 0.46722339598491563 4580.720135630295 -0.00010646583007367137 0.06359325992588312
1.2413242828465572 0.47233715082890143 4709.346473010975 -0.0003616276270142115 0.08096580604159456
1.291688610244839 0.46676536750001185 4580.741153831938 -0.0012439291410959912 0.0938599928474861
1.2948107521902332 0.46368675856848635 4643.83773312979 -0.0001806251961568881 0.08729082913323351
1.2335676219050407 0.46882720678865464 4709.249797800982 -0.0001432875715440922 0.0706677396218469
1.3545950707986871 0.4664007244971091 4105.092867802557 0.0007646704616927976 0.10078477375693777
1.372618011291661 0.47050244412138637 4105.585946869527 0.00022303219160878116 0.10936279512914107
1.2527541335519248 0.4642254847928129 4306.974039095418 0.0005134306348851896 0.09698280291105055
1.2733357079501333 0.46688359283306424 4140.257511243707 0.00019046220735197426 0.09297534143777009
1.3469030178758388 0.4812663812847856 4405.430897344171 0.00012155295291491126 0.10830472359026877
1.3660046965008887 0.4671801681818994 4249.487871825261 0.00011553262340046205 0.1207682821050718
1.3276014520303379 0.4653338614669437 4405.706342409051 0.00019205947740876046 0.10211984308631646
1.35167486000198 0.46750781937973207 4300.0635065029965 0.00026495482273881005 0.12145059885265812
1.302206250674314 0.45954788057698875 4249.155976230217 0.0005505257321397646 0.11204502259722782
1.3442054136763562 0.46877573423658775 4153.444591614044 0.00024747807797492505 0.1011587225650104
1.1933323235343942 0.4719513110800678 4039.3716385116595 0.00018971354124766826 0.0583088574564117
1.2546741435128854 0.4642199077048235 4566.550783199881 0.00012037732045073202 0.07120080211798603
1.2452542738319645 0.46180055918664314 4526.898978010234 0.0007196373425308458 0.07284318789895693
1.2642579812307813 0.4568426747670718 4643.77216311268 0.00019937881171132855 0.06812061611819037
1.2619590124922833 0.46423447190349965 4643.600654486052 5.574539360216418e-05 0.06583326630632429
1.2829318307631215 0.46810372234998787 4580.238716388932 0.0003687330305108631 0.09050143218826566
1.226303129809325 0.4650287980499082 4767.777056960955 0.0005094304814123486 0.09698413572168814
1.2809213152002625 0.46857836550141324 4709.716425284596 0.00020965934678493807 0.09998564537701785
1.2809213152002625 0.46857836550141324 4709.716425284596 0.00020965934678493807 0.09998564537701785
1.292239671739737 0.46941687034011764 4926.290963465039 0.0005444423627306276 0.1082123551026476
1.2657568623072697 0.48177191408689785 4849.216594915469 0.00019125461695910408 0.0925778319945616
1.1566798136424294 0.45534287671477786 4643.237399830107 0.00023773922867958644 0.05223999773320237
1.2120843792346283 0.4607022552950464 4643.434762328092 0.0005243968281028915 0.059134283603030656
1.2120843792346283 0.4607022552950464 4643.434762328092 0.0005243968281028915 0.059134283603030656
1.228643104085549 0.4557753858094242 4643.887580730878 0.00017122961255303988 0.06494205434643896
1.222217717022178 0.4718739117477714 4899.812545671325 0.00043717517629564544 0.08419895246325014
1.2399780559009037 0.4658640674492518 4803.56212176447 0.00040998715703580244 0.0847988687161374
1.1882402564882617 0.4595896197531324 4836.2948244391455 0.0001733444193631915 0.08260667746009537
1.1809586091198032 0.46859048765290173 4926.950690446448 0.0005241594949123828 0.06080992056692776
1.1717904288923262 0.4584110528471047 4806.488360596528 0.00015008837342889267 0.05884736701838776
1.1569472170972297 0.46898402815944795 4709.336379100474 0.0005542885598063551 0.05876328683450436
