 F
        1328       21543           3         128
    0.172070606741254162E+01    0.800696251510657575E+01
 T
   2
    0.200000000000000000E+01    0.300000000000000000E+01    0.742187500000000000E+00    0.257812500000000000E+00
   0
   0
 T T     0           0
    0.000000000000000000E+00   -0.100000000000000002+101    0.000000000000000000E+00
 T F     1          95
    0.640160287636627349E-04    0.139834732362597514E+01    0.798343297210463820E+01
 T F     1          33
    0.221380635938942908E-04    0.431762508121111166E+00    0.806882052503225822E+01
