chirp_mass mass_ratio EOS alpha zeta
1.378752490657289 0.8599521793904973 4185.792437176258 0.0003300565121167738 0.6122210002972319
1.4940750933173748 0.8234093170703166 4943.5780902348315 -0.0004397861613967152 0.25323053627399217
1.2677024461848907 0.8799988990218459 4667.700140228545 0.00010588196537328515 0.5823802528566075
1.3926170765461536 0.8529673547216683 4934.810360895798 0.00033062873838040545 0.2934692283333343
1.4090627340163446 0.8661946608308686 4573.79407271506 -0.000152266910922681 0.483105747456142
1.4194684838604061 0.8363351614453464 4859.331490657589 0.00028190367034442967 0.24952860184883474
1.4577688048104278 0.8778681264628828 4808.234584199105 0.0011658441632605458 0.65636406155806
1.5264409561463768 0.8108487398524822 4726.745579685311 -4.057698417094628e-05 0.11503141903142983
1.2729857639337572 0.8910417824774599 4616.220557102703 -0.0001524583681392543 0.6981707566411501
1.3689811012074076 0.8416879544672975 4770.717212375991 0.0001145491164643561 0.3556723388522274
1.4442078827198817 0.8117362643873518 4727.007670886973 -0.00022486103431667074 0.1778896006343203
1.4253479539171254 0.8825283133039639 4157.387112381853 -0.0009042362703773714 0.6780089329993222
1.469665637651501 0.8124097405049857 4791.112452306534 0.0005119558134012022 0.1753375519752159
1.3139727728988027 0.8273207682867446 4381.313662206572 0.0003787080217042438 0.2208443441482406
1.3839517227375324 0.8242788128750371 4744.469854070514 4.9767192012455984e-05 0.21079114450268163
1.3632448202271845 0.8779848818208797 4327.1996266686065 -0.0002562307680012737 0.5273189598616739
1.3841765788398976 0.8877511870289391 4550.886681544176 -0.0004902288100791987 0.726536559925061
1.6323629773873602 0.8220390216978823 4806.683440429222 0.00040566372313729143 0.242487402427967
1.369678013388161 0.841281246390562 4176.34442506906 0.0002905441768938904 0.22815697623463038
1.39989013149594 0.8322376561898269 4138.763498477853 0.0010413067858702331 0.20653713560189846
1.3687154514877575 0.8627697742653373 4139.598622363336 3.066928282974963e-05 0.4687878282521808
1.5400767865576883 0.8765382218166236 4127.163759967764 0.00041171420942851065 0.92382421073831
1.4119242622923855 0.8809813042961311 4810.869453071025 0.0002817652206634481 0.8970687366092462
1.4556306866986828 0.8745679262678538 4671.762248973433 0.0004858197823115775 0.8918755301787961
1.3218980111439844 0.8892743473486073 4620.975542801763 -0.00015445637850754407 0.8151065207958321
1.605543160604519 0.841174235538906 4633.831302524913 -0.000170997447185154 0.26822981855997524
1.4446601989925405 0.8462008800849368 4749.010698275191 -0.00014210882908373054 0.36456982404308197
1.6142676312646589 0.8898389526296987 4841.42880829286 0.0012414580719427913 0.9771194699874386
1.5990355868626493 0.8856420284989044 4895.395766708772 0.0003501062429487867 0.9589486511775879
1.55142434267139 0.8759627347666119 4709.638287922922 0.00047078282790126257 0.7259814343407756
1.4086293227091233 0.8690102646175111 4302.534264497707 0.0004585644146277278 0.5862321396922417
1.310109786197533 0.8894388243310232 4608.76100897246 -8.567952356923956e-05 0.7699983803710642
1.3826649328889418 0.8857008373384582 4302.463175575588 -0.0005344495269791014 0.9149501149991854
1.4350948948003492 0.8809199032172534 4168.368010381374 0.0001407771493962174 0.6039958530925005
1.4308238155208146 0.8708622511137238 4914.772790882845 0.000394241182277868 0.6601633862178825
1.3921993275785502 0.8775231810686207 4818.005573024565 -0.0008513150610607929 0.724941131787891
1.8205453390125985 0.8266379435700522 4773.101999942216 0.0010620130048671433 0.2135529994692566
1.3735682315685505 0.8784825256753818 4651.314630860416 -0.001093278255541379 0.6582193100016516
1.5180087936563174 0.8506690865570092 4568.093271914175 -0.0005376006655883979 0.42402944446884994
1.46438746832798 0.8643209346707111 3941.5391673953036 0.0003413436561680713 0.46383543394121096
1.5549278443624805 0.8453313910617427 4160.280836984057 -0.00011187757045831562 0.3288865991440384
1.3446995290672539 0.8276728640640829 4808.167116856727 -0.0003169793801499147 0.1841318449976013
1.5919905970674257 0.8087821633452655 4379.444120383759 0.0005287292963578203 0.14744263602430766
1.5627420297857668 0.8077464981448823 4324.855038495313 0.00011268070518246945 0.13860896571412298
1.7193981073872737 0.8716139504447205 4248.725008689823 0.0010259514009389509 0.7547816582651401
1.8509163723963216 0.828193220974057 4674.577994749437 0.0011893215443252213 0.21180980818557452
1.4079135635675617 0.8754798821331831 4473.2186343736685 0.0010031425790632878 0.8466187803685701
1.7721537648271597 0.8787508256203994 4784.150618612548 0.0011905765867180826 0.7381049054441708
1.5933184933281805 0.8068538484875025 4675.705132946439 0.001145562732446884 0.15334755981905107
1.446437339994482 0.8498591233252295 4873.353593670809 0.0004560790772420837 0.30794372257338337
1.4428070590066853 0.8600803671573946 4150.593116599176 6.183283641325891e-05 0.37168982531885003
1.4362575659225014 0.8707341852299254 4910.9309210256715 0.001521731457910189 0.7864436389017353
1.5058812936457167 0.8611886276555578 4932.2133125919245 0.0009778453186772757 0.5055443626565423
1.5059476519785782 0.8770768351254714 4095.122913535826 7.122280935737667e-05 0.8636550203590139
1.6819912800811814 0.8781304891756949 4961.280958552602 0.001533636556515714 0.793001995422175
1.4140640421083372 0.884173986556564 4143.94288380815 0.0001535540417254841 0.9203935731145227
1.4206467364531503 0.8686174559003416 4777.489446771798 0.00018954585803678214 0.751927136379967
1.4271147525616867 0.8851897102835145 4168.266318549137 6.600291812898058e-05 0.8621684724068518
1.4561354362089973 0.8152525384552265 4596.045580451836 0.00045604295480918195 0.1719251660779756
1.446736384398024 0.8356453660178751 4914.097686417508 -0.0003356359411272488 0.301787796357134
1.3997921966917355 0.8607873061091463 4242.875403977992 6.470914143834375e-05 0.507054049971891
1.3241344935123505 0.8813590383048264 4288.740799745759 2.1625112454350306e-05 0.701033472496962
1.3241344935123505 0.8813590383048264 4288.740799745759 2.1625112454350306e-05 0.701033472496962
1.417917138456891 0.857163868094089 4855.169921973376 7.898705380715628e-05 0.5111980465493235
1.417917138456891 0.857163868094089 4855.169921973376 7.898705380715628e-05 0.5111980465493235
1.4084925143801879 0.8740709449361849 4406.077539612323 0.0014798701789509614 0.6738784902414404
1.3882411431012984 0.8805342660821937 4133.786276660264 -0.00041871868854920815 0.8341471106132547
1.3096267589673225 0.8803865984614853 4318.103450638042 -0.0007461482377570598 0.8360097205065325
1.3786345850194759 0.8591876911351031 4795.86219542818 -0.00046104263451557305 0.3930100074717801
1.7383140996145094 0.847872334234653 4467.288592347098 0.0012627171638455485 0.34167405167565634
1.7383140996145094 0.847872334234653 4467.288592347098 0.0012627171638455485 0.34167405167565634
1.3728476643984182 0.8637799598113576 4761.123236079311 0.00036120527874332114 0.5997712775680123
1.3728476643984182 0.8637799598113576 4761.123236079311 0.00036120527874332114 0.5997712775680123
1.4011533467708202 0.8770873167181525 4133.345618163667 -0.00016792562905291713 0.6301800113452071
1.4011533467708202 0.8770873167181525 4133.345618163667 -0.00016792562905291713 0.6301800113452071
1.3799143470590138 0.8502960492003517 4766.478682462171 5.648900408595539e-05 0.3538726910446863
1.3863696442690148 0.8882674119803025 4260.93278504661 0.0003101427046803663 0.9349180256179943
1.3863696442690148 0.8882674119803025 4260.93278504661 0.0003101427046803663 0.9349180256179943
1.3711797566293402 0.8796669283122909 4076.2613296302948 -0.0006847190304619869 0.8218348660876718
1.4185740167177374 0.8399954060509821 4734.219836182805 0.0002329304059421521 0.3360070432983253
1.465491105118435 0.8806872417988376 4862.592101797829 0.0014383321725346004 0.7465649650865783
1.512546710690561 0.8772894495587822 4095.589198358461 -1.0331319671060791e-05 0.823317016679838
1.427702689071805 0.8779536951267118 4192.537427326915 -0.00023805892845749004 0.7306495159104102
1.7583673194407328 0.8335327851534 4453.354395581088 0.0010717948400287827 0.24370447689277464
1.3722511165415803 0.8651313818214955 4244.623928663248 -0.00013758320062229925 0.45542081995646005
1.3722511165415803 0.8651313818214955 4244.623928663248 -0.00013758320062229925 0.45542081995646005
1.7015154255106806 0.8645566358193465 4191.709725245445 0.0010539911846391976 0.5919238392088342
1.5074295691061463 0.8802850035449747 4112.054186350506 -4.6657674549612765e-05 0.8750462936843274
1.526412608303247 0.8749719796810553 4092.9831804808246 -0.0001303646243290334 0.6232479132384513
1.526412608303247 0.8749719796810553 4092.9831804808246 -0.0001303646243290334 0.6232479132384513
1.4224647997428708 0.8641978380592636 4403.392668801738 0.0009007709758741319 0.5545943506385667
1.4224647997428708 0.8641978380592636 4403.392668801738 0.0009007709758741319 0.5545943506385667
1.323205169281907 0.829667032988583 4381.295249248479 0.0006091825455023426 0.1903547832080067
1.4659612052825821 0.8243919485170168 4951.234076617064 -0.00027419499262645305 0.19018551250081567
1.514920034332581 0.8495521563320038 4883.708718339475 0.0010886573115128837 0.4375690678372456
1.5059343980151185 0.831485660975744 4416.224680976391 0.00043148766564657035 0.20812511210614953
1.4105736601071073 0.8790542104344432 4977.76735741852 -0.0003481968643597101 0.6845528954236475
1.4494412376513992 0.8852058071505816 4369.874193591049 0.0002885808884581306 0.819552063784938
1.4852385641002053 0.8929327801776149 4266.822120375083 -0.00039346576709565486 0.800780251114313
1.3395682782415055 0.8170566007756697 4473.903054733474 -0.00035863987752399743 0.1518042854525502
1.4712458745463493 0.8452816148708432 4694.995661028943 -5.130163799744354e-05 0.3593696927572501
1.4445518442645107 0.8176741312215746 4897.973545076039 0.00016965408973693336 0.15100550521327816
1.3959301936095037 0.8741559054928772 4507.477254701647 0.00037614335057876313 0.6825880798970634
1.5599317225148144 0.8584812758553857 4197.0846925529995 0.0013886441569628137 0.44720086411161447
1.3259179497555138 0.8615113266404921 4820.516639613151 -0.0003901425886360433 0.5484557409931147
1.3259179497555138 0.8615113266404921 4820.516639613151 -0.0003901425886360433 0.5484557409931147
1.3090760760308466 0.8909884690662297 4834.31330815964 -0.0006880234761533537 0.9500549552849799
1.4820501448331695 0.8486296592068653 4865.0042838789695 0.0002793826849861069 0.33375746521236394
1.349514568032057 0.8713801396708406 4845.725904954752 2.1731815024483056e-05 0.56480107417905
1.3338792843192486 0.8489637601307136 4466.646543034546 1.5257610392869238e-05 0.40331695654416505
1.4664091128201968 0.879657459095587 4742.963191134228 0.0010468228697880324 0.8808463466992577
1.3539304214973975 0.8865782393078456 4308.790419571967 -0.00044721764193547816 0.7022901876556222
1.372932420176524 0.8233802701853391 4880.028926784789 -0.0002421652838487151 0.16664213434164044
1.372932420176524 0.8233802701853391 4880.028926784789 -0.0002421652838487151 0.16664213434164044
1.4022810829399286 0.8400737222472456 4729.4057159463655 -9.942496577758948e-05 0.2981734860424844
1.5457092492120825 0.8452981034503897 4950.102362420841 0.00012002571503434099 0.37267288881417915
1.4966110071020655 0.8800458395039242 4212.140516043155 -0.000429247402983554 0.814527609470253
1.4398159998955102 0.8814591064605625 4548.618226273028 -2.5162308258322968e-05 0.8017546319784193
1.4610615163156213 0.881232921734312 4476.9233165483865 -9.550506733039122e-05 0.7073888149641359
1.346331540881804 0.8782339714431042 4178.523526351587 -0.0003481259570728015 0.7063130791933884
1.5950146174153277 0.8001254959013487 4344.500344303902 0.00017946473070794226 0.09807005983873007
1.4592022691454378 0.8864456059657703 4911.788043714214 0.0008628140160484338 0.9545498155969467
1.3908522569332407 0.876604512322827 4252.496406925771 5.4916874634376115e-05 0.7496530273416443
1.3908522569332407 0.876604512322827 4252.496406925771 5.4916874634376115e-05 0.7496530273416443
1.4003340036390424 0.8191585941268877 4881.78901821773 -0.0001879932402877409 0.17541980620834213
1.4375859557809307 0.8227609791475521 4260.887528456938 0.0008227823264642563 0.16364004600615467
1.4636408776521619 0.8863789509229884 4161.558702062128 5.042742425525487e-05 0.8638657673313066
1.3137187305382723 0.8782251529889293 4456.496360891528 -0.0003761766674133545 0.7408223331848458
1.3137187305382723 0.8782251529889293 4456.496360891528 -0.0003761766674133545 0.7408223331848458
1.322435552476342 0.8795336656940564 4254.1863091050855 0.0003720808715043682 0.8441502269956854
1.322435552476342 0.8795336656940564 4254.1863091050855 0.0003720808715043682 0.8441502269956854
1.345858518864611 0.8824277022175373 4900.193258102011 -5.988379338554774e-05 0.7451539602113151
1.3808295876072882 0.8463912284630071 4485.182847580643 -0.00022030823213489652 0.34047753131128217
1.413888272931052 0.8094608835925534 4500.6792407019675 -9.691872991688123e-05 0.13925810173075664
1.3897372461469826 0.8486151016922614 4917.414645922208 -0.00015959507623462975 0.3845057871906209
1.3897372461469826 0.8486151016922614 4917.414645922208 -0.00015959507623462975 0.3845057871906209
1.4645746830718809 0.8492137435067072 4811.153994032624 0.0005172445413829234 0.427286142241033
1.3499905878887881 0.8824402808499867 4453.152466880463 0.00017911252896371695 0.8471300532903943
1.428721845058743 0.8454217318826073 4553.875989136626 0.0002598676815881824 0.2951397986443724
1.5960586214338242 0.8052175767081133 4635.753411168655 0.00024926084148837503 0.11936280430035753
1.4645607452023803 0.8489639317712028 4971.594992959477 0.00019133312708521428 0.32907480392913513
1.3798770889307932 0.8824554915761558 4937.239533969415 -5.141838429312152e-05 0.7036835765280358
1.5050161540227829 0.8185165424468352 4784.6447542566375 0.0005264363028758053 0.1898926822138049
1.4425139084323042 0.8834432147592398 4899.917641007114 -0.00039630912612950264 0.8314241381111386
1.4425139084323042 0.8834432147592398 4899.917641007114 -0.00039630912612950264 0.8314241381111386
1.4480155866836881 0.8579549028666703 4605.607279439166 -0.00016470900533473588 0.44053518159273314
1.4480155866836881 0.8579549028666703 4605.607279439166 -0.00016470900533473588 0.44053518159273314
1.4333643736256363 0.8910892128264867 4901.668363983629 0.0005525712688299803 0.992800040672578
1.4224593585311807 0.7937019847769243 4561.895929315151 2.1050925350885005e-05 0.08910113561334275
1.4224593585311807 0.7937019847769243 4561.895929315151 2.1050925350885005e-05 0.08910113561334275
1.5645665895513852 0.8806711767204659 4415.844953861975 0.0004000799809419702 0.9392125859846078
1.3365466495624576 0.8646879347546871 4577.628704467973 -0.00023519458153581978 0.5908277257541027
1.4124940643967259 0.8627081766940636 4685.860095316619 6.771268906869595e-05 0.5532080860569045
1.401128072227233 0.8753388149677515 4727.129001372142 -0.00024816004856050683 0.7285117717452014
1.3673681486040645 0.8925636517866403 4910.813176438375 -0.000669934511717746 0.9737159322376036
1.4569438380269903 0.8635611044171305 4959.5089054986365 0.00017014021183727417 0.5571765750812179
1.3322372618285319 0.8849803849357165 4397.083851066232 -4.7527247443044015e-05 0.8448170359027398
1.4522259866473548 0.8726916133893112 4181.800089152646 0.00015444890116396234 0.6755084366617541
1.344265682805418 0.877108593719074 4263.056130297364 -0.00029802577562916543 0.833969032272227
1.344265682805418 0.877108593719074 4263.056130297364 -0.00029802577562916543 0.833969032272227
1.5704409561378547 0.8813626048358538 4599.982684587377 0.0010524422454160315 0.9228237045789695
1.41682096403182 0.8631238156597199 4793.833249797366 -0.0002661853173180876 0.512747097518957
1.5755865693347233 0.8131368035494924 4644.68120670816 0.0010750569959352128 0.1443161023985575
1.6205603493868384 0.8598807907600605 4873.87527676258 0.0012633578759310812 0.4576285094362568
1.6205603493868384 0.8598807907600605 4873.87527676258 0.0012633578759310812 0.4576285094362568
1.4154103171810872 0.8542986380252444 4737.7521843485765 7.203664085454947e-05 0.391169017589648
1.4154103171810872 0.8542986380252444 4737.7521843485765 7.203664085454947e-05 0.391169017589648
1.4766456538129937 0.8776463004588028 4080.13035596041 -0.0003327304689604096 0.5836090549066679
1.3741046845712703 0.8777090470843986 4837.0477776386815 -0.0003927155522122915 0.6743677279265776
1.5217780500599534 0.8829483463044654 4611.937822978785 0.0002722853399810464 0.97688039321061
1.455572031275723 0.8413193572371351 4255.407884271986 -0.00016617467269524654 0.2775551899664384
1.3782617752088298 0.8717633106958792 4778.786426465673 -0.0002140791463415035 0.7576298441472721
1.3574674152648245 0.8393829625326732 4861.076141852667 -7.173207511623659e-05 0.2837985943745414
1.2799128466719625 0.8799895302737177 4556.8199509615115 -0.0006122387157021582 0.6430841240216536
1.4322081587459046 0.8261652811228507 4855.087536766182 4.439352213402115e-05 0.17408940499402065
1.5641767130118054 0.8302339682030947 4849.839827959258 -0.00037611465701536945 0.19822511519019367
1.5009387038712587 0.885001060165338 4112.385592958588 -0.0001952679829631142 0.8793028857612337
1.4009439066404537 0.8722295439338505 4685.028239057044 -8.544576711981687e-05 0.5717207560135404
1.446709480573925 0.8626764808567227 4621.634911421519 0.00010844100592875834 0.4379770077488619
1.4308030839592045 0.8575496121888122 4807.750970423497 0.00037848617451600807 0.4230860663157023
1.365678782713366 0.8895869658928923 4771.9923336961165 -0.00024798957853166273 0.9427575150265506
1.365678782713366 0.8895869658928923 4771.9923336961165 -0.00024798957853166273 0.9427575150265506
1.5556079609755504 0.8429029307112833 4707.028262095195 0.0010775415700816006 0.3194908422167541
1.436877579940762 0.8205964814489077 4662.4912292521485 -0.000127467768359224 0.1700268755527487
1.436877579940762 0.8205964814489077 4662.4912292521485 -0.000127467768359224 0.1700268755527487
1.4294248359114197 0.8799042813091877 4836.76698742532 0.000267160512538098 0.8860096886040864
1.3566526592498906 0.8647424261376755 4423.7679174742625 0.0004803961326090112 0.562802717279445
1.3488202798602136 0.8815711043235038 4601.958719596845 -0.0005506018385499109 0.6520353322787235
1.6100035723481576 0.8791608698495066 4641.330734956502 0.001267008432501958 0.8243214538691112
1.3532809496272746 0.8641487945342963 4176.084934292143 -7.299124771098716e-05 0.5372482336864896
1.3532809496272746 0.8641487945342963 4176.084934292143 -7.299124771098716e-05 0.5372482336864896
1.3256819516549434 0.8700300706863443 4894.202658835144 0.0003154877249425857 0.6363280057417049
1.3256819516549434 0.8700300706863443 4894.202658835144 0.0003154877249425857 0.6363280057417049
1.6584487740858629 0.8695769759417555 4652.771806085417 0.0011379829407965809 0.7218310475885953
1.6584487740858629 0.8695769759417555 4652.771806085417 0.0011379829407965809 0.7218310475885953
1.6440682978013983 0.8567195108462738 4466.787085847432 0.0011413700485335026 0.5057625931892843
1.4512267559067014 0.8585352666578653 4947.65618079223 0.00039301669400045166 0.4376996038562566
1.4512267559067014 0.8585352666578653 4947.65618079223 0.00039301669400045166 0.4376996038562566
1.5195874796195223 0.871307135449871 4719.635313837546 -0.00045674271767613374 0.5683277023462195
1.448800084343862 0.8849124536356751 4725.318604227907 0.0006903121584680913 0.8268354151865452
1.5361505710701087 0.8262030452261712 4955.716520358063 -0.0003084566429021608 0.21087316771112397
1.4887425075818879 0.8897430794142 4083.2670341636212 -0.0003592958691858793 0.7691542623851909
1.325734272071366 0.8800465198035792 4577.989102658455 -0.00036597938986642186 0.7625537645344045
1.325734272071366 0.8800465198035792 4577.989102658455 -0.00036597938986642186 0.7625537645344045
1.446736261272438 0.8687931099038471 4316.038076107545 0.0004858828570919774 0.5616428151044804
1.403789435892714 0.8352606056541352 4825.782035012282 0.0006621465237482582 0.2728660229481588
1.4626620578829073 0.860797714934686 4784.764237578376 8.770069522204302e-05 0.5226542040044732
1.509041352527256 0.872065723251453 4142.700200595235 0.0008052439897092179 0.607909897334786
1.509041352527256 0.872065723251453 4142.700200595235 0.0008052439897092179 0.607909897334786
1.4279832202510896 0.8815311475070939 4253.366446446585 8.239760717809876e-05 0.7242170447088098
1.4655528670993845 0.8727631985804053 4698.376319826874 0.0001061922712415053 0.7662945520543
1.5163648309047784 0.8684683691751476 4855.920408600451 0.001071023812574482 0.6927209618141564
1.4415336369738927 0.8760701467095051 4997.394672990275 -0.0004035043144700068 0.7244475911826811
1.4769535380845018 0.8691524442254914 4238.305929186087 -0.0001514370520930764 0.5458045143204743
1.4769535380845018 0.8691524442254914 4238.305929186087 -0.0001514370520930764 0.5458045143204743
1.4016426317704953 0.867681906928011 4302.515171575084 -0.0003284128112166728 0.570288887548127
1.4363289750834198 0.8185252576382426 4728.902559235707 0.0006088955288136844 0.14665677308443098
1.4064699535495877 0.8871918553193057 4807.179761150017 -0.00011764223096809369 0.8922524277934094
1.414784823292036 0.8511212652364699 4675.085602387305 -0.0001118866182077531 0.34245967639002933
1.414784823292036 0.8511212652364699 4675.085602387305 -0.0001118866182077531 0.34245967639002933
1.3574743841528902 0.8699117287837597 4903.302506529494 0.00024584608817012737 0.6245961996240967
1.660104764271658 0.8787633447505795 4539.879069173024 0.0010901585396205472 0.8140865288743574
1.5470832841613658 0.8323659598509849 4568.448828669396 0.00010615763377468554 0.230878744226968
1.354401808856004 0.8496556160876643 4406.669057535709 0.00015621296436369171 0.3529355128980145
1.550329418357317 0.8342698019147057 4598.932668447767 0.0007333430264200958 0.23132653740550946
1.550329418357317 0.8342698019147057 4598.932668447767 0.0007333430264200958 0.23132653740550946
1.4202314850141589 0.8518489848870272 4641.652440611955 -0.00031553458350149714 0.40044170229778037
1.3964424159963134 0.8800670376610632 4708.403799409032 0.0005689521249645121 0.7725747709877608
1.4743374334986734 0.8596422478767402 4306.232812678429 4.806149762379905e-05 0.4054355202570139
1.4165206037096203 0.8751083786983077 4133.028518537321 0.00041582553874756125 0.7098946582710485
1.7146360030583807 0.8846080901482599 4802.192278159358 0.001176077893225324 0.9691045423663062
1.7146360030583807 0.8846080901482599 4802.192278159358 0.001176077893225324 0.9691045423663062
1.3245089312368052 0.8284402870566575 4830.004296029011 -0.0007312269900705472 0.23954309813510538
1.3530333161832595 0.8801158023585406 4463.923894167598 0.0007470501320321211 0.8262395060088957
1.3788055663742194 0.8738602396404125 4575.090096873503 -0.000338623383776808 0.7062833680809941
1.3030055485202086 0.877818839699311 4340.326295768013 -0.00042682399868116294 0.8452501426344691
1.4990418388317508 0.8760208637541371 4224.462700606225 0.0004690350141030787 0.789130085025832
1.4990418388317508 0.8760208637541371 4224.462700606225 0.0004690350141030787 0.789130085025832
1.3825196864309648 0.8852465219151453 4905.95699021254 0.0006345174009060844 0.7975620103906538
1.3351981872378942 0.8839266308491137 4908.663486899622 -0.00044373328401369676 0.8076673935263242
1.3957149937509392 0.8753873173265831 4695.450559533234 0.0004510434771590527 0.7550139673090889
1.4299699241687596 0.8429164520187004 4693.299583905544 0.0011340911242394207 0.3364952619226061
1.4299699241687596 0.8429164520187004 4693.299583905544 0.0011340911242394207 0.3364952619226061
1.3426881240882533 0.8760644932096366 4559.175152682538 -0.0002682249843172662 0.791058538855527
1.3426881240882533 0.8760644932096366 4559.175152682538 -0.0002682249843172662 0.791058538855527
1.4744904755406922 0.8733062569903933 4741.426965746325 2.8737807082748692e-05 0.7397396032399308
1.4744904755406922 0.8733062569903933 4741.426965746325 2.8737807082748692e-05 0.7397396032399308
1.3673931075976808 0.8871716822309232 4876.171184743029 -0.00039036283277787926 0.802928301511585
1.3673931075976808 0.8871716822309232 4876.171184743029 -0.00039036283277787926 0.802928301511585
1.3600800218496172 0.8661381876011924 4829.746593944042 0.0002617133652617553 0.48270988604714804
1.3600800218496172 0.8661381876011924 4829.746593944042 0.0002617133652617553 0.48270988604714804
1.3726536004312746 0.8678114041285003 4576.965247452048 -0.0003249836163884792 0.5152958132631491
1.3992934705642481 0.8957150045735036 4796.441786489604 -0.00031787100868433256 0.994764010366018
1.3481254474971702 0.8663010469977843 4310.6170327710815 -0.0006933046705005833 0.5233254215422458
1.413891839378302 0.8879845331799185 4677.572195832002 -0.00043131979643992583 0.8247937306045272
1.4111135854126955 0.8730500885182122 4852.953587354011 -0.00022962039917549625 0.6480893538637564
1.4582434000214257 0.872390803503373 4956.282239802785 -0.00011643230677121775 0.7162664505169214
1.3776652566471213 0.8915836119132515 4713.806610936057 -0.00023939332850402446 0.8549607849215263
1.4448583078777577 0.8215307999451021 4968.104961343597 -5.409704536620824e-05 0.20428888964698583
1.5251487978657594 0.8709024582762633 4324.355571210242 0.0006446313516595654 0.6606180816655827
1.381177058098765 0.8632758302617155 4712.091430558494 -0.0003788257911307164 0.47363459620502224
1.3595543727738106 0.8404276320747301 4482.431022574849 0.0001648752151063829 0.282328693019494
1.3595543727738106 0.8404276320747301 4482.431022574849 0.0001648752151063829 0.282328693019494
1.3456039735902177 0.8477513886243121 4879.591275879868 0.0006887292536304838 0.3822333320990164
1.4063388045332852 0.8721335188376274 4425.583992491146 -4.8974996597883e-05 0.6486127242939175
1.4463752254138773 0.8593584575540067 4202.518362009707 1.5977804159322224e-05 0.4163386023934227
1.3881688615022352 0.8595127692289196 4902.5766642726685 0.00036486863788071306 0.5142709419303785
1.3927995168451308 0.8475580552975068 4828.70079779567 -0.0007458171191552429 0.3425257688825884
1.4175773441991615 0.8600718819645655 4449.381043134986 0.00043891778493760996 0.44622491862953706
1.4061741036058226 0.8728905571021034 4351.173194019738 -0.0004209752479261791 0.6158612850390497
1.4679956689565121 0.8574282293680751 4956.369246204562 -8.30274655236842e-05 0.4633075161486571
1.4679956689565121 0.8574282293680751 4956.369246204562 -8.30274655236842e-05 0.4633075161486571
1.5953902006950487 0.8683342533646603 4729.944080020922 0.0011748862384696169 0.6557605837840232
1.5953902006950487 0.8683342533646603 4729.944080020922 0.0011748862384696169 0.6557605837840232
1.463816270232912 0.8722355676761856 4590.470732373737 0.00018597876139603699 0.6445705650432719
1.463816270232912 0.8722355676761856 4590.470732373737 0.00018597876139603699 0.6445705650432719
1.468381629437017 0.8284339121781049 4970.366136240657 -0.0006760062220842437 0.2334799968558522
1.4802887590353566 0.8746828312127803 4741.225383462302 0.00022150560992093747 0.8361348501997043
1.38228950454038 0.8783970825046127 4889.256657913134 -0.00027796534364281226 0.7153296105496321
1.4182292516421502 0.8594683885829925 4748.112082712648 0.00011666821641932955 0.5423572801660852
1.3737206046580266 0.8868196277781917 4663.897380527204 -0.00024778644721099084 0.9482978436520731
1.3737206046580266 0.8868196277781917 4663.897380527204 -0.00024778644721099084 0.9482978436520731
1.4825328258291646 0.8367945386214362 4997.163287611988 1.9047110695976554e-05 0.2889264290807937
1.403000547362998 0.8804946884995495 4986.915949608464 7.948173450619815e-05 0.851534930785938
1.403000547362998 0.8804946884995495 4986.915949608464 7.948173450619815e-05 0.851534930785938
1.3797614506949185 0.8440153711702011 4084.642816787549 -2.753303063705661e-05 0.2841212223438784
1.3797614506949185 0.8440153711702011 4084.642816787549 -2.753303063705661e-05 0.2841212223438784
1.531901447056173 0.8570785031709477 4674.46664038776 0.00035651292479785165 0.4786475043968716
1.4804184283600148 0.8440385695480231 4865.111917261507 -0.00019277415355507682 0.3269157466819379
1.3845668618749705 0.8229491315687659 4329.866489156401 0.0002060765008234902 0.20492884692937346
1.4509873806656084 0.8649122072299115 4947.920465235465 0.00047356937148120335 0.5852964208321364
1.5420359564753978 0.8845738927320276 4490.615370364218 0.0005749445293232666 0.9399471548437062
1.4555372179697814 0.8765210405898127 4618.868857449479 0.000367650579327269 0.770084672920101
1.3455807297459748 0.8745903631012267 4768.820806505036 -0.00022562622092304476 0.5482955180493656
1.3587748515540579 0.8885660926065612 4485.058368535175 -0.0004750652784054074 0.9400494956852227
1.3587748515540579 0.8885660926065612 4485.058368535175 -0.0004750652784054074 0.9400494956852227
1.3465293120791997 0.8691068649470021 4678.003737904001 0.00023244872063360287 0.5783239355032639
1.52937710608136 0.8866058761120371 4805.516821440976 0.00045271617979301075 0.9443463655949724
1.5736455487602856 0.8677973728950376 4902.717974392625 0.0011504786989737295 0.7275779319352682
1.442974748649673 0.8826891258575259 4899.377385212202 -0.0005277277378287923 0.7459428642125111
1.5712627066944385 0.8594336618921199 4821.01121017009 0.001061344564082421 0.5369595807022237
1.4499229903408737 0.8298226583672655 4914.734408779605 -0.00019694342382644414 0.21260573789440948
1.3910351237667267 0.8473951131214689 4937.598353578322 -0.000438550821809791 0.35452281403792785
1.3910351237667267 0.8473951131214689 4937.598353578322 -0.000438550821809791 0.35452281403792785
1.4145359216957352 0.8827086839872322 4351.963457241216 0.00045546702549896105 0.7987821001738858
1.431722462493445 0.858745679282888 4348.546094573848 -0.00010760972390568804 0.46906853300299817
1.431722462493445 0.858745679282888 4348.546094573848 -0.00010760972390568804 0.46906853300299817
1.3571750795924689 0.884288397542229 4554.085699675004 0.0002707772819866162 0.8950045440152288
1.348207127983136 0.8660930405567248 4262.416989792972 -0.00030456929260222395 0.5761004884521393
1.413410802855704 0.8615618254559347 4986.131186394662 0.00010453830890325158 0.4642138986224359
1.3281292209355113 0.8896469617603963 4673.664961687281 -0.00026946488455960717 0.9139613488870482
1.626623360643804 0.8682990795683205 4790.206425940627 0.001269474741200954 0.6756288600488096
1.4456261174837115 0.8859905040751971 4997.281892385567 -0.0003439506440611705 0.8981602334433636
1.366049143804748 0.8864706478647093 4881.514802121092 -0.00035100773083070473 0.872790799758299
1.3911019474124133 0.8297073672420576 4084.017309342517 8.917697474550767e-06 0.2111099784917569
1.3911019474124133 0.8297073672420576 4084.017309342517 8.917697474550767e-06 0.2111099784917569
1.46912924356945 0.8617609182571144 4760.532411579428 0.0011046417546858342 0.47551793525648284
1.3473640476832627 0.8768869248188221 4386.319687524289 0.00011558618482852902 0.7291899347606754
1.5308823974423589 0.8677215382880956 4921.0051649928655 0.0012593934856706612 0.6573017057904772
1.4144834351214728 0.8893251958771232 4732.6589464348635 -0.00036248814262611865 0.9848328189408504
1.4606019219093045 0.8648167086830051 4837.089633374316 0.001025034973215506 0.610315923164414
1.4093067202501874 0.8792340162558546 4914.5400755405835 -0.0008568609148706879 0.6157387451252497
1.4126213844618427 0.8149217015179466 4782.51141613655 -0.0005792653935453614 0.13635474203664272
1.3974822683629315 0.8556903733309595 4875.6621671302 -3.6107132665970764e-05 0.428626136068594
1.46117684034297 0.87069396407468 4997.850463807239 0.0002418897506495793 0.7156417907097686
1.4695321770646417 0.8793769244218517 4776.4767118987775 -0.0002786167873289943 0.7898005278466007
1.3513791852807966 0.8857983373228621 4857.193609016136 0.0001854668879988969 0.8833858562340922
1.4041043717514614 0.8801916601296337 4968.380327465465 -2.2003993846801015e-05 0.887536942319188
1.4327521430657897 0.8677700197661303 4938.099646172222 0.00017635012538103076 0.6342026096514264
1.3737274874642624 0.8786962728998607 4993.15422490798 0.00027674526084108425 0.7685952338950948
1.5228682215820308 0.8747815941582467 4719.949178446911 -0.0005341139990207074 0.6917991967406971
1.5979290951939218 0.8844941939846095 4947.219471684935 0.0013379896334650002 0.9521790523961357
1.4739219122294438 0.8872010494598646 4964.997795018775 -0.0002436141949714401 0.9291285458990465
1.3880251050642833 0.8947483446903732 4737.045642066017 -0.0004153731697650515 0.9636414427923465
1.3313512599823203 0.8648494216522828 4808.962248250581 0.0005218667704775579 0.5070161596292352
1.4377029061317446 0.8855624049901962 4949.200954556465 0.000742538886128562 0.8554670810699463
1.347227130440512 0.886791093352249 4447.365674115104 -0.0003895311505701221 0.8771913505346816
1.347227130440512 0.886791093352249 4447.365674115104 -0.0003895311505701221 0.8771913505346816
1.5129727212936275 0.8466538170725075 4510.176002464607 0.00017988083996590664 0.3297846568784928
1.3771674814909929 0.8533863450209809 4672.192770247205 0.00039635494338599017 0.3525318135060998
1.4322435242123304 0.8855514420799758 4838.253616345932 -0.00034656906575734637 0.9232058887384081
1.450404991757189 0.8905025987810129 4877.584210569794 -0.00022612336865328577 0.9551079112512986
1.385112014787346 0.8769175131074798 4501.249730942191 0.0005393800683320967 0.6920909070772623
1.3905106615303726 0.8732731130846346 4258.176154426427 -0.00021596585577368868 0.6533690169506954
1.5862639303781396 0.8788693499821991 4235.93010971957 0.0012114715715851345 0.9284841189851132
1.41363510781009 0.8546869279110625 4962.361134249704 -0.0005361412992984011 0.40695346371761015
1.3995218544938046 0.8409271295041821 4712.663120417215 7.446257948999239e-05 0.2800497275571477
1.5091200403815135 0.8537726359518856 4794.3419062278235 -0.00046264245284466165 0.3757697970289428
1.463500310863671 0.8780008738475924 4957.383906118418 0.00034599146388027884 0.6865693652425768
1.3556811643969837 0.8942215505630723 4863.925982629615 -0.0005540671236732347 0.8917791252949508
1.3821452194088715 0.8725299730762586 4902.462581735812 7.07491923504619e-05 0.7608944212590496
1.3821452194088715 0.8725299730762586 4902.462581735812 7.07491923504619e-05 0.7608944212590496
1.4015776534142088 0.8699566586394729 4730.972548376699 0.0003686272588634657 0.5880837194275333
1.516161206167124 0.8809796008168457 4960.4320745570285 -0.0003155412495378332 0.9646454328328736
1.3694328575881483 0.8676514911539243 4691.805328308062 -0.0007047599071479624 0.459774446642628
1.5289344053018115 0.8513392224832287 4536.919762281477 0.0005793659897260836 0.37318983390701954
1.443239683104041 0.8826786579426918 4428.897037591014 0.0003928871966412714 0.8271258502612583
1.4814962248810561 0.8662664567594686 4773.19075812442 -0.0008354532193687421 0.5105398120803162
1.3667420786324878 0.894266483406603 4848.474097355355 -0.0005046066277694136 0.9231038243049685
1.5245429266536399 0.8692137308649144 4740.607129332209 0.0011575190828289408 0.7213876439613385
1.3560092181494983 0.8874635401410439 4816.410288098716 0.00017913786762518952 0.9360738825791581
1.447363494079801 0.8822504062642678 4695.389811807399 0.0012585546126185614 0.9134263302916186
1.4072287066060465 0.7989036553876352 4946.553456517089 0.0003393583376284411 0.10382177131035333
1.4395260587606797 0.8634089600512612 4491.844316559863 0.00022634227543453034 0.5409632146350327
1.3893087132416395 0.837137077960716 4934.547076723873 -0.0004824468408460421 0.2521882317657727
1.4388999733286174 0.8195177165042465 4977.242194014922 -0.00021602924536359138 0.1708368740292408
1.398038099717196 0.8680034581411331 4604.32077999966 -0.00044016756784766867 0.511226534445657
1.3995437859643631 0.891268676882192 4524.574055955963 -0.000631969622017613 0.7937925108438689
1.433403743135775 0.8617656865699556 4348.97174755742 3.366374717932086e-05 0.4960872360789258
1.3363930660376138 0.8703371958988136 4829.254814689163 -0.0007234572242009623 0.4663132212213561
1.371775853218253 0.8665390696663725 4447.139831453716 6.941450722413854e-05 0.5549629061918815
1.3338009150401628 0.8867138215216208 4484.690802269586 -0.00028924334093940795 0.9114387706370252
1.4738814927518817 0.8325080263952501 4921.068590978231 -0.00021046886172927055 0.2254435070353497
1.412538441221953 0.8822055341740022 4748.604223357323 0.000489283113120491 0.8709259409086381
1.4385378501318193 0.8623354375775003 4348.405499809102 0.0003298556478043972 0.5082867637217514
1.4172294665156548 0.8772703989487628 4810.061537355148 1.4579742281542744e-05 0.7366521866741346
1.4955236579658238 0.864645605096941 4794.471359660996 -0.0006454327948245232 0.5267817501720268
1.3703150028742621 0.8188145583503276 4772.788523678093 -0.00041921028105201634 0.16046758442490386
1.4640405212729788 0.8740366346583853 4951.934535791962 0.0011282915641967319 0.7919095428125148
1.4545429593966168 0.870810957935158 4815.565347876444 -0.0002619247461639114 0.5683811640917998
1.3076908918662244 0.8863324696817112 4577.969221506543 -0.0007668951168554537 0.7766410563297287
1.439715326041417 0.8809365045417087 4524.111766430405 0.0007292652124293512 0.8134516251291792
1.605624520914341 0.8721967839642534 4886.2879596624525 0.001070410556681307 0.7509002600218649
1.521397065698543 0.8647865373025626 4809.505919408286 0.0011395109195349805 0.5556791728262935
1.4248522458578572 0.853240247289597 4629.290367519616 0.0002719491462416014 0.3845370513415707
1.3672968174695264 0.8592290161250316 4932.5014994620815 0.0006774508551799837 0.4163660824389549
1.380698281055603 0.8417995038031303 4936.980847673622 7.823110520487186e-05 0.3252601452846601
1.3561465919729927 0.8207709726088106 4608.588273217415 -0.0001133033313212516 0.15858025162890327
1.5294096075942587 0.874898938476103 4681.9361762416365 0.0011687806137631142 0.751626929328169
1.3533628020687944 0.881267621369264 4861.429092429972 0.0005093146911978345 0.8541364526617057
1.4245384087456632 0.8643077070659808 4919.686079561741 -0.00037114156621742165 0.5011254887642996
1.3178302153238222 0.861917791042764 4866.7315217290325 -0.0001415071359983849 0.4524469715725101
1.383300861541633 0.8690736638222523 4979.382592070092 0.0003883997453261619 0.5384197063534113
1.3553842389819106 0.858554187221087 4857.326727156747 -0.00028827332898236134 0.4377846507473063
1.3635365543723421 0.8848207857488214 4728.941323586672 -0.0007903497572231712 0.7119092368287167
1.4231275636959153 0.8342448730334099 4966.9345152158385 -8.282296078821863e-05 0.22513982371803598
1.3773975669318665 0.8128815772735039 4918.054841374882 -6.401719483630188e-05 0.17071690235709963
1.5134837279564564 0.8825689247685244 4960.896573044859 -0.000360324566150561 0.8682496850786737
1.4112998072332952 0.8567521514346396 4704.722141636374 0.00017673629456163635 0.42079225582032764
1.4087842422736365 0.8537469858697471 4574.046223240195 0.0001225818323484379 0.4050842852025356
1.3852361028042495 0.8907479225737087 4727.930152515795 -0.00047135257895325976 0.7675538725655211
1.488906955716106 0.8808957841593867 4955.890895203089 -0.0008726352807110864 0.8053623369500507
1.4110737255314227 0.8223220289825358 4999.300284309435 -0.0003033813771197021 0.16932951287289355
1.350186408537163 0.8888888106764985 4420.40133498059 -0.00046057367015882403 0.8945058266483883
1.3318522206169592 0.8940122630746531 4768.056330990324 -0.000423810408282891 0.9086127845113842
1.3871704425309597 0.8408922812239701 4888.9560627140545 -4.411040382210948e-05 0.31258642328106806
1.400436568787208 0.8717660308694187 4937.85339740519 0.0007613324720762427 0.5987878429606576
1.3669009427400338 0.8923383831376916 4676.08298078782 -0.0001754193028125836 0.8036225024216599
1.4458961949961675 0.8850919034252414 4957.460407889561 -0.00046287362834264667 0.862510703602171
1.513213859338391 0.859627966398268 4794.5779867181645 -0.00014340581790583777 0.43522512033714345
1.3527543365970398 0.8774485887066299 4880.336258503928 -8.19622570310604e-05 0.7278317480655792
1.4098468305468175 0.8842478579224975 4966.167384701858 0.0007289663043520472 0.8126956927542438
1.369480776387947 0.8681012983637799 4645.836334895207 -0.00032464086447276617 0.515056560713504
1.4049152557576656 0.8169409044265458 4882.749265608834 0.0002513436632007637 0.17661912570481103
1.3964883490879747 0.8741433363786396 4967.945030358236 0.0004194393782542302 0.7132016680460944
1.332363865304425 0.8802010781818199 4577.444247017652 0.00024397550981443517 0.8153500872401378
1.4193253096406147 0.8773606574535361 4892.489195694555 0.0011112594630933517 0.7781146823056555
1.3526217885261622 0.8719711613188422 4817.418271813077 -0.0002266980946977325 0.5745250386097724
1.3178043193838156 0.8692411860449831 4466.794923568311 -0.00024197409601275162 0.5389648264647885
1.4565724466229342 0.8655587438924213 4572.99024462528 0.0005234789454248008 0.5499542090429694
1.3526616570893002 0.8979564836020973 4790.256925837 -0.0004889431707779948 0.9147851963212299
1.3765081467939864 0.8769617797569278 4731.185477471079 -0.00038695706650104355 0.6943405536882916
1.3638310148776016 0.8426138417619983 4816.452585255069 -0.0003255368391389453 0.2810779782900395
1.4095159773628085 0.8594022709193793 4727.709202967631 -0.00036053924031679576 0.4031502451361715
1.4367832698064982 0.8462230933551202 4642.751615664842 0.00010480531889109071 0.3196196730033791
1.421342643882602 0.8860520809398111 4953.070044422561 -0.00027800629957503044 0.8619678047187213
1.3405870511829523 0.8831336889073603 4711.620834137278 -0.000334476201340833 0.7938336842296876
1.4215903071027027 0.8635997898544873 4732.918775760377 -0.0007044570016317965 0.49640588769862803
1.32310679177602 0.8799433677351705 4787.164929173746 -2.9915612023740312e-05 0.7254849724462011
1.3799650354148207 0.8863499865408823 4782.423579680924 -0.00018880423679728422 0.7779738645496754
1.40661358037499 0.8298497451404355 4889.7408716634045 -0.0009172940469655027 0.1978161592182135
1.3625148785338044 0.8866291199900467 4731.1036244633815 -0.0007273159403174381 0.6487990535586846
1.3631564929667475 0.8853825453011246 4979.205556000384 -0.00021994473491555562 0.8002076702873858
1.4565025454547955 0.8678290112643616 4669.76268828284 0.00021894997773484908 0.6058361831180418
1.3981645651591499 0.8675632308518325 4730.3359425604585 -1.9789100522152343e-06 0.5879634223864322
1.3760848244575998 0.8161677686688865 4829.524071780877 -0.00022551958813085238 0.15099701174649355
1.3492084618338094 0.8659602232646859 4925.3485270076135 -0.00023460420021066894 0.4594567167275697
1.3532481470291557 0.886923851628092 4936.680083961824 0.00013160745955922054 0.8714220326276183
1.366169324220877 0.8513285591292056 4801.066681933361 -0.0002921161520301111 0.39325035773240097
1.5015848106981649 0.8766806294815179 4961.215120380855 0.0012588288206832865 0.8389926989131355
1.3747697646843187 0.8637218909172169 4936.477051181895 0.000266549036712615 0.4686762937023738
1.478702518936613 0.8743733702783058 4803.071319759999 -4.217959006761227e-05 0.6652941467692071
1.4031378991296326 0.8844674828797621 4796.599970244504 -0.0002743908603714579 0.7581297971860407
1.397797058320861 0.8833866323113606 4892.1878051446565 6.2871105579202365e-06 0.855301981987259
1.3654140708544986 0.8769525507099074 4908.765122482235 0.0005128490922230344 0.7887629931712684
1.5993388553487322 0.8554002068715835 4984.113156835337 0.0011047625197444812 0.47912517415634603
1.5155295555338184 0.8553137275825932 4536.7110994825725 0.0003102595736529765 0.4139316480631947
1.390249291948574 0.892161994535959 4804.357490858749 -0.00010937250828928446 0.943348459159371
1.4008039642457926 0.8482404949309947 4887.04676633377 -0.00024704137222332067 0.33441790725642306
1.5286334894391898 0.8768617435147404 4891.287756008519 -9.743615097967923e-05 0.8586636896105024
1.3882155854446014 0.8665390215357446 4574.664532605183 -0.0005511683947060955 0.4918893495293853
1.351879828348851 0.865527240241064 4816.870984985778 -0.00027711891310462015 0.5053130641949184
1.3629054368159246 0.8828831783642325 4663.476246030631 -0.0007671922104215298 0.6488919506365752
1.4213679199267377 0.8900038777672747 4836.330879149313 0.00011762540445034774 0.8977486858806194
1.3882828494993809 0.8823527400563327 4602.280594148023 0.00016381648862042066 0.8585216735270162
1.3604769499029237 0.8680519164844216 4886.9901129897635 7.692788934994489e-05 0.6123202107318859
1.3578336799018702 0.8726062070860678 4882.184027992641 -8.753321345286674e-05 0.509809818800013
1.3791731470820525 0.8712447091954341 4946.54038059695 0.0002645931204722679 0.6964124650980312
1.463620740960284 0.8821760840574433 4865.549007423986 -6.695604857807625e-06 0.850812894761015
1.5083334854961103 0.8754426199115559 4802.316601595609 1.9479620938454925e-05 0.736556208658149
1.487519511462997 0.877879874619518 4853.246829513491 -7.881333908765722e-05 0.7782190710286399
1.4828537735823586 0.8814230650086965 4853.904381000705 -0.00011133748346183926 0.8747814889963472
1.4430209290864333 0.8770003971075412 4811.275270705125 0.000154100888630022 0.8183925624705324
1.4578639421158546 0.8789068092129847 4911.609346930619 0.00022111834568350362 0.8250269475105021
1.4554960350336064 0.880443116566596 4815.616782525584 0.0002321700941209 0.7611576148939309
1.4430714263541593 0.8719157956973107 4947.76985105361 0.00010881258392502021 0.6535720902116813
1.4593435739997327 0.8852513944445711 4957.183497473275 0.00023385753380906877 0.9440219731584998
1.4664431272197107 0.8812041198849735 4899.994674955883 0.0001559118298463174 0.8968135610678015
1.358881872447072 0.8873437408731429 4936.958368351734 8.473773066649339e-05 0.9326039860970627
1.3573019826251702 0.8843269991278995 4882.94496078883 3.762490777297222e-05 0.8491246036646426
1.3508360570018907 0.8935201094270638 4817.010109700996 -4.4104806844426655e-05 0.9654583428323456
1.4242205445597569 0.882204226972029 4832.139362246896 6.227332531499825e-05 0.9029027712960334
1.3778914530506579 0.8880527373140077 4937.911129587647 -8.113749169167797e-05 0.9866704194419764
1.4310042738326383 0.8857146014587938 4953.819773668064 0.0001106033302090482 0.9347393880823152
1.4224840711187348 0.8842340009808288 4938.442558151561 -2.7665008648825624e-05 0.8964485806040714
1.354238303831059 0.8900197105578189 4687.659933481513 4.544695120456157e-06 0.9432086908969489
1.3697150175606343 0.8913299062460418 4663.129853208613 8.139470923517265e-06 0.9436540843744585
1.372952772310953 0.8851546231040426 4902.11438295233 0.0002630611398739374 0.8712469150460196
1.3699924373611707 0.8655483357642002 4817.5685319020895 6.929893278642795e-05 0.5605540305635556
1.4003951974598525 0.8852514443482932 4889.712632698975 0.00041788391530365906 0.9137127148424634
1.375324783502297 0.8805798227542677 4868.738500640479 0.0005279809964477859 0.8838184097882338
1.3805855566591327 0.8815209782371963 4898.717717572765 0.00032647659139401565 0.8456032925397685
1.382831716956142 0.882752570829099 4902.235643959604 0.00037106874191750834 0.8689716935656455
1.3691175962194706 0.8823782200980971 4927.408900463028 0.0004803508881521479 0.8106223199105371
1.3691175962194706 0.8823782200980971 4927.408900463028 0.0004803508881521479 0.8106223199105371
1.394993661844424 0.8765357802142949 4948.690015324937 0.0002764006356744358 0.7480379049826789
1.3875122572008585 0.8796860477008003 4902.354271630911 0.0006139206876271832 0.7907508897154625
1.3753443384716775 0.880108497732332 4868.285459916808 0.0004757195094379265 0.8642886367785971
1.3645862507397715 0.8778854558962146 4687.164355839154 0.00020497103008093414 0.7253170542230224
1.3311152961072823 0.8761581196280566 4608.1471967928 0.00023738382312989744 0.7377388502989235
1.352275902559653 0.8824858476531813 4740.216342174258 0.0006139322938780844 0.8690079339469854
1.4327809747499831 0.8762975874633685 4573.4584573605125 0.000532108478476344 0.801649020268939
1.3773925986408548 0.8717245556059331 4438.048825471456 0.00036990886139992053 0.6327251014761854
1.451625915652913 0.8828501372970832 4677.764901123701 0.001152971461973527 0.9226007238231388
1.3753316891747787 0.8632990447786444 4886.586820405966 0.0006052748973885681 0.530690100853556
1.425478394037579 0.8793918663508458 4937.747365615667 0.0011181623248481206 0.8073991047287146
1.4143450104426067 0.8705913549715281 4892.098001391117 0.0005426937392600104 0.6817026638453989
1.4343649405170389 0.8809297681177691 4832.152794434786 0.0006681551645308706 0.8019601829925214
1.4304713570847905 0.8712699996203509 4817.275551619655 0.0010617207563099326 0.6584807355507498
1.4160556291110904 0.86789162512024 4730.257979021083 0.000929624526585686 0.558021787137898
1.4015553668905458 0.8610919245493027 4905.778013718181 0.0011517372314303633 0.48464096082003455
1.4763282124566266 0.8721723410764601 4899.346111452979 0.0002800342589256572 0.6667475448337299
1.5749353396137868 0.8599911003509872 4797.591501790439 0.0011091090638124133 0.5301434679754545
1.5082650972755305 0.8695877987869512 4811.2129397567205 0.001169193829136731 0.6930562585658003
1.4889688454206422 0.8656180911872448 4817.654709998444 0.00126167670344457 0.5856262881021571
1.523626667739845 0.8690309436754058 4804.286663571764 0.0011904886221343325 0.6803479024744241
1.5494213641237224 0.8693553657451012 4804.8640282027745 0.0012122886136882987 0.6853237942038473
1.4685071633765205 0.867987331921144 4836.459445297828 0.001169429839410217 0.5892780071967483
1.4802961117367197 0.8670774141112839 4968.863641768117 0.0011824594095654483 0.6638163054317437
1.5219611162298332 0.8604833033822623 4902.801836448197 0.0011031329544400263 0.5202039987288352
1.4528704096139644 0.8663734048750202 4951.830044072965 0.0006470734353235876 0.564397409587037
1.3766426528246893 0.8697695610008807 4903.545445520984 0.0008161879369787039 0.6275166248909118
1.4240534217647527 0.8150352894502645 4889.641600448304 -0.0004918874106919449 0.16135951386534622
1.3343488706334679 0.8541326997171076 4752.015382194639 0.00011221960213448607 0.3908932738100781
1.3752986202672206 0.8479419144105276 4792.614423390897 -0.00018197674041376026 0.3287722283477682
1.4120850183689622 0.8297485456633624 4663.929915926064 5.3908116064304014e-05 0.22974839235725752
1.378439198434977 0.8511272919765591 4687.948128176267 0.00021505544076016818 0.36058242379952077
1.352918600724556 0.8653449951227805 4760.156608405973 -0.0007098201123502061 0.4579725210851655
1.3874747081195578 0.8635801977042972 4574.14893990583 -0.0006333849348184515 0.4637818244803702
1.3463108992328228 0.8610968632425916 4768.241429720745 -0.0004432229188007066 0.42168800941443263
1.4145935134754284 0.8537292531859777 4968.306835609762 -0.0004385203527436566 0.43918235058166133
1.4166483741332936 0.8473742047356888 4975.326693975202 -0.0003549634715816353 0.30804659255609845
1.4054609298018796 0.8468344614458672 4896.748871553563 -0.000670323718383682 0.33367449388917736
1.4307147209823474 0.8326037596537125 4968.954862693585 -0.0003875888826006766 0.2306195170202834
1.3848868907052534 0.8564492682484762 4902.742362667018 -0.0003202347720506634 0.423269911776421
1.361043202473225 0.8596922019465976 4903.929258291152 -0.00015472892067903968 0.41043734513004804
1.361043202473225 0.8596922019465976 4903.929258291152 -0.00015472892067903968 0.41043734513004804
1.404781983164049 0.8603040770001117 4910.778861440284 -0.00012732344927977608 0.46624669099645843
1.4030960513189843 0.8538558870048021 4910.421055181399 -0.000255101364300172 0.37408936810024707
1.3616792046487172 0.8593980554842295 4915.976018473767 -0.000404117957314894 0.4409851455018181
1.4216970903847281 0.8699276923580719 4836.7130946613615 -0.0006794259976838559 0.5724656930818361
1.4643451697497576 0.8639525309421362 4899.652023478767 -0.0005187831095115868 0.557207918317113
1.419424015797567 0.8678946221322003 4992.249707699664 -0.0006181981885455356 0.5636021396324185
1.4047935294449796 0.8599054313943103 4777.765005403732 -0.0007816603236976552 0.4737194905361754
1.3513411383373246 0.8646079839343392 4952.0885026243495 -0.0005804779193593778 0.5131077210469881
1.4135497470003298 0.8659086150790914 4994.616919740227 -0.00048137000130518665 0.4876335980706874
1.3659106115921102 0.8848852413877701 4902.563034802619 -0.00012532431324738363 0.8227727674693859
1.346345451694708 0.8849149359442817 4927.114191588433 -0.00017139112972648738 0.7542017070332608
1.3383352600433116 0.8901960616774386 4816.975839463893 -0.0004115494578378469 0.8996562148948632
1.3719952085202713 0.8917665335531103 4731.9029591332865 -0.00031062911556114424 0.9314139977243594
1.3534274601132283 0.8862951054506834 4817.816377329226 -8.9222439486563e-05 0.7412410119733153
1.3328544007715188 0.8900293902340521 4903.585991466653 -0.000701233255098163 0.7939492533814205
1.3328544007715188 0.8900293902340521 4903.585991466653 -0.000701233255098163 0.7939492533814205
1.360479205934178 0.8753730704633451 4867.460755502858 -0.00031033031729486203 0.6829787698413538
1.3490898828758233 0.8753268623448974 4927.024399844899 -0.0004179482461986684 0.6706167163997419
1.3538147347532659 0.8884362031970677 4790.978742379711 -0.0006060111526043978 0.7469461427721621
1.351058770100174 0.8830521346049783 4760.853146386686 -0.000158359246486485 0.7008173633989966
1.4508026077248433 0.882451016327677 4899.026897307684 -0.0003871736220992507 0.7638487620700931
1.4048607290360415 0.8801793717785991 4777.056027980753 -0.00018717985947079205 0.7731795066076335
1.3969839633692278 0.8724787144253702 4910.896179103766 -0.00010122020622233813 0.6286627664328248
1.4273624530755047 0.8725381959707604 4953.652064342072 -0.0003952155990099534 0.6442551428728317
1.445898590847892 0.8865780942454538 4815.790605075171 -0.0002905639186947778 0.9432599956977016
1.3207818356837324 0.882894325683036 4498.895768841283 -0.000682958643779395 0.7358881544182894
1.3479649289293705 0.8703379547470693 4519.125814715516 -7.798069162118623e-05 0.5809912372709616
1.3669781205793359 0.8822559528494839 4539.109757684952 -0.000525185749429919 0.7442742361437651
