 F
       16792      161886           3        2048
    0.219460875771838504E+01    0.615397031006623330E+01
 T
   2
    0.200000000000000000E+01    0.300000000000000000E+01    0.889160156250000000E+00    0.110839843750000000E+00
   0
   0
 T T     0           0
    0.000000000000000000E+00   -0.100000000000000002+101    0.000000000000000000E+00
 T F     1        1821
    0.631283211394285601E-03    0.208656218872229493E+01    0.616652499410106891E+01
 T F     1         227
    0.125842679083444078E-03   -0.841211052674143700E-01    0.604393766228003404E+01
