chirp_mass mass_ratio EOS alpha zeta
0.9581937919631841 0.6249362373440924 4921.2620743003245 3.8313700238337506e-05 0.006530175448487205
0.8146145282788648 0.5011448304531617 4346.644704296225 -0.00027224333412744655 0.0052359826122621664
0.8501643255961355 0.5582608777274845 4809.554438782685 -0.00024639159178983235 0.006020692599131601
1.3053499327998905 0.5759452239607095 4748.6996010348175 -9.999735062243687e-05 0.01695439008106599
1.526754210490589 0.602655622464059 4434.26087665971 0.000591639357387609 0.01698782062229074
0.8287680956733888 0.5451234266997824 4670.298506454904 8.635085291965818e-05 0.004996294554278154
0.9889025790821862 0.6208940442866936 3981.8894873667855 -0.0003090097477202507 0.005912317853580351
1.410965474262845 0.5829555088378874 4454.4677201483355 0.00022911445539177633 0.01129124820971186
1.4180133912864634 0.5878433818034372 4366.231577971475 0.00017227519404526632 0.009740788188297966
1.1529540330462333 0.6765435589904297 4250.80677193864 0.00025202637104099207 0.0077496823596972094
1.443275432560486 0.6269921840724768 4984.189872269846 7.524412677391046e-05 0.016142792069665825
1.4676268574447215 0.5625480238144176 4024.2012683340727 -0.00018505423261256225 0.010663526606450176
1.0190767971773975 0.5156051554308176 4591.9976163208485 -0.00019126814070717275 0.004389496491396612
1.544382320437194 0.651492866122466 4405.048738955138 0.0002692705731859232 0.021836121876002368
1.3538922696850506 0.6653327444441437 4694.005067082282 7.077653955770478e-05 0.02011872842406823
1.379954028485463 0.6656730679526159 4933.674971989833 0.000801128139052017 0.02008403810737267
1.4938078687343666 0.6508837243827419 4750.1147920909225 -0.00013594347179235884 0.016924636171666646
1.3912489045906615 0.6379079606057072 4753.086047343054 0.00021036328361613303 0.01523598482424179
1.2209181024424876 0.6502064330035137 4387.690515915768 -0.00028670953731678434 0.00896562239777787
1.2780776717159688 0.5693465797405487 3956.072509474713 0.0001655735621129516 0.007615689532723589
1.2195867386433124 0.6634156277013348 4793.630166481888 3.123399494051937e-05 0.008889045435675856
1.0875340211439064 0.5628816671459426 4264.326708461136 -0.0008698037622827918 0.00556165273112719
1.1029195537709549 0.5812631616541009 4742.477314586733 0.0011053453339365479 0.004439184730324464
1.3256387257216053 0.6720189109461678 4271.218852937039 0.000405333408241249 0.01004352883523393
1.0273329036233474 0.505070697883645 4951.386532283288 0.0001698080486140032 0.005501751649499238
0.9246954637544114 0.5399552052414446 4023.0203312439044 0.0003712331336183536 0.004564161873381517
1.079683347051383 0.5419405217013928 4202.29059658243 0.00014595639978256665 0.005796185307564651
1.1742318664725855 0.4920125473433731 4759.889847798633 -7.798801761577699e-05 0.01000167787228141
1.3060475775592737 0.6470353709429408 3956.5469066951596 -0.000537585257161236 0.007640041841042158
1.1878568414336403 0.6413219617410658 4220.276148551623 0.0002352610465955932 0.006172378279882172
0.9508190605031608 0.509129762003963 4884.820645566891 -0.0002906446360358796 0.004175731101636083
1.2906951419795962 0.6620995912792528 4927.295175815974 2.2155588838679528e-05 0.018149551304290735
1.3950044405336899 0.6293675904326086 4398.029836946653 -2.8777931292337236e-05 0.017513466029934047
0.9035008043370262 0.5361683797615697 4251.890254613838 0.0006280248053609849 0.004746710601236241
1.3696434492496112 0.5492593989730381 4719.769586287478 7.565273902385596e-05 0.013419345506282099
1.3146350250367842 0.6394176476728117 4500.2046540849915 0.0002146668914049687 0.0171323119043603
1.116748828484563 0.5562422419003512 4753.043663914223 0.0003289894821647828 0.004466307482556251
1.4942583300724945 0.5823758017358726 4140.46623418362 0.0003319270200358321 0.011254144174141022
1.395498925815122 0.5718693691410872 4565.3639895847855 0.0005675430948213202 0.013275002886828261
1.3888986057879 0.621167046238865 4352.604734978813 0.0006701576479349244 0.015234510770627152
1.3040401786140432 0.6361733540223375 4817.539459981162 0.0002774374488738006 0.013062511923397576
1.2261238509043346 0.4989877076710997 4859.711825910662 0.00010897427916829379 0.010391968516572649
1.243750156741032 0.582396051421733 4489.781503036671 0.00017928410278468475 0.010021344105731503
0.9353113682793834 0.5334310613380147 4244.762091005326 0.00038539998738432304 0.004532620030687706
1.262086123598926 0.49216726224657864 4673.429095109473 -0.00040508852801026275 0.012715856249276812
1.2614536730210153 0.6785883338649285 4669.488414179299 0.0007136065486649806 0.011756935907850676
1.2779078758489268 0.5199966543729104 4963.907386228676 -0.00033193357984660717 0.010139456914002882
1.1037754871107417 0.5258353835735671 4786.152431037419 -0.0003441173113639983 0.005869482967935373
1.1808785411631217 0.53210372232766 4386.232274435961 0.00041706354892008806 0.007885339171054507
1.429049064943547 0.5574163712212723 4379.851866348788 0.00018753741143460648 0.010803040471964509
1.1746414685081787 0.6416510605025915 4112.723312030976 0.000819329102569574 0.005102856080032012
1.3953624332618357 0.5435924774740946 4698.583202849435 6.116766857615034e-05 0.010370333576751874
1.2433761291421106 0.5676222616728814 4146.924697024523 -0.0004999679462791121 0.010996566584971081
1.4293700646358087 0.6044423337959494 4493.995567780545 -0.0004526305912569641 0.011691268322551365
1.206159420934452 0.6677039079027032 4901.755729085429 -0.0007404401715798686 0.00660021790296781
0.9114684162229982 0.5232579877497694 4987.459766634586 -0.000461947846145869 0.004162949691291819
1.2134949756919875 0.5773108761926141 4291.971346494383 0.0003023394558606676 0.008675980143421618
1.4454122092851696 0.5876460109528601 4690.6870033445775 -0.00024003762255871302 0.015216676282889599
1.3563121790161488 0.5808267412684732 4738.77055464593 -6.553762060659054e-05 0.012974865736890745
1.1499698033660026 0.6611175224569502 4809.08148953942 -2.4806668311805232e-05 0.009382351425103946
1.0041696108467801 0.5548109062623059 4681.768431748414 -0.00010677584789932205 0.005774807923533106
1.3590703988637491 0.6608029497510911 4080.009205674911 9.692806491630495e-05 0.013371892790400547
1.1377120151111308 0.6353395573798899 4160.513628492538 -0.00011800325432926926 0.005107195866136024
1.2110652367875356 0.5911866121296586 4487.067336993658 0.000404476564288238 0.005751114901504546
0.9929875089808902 0.5775612631323281 4708.7989131751365 0.0007913080936640291 0.005728289389495602
1.3683529295835237 0.5428655429297919 4571.304535775021 0.0004200882627007265 0.011617419612616331
1.0889396848478716 0.5781021389017975 4531.857986239736 -0.00016768761924360138 0.004364565962412484
1.43659617483255 0.5367365510155316 4523.5781520967275 0.00011753720740098024 0.011654396129008232
1.3770656237756085 0.5764093979298313 4644.8091707571375 5.4488092485284904e-05 0.013871598064150826
1.3770656237756085 0.5764093979298313 4644.8091707571375 5.4488092485284904e-05 0.013871598064150826
1.2129585953145023 0.5915386742071854 4829.812836881237 0.000741078685195605 0.007851178313840433
1.332359638805823 0.519620277715323 4705.420862094285 -0.0006858811345672775 0.014299187292493607
0.9896593392499816 0.5416131182593161 4672.505993949897 -5.815197161323089e-05 0.004268135099521966
1.1639050943343192 0.5409597067048104 4819.072309100618 7.906351932651109e-06 0.006110943603382119
1.2016198104807438 0.6021868157487389 4363.122916442226 0.0004453682309579283 0.007687072251801018
1.0704746203615276 0.6257537031735113 4802.926792890533 0.0003481045141003777 0.004603984525593199
1.3195910174648866 0.5223576489935555 4522.231693622415 0.00025534770282464224 0.013861083357947265
1.2365306661732716 0.5477957938050009 4423.489854009311 -0.0004146244758489119 0.010518341738339753
1.3279172350194606 0.6027556343922857 4178.686006178126 0.000535945478423482 0.015905441290600914
1.3724786118852705 0.5889062083651915 4144.401690765735 -0.00020797583372664949 0.014864229768734461
1.3610328932902223 0.5689105712192878 4952.610653346826 -0.00028058570870174976 0.012221367039948288
1.2073935365156738 0.6445175879436583 4600.330250614975 -0.0006545122131455878 0.007201744257728716
0.9859899573819209 0.5194150296197302 4655.048758733045 -7.027368599138996e-05 0.0049568108380161294
1.2982933743813088 0.5871895852021757 4149.437838151396 -0.00031848342118811763 0.013166896199080673
1.1276951906406103 0.5093045159813927 4777.062114432746 0.0007778145404188386 0.005886992558077441
1.3529839753123134 0.6433531803675571 4328.690867268406 -0.00020170273638401822 0.013191257007626068
1.10854505905919 0.6103028984937675 4127.497470342448 0.0005930384670035279 0.004743711348629914
1.244495907187786 0.5216422340063374 4191.578628413812 0.0001878543819159243 0.008509056962652044
0.9820493786321152 0.5273393777962461 4958.710059031638 0.0004346750342529283 0.004237941035365363
0.9820493786321152 0.5273393777962461 4958.710059031638 0.0004346750342529283 0.004237941035365363
1.1642459299110608 0.5144675077986662 4512.407165493581 -2.076321976891406e-05 0.005452829770734262
1.1642459299110608 0.5144675077986662 4512.407165493581 -2.076321976891406e-05 0.005452829770734262
1.274970374137975 0.6083527211434401 4929.253988226903 -3.5919238255698145e-06 0.0151380905901181
1.2161880744211662 0.5558062536748861 4185.738958855442 -0.0003546228550947366 0.008684847960401592
1.3089935812618583 0.6170001677317839 4669.777632361241 0.00025068501390861406 0.010430458451607663
1.100693357562604 0.5562159890627638 4128.989664766671 -7.954609471069573e-05 0.004387395085181447
1.100693357562604 0.5562159890627638 4128.989664766671 -7.954609471069573e-05 0.004387395085181447
1.2135485695668067 0.6028513748738955 4915.185422125174 0.00032368662734897437 0.00767217960612585
1.2135485695668067 0.6028513748738955 4915.185422125174 0.00032368662734897437 0.00767217960612585
1.3017410954441386 0.5885640038908051 4930.4835720573365 -0.00041928692759681907 0.010538205692385557
1.2354277224555483 0.6740487153599573 4891.697429381176 -0.00030377089669316083 0.00939195538804031
1.2354277224555483 0.6740487153599573 4891.697429381176 -0.00030377089669316083 0.00939195538804031
1.2434880893617115 0.5540245733792876 4046.524930306237 0.0003068677274009541 0.008652380869002784
1.2434880893617115 0.5540245733792876 4046.524930306237 0.0003068677274009541 0.008652380869002784
1.1358772097545673 0.6174303138525157 4711.102804709681 0.0011098419044216139 0.007239550113367082
1.1960008918150629 0.6481134651720625 4305.078791583967 -9.871463716835245e-05 0.006449501087103728
1.2996216931886013 0.5449652552625222 4960.0038131103465 -0.0003390940448889766 0.010560377591361896
1.17388452340741 0.6602912947415539 4819.585067272461 0.0003472449544638024 0.008466567689096875
1.17388452340741 0.6602912947415539 4819.585067272461 0.0003472449544638024 0.008466567689096875
1.1353774760042459 0.6050582575731355 4611.787800603495 0.00015240946677770524 0.0058475168721609065
1.1467085302447155 0.6248985579534618 4829.309278752057 -0.00029484635592879444 0.005761911785652115
1.1467085302447155 0.6248985579534618 4829.309278752057 -0.00029484635592879444 0.005761911785652115
1.4425271652246725 0.532240466293415 4399.458053458861 0.0004831031839630147 0.012333398734714361
1.2513091860071457 0.6383940741773415 4686.918172837102 0.0006891303873434891 0.016372981136068172
1.3993983925550708 0.627854222242313 4208.192368420746 7.001548040802072e-05 0.014081456550839293
1.2132367531351078 0.6566041083927381 4930.526434412363 8.146820940955004e-05 0.007191998844847285
1.451647101870511 0.5865841541028505 4502.345576554395 0.0001352851189856449 0.012681910982978366
1.2999531158299313 0.5419313720245484 4295.448291177826 -0.00023272581232106353 0.01350615503764727
1.2797629364083112 0.6255398694224116 4484.566357806269 -0.00041410130359561306 0.016820274301857337
1.2797629364083112 0.6255398694224116 4484.566357806269 -0.00041410130359561306 0.016820274301857337
1.330662848873032 0.5941002639013304 4408.046798285457 0.00010868710810326153 0.013086589165962212
1.330662848873032 0.5941002639013304 4408.046798285457 0.00010868710810326153 0.013086589165962212
1.1908532784858803 0.5755149286750756 4186.860820686057 -0.00011252937425238617 0.0077085186190418015
1.1076505073269776 0.5691458385220922 4874.994630758621 0.00044392485736988006 0.004434774638219584
1.1833866363709793 0.6123073056161743 4652.875007946377 -7.019706266215889e-05 0.010444272081873186
1.1833866363709793 0.6123073056161743 4652.875007946377 -7.019706266215889e-05 0.010444272081873186
0.9544075658420031 0.5791078884012807 4909.135941814724 0.00027348793713284934 0.005152087898162521
0.9544075658420031 0.5791078884012807 4909.135941814724 0.00027348793713284934 0.005152087898162521
1.0191688714521445 0.5594969859781861 4714.097613173155 -0.00028435563611939877 0.005225209397207191
1.466134523234025 0.5306921417630881 4201.692423193953 -0.00045184201897958254 0.013223953912775581
1.2823338582023467 0.671101703213312 4053.345376361446 0.00017970243516377088 0.00917527536566169
1.2823338582023467 0.671101703213312 4053.345376361446 0.00017970243516377088 0.00917527536566169
1.3837087453749541 0.5356623876931637 4387.196106217314 1.978859129517632e-05 0.013608836740849978
1.1970376033403938 0.5917456012722693 4860.444649545525 0.0006248972179858709 0.009383220947348095
1.1970376033403938 0.5917456012722693 4860.444649545525 0.0006248972179858709 0.009383220947348095
1.2003251313701169 0.5022868607881048 4616.877708317986 0.0005602812716285399 0.011103090354609504
1.2949645261402631 0.5136494644849635 4182.965741398979 -8.791919708903694e-05 0.010650916360738002
0.979399995392628 0.5676174244235073 4899.956741762705 2.2596015732845462e-05 0.005777208130283794
1.2815319249513115 0.6340056608619338 4710.076146103758 -0.000360584484239644 0.014694699435770765
1.2815319249513115 0.6340056608619338 4710.076146103758 -0.000360584484239644 0.014694699435770765
1.1240710188838616 0.6654508143982834 4300.380463119041 0.0001706175859542188 0.00625312771736094
1.3174391828866008 0.5175487397930694 4844.496478229318 0.00045759713804907886 0.013002804615118616
1.101833787948528 0.5471031476855729 4521.733298314038 -0.00017007646294540785 0.004584563214034421
1.2887628898478785 0.5622039874863859 4819.475760510264 -0.0009344227412015083 0.014955226145124099
1.3563401045067436 0.558336414218215 4881.9777905847905 0.000887173262630759 0.01473116111549128
0.9821677599759046 0.5583219549821373 4275.244629912932 0.0006782092773842688 0.005232848905174085
1.181977534474361 0.6223093173679386 4136.300193134602 0.0002545877027680816 0.005656289284507211
1.3513569389677855 0.6243893774454556 4440.669138490354 -0.0002875168582904537 0.015198083626236092
1.347968495510039 0.5265417948582904 4963.432704377055 -0.0005020093713805693 0.010878358518337388
1.347968495510039 0.5265417948582904 4963.432704377055 -0.0005020093713805693 0.010878358518337388
1.3374403824335852 0.5245871721943773 4488.089972883717 0.00019398926503959288 0.01165199523836322
1.1447398134746072 0.6586412383210629 4997.63436026753 0.000109276228626497 0.006031293907094726
1.227580390195147 0.5926750378853531 4504.155859374109 -0.00037590367619272033 0.011147430419090228
1.227580390195147 0.5926750378853531 4504.155859374109 -0.00037590367619272033 0.011147430419090228
1.0721624064540969 0.5762234911438444 4296.46069589572 -0.00023371441858521162 0.005649264435707701
1.0721624064540969 0.5762234911438444 4296.46069589572 -0.00023371441858521162 0.005649264435707701
1.395383694908005 0.6179937944014018 4569.806235716903 -0.00010570225954616712 0.014676717467776188
1.395383694908005 0.6179937944014018 4569.806235716903 -0.00010570225954616712 0.014676717467776188
1.2538014064325702 0.5430606181795334 4263.986198423221 -0.000369096016557408 0.01078919755237099
1.2564753195186866 0.6361611988409176 4493.434243383376 0.0001368891284032454 0.0056698397989052435
1.2607021932705718 0.5663566987504964 4891.548094582624 -0.0005764914295139629 0.010409123469031889
1.1062109447097837 0.6032469669324819 4901.924319485916 0.0004728648973546655 0.006188456805341497
1.1062109447097837 0.6032469669324819 4901.924319485916 0.0004728648973546655 0.006188456805341497
1.3962472924458704 0.5424588225953313 4953.4177014665 -4.598305589449886e-05 0.014738191357986583
1.3962472924458704 0.5424588225953313 4953.4177014665 -4.598305589449886e-05 0.014738191357986583
1.4548208047069466 0.5716896557393191 4671.275125990097 0.0003765911404678987 0.015563336539292757
1.2472979046543191 0.6015627560037893 4926.212901997035 0.00046115372014481776 0.0075922632385827995
1.3667988437821417 0.5159028867692157 4963.117383907669 -0.00021714349858192322 0.01357701507076525
1.4169482970282423 0.520907052696608 4677.395355105841 0.00012664862145227135 0.010832043395660702
1.3429782995762363 0.5486643448953216 4020.7275027502546 0.00012898145855987686 0.011961038709560116
1.0077467163705234 0.5809024545175477 4500.279528456742 0.0004705631321840022 0.005335591637570337
1.3139234532134896 0.6144097310114411 4988.153022096164 -0.0001601892156118322 0.016236877047462444
1.2775789919419056 0.518128113986728 4732.879622109022 -9.043745672964358e-05 0.010099301749307552
1.0513726485978836 0.5788397768663482 4883.587240783722 0.0001023429052082697 0.005843644553112379
1.0513726485978836 0.5788397768663482 4883.587240783722 0.0001023429052082697 0.005843644553112379
1.0591090005449528 0.5104113516422318 4911.610455776139 0.000413745150387745 0.0047741398049391415
1.2639359148944536 0.6107304483073963 4419.117761462775 0.00015067331742012882 0.013583818368246084
1.4199545212059344 0.5932791326707498 4657.280252779534 -9.640823362746606e-05 0.012119814228031475
1.1499652696823481 0.5582052550753308 4823.067787118949 -0.0003627375090777713 0.01050443432127401
1.1635999785204278 0.6027740168464326 4787.229600418527 6.002187956044775e-05 0.007273863172549891
1.1635999785204278 0.6027740168464326 4787.229600418527 6.002187956044775e-05 0.007273863172549891
1.3616074483190523 0.6087911204864496 4824.881474487659 -0.0007358088945346243 0.01584107569333169
1.3616074483190523 0.6087911204864496 4824.881474487659 -0.0007358088945346243 0.01584107569333169
1.259281357286518 0.5306218841544814 4710.636907609608 1.0398789759317174e-05 0.01137187754038458
1.2871311235622116 0.5494296095364937 4476.216535663031 -0.0004662866844629238 0.010451995316776614
1.0721016538359998 0.5996755835100824 3965.3953635236803 0.0002923835210363159 0.005179220570763508
1.0721016538359998 0.5996755835100824 3965.3953635236803 0.0002923835210363159 0.005179220570763508
1.4826913018524945 0.5996285068356707 3985.2762863544835 0.00013965424861717328 0.013885894691847256
1.3722370518192066 0.6509018818608472 4344.250272362172 9.694669815570441e-05 0.01153121622231125
1.3722370518192066 0.6509018818608472 4344.250272362172 9.694669815570441e-05 0.01153121622231125
1.2591366553680168 0.5102699663316255 4760.919084304831 0.00030908490092551697 0.012491789658806634
1.2591366553680168 0.5102699663316255 4760.919084304831 0.00030908490092551697 0.012491789658806634
1.5244755488025488 0.6345967761173633 4849.328302215397 8.991647648523759e-05 0.01952611875754283
1.1296248646878762 0.6222573691648571 4700.178158602748 -0.0005957508170183868 0.006140071811016094
1.3069045883184363 0.5796276863017655 4327.56296081044 -0.00013110246537574878 0.012814201596369042
1.4463226484672358 0.574020418168043 4269.255248664014 0.00044164486570087827 0.015194643927390932
1.3902383169177521 0.6563298181577739 4750.671359104818 8.083918302864247e-05 0.014202156414444705
1.2609618492730692 0.566326753838356 4947.52444417601 -0.0004437287648842063 0.012309485728655277
1.2609618492730692 0.566326753838356 4947.52444417601 -0.0004437287648842063 0.012309485728655277
1.4722583669595086 0.611187261593184 4611.115229242446 0.0007822279426326407 0.015246647926137682
1.2696971527269598 0.5341916391882496 4161.496684432164 -0.0010917909094311287 0.009134596521960275
1.038211284774038 0.5652095950868176 4530.437028224254 0.0006632528264558064 0.005446516210734772
1.038211284774038 0.5652095950868176 4530.437028224254 0.0006632528264558064 0.005446516210734772
1.117958268742078 0.5535013212547713 4948.484864015405 0.0006428159066904465 0.004726441412074037
1.2409623958173082 0.5225285391247171 4138.701567797817 0.00018083164718475208 0.011029009674156737
1.268550325930092 0.5359189078069883 4655.862386748027 7.886125527251365e-05 0.010245390172009379
1.268550325930092 0.5359189078069883 4655.862386748027 7.886125527251365e-05 0.010245390172009379
1.1217517530667063 0.538899580057373 4839.18978086954 0.00037298244155972634 0.005419579373854742
1.4336633498779219 0.5864861244099879 4511.642628950775 0.0009750427732179337 0.015623646184217767
1.3203334425447806 0.5492744589369295 4218.897728090393 0.00025658654966859195 0.012552341147678864
1.4223521300938669 0.5570938117965507 4126.546675321631 8.418400369356086e-05 0.011675514657782365
1.393512291116137 0.5152019349402666 4308.832482852368 0.0005517145891140528 0.01209374043178836
1.296198437484966 0.5278425247043591 4898.701280903403 0.0014899531916486596 0.013833395493534479
1.095844488664077 0.5665277969999263 4765.910886476024 4.22238003989379e-05 0.004695758410276999
1.259180332673136 0.647517774287278 4954.585423699714 7.772447364816339e-05 0.015473716351914933
1.259180332673136 0.647517774287278 4954.585423699714 7.772447364816339e-05 0.015473716351914933
1.2709106529660927 0.5782662046145792 4253.299465815526 0.0004628574216394861 0.007877006172318004
1.0562680065027412 0.5645905341532962 4221.26698565438 0.00035638107907481887 0.0046406915996771905
1.2648477540904097 0.6116273518672476 4808.894603717686 0.000672061608347456 0.015886754539394456
0.9878664122133441 0.5510939167182533 4767.332891209464 -5.417209222624852e-05 0.004555433311883153
1.109389529889464 0.5874853699774427 4838.359641639907 -0.00044728086202850217 0.005715016007382436
1.146873804461706 0.5941419955582016 4580.392488016748 -0.0001266773289123343 0.0058592922712374425
1.176418869994563 0.6598980957033285 4899.69782429905 -0.00011766163407371562 0.005972600198165082
0.9610099450802075 0.5373869193056585 4987.616939701442 0.0005174389626216542 0.004388420581901884
1.1239552163913797 0.614825053593769 4557.2505001852915 0.000791585663830492 0.005914355288773304
1.2262895373242888 0.65183181444008 4966.378422768194 -0.000538536103847396 0.010048309280026816
1.1685700622353565 0.6120496933431472 4093.3749637615842 0.00012761786072512638 0.005859941071799794
1.2827444662427738 0.5774504824418671 4116.041876362908 -5.6014616272320694e-05 0.010250896190417406
1.2827444662427738 0.5774504824418671 4116.041876362908 -5.6014616272320694e-05 0.010250896190417406
1.4009372337830777 0.5599364895597296 4725.971166588169 -0.0004622070990840928 0.011600752195738896
1.4068290979714653 0.631547810397723 4059.283551732821 0.0006559327639302999 0.016032520958904888
1.4068290979714653 0.631547810397723 4059.283551732821 0.0006559327639302999 0.016032520958904888
0.9958805964063114 0.54671516057199 4259.312745276007 0.0004138522538844648 0.004822898178403473
0.9958805964063114 0.54671516057199 4259.312745276007 0.0004138522538844648 0.004822898178403473
1.202650862660699 0.6021965743486819 4637.00016416194 -0.0005885381962124088 0.005347859594859977
1.246266221321431 0.5752512207190356 4834.548860654308 -0.0001836154099489967 0.013596604559005715
1.3762863172348199 0.5901557976956364 4416.97978978251 0.0002637452931457264 0.014314579057686919
1.2346242957069613 0.5469617730021401 4763.871148088207 -0.0003388637553455339 0.011364299543023173
1.0761270848432494 0.6099445223529991 4823.904783628491 0.0002598738693726758 0.005692063128543421
1.27421039437582 0.6381496917770758 4566.3505314693275 0.00026144524811011764 0.0069885756112078885
1.27421039437582 0.6381496917770758 4566.3505314693275 0.00026144524811011764 0.0069885756112078885
1.1267703437023293 0.5746777894677675 4491.993422819395 -0.00017507940067015048 0.005892451602932798
1.3406798336632901 0.50493458835683 4975.578831104593 0.0008141783305478464 0.013165114786202536
1.109927777235612 0.5327625957301738 4619.999349881155 -0.00018436612065537492 0.005894966196714007
0.9870764505361187 0.5836789446716524 4982.711788289288 -8.649802132064378e-05 0.005080685779705905
1.3897582674030668 0.5855757938477877 4725.7211723823775 5.198101936919587e-05 0.0122327480013502
1.3897582674030668 0.5855757938477877 4725.7211723823775 5.198101936919587e-05 0.0122327480013502
1.362930454195253 0.5692047672612974 4249.2603684085925 -0.00034367903891997526 0.012354105905139499
1.2667303913591734 0.5810028614262901 4830.042064463035 -7.206934936033716e-05 0.01451943846990993
1.2202501009606042 0.5377276078276877 4822.433866190355 -0.00018659101979045427 0.00720116317841982
1.0908798985446744 0.5660475724869765 4161.222263861499 0.00030454618975972106 0.005124843801100669
1.123798824779908 0.5416406567465688 4736.756394503589 0.0005453121379706371 0.0059125236306614894
1.0486330525592935 0.5820865279672753 4923.174953870327 -0.00048083542101384655 0.004662175379550702
1.4693007079750162 0.5817848167556345 4836.13129776547 -5.472609346129366e-05 0.013256124393363013
1.4693007079750162 0.5817848167556345 4836.13129776547 -5.472609346129366e-05 0.013256124393363013
1.2208380226522175 0.5645249753969309 4884.491955263878 -0.00015623693577021953 0.010136771365359069
1.3295124406660814 0.6054838197651125 4420.28624444101 0.0001153090230745149 0.015315049646549162
1.3295124406660814 0.6054838197651125 4420.28624444101 0.0001153090230745149 0.015315049646549162
1.2714704234773566 0.5610858173661077 4521.714145608589 -0.0002892356608970172 0.010346634102425
1.1570771320581235 0.5533030154090072 4497.569557941287 9.58730184992824e-05 0.006256960428645177
1.3412247205735301 0.5758763714036055 4941.615394546545 -0.00017873485503844117 0.015491119332405632
1.0719416665405788 0.5852198591451089 4554.9131044814985 0.00048807313085595373 0.004847473061823979
1.199907219385654 0.5599465380039428 4915.561447130735 -6.42581051091967e-05 0.010082668676452064
1.3040383815931795 0.6125038920333741 4465.192314510919 -0.00022706687701368536 0.014503060200188888
1.3040383815931795 0.6125038920333741 4465.192314510919 -0.00022706687701368536 0.014503060200188888
1.3674476949487429 0.547185685240603 4685.932182005366 -0.0003815309718254709 0.013726275140138511
1.1080149640767478 0.5527721389871909 4295.644929708448 0.00022314923889063003 0.005206819951594392
1.3228508285532503 0.5761515211226051 4649.970157939696 -0.000485576609668558 0.011835095683240263
1.3228508285532503 0.5761515211226051 4649.970157939696 -0.000485576609668558 0.011835095683240263
1.0645616277573917 0.6128518221779455 4804.014315536164 -0.0003330983349268881 0.005016223887564876
1.1072326424554753 0.5446263830278593 4318.869675064441 0.00010944067477326052 0.0062278553668508405
1.2774639637367633 0.5226958708473561 4834.270671342931 -0.0009487418947848866 0.012560732264847878
1.168428500451041 0.5345921771874338 4263.679702260879 0.00015211851065855637 0.008821209935187367
1.3829609482496834 0.5521664182972115 4161.055596408376 -0.00015766385446034525 0.012340787999749706
1.138320665176765 0.6181758529785797 4512.984338389197 0.0004662886491193421 0.006064615467288354
1.0976894883373656 0.6184111424900993 4809.627963052105 -0.0005438405518469909 0.006895415481937831
1.1419954010647424 0.5851286743472226 4565.880498614586 0.0009784681402099393 0.005741573193545044
1.2221246410859397 0.5406941826731375 4563.89557586967 0.00038320542422330136 0.010476200426620176
1.4634595447078276 0.5734809271482875 4659.25597441571 0.00020782023793934694 0.014663630940921702
1.354441849844283 0.5985564807756032 4930.13690776845 -0.00040126089621502886 0.013427666345809858
1.2326506014009848 0.584990897971793 4227.684519068897 -0.0001396156818950754 0.010385401615000747
1.1649494298874346 0.572974776636934 4384.268562387575 -8.017208419822189e-05 0.004742512013206806
1.1277932588346753 0.5853536633532943 4926.924892200789 0.0002718366749859518 0.005822573840772682
1.289475853847554 0.5591698065837012 4215.676584772986 -9.800839997890556e-05 0.010936207716536594
1.2393356083068645 0.6240631655659766 4556.849681338599 -0.0002693286144269152 0.015350505704709149
1.3664581083601326 0.584595138587272 4987.954265812617 7.442042605856234e-05 0.011830575299668043
1.266524750978119 0.5740216458446756 4577.0707647605905 0.0009450482512530624 0.011865512316104294
1.3258563819327942 0.6257449876841594 4669.423018239222 0.00022347793821557083 0.014987787363592128
1.2181364975688678 0.5184108586749027 4910.632602467766 -8.596005853773054e-05 0.008885101352681586
1.1391771701007176 0.5633561823840688 4263.18493853938 0.0004969744318352612 0.007787379489909969
1.2261860697553177 0.5840515775070689 4908.447135129536 -4.3914600405748156e-05 0.013244861369842473
1.0768580217709574 0.5797084393950421 4971.412899992118 -0.0005697445153130406 0.0050234589302960665
1.354574876550072 0.540825651488671 4972.964570082422 -0.00023021731439732887 0.01215080650407024
1.451195605197181 0.5593373165750917 4324.719297118871 -5.396712195144073e-05 0.012594645101239303
1.451195605197181 0.5593373165750917 4324.719297118871 -5.396712195144073e-05 0.012594645101239303
1.2358768206932145 0.5468234612003986 4793.87631596224 7.543351954486985e-05 0.009574366699784554
1.4226824440088879 0.523995571496352 4634.985612441195 -0.0003109248035422678 0.013008311294568347
1.173908708541299 0.5627642320657773 4275.346271395684 -0.00033726156333323005 0.005422934024386067
1.173908708541299 0.5627642320657773 4275.346271395684 -0.00033726156333323005 0.005422934024386067
1.1362368695672942 0.5475547765582347 4771.915508358069 0.0007931431610341147 0.006299116104831385
1.2330617574666007 0.5990943715184092 4888.337637316358 0.00011740429036216043 0.012656647397469287
1.2330617574666007 0.5990943715184092 4888.337637316358 0.00011740429036216043 0.012656647397469287
1.112138242130361 0.6209119407407754 4413.688101956401 -0.0001310444394573358 0.0053016488487786055
1.3051036519171517 0.5922244303950852 4984.271751986931 0.00033936014583971414 0.010443753496492597
1.3051036519171517 0.5922244303950852 4984.271751986931 0.00033936014583971414 0.010443753496492597
1.2598128981377077 0.5640164062166775 4947.8645328959365 -0.00010902857147746547 0.011800996182714962
1.3028308045959183 0.6251692840605052 4980.610509895591 -0.00027287630693433593 0.016328670329126462
1.3133403675327135 0.615507645911615 4440.813277044658 -0.00012469807188089045 0.011031325833176973
1.2219140560913901 0.5819030661873454 4596.753280896317 3.5300396058472115e-05 0.008948805034117232
1.2722622728495692 0.5507351525301114 4138.272224525642 0.00042674021762725893 0.013548503097172752
1.3020439301144133 0.5581302548620066 4882.457341448894 0.0002548272470636108 0.01431992435555127
1.16968950658477 0.6509002548084526 4796.803720195192 4.702816994770769e-05 0.006546113838569394
1.3076943855285923 0.6205598211383448 4700.101012606304 -0.00026734448865159855 0.012215798168439287
1.315486380173859 0.6088479183315048 4212.378856142898 -0.000313708289330751 0.008596369395286229
1.315486380173859 0.6088479183315048 4212.378856142898 -0.000313708289330751 0.008596369395286229
1.4186580097581865 0.6257935117987893 4803.206206276512 0.000331378435640763 0.017568913542724128
1.4186580097581865 0.6257935117987893 4803.206206276512 0.000331378435640763 0.017568913542724128
1.0917050736899947 0.580671330483945 4692.317724339182 0.0002475689621974412 0.005812649292483336
1.118358979491881 0.6075177343728053 4872.271552860874 6.147837774285823e-05 0.006073795308631931
1.373637222635809 0.6224390012375483 4891.800114713216 2.3948579380618025e-05 0.012924946817741503
1.3503396356978983 0.6478513216241099 4654.043618759094 -0.0006368914159678939 0.012212219085551087
1.2364921997106715 0.586316542300322 4878.877139705355 7.492594039704984e-05 0.007825873108592072
1.2077828572202527 0.6238364551843272 4945.975315075023 1.9047872017093528e-06 0.006825231222978146
1.2077828572202527 0.6238364551843272 4945.975315075023 1.9047872017093528e-06 0.006825231222978146
1.2662102583211021 0.5865930213844849 4863.885059672255 -9.215645956462139e-05 0.0107578554255746
1.3835143685875098 0.5919545596107694 4142.4487544169215 0.00039491321780919054 0.013856311505927074
1.2900138378461643 0.5827235381713365 4150.0061410230655 -0.00036664612782221596 0.010296221887475126
1.1873250334199006 0.6498617340028372 4306.344779823827 0.00019089053910573606 0.0066411783467599395
1.2974474549192019 0.5475756171783892 4892.66041937208 0.00037345804011182897 0.01093563353974987
1.382534988080042 0.5807468965548176 4120.011665086201 -0.0003098058487527004 0.012471674248269036
1.4225431904833885 0.611351323799393 4581.7025052653935 0.0007604345818251577 0.012993379544796825
1.3940695611522562 0.5636160598960024 4195.505127200729 0.00023060969545777945 0.014028025232541073
1.1271936751602394 0.6121988784718341 4150.035267997742 0.0002627517367757555 0.005357514043005395
1.1271936751602394 0.6121988784718341 4150.035267997742 0.0002627517367757555 0.005357514043005395
1.2925692248647478 0.5484791289773993 4476.2274225011215 -0.0006489903436055015 0.00983641508331646
1.3542944689879786 0.5781410686644836 4743.022333598463 -0.0003566293586982476 0.012863145571202158
1.3104481825528937 0.5201355502412879 4501.959684420502 -0.00018406878297235325 0.01240241555826091
1.2258832512754023 0.6361352070953863 4852.28682591239 -0.00031736932336513183 0.008498804245079794
1.0883402470426682 0.6048381297678652 4366.282975269716 -0.0002489397089677808 0.005258830642015197
1.237928504850845 0.562687242083008 4377.31141377264 -0.00016871664560118172 0.011200648637658496
1.3014805458788534 0.5907473105393792 4501.745224689885 -5.429812490876049e-05 0.013124914038204597
1.2569114866362234 0.5221219881197966 4997.096849230444 -0.000424653302154998 0.009950715559377783
1.4228598319242771 0.5858700081841891 4324.2583777624395 0.0001994151505359451 0.01252163316398566
1.2437630759045954 0.5890134550317521 4757.705430517908 0.00014201625125266667 0.012422920103608237
1.3491628518823018 0.574378927487838 4502.522469642009 0.0006094125660301139 0.01358017780546527
0.977901369869327 0.5564807976478547 4805.901818682216 0.0004752166215230663 0.005223911818885162
1.5396650849316327 0.5971942778403934 4615.509531368238 0.00016341570705444492 0.015266229645962949
1.4606359055614244 0.5858406422945647 4719.661404915478 -4.2364358949560264e-05 0.012443882862276458
1.310249150133719 0.6091442446459701 4229.064511359281 -0.0003817542541179092 0.007686947488678063
1.1923967291001232 0.6037586047209281 4212.141731046491 0.0007543659565693421 0.0053396016294492655
1.4050536986979125 0.5815560451508598 4803.527666443556 0.00012015170915334176 0.014928776675806839
1.4050536986979125 0.5815560451508598 4803.527666443556 0.00012015170915334176 0.014928776675806839
1.1118296738720321 0.5861421533534185 4310.373641200159 -9.233139335557682e-05 0.006067385058759983
1.175835556520276 0.6679678127341453 4926.257500318503 0.00040923391032632843 0.006502061070569179
1.5358942952712638 0.5531245773575311 4468.2855305579615 0.0006291481580211753 0.01361627168289645
1.3635273779717831 0.5429270340087891 4921.934598782372 1.2552594691878808e-05 0.01334813781037757
1.251778176927829 0.628598895628836 4797.713323982204 0.00015575224517781693 0.01334643808481105
1.1118802851396716 0.6046669421886374 4773.952664119158 -0.000606172659398452 0.0052954914169910175
1.3303744371766424 0.5688965499492991 4460.327998866593 -0.0003353273159345737 0.012118010936610916
1.0727943284144967 0.5615622117132051 4452.350864994109 -0.00029385092701517476 0.004749496097652038
1.1608516682873893 0.5793465318763986 4406.918811892463 6.343881560914263e-05 0.008478728917488274
1.0967738159342397 0.613397931010476 4926.759424076729 -0.00010138237219790922 0.005870110948805661
1.2385607943222656 0.5801764720755609 4713.394171166209 -0.00010955982775657835 0.009147913399215002
1.112589148064815 0.5659902987373333 4551.658318043301 -0.0006767587417634173 0.005065784103532015
1.3246970503246058 0.6330571479237479 4229.790037772105 -2.5535675897298906e-05 0.00818255507223305
1.1692751189180965 0.5544155151850017 4879.274140048152 0.00010076842183765854 0.009950794708289103
1.1692751189180965 0.5544155151850017 4879.274140048152 0.00010076842183765854 0.009950794708289103
1.2363260577417532 0.57132884574562 4541.400097473167 0.0008239525008920531 0.012305544990847985
1.3396141367290044 0.5636030935317555 4841.022208396183 1.0295226845237653e-06 0.011099072414548768
1.350965959444717 0.5656146975448699 4519.934963695623 0.00013685676002205604 0.01382008502903894
1.1535501309128706 0.622208046703755 4976.2736997791535 -3.218362756828682e-05 0.006174176491590117
1.1072218465416737 0.5725841347345275 4272.264252833667 -0.00035444685195298354 0.004884999294685765
1.188882454933514 0.5680291704547675 4405.078941249505 0.00025763266843921055 0.004555448953968251
1.1967223028388787 0.6042761181893218 4410.164670182275 0.0002047252595998533 0.00935567316334246
1.369223164169206 0.5648369993826873 4940.078298084692 -0.0015032638113708576 0.012543802255876781
1.351142594132907 0.5737359455577465 4581.935008801043 -0.0003676688408280553 0.011926099939478862
1.2556857785795237 0.5427541850772052 4258.751482300829 -6.83972821560118e-05 0.010747725466342641
1.3145460752837699 0.5951317785002644 4629.13673247919 -0.0005034209526713692 0.012788400896725977
1.0907211811188113 0.5951322252536738 4592.447414398811 -0.0004422511498144182 0.0050937069848535615
1.101215507901491 0.6086367247227119 4831.076982203872 0.0005515104621876418 0.0048617490355726085
1.0534927893408748 0.5418232922423514 4498.935085236974 0.0002636889847324739 0.005041970031269137
1.268880459318591 0.563605423306726 4886.670054372189 8.598583963294264e-05 0.014077586911914203
1.4833880215899764 0.6483820852696092 4643.0395413108345 -0.00038086092290310166 0.015835962125492972
1.0552683572268438 0.5706855610025041 4869.819439865026 -0.0007254367317325864 0.004585531302673493
1.2719287742691867 0.6480593710621079 4509.828026351314 9.13472685594282e-05 0.010952896611777991
1.2384619561166061 0.5385610328342021 4712.984894851629 0.0004936012724526408 0.010868540212511745
1.450445760017802 0.5660695532698303 4379.375203434826 -0.00030462426959634707 0.013304948875196294
1.2225767964891767 0.603418540511137 4476.757103643427 -0.0004465762662874909 0.005909822285060298
1.281390428633863 0.5994533078284106 4975.964085842607 -3.038601642950971e-05 0.01272006485144369
1.2605936872355141 0.5379906134636067 4887.921096369132 -0.00011012122808618008 0.009620952172166386
1.151118194643217 0.5825961483945135 4957.68123262884 -0.00021027480232539407 0.004635956799047941
1.3114251079770654 0.5493333841403174 4530.872410730757 -0.0003252094779337171 0.012743882016326376
1.2240091597101264 0.6042744611854093 4087.7243423441087 6.603298992520487e-05 0.006155449195423984
1.3265252419710751 0.5298942716446693 4740.532690239366 -0.0002194066779276876 0.01232882152109312
1.2114829361075419 0.6314503840121868 4837.278704820999 -5.649655963855225e-05 0.009084567493487797
1.258641642797302 0.572141276143219 4083.5638013304206 0.0001934250472475961 0.00545586262080899
1.4097185626326352 0.5984443034066182 4321.760763272135 1.801335714589267e-05 0.013935436280947653
1.0568695167870854 0.591837528287956 4923.293662599516 0.000580784684689242 0.0052605294740564
1.1619489030934016 0.5800359001818168 4993.3035408607175 -0.000564324862792335 0.006580947365660216
1.450325206401316 0.5653921766328605 4140.910238990383 0.00012822774983871005 0.01288303529091718
1.158063405078646 0.5290615173500275 4809.8068084470115 -0.00024237838300739047 0.009159840287846518
1.2183876472703248 0.5819446315036455 4964.507948783782 -1.6844172026660054e-05 0.005755495598052459
1.3695873779035068 0.5586340068723059 4943.59849097566 -0.00034409074645927115 0.012384527107426976
1.0911993456115447 0.5665100414158316 4840.452403615661 -0.00027256958059526665 0.005072001375743051
1.3279842887416509 0.571945735986487 4351.207815377658 -5.251981899373377e-05 0.011924337921218784
1.3884378796409749 0.5514630568264236 4853.596097501345 0.0004942408483342758 0.013793965599808767
1.21220793513024 0.5745347551622642 4150.873482197784 -0.0004581531527991576 0.006200610943046433
1.1364616291381502 0.6021961782425208 4768.0080372661405 0.00016887488669887685 0.005809124643519941
1.2245213780592605 0.5739811889129336 4567.301126982334 0.0007169900002086285 0.012241276905288846
1.402002328684512 0.5914635248105833 4321.237433572509 0.00033452386217404454 0.012282713784575107
1.0859744435560914 0.5863767341137585 4908.511798342476 -9.450985198262415e-05 0.005582735026803711
1.3431126358829035 0.5534925929877563 4920.261807784504 -0.00015022596814057208 0.012375435528366154
1.0673501969763004 0.5843860191889627 4787.385766526289 5.026025515903716e-05 0.00552880229940369
1.0030352793289228 0.5783263297104426 4882.374699020869 -0.00010611564136570308 0.005215410942826678
1.0579878965693736 0.5674812808997513 4953.567775676946 -0.0001709175206048005 0.005076085905999523
1.0529284356606157 0.5724618513555149 4681.921903602559 0.00010326359767944755 0.005155683978418323
1.4575913546820625 0.5957975039875895 4105.156624146701 7.831489652414726e-05 0.012989256224912017
1.2761390171879121 0.5502056450101258 4772.471996228234 8.378626357097822e-05 0.012942587552056184
1.3186380167305576 0.5670895315962057 4202.989819704115 0.00017613801617315778 0.011326525031499515
1.262334072042545 0.5325156778239212 4910.805300639753 0.00019299198130173442 0.010379204184804109
1.3375544119317708 0.5858180919621533 4940.566139965069 0.0005829995868166984 0.012268916152499452
1.2437989952716446 0.6039333511475359 4269.922493924167 7.31191611794461e-05 0.00888198655463226
1.2163113542278672 0.5975116920532322 4725.187081833556 7.678888446815172e-05 0.006862383468144049
1.2188989971055564 0.5488736407129344 4698.993851084569 -0.0002713233427567792 0.006477847220177441
1.3060475979845654 0.6097065883450126 4889.612761597594 4.825329285752772e-05 0.015002676985880849
1.309564336538259 0.6288546492122182 4427.427996824323 0.00021153654762009523 0.009084472684931262
1.2818737030198477 0.5565803588694709 4867.544527292862 0.0005777458082405844 0.012528610864829988
1.27785431794354 0.591349929328508 4760.994941714998 -0.0003586965136587338 0.014356545008639154
1.2869935475434309 0.5378941251654709 4979.868030982486 -0.00025450291646015926 0.01263054899874691
1.2717447281987466 0.5646375311539782 4687.867456430052 -0.00025178890164914084 0.011596756702035232
1.2886735902259896 0.5653056879205839 4202.848720960988 -0.00032539690662736903 0.009339406019799785
1.1987060209110674 0.5812342849620707 4829.261674143599 0.00021301276044127798 0.009758459780173215
1.1104661080300895 0.5562371681791832 4728.308098869859 -1.8483052588558124e-05 0.005066260824223797
1.2847135617480925 0.5424836072335257 4939.914493124293 -0.0001534807347787405 0.011777277519661065
1.2267628860201996 0.570252286663567 4974.545244425483 0.00023693510236467137 0.008851967062466617
1.1962021081081784 0.6217418843322924 4915.589255301051 -0.00017384441009910865 0.00887379174503544
1.2537244297035026 0.5376990518492695 4881.177995976751 -0.00018575749588264069 0.011261486325283898
1.3920686435671343 0.5535286023722645 4853.810204472757 -6.0364700719564214e-05 0.01157196240083487
1.2381692317067123 0.5962621824991792 4463.366312581753 0.0002909167935018299 0.012240729298112422
1.192677449081483 0.5912865316406823 4920.398601957089 0.00034119921245875457 0.006921311236625918
1.1982600014962128 0.622794774145519 4509.153647005168 0.00035501983579756195 0.00673134933828959
1.1598828146468745 0.5404478072494555 4927.449370230045 -0.00036799075570066253 0.006340298340584353
1.1560749697983528 0.5742079456487136 4936.817908629944 7.240874819162873e-05 0.007032880408953952
1.466374757645938 0.6405607143658385 4643.963673181848 -3.6534742216969606e-05 0.01757954507971851
1.2798594686215794 0.562625655521359 4695.532902512783 0.00015695700298381257 0.011609711532526174
1.332402491846425 0.5721228183796844 4919.376478361017 0.00011794295801979167 0.01260451735755641
1.144325065708617 0.5614440826062334 4953.90955496253 0.00018161821519269166 0.0055247338100278785
1.1835122521345056 0.5876415187899221 4948.110849227394 0.0007138106605807858 0.008682010696680896
1.2833035840804299 0.5149219951495484 4687.103492361025 2.0704539690109968e-05 0.011584211033454863
1.346035791546869 0.5868620561479936 4663.9664378044645 -3.6406063993716136e-07 0.012774256931184457
1.2524086699995993 0.5854236704297998 4782.32552595559 0.001028128652449738 0.01094559185016687
1.3051101092617474 0.5914431437055612 4548.75813098793 5.8116727486129684e-05 0.01250361750206179
1.148490595757647 0.59579329013664 4566.052946580568 6.350651984218988e-05 0.005515697704244375
1.1429345644823337 0.5622596106807872 4991.339329818128 0.00035985464354519473 0.005066589865843814
1.2512312071384124 0.579712604969951 4671.228572692314 0.0009513721140104322 0.008292560719807968
1.2326223103963585 0.5893806345378265 4351.234648178354 0.00032503704918502907 0.007278522777743879
1.2426110184958312 0.5576146922124419 4821.629039725754 0.0001816426197131822 0.007371176066580949
1.1244650142805845 0.5491297426438546 4802.854440117662 -0.00040194033158785065 0.00498936915164513
1.3470556271782184 0.5492586586557713 4915.32133604092 7.8383144055914e-05 0.011896220761649767
1.2970982298220632 0.6031141255236063 4580.079057333219 0.00019236364112162365 0.006203892205028391
1.2041735284343076 0.5318098276467509 4975.082016592252 -0.00015935974105216847 0.006843067632477169
1.336261642526559 0.6189492106322406 4592.211666282039 0.0005523057888287768 0.01157860431469174
1.1427411633901698 0.6157554541442831 4811.860686463148 -0.0004665981032571632 0.005366870247669624
1.3515314968075942 0.5992864315902143 4741.347156654316 -0.0006123104533764702 0.014453433911601008
1.3266835193584168 0.553064509822349 4970.173312583931 0.0002862423530198792 0.012480064979280617
1.2122977723971582 0.618352982670108 4804.502773073524 -0.00036187695945200007 0.006888697382705464
1.2692568203361383 0.624413461901773 4982.954193936498 0.0008197792673555618 0.00902412544370927
1.2301263027230946 0.6279633823783665 4249.509836053126 0.00018591044936941916 0.00606242817486389
1.1304965718269384 0.5634705409554015 4764.307841606253 -0.00025898378311696717 0.007717196557639205
1.2189513882688179 0.5833199354975428 4931.003143898352 0.000337719106523964 0.007992359906425286
1.1214149620683258 0.5734073697933182 4636.778722271676 -0.00014927697978965083 0.005105234671698332
1.1214149620683258 0.5734073697933182 4636.778722271676 -0.00014927697978965083 0.005105234671698332
1.014816244325082 0.5715584816338986 4902.479698917892 -0.0001452873673647532 0.0048245030713589335
1.2160807508260305 0.5810562500874086 4982.361415496974 0.0001743442857226677 0.006548848000760692
1.2505488851003301 0.633420161857503 4536.812807768068 0.000310063235792553 0.006108546742314579
1.1969338433199135 0.6109429779658566 4249.632996186128 -1.8030645065173903e-05 0.005028555822318463
1.1458380664191725 0.6090537600330435 4849.338284765612 -6.798069246079574e-05 0.0047966231663743655
1.1182789923158374 0.5561157840179525 4677.27059337674 0.0003367898909988777 0.005257937536587697
1.2496668517013358 0.610315861038827 4732.83504372589 0.00042020428239729883 0.00960254680467713
1.1531072631415016 0.5857976611142865 4832.710278958999 0.0002476320676762836 0.005134838023197154
1.1887559985561666 0.5913862421771514 4804.826762273523 -0.0006309236804114278 0.006182749113648865
1.1887559985561666 0.5913862421771514 4804.826762273523 -0.0006309236804114278 0.006182749113648865
1.1663197106231236 0.558825759289376 4797.05525401675 0.0008179993340877711 0.0063167294754959465
1.0918134293868431 0.5822839041372063 4764.766862511663 0.0002835489726738182 0.00579991746207194
1.199992041488664 0.6058724543567192 4379.491768900182 2.1714643839864444e-05 0.0052267958842947245
1.1731055110405693 0.59218917533859 4521.070510463165 4.157009555002973e-05 0.006446213304051047
1.1133802673345956 0.54901792079508 4811.29918156131 0.0004316973010159175 0.005113747493876629
1.2491219544844427 0.594181466303433 4352.048886670574 3.275452710081912e-05 0.005625687994457311
1.22203541087333 0.6010850365014225 4452.899611916166 -0.00013170175531095732 0.008632927875448938
1.116599980490857 0.5832844902308207 4872.855863473405 0.0001580658186744766 0.005277069478144086
1.1675720740245714 0.5611159155947401 4947.280189854159 -0.0004935526875896884 0.005657140189131631
1.2599575403340273 0.5805338692694612 4776.472539057794 -0.000652490153551327 0.006988094354188595
1.1219928333058224 0.6061440467278101 4752.493263463402 5.031461751626112e-05 0.0071798215658771865
1.2319850738360145 0.5977504118650526 4683.557244708351 0.0002657074145620626 0.007835786556754206
1.2746731103356255 0.5605793157821723 4536.798039423542 -0.00019887159987073635 0.0064967334097548145
1.1802351841246461 0.6152629570641981 4737.534284704283 -0.00013059483462564742 0.006391213490163323
1.2269897597550559 0.5889281369958512 4837.572086266459 0.0002100552073059245 0.00914959590171759
1.3086630395592012 0.6130458749997634 4249.028469113618 0.0005034310161425536 0.0071388829587670215
1.181754011315581 0.5639900560192197 4925.792283076125 0.00036299442291309495 0.0073083576444947975
1.214042097217703 0.5580572603004219 4966.093171927064 0.0004908795340977533 0.008047400296446548
1.0551302806973832 0.5797831842685005 4794.68167554609 0.0007767844474483846 0.005233188808428952
1.3185862994208963 0.6234555953292822 4405.0199425326955 0.0002428209116243672 0.0072455110421869515
1.1478910407224463 0.5830913009136579 4777.379051252187 0.0003977786054901607 0.0059471031461653685
1.2052302488068962 0.5764705081769703 4939.868423507132 6.0476011512274954e-05 0.0073538516787026754
1.3167889396256003 0.6377128027117024 4249.445576066098 0.0006845154828987977 0.008458602669451384
1.2664570632207859 0.5895049051531767 4650.247195390507 -0.0001869831159131248 0.009000030548431315
1.3245683453153596 0.5996716083385796 4581.619986898104 0.00047361577898499596 0.009286294058992152
1.228334880039661 0.6033651337590147 4725.349686087459 -0.0005167105363731389 0.007077170042595049
1.0824735692061669 0.5650333009009676 4636.292979251232 0.00046049789165365703 0.004940261599162997
1.1320582889993174 0.5717165815199874 4848.391620015132 0.00014411700957359504 0.005381869821327467
1.109750495653692 0.5643577119778763 4817.47124621546 0.00023517143771036142 0.005902389988235134
1.3346557116381588 0.5949412900383697 4901.75017464931 0.00042817048201507246 0.012491670713515864
1.3417803188402844 0.590286044205548 4827.95501631502 0.0003522143436077313 0.014710662409339204
1.3703574025359058 0.6234259620392352 4805.246469994229 0.00011134906142539565 0.015149131091758375
1.3424895558787804 0.5900574846338587 4509.07400717814 7.205230846072763e-05 0.013059148828426743
1.4763789780442946 0.6051695344062041 4468.447822405061 -3.809471434667047e-05 0.014063038249992218
1.3070596591471508 0.584898715200076 4663.039533802952 7.231172123690389e-05 0.012815197479003435
1.3070596591471508 0.584898715200076 4663.039533802952 7.231172123690389e-05 0.012815197479003435
1.3411844706147371 0.6035393589448683 4957.486530715376 0.0003538161849330847 0.012652501917139344
1.2451495713446301 0.603622145481645 4974.99220107492 0.0004394827646796754 0.011291519666216174
1.3050302017856703 0.6261361245730781 4930.501010822999 0.00031282306111648546 0.009592216545147005
1.3380287942747808 0.6048663101209716 4804.107660612198 -2.625509316841828e-05 0.014062100320797608
1.383157198657041 0.5712121359489821 4674.495741551714 0.00025229188711129813 0.011678765108167833
1.3493766542932613 0.6232208119940827 4794.3136246058675 -9.316419390515242e-05 0.014576131479994647
1.3493766542932613 0.6232208119940827 4794.3136246058675 -9.316419390515242e-05 0.014576131479994647
1.4894638577315695 0.5881566253232979 4709.02854239497 0.00023452747994223483 0.013834560077038795
1.3580007335320836 0.6107159247371193 4827.998090789743 0.0001292789335193384 0.014986037262406767
1.3146527358686089 0.6032750526557307 4852.138643846039 0.00036427413431163206 0.012248074865839106
1.4443638014509343 0.5857452895828217 4249.356473526418 0.0003036895399228363 0.013957368387734453
1.361694402365373 0.6158498667756381 4413.509367983147 0.00032456234550317764 0.011856840913306153
1.2805373419575456 0.5826333043020185 4650.187350526933 0.00030575193335618167 0.009603173654690335
1.1022130139648532 0.5749107769920596 4992.347497089664 0.0010880568000868592 0.005422788764389438
1.2749995119029718 0.5873952967805469 4797.988438269464 0.00022145298389094337 0.013323329747151643
1.3166018214377146 0.5670612056334452 4677.362856476282 -0.00040927053121513865 0.010639679134178553
1.2664357630732008 0.5613606205421252 4949.822868660101 1.4975109114241593e-05 0.010514898407300135
1.241399329923583 0.5364668539082569 4936.183702991516 4.871487781982621e-05 0.010430693281757598
1.2540969837263116 0.529188064973676 4904.389396135186 0.0003764186506123466 0.012655221893976817
1.2867539676314297 0.5591149037952026 4980.473804789508 -0.0005912462822346631 0.011464168951816343
1.28929913802159 0.6124332348156692 4794.7397455369655 -0.0005124963036368871 0.009621542605836211
1.28929913802159 0.6124332348156692 4794.7397455369655 -0.0005124963036368871 0.009621542605836211
1.263390953856288 0.6128745850587523 4817.069239225666 -0.0004063668989528397 0.013678133516680319
1.2619429362761945 0.5329903682627635 4663.186262297051 0.00038925978603562806 0.011571153422597643
1.47965220628261 0.5572549172749659 4802.033990373147 -0.00046711042484614754 0.01353546192323352
1.2837120598559024 0.5643549384229595 4937.653374727008 8.030085482544838e-06 0.01328906968485627
1.3064054933978149 0.6044228702294998 4784.719210324942 -0.00012161934674641129 0.010920431903308431
1.3028997703072989 0.5529554712653946 4858.519547036412 -0.00017091877305437848 0.012997311394474194
1.2677621855038252 0.5917968016693996 4911.1040282047725 -0.00012162126601052077 0.010099266156586278
1.2493318722686602 0.5683205573932102 4876.730166406339 -0.000407745087351804 0.0115716534768176
1.275953371810059 0.585208759813513 4727.363959126354 -0.00014532147447884967 0.009944040955729126
1.2739626850238674 0.5873131455725041 4994.909586259595 -0.0001595228058972492 0.012053725316073481
1.2739626850238674 0.5873131455725041 4994.909586259595 -0.0001595228058972492 0.012053725316073481
1.3234154363145616 0.6211927336482184 4955.906200930078 -0.0001744590342394362 0.012829837195029607
1.2990615064911526 0.5559696194633733 4605.544751921995 0.00021833200461525524 0.010509231568920686
1.3404956995207187 0.5746562994825353 4751.621317420212 -0.00011186471389768374 0.010905799078029941
1.2363630948067457 0.5894376490717113 4790.033872225412 -3.7518201494942336e-05 0.010159942994706444
1.198436911923222 0.5590464740337228 4946.659407541872 0.00023110168483834597 0.010055240178091094
1.387909588650911 0.5858542003698226 4978.657792274476 -9.976324273185682e-05 0.01430323503372076
1.4012839048152987 0.5524918436788042 4741.128138625727 -0.00036700771950511486 0.012021121103864243
1.286129026579687 0.5307360702973182 4941.217444137522 0.0006092953414714251 0.011184108714449258
1.2901465146699027 0.5592969570270045 4903.7161996159575 0.00017296046805652973 0.012110160460646481
1.2429574151637879 0.5683513239915841 4995.239058465437 6.453355234331391e-05 0.011453275695472796
1.275410076318207 0.5930831564250887 4889.366043866749 -0.0003210090754862887 0.011487187908906741
1.2503027607620485 0.6014873642912343 4988.836292619253 0.000235147597702995 0.010110564599751046
1.2244511831153444 0.5599731847015166 4883.598316683876 -0.00026675672860658283 0.010972759423960008
1.2672677349651222 0.5781113897473938 4887.3552913706435 0.00015739096835914407 0.010332821432987289
1.2765564811251378 0.5358125681957497 4902.162070231579 0.0007403941231463896 0.011173575006936158
1.381888878493701 0.572632288175937 4957.208205193968 0.0001698312367427231 0.013121578176271085
1.218005346336605 0.5951478644196275 4736.238904095354 -0.0006541087898985701 0.009408157250744799
1.3844567777024015 0.5435331890325372 4927.788819330839 -0.00017253898873983186 0.01224075844511836
1.3844567777024015 0.5435331890325372 4927.788819330839 -0.00017253898873983186 0.01224075844511836
1.2240663259765658 0.5866392570905489 4937.329445257006 -0.0005424811330447876 0.009444647849147409
1.2301608553695507 0.5585967570916113 4819.3692987857385 0.00021957436698509506 0.010917713166899694
1.3994181656000315 0.5819818455061396 4849.028368511814 -0.0004577423324376128 0.014023942464638539
1.4077672747607173 0.5554857224749776 4836.574505528837 -0.0003201214324447549 0.013926243435088406
1.3511076895367484 0.5179441628000903 4903.739485364697 -0.00013585457415375495 0.012548099977871534
1.3334873763039319 0.5943438771220504 4821.953470352082 -0.0005685698307551362 0.011710076786960975
1.1711767508608046 0.5735748779690311 4764.731974877851 0.00026204339069601455 0.009745799664521618
