chirp_mass mass_ratio EOS alpha zeta
1.2831796106891458 0.9188697846104641 4711.756881258942 -8.104892522008894e-05 0.3287925075754323
1.2948724629864845 0.9356401538111674 4503.095174769912 -0.0003115284782163278 0.5284493925410756
1.2895095270204457 0.9820136712182873 4591.268014262439 -1.7484569388168014e-05 0.9729696485938663
1.4600352598260624 0.9071610136255098 4379.949315498686 -0.0007826455517987821 0.938031362720126
1.4804954109762472 0.8956589023259514 4140.8168672246475 0.00025859970785523697 0.586700554190269
1.2370980989203888 0.9310053006005494 4513.5582410962215 -0.0007947601675571919 0.2297508362768162
1.3561021690424762 0.8810924782674368 4244.054107961386 0.000131128079795454 0.3506335455141633
1.4145613571084963 0.9332068514018089 4815.556191572552 0.0007163112426209685 0.9424667301177707
1.265708381495779 0.9588378221556534 4263.01567191669 -0.0003479181577137645 0.9553195572298818
1.3235675158804994 0.9792049564378487 4911.301813556731 -0.0008101279098633159 0.5603569237500923
1.3302378053899448 0.9873819606760514 4035.0759274716766 -0.0007029959125765831 0.9578346486477182
1.399045215225295 0.8435335297499906 4944.8191811811375 0.00035119017790380923 0.12734588769290392
1.2511065422215983 0.9757522370969336 4178.220392777933 -0.0006359447667657413 0.26553046562482596
1.4300500728245813 0.8573627404491668 4947.299672348389 -0.000502049835537487 0.286716343865019
1.3659789490912462 0.8646951775364785 4622.746791114296 -0.00022124777628557786 0.1786718532761558
1.4274794085329923 0.8988408717012313 4476.034068295365 1.0896364767673947e-05 0.7324577473097023
1.3999715370587436 0.9351127658633696 4572.144519135478 1.3614251331848275e-05 0.9970423110550257
1.4005141888771782 0.8483926987548414 4810.373625321493 -0.0002989047713945103 0.13748988678508367
1.2847753464834422 0.9438102623397889 4530.945851988295 0.0006133229990438237 0.6762026724934103
1.3292047950136532 0.9685588459204711 4910.621791987441 0.00025345135210118894 0.9539651792204602
1.3771362649511136 0.9313175709173804 4546.7087129083575 0.0005334423638681568 0.9637655401853169
1.3297927193376147 0.9533471132706596 4420.154883097856 0.0005062256624248931 0.983572983658854
1.3365966441074026 0.8910973329127994 4989.5327054798745 0.00022883623690851947 0.4554463400154469
1.3680617758025542 0.9337885759454932 4114.845039535206 0.00023756762816354087 0.8544045721687101
1.3412955229657957 0.9669074678308749 4162.952512656928 0.0007460915915712364 0.9632621926433795
1.3687866420724784 0.8416826547712887 4867.337399307196 0.0001832245915039814 0.13252336556524105
1.309487526777739 0.9112358367489094 4816.631070688726 0.00015661889083499436 0.8390923952537725
1.315460695507728 0.934457449080536 4691.887896318877 0.0004984231074476622 0.6429115685177392
1.3364953712382737 0.9110581877864689 4782.307048748159 -0.000322074389674109 0.6254127247054724
1.485907056230421 0.8742919578431817 4264.167106424722 -0.00045789587514100924 0.2938929812461928
1.381766776488992 0.9109299893102117 4682.162338804988 0.00015762339170585007 0.5534019555330919
1.413045285411433 0.9648443342505202 4306.58261514777 0.0005013685274436745 0.9896985028772942
1.3939399806970028 0.9174395189710272 4416.370104711827 0.0002202965715871454 0.6168890840431993
1.4705059801743383 0.8874763321468543 4024.4578043067777 0.00045225955338249135 0.41914969920894696
1.4503006240558203 0.9124014371038961 4733.939150303294 -0.0003117934939181749 0.9071120834098465
1.4835253034982177 0.9910142217677993 4352.750347980602 -9.601431207952128e-05 0.9853388157938148
1.3118845267752053 0.8888549306924256 4681.646858593201 -0.000565063660010618 0.43019788428678774
1.5032959667413177 0.8552704112292473 4536.235627402489 0.0002607452561546174 0.2730406805387934
1.4110155030543416 0.9545478103577564 4933.800929095705 0.0001594486392355333 0.9800615187103591
1.3337195810308256 0.979729463602806 4114.849214649911 6.224572268911646e-05 0.9070510568435302
1.5783307317831523 0.8507624226583959 4690.568395373843 -0.0002503002303108133 0.23322806895519843
1.321176631911888 0.8694489620719112 4533.211126484169 0.0001739872461370987 0.17320887007113583
1.3721501975701451 0.9085790751968336 4134.206039246166 0.0006174170992044152 0.521942214013618
1.3521411568601303 0.8949454056697423 4308.414962748019 2.1000268879987257e-05 0.566761831282913
1.2912145198942837 0.9586327684752458 4893.941104403382 -0.00023405702434898626 0.9819938520761926
1.303640737162373 0.9644254504142169 4327.286918600371 0.00017529598359818983 0.8269315126605834
1.4077108808867056 0.8945418874109838 4736.340309716529 -0.0005495434773844304 0.8686909780006931
1.342143211586603 0.8754219587204408 4898.943217855865 0.0004394870361664476 0.29531192271859846
1.278423796509089 0.9612753243020736 4294.802895322458 -0.00015933603351607218 0.9194240006315368
1.365097792053216 0.9247085932270154 4020.6967772301637 -6.681001712884e-05 0.717115806893616
1.4380714623840434 0.8791326219258 4694.721176788031 0.00013313149172090028 0.5076350177114556
1.362530950063202 0.8715692749067314 4738.338989532755 -0.0003987759250180461 0.30862464079103585
1.4457988092448115 0.8619855935884444 4509.584514850576 -0.00027808818815799977 0.2803534918791615
1.5377245594097633 0.8823518863569749 4527.372019064285 -0.0002768074656932185 0.5372446840664333
1.3816045723781682 0.8840939927310587 4149.902957792109 0.0006297746450485861 0.4005226816230282
1.3884623808188188 0.9214179021856458 4192.367714059018 0.0009260628359478728 0.6549693405715439
1.4689804142684832 0.9219781656397554 4750.672194345342 -0.0001639036968340566 0.7663631441713499
1.4020136778770713 0.8437232139387976 4114.497995187691 -0.0004236474525252599 0.15976505255572843
1.5593872834269407 0.8888777976472129 4492.469910136521 0.0007156508659740383 0.6318870180682696
1.3196057384449509 0.8668257230844917 4541.169278631855 0.0003775849985414229 0.2632222693491548
1.448159648467311 0.9152213070201242 3956.566574111552 -0.00017799845303744739 0.5982927327664549
1.5067321300984955 0.8845509738227747 4415.216894654548 -6.72918966919502e-05 0.4340372477547213
1.513887319138742 0.8343171747001127 4639.525482124234 -2.5550941663714643e-06 0.13676389366083114
1.285324020391769 0.9325559868390909 4538.143116643586 -0.00028837590396645833 0.9974340514042116
1.4847880740879282 0.9112399593193695 4384.251983002287 0.00033189485368121486 0.8371094779191985
1.3552881868605724 0.8592759668655823 4972.837286309481 -0.00035312234639689433 0.2599386929400071
1.3999901614379695 0.9210652606961428 4470.818918059211 -5.4327860927444505e-05 0.7019780354763864
1.3518363203581805 0.9081870214391731 4591.202824463591 -0.00031546507822572604 0.8462773516202686
1.3487061534102898 0.8577238326834077 4197.968760472717 -0.0010579002504776077 0.23499568632889575
1.3060152053488439 0.8822660217776082 4458.553929690338 0.00017298494925765013 0.2985461115943435
1.333245369282086 0.8806730390915806 4391.417215051984 0.0003498646205258093 0.3594886985809178
1.3755943596036504 0.9523050723528141 4512.0160935026925 0.0004314749502368245 0.850044798979985
1.3701874489184007 0.9478152566197178 4395.200412756526 -0.00012838565905029596 0.6489578469514907
1.3306214127523448 0.9450822749150358 4622.076439769358 -0.0002688259355738009 0.913306889636433
1.2777015857929723 0.913328464714733 4686.368490961277 -0.0003542813212445846 0.5252720649218825
1.26939144140924 0.9733945713811976 4819.9879464033975 -0.00012947188938265957 0.5796625284734562
1.4183909577333884 0.8647893794895134 4368.219994790605 0.00015802528576755657 0.2876829509478558
1.2446104437043803 0.8941707111427806 4235.892154084524 -0.0005454451625701537 0.35874231868860335
1.3727657700062252 0.8925267719757362 4783.822756808629 -4.465799559362612e-06 0.5511809149045195
1.4245401666032271 0.9168136033218868 4142.54935503252 -0.0002659206787293708 0.719091386359989
1.4778600866677527 0.8845796211402372 4402.081635643657 0.0006496533065147487 0.5490726448098162
1.3700835497639212 0.9583238708921722 4255.61030624038 -4.834492875055551e-05 0.9072063622021324
1.3254639206970569 0.9420314676160769 4875.088332091177 0.0006970970787271979 0.8368254697914276
1.4699371552913998 0.8953606397191447 3936.4660063167985 -6.778476729851834e-05 0.4275323916919289
1.3257115247421947 0.8581224813071588 4924.145296159274 -0.0002657107580530692 0.16579367931111041
1.3394497647428893 0.8954963671005298 4935.107782031205 0.00019022322067090256 0.6590311869992913
1.3230333111251857 0.8817381464041245 4567.97964295643 0.0002894651912824252 0.34762871688865515
1.3358244411165296 0.9308562474149399 4685.931590871199 9.442497910836896e-05 0.6073873885825212
1.324568992674368 0.9171618368617371 4833.838028852312 -0.0006158708114713757 0.6154071159835801
1.322356001709145 0.9278039018354557 4197.209386202229 -0.00011092982384619162 0.9028504892424305
1.3598409511570027 0.9087363580529705 4596.295190584001 0.0006727767065300727 0.7676076793100834
1.437157986560961 0.8393476406819094 4528.619687464134 4.1907524660838724e-05 0.1644767071690891
1.437157986560961 0.8393476406819094 4528.619687464134 4.1907524660838724e-05 0.1644767071690891
1.392854783074947 0.8607650338236396 4779.393804583602 -2.780353852490554e-05 0.22253719763088742
1.55479212859969 0.8713531104337094 4492.139944245371 -3.05199475586433e-05 0.35889090703295734
1.3318296546488537 0.8853437802107247 4463.881789065682 8.014297411930469e-05 0.5007893344977719
1.457494011102177 0.9099399123484762 4305.1090875025575 0.00035573678421533665 0.6510674779208074
1.3773703721280195 0.9335452387871483 4682.300842018794 0.000259951986565373 0.7094483048423927
1.3662146354650564 0.932239369951976 4953.095522040751 8.673035151437864e-05 0.8908594183408007
1.3725354523635989 0.9423184119908508 4951.775547988959 5.714698466949057e-06 0.9792018009517992
1.405641431820463 0.8645659617263846 4449.43094810847 0.0008575269748956727 0.2233355615023171
1.2932115075674027 0.96299875134 4903.861780609131 0.0006322532653525067 0.835616638305896
1.4408459455982476 0.8834897410055087 4122.131000757429 -0.00026784530198148697 0.37300488565329293
1.329257577789932 0.8376652805459476 4186.826586920969 -0.00016806640776376945 0.11346964646523164
1.3734767563946786 0.8789369470793358 4693.500388334272 0.0007935271406323312 0.4511979165806747
1.3791876880339902 0.9047881070937974 4661.686166209532 -0.0010659808444281559 0.47610936282130273
1.3791876880339902 0.9047881070937974 4661.686166209532 -0.0010659808444281559 0.47610936282130273
1.3232748850605593 0.8749245310869982 4588.876258073342 0.00014283470963737566 0.21865889318137038
1.3428036298024528 0.9643298212956001 4907.215729985867 -7.996736713603513e-05 0.9878229395839547
1.4128018474351571 0.9064659724897012 4877.789048097933 -0.0005141517204498083 0.5587637511151968
1.4101178278114594 0.8824211213740057 4841.79314081326 0.0005976133243548633 0.4170354752876496
1.4101178278114594 0.8824211213740057 4841.79314081326 0.0005976133243548633 0.4170354752876496
1.4769075615029226 0.8371494617279458 4238.545022135018 -0.00015459096570995351 0.11273494509771123
1.3694838638809539 0.9187955896387665 4807.174625417355 0.0004999518694724806 0.6589950020147366
1.2611347046672734 0.9390513572934435 4318.950343090983 -0.0002242887018258953 0.9168308407594322
1.2733723640874446 0.9009000629711404 4329.665936832112 -5.1903407560299366e-05 0.294451733171573
1.4320291989819793 0.9159689627344464 4328.991969663997 -0.00011903851550207474 0.6218448093635405
1.280499550054773 0.9015569149817925 4498.819280475114 -0.0004730716901345705 0.5337802854575509
1.3789507164446064 0.8676160276449453 4368.848895890878 -0.000202761349086005 0.1891598173265343
1.2818642667156774 0.9061745335432941 4722.245842330238 2.031211587470588e-05 0.7381299902098972
1.4267241720371429 0.9215382879720562 4526.908036865567 -0.0009299376471430391 0.42226107621052794
1.4267241720371429 0.9215382879720562 4526.908036865567 -0.0009299376471430391 0.42226107621052794
1.2777998479672834 0.9561054802862629 4483.372792728489 -0.00020930729389932428 0.5504129203973053
1.2777998479672834 0.9561054802862629 4483.372792728489 -0.00020930729389932428 0.5504129203973053
1.4031879517783574 0.8871863723744815 3965.997174367016 -0.00012005336439297295 0.36800686544442746
1.4031879517783574 0.8871863723744815 3965.997174367016 -0.00012005336439297295 0.36800686544442746
1.391706412804634 0.8759358644265547 4454.071098794466 -0.0007017326262502789 0.3388132172998736
1.2954985305028115 0.8857224660575611 4705.21053520583 -2.478020683978469e-05 0.3573799880789669
1.5297537286138585 0.8914272496317326 4581.955424213095 0.000397268099692279 0.592410795693109
1.3786310759088538 0.8551469399691466 4591.132405856197 -0.0003711523624225399 0.23606131255791118
1.3786310759088538 0.8551469399691466 4591.132405856197 -0.0003711523624225399 0.23606131255791118
1.5365525454727513 0.8821526832868043 4496.489764886744 0.00046235533271563663 0.47498516290589493
1.4268042179000122 0.9205645814483011 4872.826111918324 -0.00027462867582854483 0.9835965431100621
1.6060898001576984 0.8638512411231279 4537.1033670527695 -5.7603694359799907e-05 0.26470919996498926
1.3713468242696185 0.9343829624890685 4192.793127368949 1.1609109178769565e-05 0.6697928846644524
1.3119917366169855 0.9041332802502636 4678.76955852638 0.00020186707133581307 0.7886869260616698
1.3066136412090592 0.9418127464071234 4200.080040477002 -0.0003110651243564243 0.6329705188439041
1.3476402293747096 0.8499516642919598 4812.139908975673 0.00024276098259372488 0.18010499640119795
1.3476402293747096 0.8499516642919598 4812.139908975673 0.00024276098259372488 0.18010499640119795
1.4441163565651423 0.8414690151402464 4732.639921002238 0.000586462004714233 0.1710744905403893
1.404444599578035 0.8876437270964782 4843.826605560734 0.0003203025880322183 0.44825749818854677
1.3399284198612746 0.8870992069009376 4308.219765307216 -0.0005926244888045755 0.34586306738105366
1.3399284198612746 0.8870992069009376 4308.219765307216 -0.0005926244888045755 0.34586306738105366
1.3607957648877669 0.9065108563518471 4977.424856999725 -0.00021687508690913253 0.6814329432721545
1.3398821548990303 0.9071518288923079 4322.588985629765 0.00041679724386488765 0.6059906778747066
1.3398821548990303 0.9071518288923079 4322.588985629765 0.00041679724386488765 0.6059906778747066
1.4426126977622105 0.8753406711511302 4371.7775723815475 0.00011284661203661624 0.34492948542239454
1.4061241647864253 0.9189544229079646 4428.661870203619 -8.060870139794428e-05 0.8828984117837274
1.4061241647864253 0.9189544229079646 4428.661870203619 -8.060870139794428e-05 0.8828984117837274
1.3871683489559197 0.8514263225309011 4591.34633097757 0.00023558699533158089 0.19999457957821665
1.3572399646860536 0.8865824889020028 4972.591169878602 0.0004318412679170741 0.4726581555594004
1.3572399646860536 0.8865824889020028 4972.591169878602 0.0004318412679170741 0.4726581555594004
1.3510533702112841 0.8886539686099499 4382.656554547271 0.00029208148165838925 0.4613472982370572
1.4800446251912673 0.9048892435278387 4043.361802840543 -0.00010313180734076171 0.5864166371209631
1.373457860136561 0.8220917849317725 4786.441554431384 -0.0004883806825440775 0.09304728659423854
1.2866374882845721 0.9363417589490401 4952.45518991391 8.82297726219238e-05 0.9566628032362282
1.2866374882845721 0.9363417589490401 4952.45518991391 8.82297726219238e-05 0.9566628032362282
1.3360129412361093 0.9735042311291234 4818.060955287402 0.00028594896482871807 0.8657741742945428
1.3416863188954467 0.8890365269489231 4258.576168710614 -0.0004811810932833643 0.3719087781996915
1.3207124062834126 0.917767416407419 4399.470576496479 -0.00010175299104931713 0.6041656093725173
1.3207124062834126 0.917767416407419 4399.470576496479 -0.00010175299104931713 0.6041656093725173
1.3009027083340117 0.9095979303485164 4681.2666269170895 -0.00011282601457210765 0.5105366314809847
1.3009027083340117 0.9095979303485164 4681.2666269170895 -0.00011282601457210765 0.5105366314809847
1.4034337355046425 0.8850986967850721 4862.526812384241 -1.355511211384614e-05 0.3515712225344881
1.4034337355046425 0.8850986967850721 4862.526812384241 -1.355511211384614e-05 0.3515712225344881
1.4101800058165939 0.8914441429451473 4416.200035275569 -0.0003739169196255348 0.4176413874897408
1.4101800058165939 0.8914441429451473 4416.200035275569 -0.0003739169196255348 0.4176413874897408
1.302795136468081 0.9226514397713477 4770.047208952586 -2.560227862658955e-05 0.890993066352022
1.2716375796755557 0.9706825645698024 4711.230259887618 -0.00012193515848325907 0.8198795042754101
1.2716375796755557 0.9706825645698024 4711.230259887618 -0.00012193515848325907 0.8198795042754101
1.4689347362106657 0.8287373717752584 4552.150076559943 -0.0004498859102815725 0.11036623560574604
1.4689347362106657 0.8287373717752584 4552.150076559943 -0.0004498859102815725 0.11036623560574604
1.3070487609988066 0.9771335558846429 4713.584934284267 -0.0001793979735426243 0.5863116285893011
1.417117328838366 0.8628556478010997 4852.023120495346 0.00011755126374829262 0.2832649639821487
1.3910598374604304 0.8631529622079036 4387.925144043921 -0.0003646165444933349 0.21510228790250013
1.3333385185161029 0.8883036404508894 4816.16945804351 -0.00014635513089727891 0.5567991598126092
1.305513609644998 0.9044407810604068 4539.145868467921 -0.000998999938082359 0.4697052386366276
1.420864669642329 0.8489031799566189 4811.315659482024 3.542036906533701e-05 0.18102760868665163
1.3635451892497863 0.886235795333831 4133.285752031855 -3.8423577853079725e-05 0.3983395813140249
1.4007656528059904 0.8620516357311963 4546.291812982352 -0.000292687154288824 0.24809294039030175
1.4007656528059904 0.8620516357311963 4546.291812982352 -0.000292687154288824 0.24809294039030175
1.32933079284963 0.8865869902924086 4139.926447381733 0.0003286840426918257 0.3877137583120909
1.32933079284963 0.8865869902924086 4139.926447381733 0.0003286840426918257 0.3877137583120909
1.3594960202563464 0.9028812910370586 4743.241934693862 0.0001048198688779523 0.4974535399208094
1.3001642036049497 0.909508931964872 4834.144209762361 -1.9328322431794648e-05 0.872214349619101
1.3043152305832615 0.9237654845755344 4601.78160445183 0.00020060081555612285 0.7737243817127183
1.2776630725043203 0.9560320421553056 4286.442922218228 -0.00010339838120288531 0.7950053355147718
1.542738848189618 0.8838812571580854 4492.251578458505 -0.00021666601545756415 0.4819707082910654
1.542738848189618 0.8838812571580854 4492.251578458505 -0.00021666601545756415 0.4819707082910654
1.3435923620082701 0.9121393221870167 4777.744461085753 0.00015947214619290077 0.5202647621630063
1.3435923620082701 0.9121393221870167 4777.744461085753 0.00015947214619290077 0.5202647621630063
1.421026052407885 0.9056778545829405 4144.953870045756 0.00029132271612478035 0.6393145853150343
1.421026052407885 0.9056778545829405 4144.953870045756 0.00029132271612478035 0.6393145853150343
1.3566893217626497 0.8979070359319908 4419.489608680256 0.0001417049011394902 0.610881847839283
1.5535349213069694 0.8743957092887864 4321.357534633114 7.416674825019102e-05 0.37710904027239606
1.30111640922761 0.9280721845917429 4681.879235407793 -1.527180927498542e-05 0.7137871092185013
1.304355656277917 0.8841361463694086 4340.193312432408 0.000499258156634543 0.5402077599207075
1.304355656277917 0.8841361463694086 4340.193312432408 0.000499258156634543 0.5402077599207075
1.2549939957803808 0.8960750233982289 4735.056543482057 -0.00011742697882629665 0.4048764589515857
1.4981650954206862 0.9101065173335785 4405.761947863056 -0.00017818779481546622 0.597973545957092
1.3278511239491206 0.8810980183758702 4845.346347243813 -0.00025484476061504756 0.4694331483411413
1.373174619351785 0.8960961921832444 4742.719481427547 -0.0004971368577652405 0.6383966331048562
1.2977584890762874 0.9211377018437913 4766.740443003704 -0.00038651913536611235 0.2621218302423626
1.3560035325375968 0.9009013648681972 4968.781108792905 0.0001893364080201453 0.6517966696696337
1.3083401665867187 0.9324504476527263 4610.92769563562 0.00017864399835146688 0.9066674491515845
1.3317514935310237 0.9461749946547342 4810.897402171587 -0.000585437452206341 0.7245858019038025
1.3317514935310237 0.9461749946547342 4810.897402171587 -0.000585437452206341 0.7245858019038025
1.2889996849839236 0.9058892260249263 4740.572703283949 1.3798450864146273e-06 0.41231140627591134
1.4719361504624535 0.8863494000036193 4095.87324782926 -0.0002515005680027358 0.5065811170190564
1.3109386314906382 0.8821035390200989 4672.23503349013 -4.027498571337709e-05 0.20384375635643467
1.3542139448671433 0.887013626660133 4242.575747478961 0.00016380792202865324 0.34568048314712474
1.433498210342024 0.8875158791803895 4371.7084220540555 0.0004081803268561006 0.3893492827594511
1.2815315340435889 0.9202047984638262 4787.99720250939 0.0002312688030730312 0.6857939111878792
1.2815315340435889 0.9202047984638262 4787.99720250939 0.0002312688030730312 0.6857939111878792
1.4173102247218057 0.8711193359761488 4462.097604471548 0.0001371391638045824 0.31287504447826464
1.3820049886599173 0.8620939750069702 4859.992160626401 -8.361246265670356e-05 0.20562077846296217
1.381332150789063 0.911695991830811 4838.090498786079 -0.00011746809533385785 0.6061615437074437
1.357178960729391 0.9141365009187686 4676.380951835708 0.0006324761144378033 0.8506990319082035
1.357178960729391 0.9141365009187686 4676.380951835708 0.0006324761144378033 0.8506990319082035
1.3279683969938647 0.9108014868115485 4757.000451866673 -0.0002368066066565552 0.9395601910116448
1.2761386434228243 0.9110324826752177 4513.036872657654 5.882275219422838e-05 0.5017912353371947
1.2497130871502535 0.9371628170633515 4625.431714082766 -0.0006183627671743144 0.5115207835317706
1.2497130871502535 0.9371628170633515 4625.431714082766 -0.0006183627671743144 0.5115207835317706
1.3594882500587615 0.8701159234839244 4863.292747342118 7.424598680337953e-05 0.23553551900534997
1.328693721623681 0.8912248085415889 4292.54068713445 0.001013315471511357 0.527322842037869
1.328693721623681 0.8912248085415889 4292.54068713445 0.001013315471511357 0.527322842037869
1.2751029989473213 0.9009994098298677 4625.675660536641 -0.0004492138342789713 0.4863654476112108
1.306437209279049 0.9179017288839115 4644.314927622948 -9.732983986662376e-05 0.49430757151807614
1.3769375178461727 0.9611963024096607 4992.0938246862315 0.0007058230065780699 0.9899350236445186
1.4037713898510922 0.877816907245278 4682.9112867865315 -0.00022581590134217563 0.29167261094244173
1.3883570942425845 0.8841681408301003 4348.042477487914 -0.0006131980224077234 0.4230830305864598
1.392392267149562 0.8963040813310202 4959.192422720887 -0.00016283715336001153 0.6016517999055494
1.3044244708540966 0.9572675269012497 4561.170747990646 -0.0002160020058168378 0.9276862833100745
1.4856231459792062 0.8747929942325547 4221.187484640591 -0.00035878522942411683 0.36548297993259926
1.4339359363871345 0.9172852498173756 4933.295967553338 -0.000649044825734396 0.9851849237456638
1.4852930644495903 0.8833871498233461 4324.323624300409 0.0002496154808304088 0.45571838899069506
1.4060105718654174 0.876136006205531 4572.896714858643 -9.105662039642968e-05 0.31138458012120646
1.2867244710394399 0.9419324492386676 4792.4340995872135 -0.0005469195916586152 0.6890214820673414
1.4168705892963567 0.8845916104350794 4911.628262087482 -5.839658017974841e-05 0.47380781843868935
1.4138611244702144 0.907330158484451 4959.6689902623375 0.00020523553099405622 0.9413509416881987
1.4934622198117262 0.869356612182426 4598.825399290545 0.00011330261742999149 0.3375238298372309
1.3878475784833277 0.8996447494566677 4914.253620761863 0.00011585990937008289 0.5386079670156505
1.3878475784833277 0.8996447494566677 4914.253620761863 0.00011585990937008289 0.5386079670156505
1.319707695245035 0.8966183347457864 4262.270657426268 0.0006538051221050344 0.5286710220859592
1.5674543877126679 0.8732601659489283 4654.790330954168 -9.512402770290708e-06 0.39913858070788866
1.3215701408713962 0.9330245915070903 4896.147914419834 -0.0003283903064362324 0.9827800379747567
1.356342857464981 0.9257881500157488 4998.194512949431 -0.00035539733101161837 0.7894345252911577
1.385323690856548 0.9373489696906294 4306.497238849648 0.00014665740873163444 0.5991507648548478
1.385323690856548 0.9373489696906294 4306.497238849648 0.00014665740873163444 0.5991507648548478
1.5680647493321405 0.8675821571076605 4445.419549008756 0.00033257615007810506 0.3452947166102999
1.3340409395627897 0.8956357798077081 4936.343157033242 0.00013802991229446807 0.43604903344402135
1.3387018557979111 0.9295777939258612 4858.092781183751 0.0003046218310175041 0.9248279137955151
1.3669637308562752 0.9234656944105704 4939.352122784485 0.0005310272602613851 0.9686282753081307
1.3934825725210755 0.9043704345450424 4739.5482779104095 -0.0003174912939460807 0.6669057196071342
1.3934825725210755 0.9043704345450424 4739.5482779104095 -0.0003174912939460807 0.6669057196071342
1.242164602388659 0.9357418864896816 4735.10871492014 7.516917648478723e-05 0.7501508588601851
1.35918526781118 0.919271674204562 4804.849967219334 0.0005112855362191987 0.7144255512075546
1.4295333420770944 0.8703540329604077 4959.47484539862 4.244533508267224e-05 0.3717441785890705
1.4180790167467272 0.8906417649678283 4957.421952721099 -1.0461817257931168e-05 0.5453560613273978
1.3673197056211728 0.8921287634757793 4990.606835389924 -8.357019022223152e-05 0.45779828233693
1.3902164607984937 0.9031153456084262 4941.736625505565 0.00021542577058200643 0.8668689851591349
1.3273512221144008 0.9104694719254679 4377.390456381451 6.861141676468502e-05 0.7194672844461043
1.2897631708437425 0.9511395052027518 4176.582420738471 -0.00031098221089655083 0.8580344702419436
1.3695566910813897 0.8784334476186719 4503.164647470017 0.0008930061201668576 0.33838035959829016
1.4060259461935853 0.9024486749603942 4959.171696582297 8.154384718422093e-05 0.7329780974863045
1.3320620443504971 0.9104583965911005 4936.752270453662 0.0002904040554179151 0.6638700339841392
1.3747385300478894 0.9013980293006991 4743.893428228231 0.00033214979657379055 0.5485722361646068
1.421953080230011 0.8822601539216801 4843.170188523694 0.0001533850013031981 0.47429113516511523
1.4746762331862582 0.8966713298158603 4891.553504690652 -8.336907385181946e-05 0.7365924850808118
1.4746762331862582 0.8966713298158603 4891.553504690652 -8.336907385181946e-05 0.7365924850808118
1.491833794061769 0.8564762741004899 4803.054286790939 0.0005818468400815248 0.26031058773670734
1.491833794061769 0.8564762741004899 4803.054286790939 0.0005818468400815248 0.26031058773670734
1.286902816479437 0.9019402157507164 4489.235620033587 0.00014057491486950987 0.5134743871296106
1.3465704944052022 0.9112924420436144 4685.716813961535 -0.00017932821627718163 0.4929897155353737
1.3465704944052022 0.9112924420436144 4685.716813961535 -0.00017932821627718163 0.4929897155353737
1.3251405855408303 0.9725277712685896 4796.528215500448 -0.00031681668067392996 0.7126289359024258
1.3251405855408303 0.9725277712685896 4796.528215500448 -0.00031681668067392996 0.7126289359024258
1.319966015949493 0.9293412003288996 4691.599412693071 -0.00029856975997132577 0.7106645044612034
1.3716629184372584 0.9270494856378857 4621.944493016111 -0.00031508536385613066 0.5668189376091786
1.4181356414944215 0.875830022777987 4605.928432058242 0.00020618919354408778 0.3231138123076285
1.3200534534746833 0.900481230845265 4790.135168763103 -0.00027122691101497245 0.37873148543669855
1.4373779606430235 0.9037104452468134 4799.504081314037 0.00033077865409668783 0.786258027587446
1.3226366841169022 0.9048889603036907 4521.057691606612 -0.0005297214992638837 0.39179906548695476
1.2563567826647768 0.9608565243126547 4489.615466000164 -0.00015598867591705182 0.7462989689398044
1.3281708519233113 0.9680954184687482 4832.719157948115 -9.795306579243314e-05 0.665126064127227
1.3644030257789077 0.8729314274384472 4629.047720612745 -3.409508150231589e-05 0.30067334086179265
1.3352709916925667 0.8749819474300028 4760.730613234477 -0.00025385462497440884 0.25630405221240915
1.336845676069314 0.9468376526059827 4796.419984261938 -0.0007976945029508205 0.8751031617555396
1.5086882411430569 0.8802265685870746 4551.370438383276 -0.0002131145432428546 0.4539379831776355
1.3090203217455405 0.9951775588752182 4252.116313876028 -0.0001852546720742824 0.8129762175080817
1.2985483501689261 0.9256942655027304 4772.252901639449 -0.00010317212867395518 0.9060746458876853
1.3201515788607798 0.9027077015519289 4711.3845041343275 0.00014493064363370835 0.5608225421603112
1.353684176033333 0.8688490835941408 4420.985389327395 0.00044314726960512866 0.3070753623172072
1.3581364120939023 0.8683504571220803 4708.851911794646 -0.000498482627274897 0.26291957227945917
1.3285513334560677 0.8968021250708015 4576.939332687617 -0.0004492742485257128 0.47811050542101796
1.3399739922902603 0.9210862072803898 4731.450180087345 -0.00017018777662141087 0.7975192946821998
1.439115994470357 0.9143937585800322 4510.736587428989 0.0002852644783518056 0.7892017740449357
1.439115994470357 0.9143937585800322 4510.736587428989 0.0002852644783518056 0.7892017740449357
1.3443115038383682 0.8881648603826413 4712.39658780127 -0.00027399761029505635 0.5125483669073516
1.3443115038383682 0.8881648603826413 4712.39658780127 -0.00027399761029505635 0.5125483669073516
1.3110465798956832 0.9044352408556627 4559.675708170783 0.00011815183477134535 0.6503515801278625
1.3621303580001973 0.9469472995914301 4862.984864540169 -0.0005151418003084706 0.9210667594727309
1.3758452235197374 0.9273591354855982 4253.60350221772 0.0002487465099686507 0.6728535845310217
1.3892855221903149 0.8500225044227901 4989.404053569729 0.000501096402124825 0.19973559296192717
1.396966356477954 0.8924626054916289 4732.898333571539 0.00022018426287384422 0.5607950809714958
1.2613672067302035 0.9486950601806535 4788.978105432038 -0.0001709139009045756 0.8055035983103982
1.2732576001610223 0.9577854121911534 4484.5499199324695 -0.00019511107218577812 0.8776034634390164
1.369782925106728 0.8567484698545347 4522.905787252275 0.00037949798951466906 0.19529504039929427
1.369782925106728 0.8567484698545347 4522.905787252275 0.00037949798951466906 0.19529504039929427
1.2893392112457411 0.9217410266377524 4788.255882551542 -0.00021010457651773776 0.8336394934514026
1.3992229102347045 0.8955224146461691 4348.846789648448 0.0006112769415440409 0.5254848558395415
1.269148197245224 0.9632547634251809 4861.866465001849 -0.0003027495684072675 0.8945156952985027
1.269148197245224 0.9632547634251809 4861.866465001849 -0.0003027495684072675 0.8945156952985027
1.324970304360317 0.8982014285707756 4760.754447245865 -0.000394739449112792 0.5173470387309892
1.324970304360317 0.8982014285707756 4760.754447245865 -0.000394739449112792 0.5173470387309892
1.466827189768058 0.881233717778816 4424.780358364306 0.00036979234486470426 0.3571163892534855
1.296452598728436 0.8970447495706079 4471.668821847742 -0.0003688724982258712 0.4470025403434133
1.4674546271537814 0.906906963845242 4955.97147354332 0.0002938999286427204 0.8034789211969687
1.3221797543506695 0.9090358277733676 4547.527041595851 0.00012120145642254244 0.7781530212228263
1.262928915649359 0.9152844341584725 4489.953051700855 -0.0004278197530301585 0.43276426018050684
1.3884808335455898 0.9263525173583099 4512.591854062132 -4.764388684673168e-05 0.6721717285273091
1.3453147886080448 0.8974871912861261 4497.884867964839 0.00013276350527639824 0.43771776656280437
1.4715266077018971 0.8728232541064533 4802.6928057948035 -6.703077389512738e-05 0.3058378411531596
1.3724434083331207 0.9469792839529705 4087.4015622905395 -0.000371803679445749 0.7260581317346081
1.3468155305195855 0.9285672980469125 4351.054141773107 -0.0003479323186224508 0.5494574085529984
1.3176191739183944 0.9264728433948275 4110.716946759516 -0.00033912012060916723 0.8497240290160186
1.2895947299561865 0.8985710356244072 4520.424394862443 -0.00013394749027292708 0.41834644209153327
1.302777762585885 0.8855607360167241 4819.146096567658 -0.0004611979201567602 0.30253812761247
1.3111680420524436 0.9334991353375861 4934.856788454769 -0.0003899145196083107 0.9201915666399387
1.3537617426051902 0.9031724250935909 4748.557709549535 -0.0003831668494257543 0.6919972985956178
1.3376203411843082 0.883575553847314 4981.916031275858 0.00032315990270334426 0.41563603582051645
1.3345279677309083 0.8906935918120433 4965.741713144834 -5.76375167635722e-05 0.5162574260862441
1.4421375383104766 0.8814626465135411 4970.706200299628 0.00038207430687375025 0.48439689608182457
1.3815762417199988 0.8639966377458834 4896.483634264606 -4.918954685139547e-05 0.23882495977517848
1.3426356752064215 0.9166126900494693 4837.046804251162 -0.00035471726163703625 0.7839994203928562
1.3049636149491 0.9276914465952611 4902.987039106437 -0.00034818239121122373 0.8907913822735887
1.394770960194304 0.8987086862380945 4841.697040808938 -9.740041124565184e-05 0.4739704932207716
1.2754933021333035 0.9333647828515934 4705.905407840495 -0.00029977041791340233 0.7414284703013153
1.2754933021333035 0.9333647828515934 4705.905407840495 -0.00029977041791340233 0.7414284703013153
1.350506579458997 0.9076038370473993 4459.152708235668 0.00013631780525315954 0.5445403731913481
1.2840171597452292 0.898611083621895 4894.178105502131 0.00015532126059450185 0.5174066992480226
1.309532047138354 0.9511539017563282 4905.727245537533 -0.00023463729151298402 0.7109796995349371
1.3146396253039934 0.9483576108146683 4863.983525573705 -5.823671983235032e-05 0.7939539030053973
1.3146396253039934 0.9483576108146683 4863.983525573705 -5.823671983235032e-05 0.7939539030053973
1.3632412652944943 0.9206760723961313 4998.829949455309 -0.00021573325714439623 0.8419637421925632
1.4180196175625857 0.874010717821579 4683.122019418491 0.00020287005503474828 0.34327318725898504
1.4049073331070745 0.8679149541254711 4994.190952428887 -0.00011465411488217452 0.2973584789611271
1.3824243821731215 0.8984656390865147 4502.768262990193 -0.00107362979433792 0.43366118292279915
1.366769584193719 0.9083238267716339 4892.50781368382 7.058378730896428e-05 0.7539150751448989
1.4293635105522127 0.8680214347574362 4811.659988676379 -8.750402833401925e-05 0.3533359308493412
1.4293635105522127 0.8680214347574362 4811.659988676379 -8.750402833401925e-05 0.3533359308493412
1.4224002335849566 0.9148537060710115 4511.741006265789 -5.075340513988104e-05 0.8013108460890913
1.2961416748744554 0.9054274157320013 4456.349847253662 0.0001997967211435172 0.583229610975079
1.3327116165373036 0.8753958290281881 4973.827017374522 -0.0005835059807861037 0.2561220895250104
1.2966366834402883 0.9052984529778973 4787.225903555291 0.0001488723386745798 0.6415319355806679
1.316210334740175 0.9264495423004564 4693.458784158175 -0.00010767849752870627 0.7226088652412355
1.3370112713500721 0.9512406490385178 4852.817344991661 -0.0003221427035023843 0.781173474413335
1.3370112713500721 0.9512406490385178 4852.817344991661 -0.0003221427035023843 0.781173474413335
1.3675196616329384 0.9213923648150186 4992.390795032168 8.836367204225287e-06 0.9472330317166305
1.3675196616329384 0.9213923648150186 4992.390795032168 8.836367204225287e-06 0.9472330317166305
1.3292322913813641 0.8972540241363739 4972.940002869569 4.8868662489980463e-05 0.4411763262848479
1.3409100837947603 0.8950123378763901 4848.05442824162 -0.0008454326190831101 0.39599183028591894
1.3409100837947603 0.8950123378763901 4848.05442824162 -0.0008454326190831101 0.39599183028591894
1.4416841530524585 0.8381325917941534 4953.23129094213 0.00017674766975132986 0.14646015219569392
1.3050806525484608 0.9812577913035558 4848.101173441843 -0.0004266453815406023 0.7949145331619205
1.347037181645136 0.9237334653226936 4622.511394069217 -0.00015738787660027757 0.7101615342014446
1.3391852623877907 0.9046267012388687 4965.327506856048 0.0005432322916981897 0.7859723271762868
1.3253987731658532 0.8712271582979153 4766.653096768719 -0.0005985259208086995 0.17632370191421262
1.3253987731658532 0.8712271582979153 4766.653096768719 -0.0005985259208086995 0.17632370191421262
1.3082590029285877 0.9238403404934509 4687.579163509546 -0.0003072716300218952 0.7318204721856469
1.3353029610161848 0.896414593884015 4728.541295051586 -0.0006007121683773886 0.40069101304369786
1.214655416138489 0.9353952864481959 4515.628038384103 -0.00033327475638596243 0.4658848045863293
1.2645261104927914 0.929403400947237 4705.03445367944 -0.00026529544042504287 0.44235379520285434
1.3384630600745422 0.8815291524098876 4974.961448825692 0.0003055649641627617 0.2917821963558984
1.4720708349714537 0.859457331803057 4964.716655266318 -9.791550612445632e-05 0.2602924880863957
1.3138452307311939 0.9167293649816124 4760.37193101458 -0.00015655961683034918 0.5815577656452687
1.2845764904296981 0.9242485130730665 4845.897684607283 -0.0004973652058511137 0.7326563814042921
1.3930869815510651 0.8858687970387213 4777.397330224719 0.00020171289254586902 0.4766212399878152
1.2930621831559146 0.9447460373224515 4927.467841227669 -0.0005738460540563603 0.8848319198483767
1.3659654566571642 0.9177176974710894 4944.077285767936 -0.0004977680828453043 0.8059099753826133
1.3021681420675644 0.9353835988870733 4825.871283548119 -0.00042038959601989676 0.9044693599146811
1.264206561609046 0.909359187017819 4866.949068236054 5.9934342000399625e-05 0.5963666687003523
1.3281352375334563 0.9194397363950683 4979.344785993449 0.00031899019201210333 0.7584482519434637
1.2914753827700256 0.9429310905491431 4310.206492123861 -0.00016793604617393172 0.8395761958493894
1.2895008319334456 0.9284134421421973 4554.297802061664 -0.00019520138907468747 0.4877124842990173
1.356346968251613 0.8769911030293274 4691.886283667434 9.303789042666087e-06 0.30237207665422217
1.3131122921509157 0.9309082082843385 4501.474335983635 -8.453358044544342e-05 0.7952209533261791
1.3134106774245888 0.8877117002806109 4816.5974823227125 -0.0003605164144406433 0.35576794773256215
1.3426434183147422 0.8905601872684071 4848.018630466982 -0.0002885782176517397 0.2948631711616706
1.4145168438867661 0.8931143182091024 4428.105944342741 4.6134454410151626e-05 0.5238788877194092
1.3258127449072967 0.8755531444807878 4874.005967250101 -0.00033038420187072454 0.28124384856287854
1.4431058289147924 0.8585591032026862 4921.664645086803 0.00032814589478820757 0.2280316059385874
1.3878837511754605 0.8776969760705426 4779.337855910365 -0.00012968370627068588 0.3005913874134791
1.4045507479237103 0.8898533300806553 4428.261870602686 -0.0004161384105635069 0.3988502635640725
1.339783138348767 0.9411121582053327 4984.418568122782 -0.0007163362409462135 0.7702248508798025
1.3290420299200902 0.9244264320185339 4503.490876072887 -1.0353080304139003e-06 0.8057853138101514
1.3682109985734558 0.9217701851291661 4975.882925635835 -0.0002092832256443902 0.9526261255745764
1.3955132837709567 0.8823791588643245 4941.246372307356 0.00015408898187692718 0.3782510240828679
1.3914536663617132 0.8575501658069598 4937.942190961477 0.0004442309799147812 0.25780777149540085
1.3639470685107669 0.8942249238690887 4968.558279792938 -3.148646397449888e-05 0.5393144214800735
1.3357999073176852 0.9137367281257409 4937.0031792911395 -0.0005867535959612271 0.9097665261932028
1.392571627175923 0.9037843669642641 4931.672601425914 0.00014742324086937811 0.8009226507780423
1.2683644643045189 0.9201587779624012 4879.870472525197 -9.040140995402734e-05 0.9044827612259423
1.3266565660349818 0.9001595379557655 4506.082006372304 -0.000461209453695645 0.4178633995622293
1.4890123752935043 0.843336883164423 4899.662696888862 0.0008680547124363964 0.18263967362084949
1.439932625117565 0.8703782687287451 4988.682632981907 -5.774765967359051e-05 0.3210551424036058
1.4308461734311018 0.8687656167021978 4911.035455098725 1.4859780793380345e-05 0.3085576177430698
1.393942845711075 0.8876084899514536 4914.855597819547 -0.0001422133370954418 0.40737974189451387
1.3115497957896727 0.9311925576614211 4766.627689914138 -0.0002170274691527331 0.6066491142358421
1.3535311876873295 0.9278053405035867 4836.4567063200275 -0.00041620778363678375 0.6270445737895659
1.3860414849478602 0.8900195528298077 4824.006525364635 9.834913277663987e-05 0.5457653060608538
1.4057991480143142 0.891551059146584 4428.213029335959 1.0306929040092033e-05 0.41938547979647056
1.3645628118946536 0.88540623677027 4948.483399730178 0.00041238403479755586 0.4917975430827146
1.2929401492989219 0.8925180595432656 4443.987728885609 -0.00038020107811940904 0.3071706614843219
1.3512545661675346 0.877353800847432 4629.61534105374 -0.0006366932056791006 0.3358054090984407
1.3205314993277886 0.9520264410087834 4859.6841356478235 -0.0003149887040238498 0.8506138689041225
1.3464422292481588 0.928842788115358 4939.201113041293 -0.0006700082024654482 0.6615587501972326
1.4253787238151314 0.9085149764037364 4741.225864282115 0.00010103260548657439 0.805247408614014
1.4342426436746485 0.8869495636039844 4590.466832990735 -7.209940209706164e-05 0.4410579512503577
1.378239672967488 0.8815278334135263 4913.805026595502 -2.0701643675889794e-05 0.4225807299963979
1.390201711236444 0.9268570969075393 4306.845025525546 -0.00016863710279757136 0.5637047551419183
1.3965392461354442 0.8877722877937634 4546.164709544761 -0.00039833131906077734 0.49249298599382485
1.2684635520319754 0.9342110842121477 4652.184871938872 -8.931265856194752e-05 0.5852942209687939
1.3005673498534072 0.9034382898406955 4819.753997261359 -0.0004132719318465127 0.42064245642061215
1.3365103676332213 0.8958387640349612 4790.8374896461155 -0.0002769523192110704 0.4219123200400864
1.3009380353347857 0.9187592778562063 4829.436296786839 -0.00012755994576440027 0.5880394438781622
1.3348547788613576 0.893411554636824 4778.987102371684 -0.00011008453907723566 0.5256520756443144
1.3618592665514186 0.8880706050746189 4898.560936613692 0.0007782197995188043 0.519738065985017
1.3077910819499627 0.9196479667681118 4687.033463039985 -4.126873364886686e-05 0.7253879330452937
1.3852309910028007 0.8904442495853232 4836.966756596538 -0.0005598568841850572 0.38969952542529485
1.340200804152653 0.8843341803977641 4942.467865585276 -0.00042263384020133305 0.40207761711992207
1.3227694396874374 0.915166094981932 4902.694603873866 0.00018542685438173911 0.706247472035922
1.3150964338892306 0.8827955514450875 4927.745697403094 -8.434269928004247e-05 0.29379411270472516
1.366622699846447 0.8795192168858265 4966.881058993445 5.0695096831950026e-05 0.3390893942832606
1.3594237430736866 0.8971406231088666 4730.8618903357 2.7875735448327695e-05 0.49714468402567774
1.334612370957311 0.9009133099106876 4981.167641823355 0.0007584985002271024 0.6420548702175118
1.4362025825945683 0.9181534933903243 4814.824013101747 0.0005406095549065853 0.9327383253276107
1.3928349819694996 0.9041828444876715 4914.033168211383 -7.274181317452323e-05 0.6621772876739861
1.341195108400852 0.9475515276821268 4727.039859818682 -0.0001428992941559108 0.7853262916791999
1.416988598165654 0.8614219879882279 4980.423449101455 0.00042942009857293916 0.27056046362855435
1.3841752823039406 0.9616926092390008 4803.599721035805 -0.0004454428308488207 0.7006924876192075
1.334030008476299 0.8829053739478173 4817.845643699147 -0.0002255460173865265 0.3932061289194817
1.3392822213014535 0.8780996761547635 4886.06228972707 0.0001968934391768011 0.4168409196105633
1.3233102068584857 0.9556915076368894 4731.120811361326 -0.0001743613801014721 0.9336918137869881
1.4952776135236598 0.8781732900002077 4891.7781471464305 -6.101705660524475e-05 0.4540548198318243
1.3158889801249976 0.8854308293084188 4819.671653029061 0.00013732449153293412 0.3132952093635604
1.3152447009925843 0.9252720142716045 4687.709891926777 -0.00013975598643981523 0.8779019268181278
1.3421435176383247 0.884702847463286 4979.01015371095 3.386404110152272e-05 0.3581037455450835
1.3825652515796278 0.8874804527469898 4980.789469880225 -0.00023852530133815122 0.4829555276618325
1.4358827311104905 0.858034038055469 4884.728720585243 0.00012502296816141873 0.2458331194030711
1.3701947147556157 0.896134827535929 4796.517148489867 -0.00017888931346005143 0.4752615674133691
1.4020380852474172 0.8699871194358284 4743.640440060292 0.00021068001346220486 0.3088865302059307
1.2721066839728201 0.9104053964385425 4489.599447436314 -5.7597523361365724e-05 0.44199590229311314
1.3581073778491053 0.8939541025312354 4848.644829427569 0.0002653753702129853 0.406212626957381
1.3249761701494658 0.9057483988819405 4602.9190923645665 -0.0006923328351140509 0.5166362487618927
1.3706550133102002 0.8794491466403047 4892.00614108852 -0.00017377963171666484 0.3821933384350375
1.3341342174919624 0.9255877136893536 4676.606795215463 -2.6344395058182596e-05 0.681269421797958
1.4135530441929873 0.8808137113656443 4362.32891616355 0.00024608323353718066 0.4318032910148326
1.3202341002218676 0.9139996885223652 4936.35967786692 6.9273660457621945e-06 0.7420588782942841
1.330349549745074 0.9086063040103368 4961.861644956938 0.0001664383851081551 0.6601045548818532
1.3328986905023343 0.9196804493760273 4896.756973847246 -0.00040435498474497333 0.7880606065494736
1.3095022520651631 0.8975019176400052 4886.98107613551 -0.00014088362314255816 0.47578672915792
1.26616097035873 0.8982222845276302 4912.102131029906 -5.182510471124056e-05 0.40865404986646986
1.3399598703816116 0.9082166172167799 4848.897833118965 -0.0002512068981002904 0.44211180038400705
1.3053942356382502 0.9042866592477345 4874.681999782254 -0.00024351752328904155 0.3694835183143819
1.3357417152073143 0.8924519273948697 4902.7545349194625 -0.00016942798221404975 0.5403493317717748
1.32256688448107 0.9000151249093516 4790.823947972756 -0.0003047464765034611 0.3737637076320621
1.327047471810804 0.8957513083743908 4778.133225697162 -0.00038256117652518803 0.4969281074954561
1.3166388753973028 0.9143294998193487 4728.938887877761 -0.0006199182852014955 0.4797128157776642
1.3962132272213397 0.9098632929507408 4590.65167874186 -0.00088834306657279 0.4822454872685128
1.39805275296085 0.9125759355131713 4590.695919264192 -0.0007137350036376449 0.5132280037764467
1.306038681165821 0.9138322442985205 4687.247638035072 -0.000541829255280088 0.561849301998218
1.3487250248806546 0.9225163018174325 4743.373391109707 -0.0005156824140267735 0.7298787774884038
1.3559162972822536 0.9228238317110212 4832.412909741335 -0.0004010346340680501 0.6348355313982448
1.3457476497820107 0.9135868905521936 4859.448013876149 -0.0004020028640487768 0.6289733488706325
1.3041734652118935 0.9070134935856803 4886.455504139088 -0.00025137190769839005 0.564915331530376
1.3316531539357064 0.8912820038113286 4663.768894575248 -0.0002873028316310497 0.34553547879065016
1.3366105640893104 0.8906282315142799 4501.972730027614 -0.0002815370907456858 0.4254183164683594
1.3270040025960772 0.8922743432130886 4310.514295847009 7.575757882722297e-05 0.45740685367919415
1.316096097923466 0.8840484440762473 4456.561123757838 0.0007268708035467221 0.41593475928969825
1.3333322448479201 0.9087046214563388 4888.8688744066585 0.00013264494044249866 0.6860750822614485
1.3264108514647615 0.899967278813235 4868.481307489226 -1.3385797370412609e-05 0.6394122959708725
1.3263770202297684 0.9091395952083825 4961.982998399344 -0.00019203172203897468 0.6576599898019316
1.3799911113676822 0.9169872778137264 4832.950796635241 0.00014293850498904695 0.927899950727481
1.3644302109458026 0.9214151904081943 4804.054648262515 0.00029787826759333433 0.826204369056579
1.3501160338965672 0.9114128508803047 4948.536573228015 -4.854773182626441e-05 0.8300646417941215
1.3628039941812837 0.9020689152970981 4913.156417291907 -0.00010113621447035448 0.638204371561045
1.4587062558722228 0.8937579160528809 4853.482417112611 0.0001763494774809986 0.5872969282310874
1.3804994545957672 0.9010686453642169 4975.320427341886 9.89737310145185e-05 0.6528130257908422
1.4247317063033078 0.9003227606482144 4899.888951466144 -5.858913561736225e-05 0.6663615469029109
1.406537123190339 0.9044084728213503 4984.667474789866 0.00013244947993147133 0.810238186088315
1.3845576402450481 0.9088424951968143 4941.0285564577025 0.0003063473965366276 0.826941127218932
1.3845576402450481 0.9088424951968143 4941.0285564577025 0.0003063473965366276 0.826941127218932
1.419259725050135 0.9013565361591034 4784.137113074753 6.663450090455063e-05 0.7605448267217838
1.3887048632050134 0.9083722742062775 4949.879528610376 0.0002838300196273841 0.7492954066155056
1.3793648974766661 0.9034042056899736 4892.95807653068 0.0003279066723338693 0.8115518620919021
1.448104625142625 0.9052057772485806 4853.418607178186 0.0002864874883913215 0.7660354266737421
1.348411939292058 0.9097985538965522 4858.844441057055 0.0002738113915107583 0.7101775381602737
1.468149527547852 0.9033710153861784 4872.96678978953 0.00021359083515166648 0.8958061834720359
1.407232883051849 0.896122152981343 4811.697634938156 9.617168292426886e-05 0.7128656241682921
1.2757664035590013 0.9124653494950018 4764.481465381246 0.00014458767255554397 0.7069090962037533
1.2757664035590013 0.9124653494950018 4764.481465381246 0.00014458767255554397 0.7069090962037533
1.3010758670834324 0.9323887888470249 4817.627248975812 -1.6480430709782172e-05 0.6996792567098651
1.3010758670834324 0.9323887888470249 4817.627248975812 -1.6480430709782172e-05 0.6996792567098651
1.3115787215079775 0.9054159078727712 4829.240929310903 -9.740579431247157e-05 0.5934005543516024
1.2999674938388988 0.9273434589649926 4829.333862529485 -3.205847213187234e-05 0.7631115853629923
1.2670957289776916 0.9144075166119062 4752.630265439346 1.2855265653787139e-05 0.6560420934170388
1.2700550572295417 0.9204830759806267 4809.135202274168 -0.00020364173261538718 0.8135898594070974
1.2871951896015286 0.9374308676848879 4857.433993921938 -0.00025494847878763455 0.8954603306671061
1.3321218043106475 0.9170418864855187 4989.045159512255 -9.07152139716726e-05 0.8378117989998016
1.3411902868353125 0.9098157714981514 4948.916628085721 -0.0006323966486683015 0.8470560017699087
1.3411902868353125 0.9098157714981514 4948.916628085721 -0.0006323966486683015 0.8470560017699087
1.3461654743922264 0.9380712688419329 4737.405461938276 -0.0002582707762333612 0.9730956996612368
1.324141213995029 0.9443301948170025 4663.760748469605 -9.066507940441074e-05 0.9850862833981784
1.2842259556839326 0.9377361107528506 4886.037515070191 -0.0005017778207392011 0.9404366313142929
1.3067151610800312 0.9445234034986512 4989.437173540893 -0.000413070047235457 0.7657304049049434
1.3215783231898532 0.9397267776217422 4889.067860236455 -0.0008088029148502235 0.8995250408874957
1.3186524004618723 0.9484376093916913 4966.208382759134 -0.0007650494321768975 0.8558874355920743
1.3311043423874116 0.9416216811839221 4910.189036264105 -0.00053356831919747 0.9293019349133951
1.2916560768828285 0.966286098327882 4961.615958220656 -0.00040308964784876446 0.9490781503210983
1.3305475133457199 0.9664618462405694 4804.025062807789 -0.0002308258099466081 0.8000520575728547
1.2898502355864274 0.9638469621135639 4874.9307219558905 -0.00011004279465257177 0.8589141999857126
1.3171942756490238 0.891441357863836 4817.6888411880245 -5.10604874156443e-05 0.3576676540826107
1.354072760697207 0.8954522723202772 4887.074556530414 1.0056299311311338e-05 0.453988523480498
1.3565375857203306 0.8830598925091525 4999.4647087825015 -2.9238521030732634e-05 0.4198092189128029
1.3223208691062096 0.8911460828150045 4915.169983128479 -0.00010622104097153552 0.37221508130755077
1.3090802648523452 0.8646743847675995 4918.511859341078 -0.0002467419404888295 0.23641861518822904
1.3090802648523452 0.8646743847675995 4918.511859341078 -0.0002467419404888295 0.23641861518822904
1.3433836982233123 0.8622752898966162 4817.138457770456 -0.00018900398438727374 0.2090029182876072
1.3429053586926072 0.8819582625423595 4937.280994830822 -0.00019599617824072238 0.3569175368839261
1.3429053586926072 0.8819582625423595 4937.280994830822 -0.00019599617824072238 0.3569175368839261
1.332724370983068 0.8732426486956973 4817.542822802056 -5.366753585806444e-05 0.2735320118063075
1.332724370983068 0.8732426486956973 4817.542822802056 -5.366753585806444e-05 0.2735320118063075
1.3260157288121581 0.8878499969441391 4989.400166574825 -0.0005423995884964831 0.31715144140345186
1.3325611284963257 0.8841510274504598 4790.022249334088 -0.00025967744016043554 0.27826624581007964
1.3283208434040983 0.8814501770280008 4760.482989827726 -0.00022222245229957282 0.3339567664059763
1.3605772062645989 0.8870692653309558 4796.15516655257 -0.0005821291822612547 0.29758089621150263
1.3334077755081521 0.8866085944000328 4882.761453373898 5.39807237452566e-05 0.3648178068533837
1.355881570441357 0.8879230564619436 4730.723332090786 -0.0002184952376061934 0.3775958890484883
1.3655026335885176 0.8749373674014667 4889.88982157418 -0.0004582148405464924 0.29856880838783495
1.4249239373251807 0.880685029702539 4911.8840517360095 -0.000200364871641564 0.4179038796669433
1.3935609030480864 0.8653883325043177 4941.937023874693 -0.00012713116518333535 0.24933347306233994
1.4706016361414296 0.8853179320073695 4794.195046832075 -0.00015632551712397943 0.5119992824546088
1.4238686675080376 0.8783371754347551 4784.551362115165 -0.0003089633285370126 0.37431469013753604
1.4791030650143489 0.8793841649304371 4955.502769245873 -0.00026476340295325393 0.4091716307416108
1.4158449844779062 0.8955810516666567 4957.573472799771 -0.0001723252564535329 0.5539418334628494
1.3935371640022227 0.8780146362124142 4994.064395146814 -5.3363786594156554e-05 0.41373211322347325
1.4252235760592724 0.887708157260838 4911.064148193273 -9.833018181638402e-06 0.5352597014928732
1.387075795337173 0.8700134622536355 4986.452977627696 1.2700380972481391e-05 0.3413043830006379
1.4752299774698876 0.8504457160227004 4803.685088797866 8.594821266419674e-05 0.18886544907250805
1.3994684684892214 0.8810660309145583 4949.225824183012 5.708755797002027e-05 0.3747274381944862
1.4809471896635 0.8548449061797051 4853.557079713054 1.9303000435402387e-05 0.22634265727690975
1.3627898923228061 0.8630861572411276 4995.745650092708 0.0002815021151412314 0.2796746882298141
1.3682317091038008 0.8767812525509984 4948.417051162379 0.00010272531395437189 0.37393736167434155
1.3949993483631506 0.8647191269494175 4975.387443446353 0.00035577414119077635 0.24474429868226155
1.4321368051352694 0.8768162847567132 4957.896538791934 -0.0002769478246911377 0.38774300654650307
1.43389196278375 0.8684626300434347 4899.261343493922 -0.000121247940833243 0.2510406131774768
1.3468683715034087 0.8981482289930063 4771.521252743673 -4.899636862445165e-06 0.5408535855806681
1.3579738781400645 0.8955606111861858 4920.085514908933 0.000230415136969559 0.5629032495305991
1.3167518821662596 0.8999951785107212 4925.815210741165 0.0003919221816918436 0.4642638339705866
1.3453538351875864 0.8946566336487675 4961.485189359827 0.00038820781460444147 0.49987051659926207
1.279742150806955 0.891018708939637 4904.236852913976 0.00019737997234654833 0.42549773926338075
1.35160343400229 0.8916506537151709 4731.917794638436 0.00019650827384748567 0.3788290885793596
1.3694815564574296 0.8736940101345836 4920.654267290043 0.00042571525694294876 0.3253616042400598
1.3993853936002518 0.8797409374148457 4994.205307412294 0.00030461930103201524 0.41225035418804823
1.3417120662203015 0.8867921636595222 4936.48992411581 0.0006057632534760293 0.39430450581851106
1.3417120662203015 0.8867921636595222 4936.48992411581 0.0006057632534760293 0.39430450581851106
1.3470284573295652 0.8744455234275597 4882.985791907071 0.00044477814115649324 0.2988500991092029
1.2829408370505815 0.8920330037436586 4929.095010529359 0.0009829103264662419 0.46615700582892206
1.4060500355399899 0.8857554567938914 4991.058527681074 0.00044618427748344466 0.5143214641799062
1.3536849184165902 0.8936794893564031 4937.413025313803 0.00027891387836368766 0.5757022621191071
1.3536849184165902 0.8936794893564031 4937.413025313803 0.00027891387836368766 0.5757022621191071
1.3832311743641588 0.8916291056957084 4975.882276417478 0.0002807221366213304 0.46632852067362907
1.4259119919129093 0.8749531066248155 4947.139007022472 0.0004887039459885668 0.37530788217369115
1.2763992025715871 0.8907846198279029 4929.176067493767 0.0005716441613106046 0.421804768026531
1.343039713586719 0.8882770556368188 4961.607417601412 0.00032740924891118915 0.41049829928534537
1.3378996749073184 0.8993733882162479 4868.180907338005 0.0003713124234703609 0.6480382199030812
