    0.127016697556764013E+01    0.889505031559315595E+00    0.424087634374707523E+04    0.368014374222480319E-03    0.208093049889701481E+00    0.387122773005530973E+01
    0.136976901461618050E+01    0.848015889570867709E+00    0.434275807937938771E+04    0.112892426382233803E-03    0.194694675875864559E+00    0.387623350116621523E+01
    0.134884002263727565E+01    0.814658691444633654E+00    0.437335807822676998E+04    0.750287916872446762E-03    0.211347766235513934E+00    0.448463212585157756E+01
    0.137163050681162368E+01    0.847136891657494728E+00    0.439809925991875571E+04    0.256945354929250230E-03    0.156129283117198675E+00    0.448675879805202893E+01
    0.132574791978285544E+01    0.948061556530911398E+00    0.410759923873576463E+04    0.486414415697230445E-03    0.125838800691266794E+00    0.450640869390240706E+01
    0.135638284356982486E+01    0.886322854628165846E+00    0.450990039940382940E+04    0.501562675807486788E-03    0.788341617949880558E+00    0.452421329368670122E+01
    0.111432446132887142E+01    0.891337149480859847E+00    0.447590373988593637E+04   -0.328008869949179230E-03    0.182833247259746659E-01    0.491307325369302461E+01
    0.118578020434553388E+01    0.931776110281154812E+00    0.459560801607307167E+04   -0.134145149115373516E-03    0.389496296179579621E-01    0.504987678315439759E+01
    0.140355391811116359E+01    0.761279337424378810E+00    0.497785137716444024E+04   -0.729730608910160515E-03    0.910437158177808542E-01    0.513676064513266883E+01
    0.125651807292877038E+01    0.831106768817613584E+00    0.438429235766872534E+04   -0.580792234539280797E-03    0.138313585894766673E-01    0.525405191804204907E+01
    0.131271398873164546E+01    0.821583347990523682E+00    0.420026781661792666E+04   -0.470072100669504289E-03    0.181893665402974497E+00    0.533659562879886540E+01
    0.122747302794362012E+01    0.838670772868098435E+00    0.475282114864913183E+04   -0.301440633362073495E-03    0.138886219682613749E+00    0.542882398051708748E+01
    0.132913417862024730E+01    0.880317539553162942E+00    0.486580918196608673E+04    0.177614669357917466E-03    0.205852365315725011E+00    0.545162233655553230E+01
    0.113023816235537655E+01    0.953088004077409456E+00    0.429586888254063888E+04   -0.194022146770619306E-03    0.208830816553727469E-01    0.550498281215279128E+01
    0.137437227676478724E+01    0.840984553081607689E+00    0.473311359578653264E+04    0.301112845715434613E-03    0.184997020049055855E+00    0.566880737940994628E+01
    0.135868996756279770E+01    0.901045671590824826E+00    0.399243249030149445E+04    0.233155676268320368E-03    0.472348797855361047E+00    0.573687705089168976E+01
    0.142480992172595400E+01    0.708371596395520275E+00    0.478338493873996504E+04    0.215903376878678449E-03    0.363059130073357245E-01    0.580801758714697325E+01
    0.125884853674531971E+01    0.849395253393636085E+00    0.448135202086700338E+04    0.840835792632755311E-04    0.565740658934364704E-01    0.599299386428188186E+01
    0.136247222811836766E+01    0.768123578952723096E+00    0.484701924077566946E+04    0.350001873062863634E-04    0.108050891813747968E+00    0.608898607886973409E+01
    0.131468683377783990E+01    0.780077048313240984E+00    0.464839070763890595E+04    0.351606542754819124E-04    0.825030387917790597E-01    0.619110306851449721E+01
    0.134452556612874785E+01    0.776664487727493635E+00    0.417351570441511376E+04   -0.261372792500967795E-03    0.927952631435501191E-01    0.622864491271762244E+01
    0.139350998855518204E+01    0.785689165289984226E+00    0.434685433965878292E+04   -0.153846420913809277E-03    0.935036467333222182E-01    0.632924988479591999E+01
    0.134653731831292101E+01    0.716969341281790018E+00    0.484567320263836882E+04   -0.761091906090340760E-03    0.435354458881945169E-01    0.637968914475979254E+01
    0.120430626653291739E+01    0.940935758437964398E+00    0.425007580462630631E+04   -0.987399589526985304E-04    0.984497696391480187E-01    0.639431398903876769E+01
    0.138913876492169308E+01    0.833536673654475035E+00    0.452726453782663430E+04   -0.372552433386275225E-03    0.117879017694503485E+00    0.640165523457972441E+01
    0.141900455285598959E+01    0.873658145901489047E+00    0.461458594295389776E+04    0.703668723548766731E-04    0.485007137231076191E+00    0.641265997376107855E+01
    0.122823313670294376E+01    0.821780374529767044E+00    0.477900960182820199E+04   -0.530606074321749040E-03    0.182969150246464138E-01    0.643599450978366505E+01
    0.119148605641384142E+01    0.881391957362407386E+00    0.415355315704728491E+04    0.656294133307449797E-03    0.201670655962824345E-01    0.648627809363504326E+01
    0.136762152006831306E+01    0.794609103961612551E+00    0.481146413347281486E+04    0.357914999367492436E-03    0.139121972962887419E+00    0.651501581774723171E+01
    0.139815137283650515E+01    0.806218764418990208E+00    0.414111313637158855E+04    0.482339757015846308E-03    0.120787263018588095E+00    0.655651516326673800E+01
    0.128598347790519019E+01    0.838836848609782026E+00    0.498953416064795147E+04   -0.430947754113689564E-03    0.182526965038855182E+00    0.662491861740985577E+01
    0.139335558414459237E+01    0.929666124284267426E+00    0.410134727275371552E+04    0.316298164353962161E-04    0.645368099212646484E+00    0.674698524224792795E+01
    0.132649460130747721E+01    0.970980023584049334E+00    0.463938335291207750E+04    0.487931437363730344E-03    0.978857952386355423E+00    0.675208547418968585E+01
    0.130687039410103756E+01    0.906277369004114930E+00    0.433446531099469848E+04    0.247048459430745330E-03    0.195433482377036283E+00    0.678354076749985957E+01
    0.114261714872812981E+01    0.863681626727651586E+00    0.432779013759833379E+04    0.487690789615541837E-05    0.212572877397519538E-01    0.680571271174209436E+01
    0.131242572975433314E+01    0.836006501707498018E+00    0.483603395244895091E+04    0.205566796428135725E-03    0.116402959654031482E+00    0.682984340173731663E+01
    0.140439852602981130E+01    0.822722509788119116E+00    0.497071514839486827E+04    0.535296249410106275E-03    0.212118326704121701E+00    0.685433253140075927E+01
    0.131304655948840776E+01    0.842769659686629868E+00    0.462908646538403718E+04    0.903053998637673981E-03    0.240670662077427600E+00    0.687333982490516604E+01
    0.126754785838088457E+01    0.804331397222902589E+00    0.450619916843705596E+04   -0.409649770905354358E-03    0.676078357217853448E-01    0.690178874286453770E+01
    0.123930801240170507E+01    0.835512481404976581E+00    0.474474107188028120E+04   -0.419144463657742446E-03    0.149785513277262139E+00    0.695819029201167094E+01
    0.110809697855371914E+01    0.814814244931991616E+00    0.491417392620289411E+04   -0.891884614740012246E-04    0.148490386912024028E-01    0.696820804949786066E+01
    0.128304511126303966E+01    0.777297837807543690E+00    0.447318709157654666E+04   -0.326113555079984743E-03    0.102828711402515482E+00    0.697049992439658261E+01
    0.145083377672118585E+01    0.777346574967821669E+00    0.398275434861022177E+04    0.321172228535306938E-03    0.109705714190484638E+00    0.697226335389556517E+01
    0.119425525553624667E+01    0.895689546827191818E+00    0.428125835746211851E+04   -0.403339293624339966E-03    0.183438233946681094E-01    0.700099483330956041E+01
    0.125561498576495945E+01    0.920923479853135274E+00    0.485659240816985948E+04    0.229970930963740148E-03    0.120033494513607911E+00    0.700540469339533978E+01
    0.133084885729796532E+01    0.819476956156136027E+00    0.466122069745626868E+04   -0.118618326230148440E-03    0.842652610084031056E-01    0.702159861786328499E+01
    0.141192340994843901E+01    0.836220893364461260E+00    0.453280368858007751E+04   -0.215024565231687023E-03    0.240465363536577797E+00    0.702653423602419025E+01
    0.121938650799393300E+01    0.970917382806231632E+00    0.474757117995525005E+04    0.103811688238427972E-03    0.205125358641066735E-01    0.704097768814453318E+01
    0.119032256419214999E+01    0.855574813943291157E+00    0.478719796319241141E+04   -0.240844555507063214E-03    0.751819991406312282E-01    0.704812594897408218E+01
    0.143209029233980667E+01    0.848869454920758715E+00    0.484019176701165725E+04    0.392209083122168245E-03    0.470832906366670356E+00    0.706477629569850318E+01
    0.124633640283465574E+01    0.883909723662030467E+00    0.459554345835355525E+04    0.105093131033724417E-03    0.914234810756988647E-01    0.708800366339832078E+01
    0.139476863036597165E+01    0.685448055477385632E+00    0.480880986135760395E+04   -0.186954234090814061E-03    0.388840175057273835E-01    0.709356557621997208E+01
    0.118604155574907111E+01    0.888488966228615173E+00    0.467620373102949907E+04   -0.588749409068511985E-03    0.225455678886848920E-01    0.709395735260413041E+01
    0.140081834315839182E+01    0.881416602862948095E+00    0.406008130777324914E+04    0.380907671671596533E-03    0.578253251074980767E-01    0.709730178441352866E+01
    0.129816052861919862E+01    0.944848968194085037E+00    0.414206939232465538E+04    0.246753246712338818E-03    0.627284759169263739E-01    0.712771917863978821E+01
    0.130369438770113666E+01    0.864875149802751597E+00    0.446910825357933663E+04   -0.627628774810762508E-04    0.337100181143285271E-01    0.712857967536269932E+01
    0.124678311438628864E+01    0.946094633034381238E+00    0.445216739030559620E+04   -0.452079945075628249E-03    0.214006290329998627E+00    0.715205697469767276E+01
    0.130955012300087770E+01    0.797996588317649858E+00    0.468414612717974978E+04    0.327657291172299024E-03    0.137050711981238749E+00    0.722653660758134286E+01
    0.155159260373812247E+01    0.837189845415521106E+00    0.471681716706570751E+04   -0.516901771811825622E-04    0.415630255120672198E+00    0.723464713483468991E+01
    0.128672683300036583E+01    0.854054946773762591E+00    0.450148347014687624E+04    0.358328626303815059E-03    0.202153561315094654E+00    0.725273942485907419E+01
    0.131773747459732382E+01    0.781212330164056556E+00    0.490622404167428067E+04   -0.379932887265266758E-04    0.106170239931625887E+00    0.727378894868009862E+01
    0.114856628635890567E+01    0.919430083383324437E+00    0.495373130559481160E+04   -0.152988231253677482E-03    0.187332151269014799E-01    0.728173140405908015E+01
    0.128070085241327103E+01    0.807886561059183883E+00    0.448492412427917498E+04   -0.432496184671948077E-03    0.136164747455830792E+00    0.732262369900608334E+01
    0.128070085241327103E+01    0.807886561059183883E+00    0.448492412427917498E+04   -0.432496184671948077E-03    0.136164747455830792E+00    0.732262369900608334E+01
    0.148984619565935805E+01    0.789690528651343926E+00    0.405350904527305875E+04   -0.311016813688791373E-03    0.114814910719722135E+00    0.734293024778560266E+01
    0.105907128200936596E+01    0.881014655399700364E+00    0.452478384566358545E+04    0.520099698492438364E-03    0.158021278156525447E-01    0.735505468658577044E+01
    0.140786255956746942E+01    0.844743094052404220E+00    0.421703131306555679E+04   -0.128155779266204647E-03    0.249703651438192120E+00    0.737478512147034593E+01
    0.141798119646063259E+01    0.796734752269218860E+00    0.467156294686431465E+04   -0.115934015186113887E-03    0.148335526834566078E+00    0.739487301541860820E+01
    0.137313916341841846E+01    0.827112572382253886E+00    0.421554217035030342E+04    0.242283580767785897E-03    0.200706182609196732E+00    0.740384190543504950E+01
    0.137313916341841846E+01    0.827112572382253886E+00    0.421554217035030342E+04    0.242283580767785897E-03    0.200706182609196732E+00    0.740384190543504950E+01
    0.124664783533280232E+01    0.945522890915755365E+00    0.410042523690021608E+04    0.106003471767248390E-03    0.275957188344706783E-01    0.742343413094331428E+01
    0.122041725561617920E+01    0.977016244504687492E+00    0.470068179528744895E+04    0.530204343694131363E-03    0.382941957159354668E-01    0.742810204641843175E+01
    0.124375306117508400E+01    0.922185301330034068E+00    0.486571071291565841E+04    0.903642452284431877E-04    0.391682627548497614E-01    0.742820555334217403E+01
    0.114838622749139407E+01    0.822194860789275950E+00    0.481820860983206239E+04   -0.833728289713610684E-03    0.140520602084622699E-01    0.743015619395684990E+01
    0.116960867032225302E+01    0.890564356666889934E+00    0.486777203106536945E+04    0.115569603362563882E-03    0.318631789737867030E-01    0.746038212984535321E+01
    0.116960867032225302E+01    0.890564356666889934E+00    0.486777203106536945E+04    0.115569603362563882E-03    0.318631789737867030E-01    0.746038212984535321E+01
    0.135331079115663089E+01    0.820456407642290886E+00    0.445089510559673818E+04   -0.349114146998137328E-03    0.207240698948791990E+00    0.747483205247597304E+01
    0.128302382344453791E+01    0.934516726601746783E+00    0.416115226598059871E+04    0.241035609389653849E-03    0.793504395468461882E-01    0.751264145464763899E+01
    0.129812457496084566E+01    0.931707843386863521E+00    0.463918822510198424E+04   -0.157866631014979400E-04    0.185670849380660419E+00    0.751782787179229217E+01
    0.129812457496084566E+01    0.931707843386863521E+00    0.463918822510198424E+04   -0.157866631014979400E-04    0.185670849380660419E+00    0.751782787179229217E+01
    0.148806870515582323E+01    0.835396994227204703E+00    0.405976049508640654E+04   -0.126686239169982579E-03    0.329135980273918938E+00    0.752318847068552721E+01
    0.148806870515582323E+01    0.835396994227204703E+00    0.405976049508640654E+04   -0.126686239169982579E-03    0.329135980273918938E+00    0.752318847068552721E+01
    0.123920208510029006E+01    0.857846582540478741E+00    0.469519056893340348E+04   -0.187261249493081666E-03    0.587715322330744361E-01    0.752531556543324420E+01
    0.135029737104191794E+01    0.857214387797058164E+00    0.478470669572741099E+04    0.426687595997228759E-03    0.246316456007956458E+00    0.752861852266398213E+01
    0.128805058999445809E+01    0.801034292264938386E+00    0.451660338866206985E+04   -0.109223554484930363E-03    0.736763951926208832E-01    0.752880644977659230E+01
    0.152843911358918350E+01    0.796281082051066846E+00    0.493001612487374223E+04    0.260083537164614306E-04    0.159220521433190459E+00    0.753944462488172640E+01
    0.130372196432264742E+01    0.834384367301392094E+00    0.485574396967019311E+04    0.502250859666071318E-04    0.118390132599477046E+00    0.754360282624382350E+01
    0.152718687503346118E+01    0.832869989183535719E+00    0.453714155294621014E+04   -0.111645741205052283E-03    0.277158212190852571E+00    0.754545630492604680E+01
    0.140817338320672936E+01    0.900265674375263503E+00    0.452782043456372412E+04   -0.150596660562176077E-03    0.672593899719002297E+00    0.754893423511401629E+01
    0.128088467844704290E+01    0.854762006116831174E+00    0.449067226808469604E+04   -0.835011508348941885E-04    0.462209573555423248E-01    0.757501203133381562E+01
    0.133704684480478520E+01    0.857005727000654249E+00    0.466459519059454033E+04    0.254812913933170990E-03    0.161284704934660100E+00    0.759103829418490506E+01
    0.130581409734593157E+01    0.779739234189311126E+00    0.494668079821893207E+04   -0.144190590228780659E-03    0.792164099078599415E-01    0.759246194177888700E+01
    0.141696769449085336E+01    0.869546467410203805E+00    0.465979478405105056E+04    0.596736669355690070E-03    0.368950437977469847E+00    0.760166863987937358E+01
    0.141148796968521451E+01    0.911914366901318219E+00    0.393150917379859675E+04    0.131617823046886149E-03    0.593005501721309503E+00    0.760274390655144749E+01
    0.130891327536410040E+01    0.872435536904982212E+00    0.481590210037268025E+04    0.820540384553122772E-03    0.780135394336299859E-01    0.760541056225136103E+01
    0.127564680695508104E+01    0.899568755394585806E+00    0.494029885333645962E+04    0.224968686944630714E-03    0.666058341513682262E-01    0.761473571325362819E+01
    0.143384255662888194E+01    0.767784804662564380E+00    0.470748868878917165E+04    0.666985169332993196E-03    0.960100389682442823E-01    0.761646215465518672E+01
    0.131919420997608672E+01    0.773026194814220302E+00    0.476162134240289561E+04   -0.529349887095042853E-03    0.959896748440039888E-01    0.761805310084259268E+01
    0.141377001527381640E+01    0.847880731271405619E+00    0.482673037625404959E+04    0.177983185216740484E-03    0.414175091195494727E+00    0.763554426363915262E+01
    0.135307300633685612E+01    0.909698826656537229E+00    0.406578162247668570E+04    0.293097883281456199E-03    0.167267007599761652E+00    0.763758466092958876E+01
    0.134404438245397495E+01    0.839096144259230070E+00    0.401362117460654690E+04    0.392610428337752579E-03    0.153462610606896366E+00    0.765889015690833475E+01
    0.131489375145938370E+01    0.799752712817714206E+00    0.417885671298502712E+04    0.428810206041751703E-04    0.121538967255838570E+00    0.767611460013939251E+01
    0.119329261890587013E+01    0.913310776796064872E+00    0.444338698936378751E+04    0.113868427530087573E-03    0.767733159068038767E-01    0.767665908186456392E+01
    0.119329261890587013E+01    0.913310776796064872E+00    0.444338698936378751E+04    0.113868427530087573E-03    0.767733159068038767E-01    0.767665908186456392E+01
    0.117819804357689062E+01    0.932631850058808665E+00    0.405384178837148556E+04    0.146903566934487623E-03    0.203626901947428947E-01    0.767967203494164874E+01
    0.129946762754246237E+01    0.858226934744794945E+00    0.398146178468421022E+04    0.578970570473397736E-03    0.147044769060381303E+00    0.768451510855228825E+01
    0.127841929597897264E+01    0.941895321796635043E+00    0.467729682106029668E+04    0.958382158792561077E-04    0.100281872728147842E+00    0.768638402616223715E+01
    0.147455424053173689E+01    0.838434418348495636E+00    0.458056142956651456E+04   -0.699501817870588281E-04    0.249033856780457363E+00    0.770250200254007389E+01
    0.136690164532313907E+01    0.842663564442791890E+00    0.497665266833978239E+04    0.821069180700943421E-04    0.420401446473368856E+00    0.770490387429566592E+01
    0.139847007501756204E+01    0.902613224956643090E+00    0.446973918620273162E+04    0.169402198323090510E-03    0.589779716123194686E+00    0.773101750931203391E+01
    0.148705541892418314E+01    0.796892339728054067E+00    0.480201614756815979E+04    0.855024613102527695E-04    0.137730504625924288E+00    0.776707420950429395E+01
    0.132752626190373002E+01    0.795014312602922435E+00    0.468372142735559100E+04   -0.540818988311374564E-03    0.717146223058213322E-01    0.777927013878131923E+01
    0.126110893296737903E+01    0.797311067606402690E+00    0.454146302243410537E+04    0.152715716318455524E-03    0.939338795884464978E-01    0.778912825575770107E+01
    0.138015818735209828E+01    0.797233016863363231E+00    0.421011580886428965E+04    0.156523419105901614E-03    0.869616360278510220E-01    0.780998188843369689E+01
    0.145916999428887451E+01    0.739291941089851523E+00    0.483831655193969527E+04   -0.223880273402396376E-03    0.544034436418850131E-01    0.781713070523658260E+01
    0.145916999428887451E+01    0.739291941089851523E+00    0.483831655193969527E+04   -0.223880273402396376E-03    0.544034436418850131E-01    0.781713070523658260E+01
    0.134151758315910086E+01    0.865480080605523394E+00    0.448888944005245048E+04   -0.119792762950224436E-03    0.276757297118708223E+00    0.781971669593723284E+01
    0.123872477536176717E+01    0.808142209221926255E+00    0.472136124037989248E+04    0.825384732466711142E-04    0.922826262050208818E-01    0.782648250794715317E+01
    0.140105615068134970E+01    0.846167676087944298E+00    0.496028323009877386E+04    0.219484082427851316E-03    0.222994183332944601E+00    0.782811432462502665E+01
    0.139783919914592580E+01    0.816459836710862197E+00    0.442166907703897141E+04   -0.199338242911121984E-03    0.179303118915295684E+00    0.782837448496149868E+01
    0.137595580769962744E+01    0.819432614770766787E+00    0.414115868862914067E+04    0.119500378169466043E-03    0.136222194179066697E+00    0.782914192449785684E+01
    0.118220416462742350E+01    0.849175218909013485E+00    0.464087513996094003E+04    0.304506392301116479E-04    0.578843113282624944E-01    0.784456163931012185E+01
    0.128438248711705261E+01    0.838960384209816334E+00    0.456137360017045739E+04    0.144798485530368642E-03    0.146962734032744430E+00    0.786832889723820728E+01
    0.133086762625566024E+01    0.788498756589062544E+00    0.429580851185045049E+04   -0.594826167906676573E-04    0.983173491018790591E-01    0.787055913637279581E+01
    0.137496875257308337E+01    0.839448101840838845E+00    0.475584018641784860E+04   -0.853021797736521186E-04    0.220783739290709990E+00    0.787139320121374109E+01
    0.117643134802360461E+01    0.903383775012566614E+00    0.454752592837546763E+04    0.168507821903621122E-03    0.413507610025066336E-01    0.787170714477623790E+01
    0.113563971160495392E+01    0.827322874833449129E+00    0.455697762582193081E+04    0.472743917759369935E-03    0.211927532676218534E-01    0.788335864709680223E+01
    0.124399768792640386E+01    0.872988189664751668E+00    0.437891036494474156E+04    0.250550955219437123E-03    0.888372019519940020E-01    0.789150263177033029E+01
    0.133966216778072633E+01    0.856787614520599039E+00    0.412280513573946155E+04    0.627460249047121724E-03    0.106736637354632916E+00    0.789224822862106823E+01
    0.133966216778072633E+01    0.856787614520599039E+00    0.412280513573946155E+04    0.627460249047121724E-03    0.106736637354632916E+00    0.789224822862106823E+01
    0.137252317422010917E+01    0.774852011561946274E+00    0.424240444436934285E+04    0.272093068432697929E-03    0.942962751009068095E-01    0.789321006452353657E+01
    0.151185071807941407E+01    0.787488029116022781E+00    0.475042321050168721E+04    0.132148782181705916E-03    0.113934719181460420E+00    0.790212558093336348E+01
    0.126023657797899125E+01    0.856845997134618953E+00    0.498657463497364461E+04   -0.481500967267289371E-03    0.169537911075909348E+00    0.791959721492834223E+01
    0.122748192015892377E+01    0.860888043678024184E+00    0.481131562278685942E+04   -0.184116723491531046E-03    0.524977428887812569E-01    0.793206012017299944E+01
    0.134532182810783674E+01    0.926069972724187229E+00    0.395539445246927562E+04    0.732343886889289946E-04    0.679856910275528525E+00    0.794477733704043931E+01
    0.138394832366124909E+01    0.766230702031819977E+00    0.466039337835823244E+04   -0.263004363484156461E-03    0.796408701153953902E-01    0.794952826582812300E+01
    0.122638283788863145E+01    0.908378983274481744E+00    0.459686353267689356E+04    0.265561137895770256E-03    0.704027904616596339E-01    0.795752159970375139E+01
    0.128487402014065144E+01    0.898233774226006254E+00    0.409566433514767687E+04    0.533546048474288796E-03    0.415790674421092771E-01    0.802074543748763347E+01
    0.125147507694217408E+01    0.915333411152106424E+00    0.467153506098944217E+04    0.758239966148923847E-03    0.499216867463470326E-01    0.803364673058274192E+01
    0.131978488350129286E+01    0.746127523060923670E+00    0.462309645450152766E+04   -0.397282400379712940E-03    0.519050895693269204E-01    0.804834159009369010E+01
    0.131978488350129286E+01    0.746127523060923670E+00    0.462309645450152766E+04   -0.397282400379712940E-03    0.519050895693269204E-01    0.804834159009369010E+01
    0.130716638838554911E+01    0.840108407539917001E+00    0.437323082242227338E+04   -0.646998531537927579E-03    0.223233354503053177E+00    0.805151599769086168E+01
    0.150102256304628723E+01    0.730410294743680133E+00    0.446522283946979951E+04   -0.136287754129821695E-04    0.505465022419264581E-01    0.807041642579236829E+01
    0.147539518246462231E+01    0.813421402833864216E+00    0.410474387327905060E+04   -0.248065537479895989E-03    0.199773629347445220E+00    0.810315194489794521E+01
    0.119904999098038245E+01    0.827518441009680972E+00    0.461648559441144153E+04   -0.462973017655415691E-03    0.110325798766914812E+00    0.810507120770456346E+01
    0.119904999098038245E+01    0.827518441009680972E+00    0.461648559441144153E+04   -0.462973017655415691E-03    0.110325798766914812E+00    0.810507120770456346E+01
    0.132849363822811295E+01    0.861632669735345358E+00    0.427028482041866482E+04    0.251346858417937809E-03    0.137804746879170797E+00    0.810833611451626446E+01
    0.132849363822811295E+01    0.861632669735345358E+00    0.427028482041866482E+04    0.251346858417937809E-03    0.137804746879170797E+00    0.810833611451626446E+01
    0.152077186406721010E+01    0.834235082201766120E+00    0.452789436902346552E+04    0.708343532164655717E-03    0.372449433388845175E+00    0.811601155910513583E+01
    0.131917163148697680E+01    0.795988961664735650E+00    0.419742852009872058E+04   -0.279121076767706137E-03    0.125746079016152729E+00    0.811661136107401227E+01
    0.128970698358721036E+01    0.837798468266539254E+00    0.492056719111501661E+04    0.470586034647302331E-03    0.187182833037511709E+00    0.812844349131012578E+01
    0.128970698358721036E+01    0.837798468266539254E+00    0.492056719111501661E+04    0.470586034647302331E-03    0.187182833037511709E+00    0.812844349131012578E+01
    0.134106149140188036E+01    0.937825785619474939E+00    0.436565574678163375E+04   -0.189416364510208588E-03    0.755213109992784348E+00    0.813219410494591699E+01
    0.126406727564083932E+01    0.842506821061069999E+00    0.453365439761723883E+04   -0.138868569266340798E-03    0.102300919569441359E+00    0.814356331518408183E+01
    0.123453175036958807E+01    0.834391260489482867E+00    0.489474582637094045E+04    0.306167358074661052E-03    0.158650058517839920E+00    0.814734363271760742E+01
    0.141540057622463866E+01    0.781124577718938395E+00    0.430675974689358554E+04   -0.247337946511122389E-03    0.781696221130753488E-01    0.815211103066732967E+01
    0.129787019000169801E+01    0.874149272631156049E+00    0.457146176566661779E+04    0.588406040865728746E-03    0.186087442873959286E+00    0.818635162496360103E+01
    0.141388206692657814E+01    0.782159880570693855E+00    0.483949279018539346E+04    0.218993968039990164E-04    0.110988113615364856E+00    0.819335949406039354E+01
    0.121179975280965690E+01    0.891794194227615411E+00    0.392619191269943030E+04    0.346665355615312983E-03    0.205234022384582042E-01    0.819379979482529208E+01
    0.132568363428676617E+01    0.831834584513445940E+00    0.474862501924196295E+04   -0.404838545708571297E-03    0.246272075529152756E+00    0.819611810752458680E+01
    0.129577654404375453E+01    0.883887723909107748E+00    0.470371956390380547E+04    0.227775126830374105E-03    0.178892606043464963E+00    0.821074660544192625E+01
    0.125485922884796142E+01    0.888649888637396024E+00    0.471390874053448351E+04    0.947088147102960682E-03    0.832249148596969218E-01    0.821158893424221326E+01
    0.141877747898043127E+01    0.828673481279408652E+00    0.422469470691797414E+04   -0.227060396506873163E-03    0.271726756068778053E+00    0.821243836196430266E+01
    0.141877747898043127E+01    0.828673481279408652E+00    0.422469470691797414E+04   -0.227060396506873163E-03    0.271726756068778053E+00    0.821243836196430266E+01
    0.132286620406057454E+01    0.761230793176206233E+00    0.485734537276575065E+04    0.272438127222422236E-04    0.775125270233036345E-01    0.821284442028318651E+01
    0.132286620406057454E+01    0.761230793176206233E+00    0.485734537276575065E+04    0.272438127222422236E-04    0.775125270233036345E-01    0.821284442028318651E+01
    0.136248348455720603E+01    0.861394094738428207E+00    0.494344865393019063E+04   -0.124261967620533959E-03    0.320018382016774350E+00    0.822492833622085229E+01
    0.136248348455720603E+01    0.861394094738428207E+00    0.494344865393019063E+04   -0.124261967620533959E-03    0.320018382016774350E+00    0.822492833622085229E+01
    0.119982255955539419E+01    0.889915516468601231E+00    0.471451503814379521E+04    0.570644568873666415E-03    0.392668203682932093E-01    0.822548572633772146E+01
    0.123120410415589188E+01    0.874813821553581783E+00    0.482266467374078366E+04    0.294901803626697171E-03    0.297189229745208269E-01    0.822901501002148272E+01
    0.133697810313518639E+01    0.811718634918918380E+00    0.496293939104229685E+04   -0.167979577073813416E-03    0.128464177102363492E+00    0.823203256635875746E+01
    0.143169464431120219E+01    0.856483056409343191E+00    0.455773038132678903E+04    0.127133869603662114E-03    0.344109913774055642E+00    0.823783224651591794E+01
    0.134644840370212782E+01    0.874278898372941926E+00    0.493321498923687523E+04    0.271724221577451417E-03    0.167699243737758685E+00    0.824876465408088322E+01
    0.134644840370212782E+01    0.874278898372941926E+00    0.493321498923687523E+04    0.271724221577451417E-03    0.167699243737758685E+00    0.824876465408088322E+01
    0.157746251342077137E+01    0.782552133361753555E+00    0.458084626710586963E+04   -0.244737718735039663E-03    0.121903228212984674E+00    0.827312311803783551E+01
    0.130501017724814083E+01    0.840278074291646360E+00    0.462183217565292489E+04   -0.782657931536593168E-03    0.707256982072842627E-01    0.828044470281569289E+01
    0.130501017724814083E+01    0.840278074291646360E+00    0.462183217565292489E+04   -0.782657931536593168E-03    0.707256982072842627E-01    0.828044470281569289E+01
    0.127617492996226090E+01    0.834893893830918832E+00    0.487090650222937802E+04    0.140640286324344641E-03    0.136611610177897164E+00    0.829446774863835223E+01
    0.137609385064928880E+01    0.856962353865310389E+00    0.412772210053522213E+04   -0.905223616590763557E-04    0.351216340454024223E+00    0.830765728114720226E+01
    0.150756138315645005E+01    0.844493529861655601E+00    0.410585391156100013E+04   -0.473573740457708414E-03    0.315737742234771079E+00    0.831361113451906419E+01
    0.134239868704389931E+01    0.877384981720244372E+00    0.498256837888656992E+04   -0.142551099834040324E-03    0.332686537229978985E+00    0.831594419221141479E+01
    0.132845810866717517E+01    0.775656279436356288E+00    0.418658932740776982E+04    0.266536817216503504E-03    0.865792726190649925E-01    0.831876693554076496E+01
    0.132812540120657863E+01    0.840276979082416053E+00    0.483688287523822873E+04    0.685317064189348455E-03    0.123056789366837283E+00    0.831952738683929383E+01
    0.132812540120657863E+01    0.840276979082416053E+00    0.483688287523822873E+04    0.685317064189348455E-03    0.123056789366837283E+00    0.831952738683929383E+01
    0.128135968585636184E+01    0.882587778834629466E+00    0.499282226454084957E+04   -0.579022948574582489E-03    0.177274300161065518E+00    0.832293222777927610E+01
    0.138772526107089211E+01    0.829589128512061014E+00    0.418973419334727441E+04    0.928032411600390403E-04    0.139043408065631646E+00    0.833444867984506033E+01
    0.138772526107089211E+01    0.829589128512061014E+00    0.418973419334727441E+04    0.928032411600390403E-04    0.139043408065631646E+00    0.833444867984506033E+01
    0.127368053140237247E+01    0.860148555452296848E+00    0.489659093357230086E+04   -0.120361225289322566E-03    0.207554164104826133E+00    0.834876964016334355E+01
    0.133687266485787548E+01    0.774027918075787413E+00    0.496773184441904868E+04   -0.465698444543704107E-03    0.965235023439049711E-01    0.837593208664620192E+01
    0.135036057881013472E+01    0.774520280723067334E+00    0.466325860434235165E+04   -0.499455960475999943E-03    0.967513720110688702E-01    0.838404477288695560E+01
    0.125835740293210940E+01    0.940084862054956338E+00    0.405950300729070068E+04    0.492993138261125043E-03    0.382787033552218006E-01    0.838617067220752510E+01
    0.125835740293210940E+01    0.940084862054956338E+00    0.405950300729070068E+04    0.492993138261125043E-03    0.382787033552218006E-01    0.838617067220752510E+01
    0.140445761675702463E+01    0.900385856694240427E+00    0.452713937862134208E+04    0.930120025994274108E-04    0.627237376160331817E+00    0.839237849312289264E+01
    0.146595908831772914E+01    0.847232980395153712E+00    0.395504356052302228E+04   -0.894648910694178194E-04    0.476807524950420947E+00    0.839338611138941992E+01
    0.146595908831772914E+01    0.847232980395153712E+00    0.395504356052302228E+04   -0.894648910694178194E-04    0.476807524950420947E+00    0.839338611138941992E+01
    0.132589368573311228E+01    0.845899163121170306E+00    0.494153288256818450E+04   -0.396338186420635424E-03    0.223973603703664842E+00    0.839943427254334374E+01
    0.125832219619124208E+01    0.823775363150871742E+00    0.431872798945644809E+04    0.166536159358787687E-04    0.170736295353727335E+00    0.840236511882571335E+01
    0.130275106106843275E+01    0.804218520584218388E+00    0.494256403059340482E+04    0.180535402457157930E-04    0.102360667991753584E+00    0.840653054497879992E+01
    0.126796161935821639E+01    0.817395310804626019E+00    0.477139275650340187E+04    0.154424723019146653E-03    0.767484959729387711E-01    0.841119558014745117E+01
    0.126796161935821639E+01    0.817395310804626019E+00    0.477139275650340187E+04    0.154424723019146653E-03    0.767484959729387711E-01    0.841119558014745117E+01
    0.147533852431760959E+01    0.784478118247551981E+00    0.465925832404517769E+04   -0.103483954132525658E-04    0.950316091172624666E-01    0.842558410049525719E+01
    0.141241825422849665E+01    0.858372051209411513E+00    0.484905330232147571E+04    0.978487556873303409E-04    0.308447847066234737E+00    0.842813128973170578E+01
    0.122502023327403431E+01    0.904551235163181366E+00    0.477482716946795790E+04    0.879895678687404078E-04    0.216336138834964664E-01    0.846939597003295219E+01
    0.126831209062943229E+01    0.858657973883116488E+00    0.422702542684040509E+04    0.729639608038594868E-04    0.158429169638962114E+00    0.848291036344387450E+01
    0.126921402862418242E+01    0.904184232180264669E+00    0.464292862666379006E+04    0.509002665533313508E-03    0.146713857186333646E+00    0.849940591041404758E+01
    0.126921402862418242E+01    0.904184232180264669E+00    0.464292862666379006E+04    0.509002665533313508E-03    0.146713857186333646E+00    0.849940591041404758E+01
    0.142747560744190305E+01    0.856794520946434601E+00    0.463670579796592028E+04    0.304755457216287541E-03    0.395445112860020764E+00    0.851457519350229752E+01
    0.139253037062912277E+01    0.849566030661579652E+00    0.438414386388368621E+04    0.451138462629517556E-03    0.139340495842678269E+00    0.852681928476329176E+01
    0.128442649727276059E+01    0.816798580304736843E+00    0.477812045902525915E+04   -0.368812246570503048E-03    0.151906783760314829E+00    0.855049209434472424E+01
    0.144840237850526332E+01    0.835662144343524260E+00    0.465995441236007173E+04    0.527571326026188259E-03    0.234903342364841783E+00    0.855227155342925904E+01
    0.144840237850526332E+01    0.835662144343524260E+00    0.465995441236007173E+04    0.527571326026188259E-03    0.234903342364841783E+00    0.855227155342925904E+01
    0.147328853047443009E+01    0.660729983765592555E+00    0.487407148379955015E+04    0.155413451353657057E-03    0.291282142653658538E-01    0.855580789307677314E+01
    0.119570802122597875E+01    0.914617290154599805E+00    0.485329952790925745E+04    0.122655368894476676E-03    0.241594477003746512E-01    0.859436294790484467E+01
    0.143303953790112693E+01    0.741106065708248996E+00    0.460459316911802398E+04    0.114265321497181610E-03    0.580829755513729423E-01    0.861086345691303734E+01
    0.140370821432020154E+01    0.831344850423807014E+00    0.414258710125060952E+04    0.304779712811117454E-03    0.158668572171246247E+00    0.861170672394799652E+01
    0.140370821432020154E+01    0.831344850423807014E+00    0.414258710125060952E+04    0.304779712811117454E-03    0.158668572171246247E+00    0.861170672394799652E+01
    0.126663897818206439E+01    0.819871131997582214E+00    0.468486552776563531E+04    0.387272175667373146E-03    0.100538707290973015E+00    0.861534084072912165E+01
    0.126663897818206439E+01    0.819871131997582214E+00    0.468486552776563531E+04    0.387272175667373146E-03    0.100538707290973015E+00    0.861534084072912165E+01
    0.142221979017877764E+01    0.701609810529083222E+00    0.477125128900039363E+04   -0.206342685600013052E-03    0.411116772597411723E-01    0.861545306593759719E+01
    0.142221979017877764E+01    0.701609810529083222E+00    0.477125128900039363E+04   -0.206342685600013052E-03    0.411116772597411723E-01    0.861545306593759719E+01
    0.114286260175310428E+01    0.872700460347520579E+00    0.460542763460833339E+04   -0.457957117663297122E-03    0.170593768465071606E-01    0.861663296095804654E+01
    0.129007840756362846E+01    0.920590766168611463E+00    0.498301955042761347E+04    0.192833797988623803E-03    0.192542490189727883E+00    0.862023838061020697E+01
    0.141641728559376201E+01    0.854566823886494076E+00    0.459890060693424675E+04    0.388327915535979817E-03    0.302837453586480509E+00    0.865250540278785252E+01
    0.142714977398017906E+01    0.833484068483336227E+00    0.459735113615326645E+04   -0.232495695311116506E-03    0.167862015131561682E+00    0.866196656991029812E+01
    0.142714977398017906E+01    0.833484068483336227E+00    0.459735113615326645E+04   -0.232495695311116506E-03    0.167862015131561682E+00    0.866196656991029812E+01
    0.138298210843634140E+01    0.782994334014315729E+00    0.415089188565118639E+04   -0.398949398622059140E-03    0.792522091885609764E-01    0.867463639043032586E+01
    0.133138763560287199E+01    0.825411177237186600E+00    0.495906980752589789E+04   -0.645379497891391786E-04    0.168276328155881227E+00    0.867984852163211507E+01
    0.134288194447247822E+01    0.824502869450526976E+00    0.414393291727476208E+04    0.287778095572049496E-03    0.150782770267607363E+00    0.868478987484018461E+01
    0.122981067846558090E+01    0.899616650123240102E+00    0.470897953724032413E+04   -0.470281735343179623E-04    0.939383204208716349E-01    0.868651449697781075E+01
    0.114570859600842834E+01    0.853068017390349875E+00    0.456893480652645030E+04   -0.990150732357118605E-04    0.149038073075539439E-01    0.868872332284189852E+01
    0.114570859600842834E+01    0.853068017390349875E+00    0.456893480652645030E+04   -0.990150732357118605E-04    0.149038073075539439E-01    0.868872332284189852E+01
    0.130870137009046905E+01    0.837923929085459984E+00    0.464188593201618278E+04    0.300103625157948327E-03    0.143987460705978343E+00    0.869048353684928543E+01
    0.144273136649140854E+01    0.755317329917439717E+00    0.492137833809054518E+04   -0.179483939208602657E-03    0.645008397901017660E-01    0.869813790483867066E+01
    0.153310028784048424E+01    0.797943485132068808E+00    0.435260637018400939E+04    0.889166082091405875E-03    0.140581740567843783E+00    0.870746477572992994E+01
    0.153310028784048424E+01    0.797943485132068808E+00    0.435260637018400939E+04    0.889166082091405875E-03    0.140581740567843783E+00    0.870746477572992994E+01
    0.140072844446198719E+01    0.880232095692070504E+00    0.395558510989738443E+04   -0.266833240297474205E-03    0.752631352300946022E+00    0.871736024709003487E+01
    0.140072844446198719E+01    0.880232095692070504E+00    0.395558510989738443E+04   -0.266833240297474205E-03    0.752631352300946022E+00    0.871736024709003487E+01
    0.131588093534150419E+01    0.839218450804346316E+00    0.496618392410523120E+04    0.371824304401988299E-03    0.187086621629614480E+00    0.872253511040620388E+01
    0.131588093534150419E+01    0.839218450804346316E+00    0.496618392410523120E+04    0.371824304401988299E-03    0.187086621629614480E+00    0.872253511040620388E+01
    0.125024721846245490E+01    0.864421817128688708E+00    0.472983649659965522E+04    0.322549284444544244E-03    0.145023725365843542E+00    0.872837475851047806E+01
    0.134471406656532055E+01    0.793289980763664526E+00    0.466245927925962587E+04   -0.149307804930662731E-03    0.111237883006985241E+00    0.873701193455558212E+01
    0.134471406656532055E+01    0.793289980763664526E+00    0.466245927925962587E+04   -0.149307804930662731E-03    0.111237883006985241E+00    0.873701193455558212E+01
    0.138105425506311286E+01    0.805069747973191308E+00    0.461820484708250478E+04   -0.753448997972682046E-04    0.112886661453136916E+00    0.876204260391892831E+01
    0.138105425506311286E+01    0.805069747973191308E+00    0.461820484708250478E+04   -0.753448997972682046E-04    0.112886661453136916E+00    0.876204260391892831E+01
    0.133777730775664927E+01    0.738264964768124421E+00    0.468136989661082225E+04   -0.113726177366339581E-02    0.510261321873423795E-01    0.876227548425189084E+01
    0.129010121195758654E+01    0.812046934101010809E+00    0.482963304970090303E+04    0.549083772326848757E-03    0.146669145153531716E+00    0.876975162555831922E+01
    0.129010121195758654E+01    0.812046934101010809E+00    0.482963304970090303E+04    0.549083772326848757E-03    0.146669145153531716E+00    0.876975162555831922E+01
    0.129367045820796167E+01    0.900657126970198840E+00    0.480597621925680141E+04    0.803699397169440298E-03    0.202170523537568453E+00    0.877551245242992906E+01
    0.144001246697304408E+01    0.769353085600098741E+00    0.461831059071900017E+04   -0.181613034546905956E-03    0.876049899541702926E-01    0.877871597714405283E+01
    0.144001246697304408E+01    0.769353085600098741E+00    0.461831059071900017E+04   -0.181613034546905956E-03    0.876049899541702926E-01    0.877871597714405283E+01
    0.118336305115135687E+01    0.916447133152365145E+00    0.496698546090613672E+04   -0.564288770879335275E-04    0.285690048459411108E-01    0.878215784290869195E+01
    0.138266098109960689E+01    0.917752670825215500E+00    0.463673072212940406E+04   -0.262002278108919252E-03    0.484453233087831725E+00    0.878301879771406391E+01
    0.119242672797744498E+01    0.831516070149550979E+00    0.457711427938944689E+04   -0.883529388016562217E-03    0.641529051859069110E-01    0.880621940069844733E+01
    0.130003220361369332E+01    0.832466125990139583E+00    0.474665110520465896E+04   -0.540770430161945223E-03    0.241114301992617436E+00    0.880639079445865924E+01
    0.130955148791799036E+01    0.854598704598253711E+00    0.440409132886483258E+04    0.422290992917392970E-03    0.111790869755569580E+00    0.880825520052577815E+01
    0.125828391302649512E+01    0.854877509215625664E+00    0.488842193065840365E+04   -0.246764960330012571E-03    0.162031622783070678E+00    0.881568217512210772E+01
    0.125828391302649512E+01    0.854877509215625664E+00    0.488842193065840365E+04   -0.246764960330012571E-03    0.162031622783070678E+00    0.881568217512210772E+01
    0.137880780936903991E+01    0.876305557683438985E+00    0.435270105244821571E+04   -0.319146705728479043E-03    0.127651735713318087E+00    0.881890962602113504E+01
    0.134633970292420413E+01    0.763026753083005604E+00    0.498983077754058559E+04   -0.546757621348755037E-03    0.641923288820590715E-01    0.882571133715066125E+01
    0.134633970292420413E+01    0.763026753083005604E+00    0.498983077754058559E+04   -0.546757621348755037E-03    0.641923288820590715E-01    0.882571133715066125E+01
    0.131567301269596348E+01    0.784015562969801461E+00    0.488245686248835136E+04    0.365734636916338781E-03    0.921537663294867693E-01    0.882893984289064448E+01
    0.131567301269596348E+01    0.784015562969801461E+00    0.488245686248835136E+04    0.365734636916338781E-03    0.921537663294867693E-01    0.882893984289064448E+01
    0.130382335324303833E+01    0.793658729160573784E+00    0.491017218826661247E+04   -0.588449976599720800E-03    0.654693067859951211E-01    0.882928339676492158E+01
    0.130124155857444035E+01    0.853859479010668609E+00    0.496460318123511115E+04   -0.307588888899736773E-03    0.732080672274947608E-01    0.883156790500108180E+01
    0.123699333423461555E+01    0.884601765790405947E+00    0.479315119049053919E+04    0.618876109326146635E-03    0.677556725786177400E-01    0.884334261359077800E+01
    0.121633179988750317E+01    0.845908874871510563E+00    0.449523660998100422E+04   -0.349180062031787138E-03    0.694864909605996672E-01    0.884695727751645222E+01
    0.138113923305323638E+01    0.807866835958267027E+00    0.416867577687038738E+04    0.333748063238906438E-03    0.119138560549240546E+00    0.886175306519426798E+01
    0.138113923305323638E+01    0.807866835958267027E+00    0.416867577687038738E+04    0.333748063238906438E-03    0.119138560549240546E+00    0.886175306519426798E+01
    0.114316413523316873E+01    0.878808161809971011E+00    0.489327107330483977E+04   -0.390398257422286908E-03    0.241962454604602306E-01    0.886282309113151356E+01
    0.114316413523316873E+01    0.878808161809971011E+00    0.489327107330483977E+04   -0.390398257422286908E-03    0.241962454604602306E-01    0.886282309113151356E+01
    0.125891386759254842E+01    0.919842109949198128E+00    0.474384782372157679E+04    0.520360692553340832E-03    0.140034086704894783E+00    0.887120401159139682E+01
    0.125891386759254842E+01    0.919842109949198128E+00    0.474384782372157679E+04    0.520360692553340832E-03    0.140034086704894783E+00    0.887120401159139682E+01
    0.130651330617738726E+01    0.888334614041391912E+00    0.422120799844130579E+04    0.294643968941484045E-03    0.461102187728327367E-01    0.887512615576827102E+01
    0.130651330617738726E+01    0.888334614041391912E+00    0.422120799844130579E+04    0.294643968941484045E-03    0.461102187728327367E-01    0.887512615576827102E+01
    0.146480069403833113E+01    0.820601714714228714E+00    0.484011651459205223E+04    0.730132380734390069E-03    0.222801416954236498E+00    0.887542389947482846E+01
    0.140195153703436270E+01    0.831649051806228945E+00    0.422492276696098907E+04   -0.233180321658817190E-03    0.269153596335940604E+00    0.888325260959555507E+01
    0.133882133431941330E+01    0.835048890834476643E+00    0.495350296820651420E+04    0.100782466287363667E-02    0.190144646337526924E+00    0.889162785229888541E+01
    0.131544940344191996E+01    0.822572686554655874E+00    0.499890101242917899E+04   -0.968828019028830840E-04    0.116814359234118245E+00    0.889532620197262247E+01
    0.131544940344191996E+01    0.822572686554655874E+00    0.499890101242917899E+04   -0.968828019028830840E-04    0.116814359234118245E+00    0.889532620197262247E+01
    0.125469943920369920E+01    0.900136409504106227E+00    0.489782641541297380E+04    0.249896523082649997E-03    0.163230840050050813E+00    0.889696023291245908E+01
    0.131418460773155088E+01    0.766640365609606134E+00    0.478814738122170456E+04   -0.366281531033166752E-04    0.844955942881268074E-01    0.890987849704862178E+01
    0.121820590075468349E+01    0.851105194719417146E+00    0.437782199078902704E+04   -0.346664998207577225E-04    0.520943733510350129E-01    0.891302320936613768E+01
    0.132747013414519288E+01    0.826676279546669335E+00    0.472533735266894473E+04   -0.544300913478390751E-03    0.888540564682251677E-01    0.891829206966408172E+01
    0.136752122365785489E+01    0.836970514653562647E+00    0.484657836971007964E+04    0.811147381188117222E-03    0.275190331733600413E+00    0.891830012710624942E+01
    0.136752122365785489E+01    0.836970514653562647E+00    0.484657836971007964E+04    0.811147381188117222E-03    0.275190331733600413E+00    0.891830012710624942E+01
    0.135917690951711423E+01    0.757238180083536605E+00    0.493796804560671535E+04   -0.413427804802364248E-03    0.708472919690193853E-01    0.892515102578079755E+01
    0.147302977659678946E+01    0.823628472861244632E+00    0.486940772064406065E+04    0.582623420489562652E-03    0.280707655493614761E+00    0.892784062873605855E+01
    0.149469553579557712E+01    0.825818948718585299E+00    0.440512305379287227E+04    0.394913028913458099E-03    0.204173943475271874E+00    0.893618645744174955E+01
    0.149469553579557712E+01    0.825818948718585299E+00    0.440512305379287227E+04    0.394913028913458099E-03    0.204173943475271874E+00    0.893618645744174955E+01
    0.112964705492875495E+01    0.846359100746691739E+00    0.463588701852905797E+04   -0.381578827877125602E-04    0.152236717300549083E-01    0.893960721626688049E+01
    0.115480882295559706E+01    0.858988323646560081E+00    0.464263648871031728E+04    0.269722335740731783E-03    0.185955952181783915E-01    0.894260054603222976E+01
    0.138553666072088610E+01    0.841932634661254231E+00    0.442718007255843258E+04   -0.344370888822173018E-03    0.180329256733784443E+00    0.894590181343868807E+01
    0.118518510178015957E+01    0.916024003301128431E+00    0.488782101186241289E+04   -0.916551236098935365E-04    0.287701487629597324E-01    0.894804992192576520E+01
    0.135509981045103922E+01    0.814638196434857909E+00    0.498471416996224980E+04   -0.722625357224989349E-03    0.141489966583436322E+00    0.895420336398583849E+01
    0.143897201849710443E+01    0.888813265417088050E+00    0.430081190104557936E+04   -0.215121650553972945E-03    0.580110286278302856E+00    0.896030464485312983E+01
    0.133544102385752916E+01    0.807124648367397945E+00    0.485874008598489945E+04    0.178526052820155833E-03    0.138062797802673554E+00    0.896234551275409785E+01
    0.130504486704279365E+01    0.830403118358487013E+00    0.460432502415598992E+04   -0.348408963176657005E-03    0.968010583496854010E-01    0.896478047232906761E+01
    0.134013703436481402E+01    0.811760440095407376E+00    0.484190186345545681E+04    0.798067799560118866E-04    0.876163145435378266E-01    0.897422762991505962E+01
    0.127232712512623958E+01    0.800398888333640479E+00    0.432976337398891701E+04    0.215019428328898685E-03    0.915482782416617569E-01    0.897485427040868800E+01
    0.134548648962006911E+01    0.812624277003121565E+00    0.442839844102220377E+04   -0.380612932891864514E-03    0.982238487775475705E-01    0.898225942863415838E+01
    0.138906576561883721E+01    0.808295266404154611E+00    0.461896272011512792E+04    0.509188985192365559E-03    0.129713483914588673E+00    0.899097446180095261E+01
    0.130937133382852045E+01    0.790126366001309255E+00    0.413989397922081207E+04    0.185619697380841808E-03    0.111502257248832004E+00    0.899136987755377604E+01
    0.136553559856669815E+01    0.855496540026473129E+00    0.451088991482616802E+04   -0.435330640624324741E-03    0.153565843149006703E+00    0.899182356732738519E+01
    0.136553559856669815E+01    0.855496540026473129E+00    0.451088991482616802E+04   -0.435330640624324741E-03    0.153565843149006703E+00    0.899182356732738519E+01
    0.142600170682946970E+01    0.852466363953649719E+00    0.498296681227467707E+04    0.506610916016439136E-03    0.486523938051300509E+00    0.901086175984223203E+01
    0.142600170682946970E+01    0.852466363953649719E+00    0.498296681227467707E+04    0.506610916016439136E-03    0.486523938051300509E+00    0.901086175984223203E+01
    0.126861371415086355E+01    0.820722512865371456E+00    0.474050984043997596E+04   -0.300068963118047026E-03    0.146824528826978468E+00    0.901526620355559771E+01
    0.125776818655501144E+01    0.892217907743145577E+00    0.485361292426321688E+04    0.692052352966875963E-03    0.283491151384572711E-01    0.902219538775870333E+01
    0.139313554296772901E+01    0.812115278243199179E+00    0.497017840515314947E+04    0.680412136362605483E-03    0.187460102770152043E+00    0.902871633768600468E+01
    0.120455726516925909E+01    0.878665723301295998E+00    0.492375993170746369E+04   -0.192790679165732777E-04    0.432481498957594523E-01    0.903021429915699159E+01
    0.128821007765563356E+01    0.848048596949323774E+00    0.464175682328690345E+04   -0.145799014225953726E-03    0.109473212873335418E+00    0.903064783388079206E+01
    0.127466522382054648E+01    0.842670502524345166E+00    0.493805320586883226E+04   -0.331517705569564611E-03    0.810119948241074528E-01    0.903614726257619516E+01
    0.129839723473407975E+01    0.841219949809107415E+00    0.476771635356725710E+04   -0.311581949327540038E-03    0.623654456253563833E-01    0.904130286061059252E+01
    0.122004712385178338E+01    0.825031499751359143E+00    0.486878708319654652E+04   -0.307100903623785428E-03    0.641442194062455673E-01    0.904170243173044241E+01
    0.128467151186933992E+01    0.794992759701148022E+00    0.484571695669990277E+04    0.606826110556655255E-04    0.105904557437487376E+00    0.904359720048800497E+01
    0.135237512390398140E+01    0.814799105626179743E+00    0.481879634518954299E+04    0.567833959935927835E-04    0.138922447070198407E+00    0.904488378635674373E+01
    0.126131134022234725E+01    0.822886021908488030E+00    0.499538725343145143E+04   -0.376664529612340227E-03    0.100809370868374534E+00    0.904580566820149023E+01
    0.125376058398255141E+01    0.868292087807802426E+00    0.458122401273729520E+04   -0.295742293414017680E-03    0.227999189304067436E-01    0.905969830476388971E+01
    0.130310579308775010E+01    0.837697760785698797E+00    0.479209474198160478E+04    0.105184176990632877E-02    0.224871398967600250E+00    0.906675098153661629E+01
    0.125891511427920677E+01    0.834012953224468112E+00    0.484584897762263881E+04   -0.181467436502565527E-03    0.168304799784842252E+00    0.907271468093908773E+01
    0.129743774375920040E+01    0.800466373465783532E+00    0.488825878142464353E+04    0.406447290179840111E-03    0.108565761979553546E+00    0.907951584830880520E+01
    0.129743774375920040E+01    0.800466373465783532E+00    0.488825878142464353E+04    0.406447290179840111E-03    0.108565761979553546E+00    0.907951584830880520E+01
    0.122974021798193811E+01    0.926560864103691206E+00    0.486283180288185122E+04    0.330292043927261447E-03    0.348306061907991543E-01    0.908450748665767094E+01
    0.116870346549617588E+01    0.886460746035750868E+00    0.481697743237317354E+04   -0.134090325200206999E-03    0.385379098632907605E-01    0.908683661051631475E+01
    0.143374557524910373E+01    0.784033454850098011E+00    0.473967726930447952E+04    0.315112248736661193E-03    0.110076439678451335E+00    0.908766445862369920E+01
    0.118275861857005182E+01    0.836442924886401151E+00    0.472155990947736700E+04   -0.746315035417238992E-04    0.558027737533233203E-01    0.908957115522352233E+01
    0.129264271688651666E+01    0.857517323115034258E+00    0.473726646137100397E+04    0.212020777268437946E-03    0.152839042215719534E+00    0.909760588511871049E+01
    0.133943785355353873E+01    0.794141277949622748E+00    0.498962111364085376E+04    0.334222427054075221E-03    0.131589982156761903E+00    0.910767006878060137E+01
    0.133943785355353873E+01    0.794141277949622748E+00    0.498962111364085376E+04    0.334222427054075221E-03    0.131589982156761903E+00    0.910767006878060137E+01
    0.122282473451452400E+01    0.881409526100398244E+00    0.485345717267857526E+04    0.177238857709816419E-03    0.242585120969094625E-01    0.910879691124592306E+01
    0.119551852632266820E+01    0.860669363111410735E+00    0.489702748248592889E+04   -0.627950061778597053E-03    0.290432925709205730E-01    0.911067513162524989E+01
    0.148315784718119636E+01    0.803976949105192018E+00    0.484023161723590874E+04    0.631890359857919907E-03    0.173112971534842369E+00    0.911457253096192410E+01
    0.113676350273790527E+01    0.879755010598758380E+00    0.477264351560147861E+04   -0.215722423527879060E-03    0.248463977692779323E-01    0.912190764230517992E+01
    0.134814540280190931E+01    0.811819711881815009E+00    0.482759563051587520E+04   -0.787057960947916912E-03    0.149577407990415578E+00    0.913170405301965715E+01
    0.134814540280190931E+01    0.811819711881815009E+00    0.482759563051587520E+04   -0.787057960947916912E-03    0.149577407990415578E+00    0.913170405301965715E+01
    0.132744489005331023E+01    0.851752218014009799E+00    0.497041262053839000E+04    0.458288596445445714E-03    0.231587057454662765E+00    0.913218593443563620E+01
    0.132744489005331023E+01    0.851752218014009799E+00    0.497041262053839000E+04    0.458288596445445714E-03    0.231587057454662765E+00    0.913218593443563620E+01
    0.124417701511442647E+01    0.851934487390767048E+00    0.488398513911669033E+04    0.585768805821320986E-03    0.157927043687817542E+00    0.913979372148068592E+01
    0.132785590670835552E+01    0.843996926518730151E+00    0.499182665550294769E+04    0.233621429035798362E-03    0.252514820988089916E+00    0.915322198000763088E+01
    0.132785590670835552E+01    0.843996926518730151E+00    0.499182665550294769E+04    0.233621429035798362E-03    0.252514820988089916E+00    0.915322198000763088E+01
    0.123507933582357454E+01    0.930584848267426823E+00    0.403997693729669527E+04    0.397677198488960437E-03    0.195000290074114381E-01    0.915840475444373503E+01
    0.135745017314979055E+01    0.771357812255774933E+00    0.489896777610524077E+04    0.323562070867785493E-03    0.804336299424152912E-01    0.915974586952330405E+01
    0.120682204887484179E+01    0.881353233323848184E+00    0.472830355106582101E+04   -0.150719574152339531E-04    0.433403777300428797E-01    0.916436183618409572E+01
    0.124769187330130760E+01    0.841727553114432148E+00    0.494801266493100411E+04    0.497326557136721606E-03    0.964643231454376943E-01    0.916530637484935795E+01
    0.115577559207145142E+01    0.893894824747576089E+00    0.441070019231623246E+04    0.106668255493960416E-04    0.330618112697494415E-01    0.916755672682823963E+01
    0.112733386780803868E+01    0.899219817018086065E+00    0.491581929059973572E+04   -0.275108338087620599E-03    0.220917875333382606E-01    0.917845527008187467E+01
    0.117555004289083809E+01    0.819982898771527080E+00    0.490442247973563099E+04   -0.661877264645956576E-03    0.512026862268137248E-01    0.917973740233953706E+01
    0.133145308260482387E+01    0.842356745827253395E+00    0.499261403889190115E+04    0.211521368480938521E-03    0.275611907274461554E+00    0.918987574977786181E+01
    0.133145308260482387E+01    0.842356745827253395E+00    0.499261403889190115E+04    0.211521368480938521E-03    0.275611907274461554E+00    0.918987574977786181E+01
    0.126691156078442280E+01    0.877263996954853464E+00    0.499143423999079459E+04    0.432366076527464704E-04    0.113399504132514817E+00    0.919193984175008794E+01
    0.131900113489462578E+01    0.850760125454350757E+00    0.463482346827861693E+04    0.476533866207991429E-04    0.939792961985877195E-01    0.920372263511675115E+01
    0.136090789059011685E+01    0.818483306790650067E+00    0.467124117635011044E+04    0.240762938262715050E-03    0.135107568160812624E+00    0.921123362666491730E+01
    0.137114317356433846E+01    0.753891966136656766E+00    0.490215485765119320E+04    0.103511293937625086E-03    0.725519708436968003E-01    0.921885956926046823E+01
    0.124557692664200781E+01    0.833961757232559275E+00    0.450340309058077582E+04   -0.412741020223963344E-03    0.570353975070795327E-01    0.922440120426871779E+01
    0.132005517637403491E+01    0.805329775239895240E+00    0.485979385444639865E+04   -0.447128071313368492E-03    0.118030924047337046E+00    0.922746028950581021E+01
    0.130888062124079418E+01    0.851960131223820638E+00    0.490791015543643334E+04    0.231909264168064924E-03    0.179699258572915216E+00    0.922757761638046148E+01
    0.124752201964335496E+01    0.862989427369694972E+00    0.472965692480275266E+04   -0.225527063217283673E-03    0.128036931909377261E+00    0.922814828992772362E+01
    0.132132723544496300E+01    0.745452476555976462E+00    0.480932345428827739E+04    0.962024733290911164E-04    0.612020518724952084E-01    0.922988642929967185E+01
    0.126621869862107905E+01    0.816620725231605560E+00    0.417616789932922438E+04    0.176685979153646990E-03    0.906205538830219814E-01    0.923437899626923908E+01
    0.116000883444967817E+01    0.913688597381210221E+00    0.496828666117670218E+04    0.494155162110320964E-03    0.308214222222787035E-01    0.924796875633171922E+01
    0.119270807713682414E+01    0.876455964462065085E+00    0.481060869822092172E+04   -0.476791184930029849E-03    0.223471483626843936E-01    0.924847668248736454E+01
    0.120340026208352535E+01    0.890153551461458692E+00    0.471076547774313258E+04    0.553367528617743900E-03    0.293828840004345740E-01    0.925489895391704565E+01
    0.140506784672847651E+01    0.802357364365070547E+00    0.490150760017803259E+04    0.511113386006140568E-03    0.143430289881495171E+00    0.925540761433812520E+01
    0.116634877249576641E+01    0.922870414466124056E+00    0.479560203544563683E+04    0.462331163630559855E-03    0.418764211133001579E-01    0.925693699513825941E+01
    0.126029111305050789E+01    0.817590556804598800E+00    0.488072301617602625E+04   -0.690806182114078056E-05    0.123822120028321742E+00    0.926033849796519526E+01
    0.130030003380427184E+01    0.872449925825278361E+00    0.487205137759958325E+04    0.335117726072142687E-03    0.117759213990743100E+00    0.926223129298091763E+01
    0.126357453428539945E+01    0.874515847477493780E+00    0.469929278458646968E+04   -0.383501682367585843E-03    0.173874840941305980E+00    0.926598416340024400E+01
    0.124716773613714293E+01    0.863940803497120324E+00    0.493873938069061660E+04   -0.619972566653925489E-03    0.569066932990201987E-01    0.926738178695839743E+01
    0.134352112912655741E+01    0.805711957598810091E+00    0.480408604139608451E+04    0.249608417524166512E-03    0.100536648907552928E+00    0.927148789240143500E+01
    0.116454561178580374E+01    0.877885461613759355E+00    0.494686823992439531E+04   -0.378666978226831024E-03    0.323848399346871735E-01    0.927480350016277910E+01
    0.112978200068768686E+01    0.876345164067219184E+00    0.473187387514136663E+04    0.113644314348220534E-03    0.201293065315464766E-01    0.927828072394372150E+01
    0.149312915545076863E+01    0.808093630353710957E+00    0.482227997270772266E+04   -0.361651683463661079E-05    0.186370225955854452E+00    0.928889908444583234E+01
    0.118789764448944934E+01    0.835459503648962265E+00    0.453606060983032694E+04   -0.893411848584964655E-03    0.155189049931685249E-01    0.928978977188096700E+01
    0.136440907385458554E+01    0.817803594224192354E+00    0.467708842106539032E+04    0.229769292746977323E-03    0.130561951689636635E+00    0.929060588943315224E+01
    0.117112663335954603E+01    0.883965366873811553E+00    0.499140938188199380E+04   -0.196689823496178041E-03    0.204762470191336213E-01    0.930398188863739684E+01
    0.134634055055348245E+01    0.833043417170942324E+00    0.467104262676353846E+04    0.418498456889441310E-04    0.149494408154094843E+00    0.931445224165616992E+01
    0.134199985036969105E+01    0.827015778516850375E+00    0.490748285381766073E+04    0.252179119673607123E-03    0.181449257997464281E+00    0.932007255109799360E+01
    0.126230709406927777E+01    0.899125739041487293E+00    0.478260681979576111E+04    0.647993792003142242E-03    0.140633489110792154E+00    0.932202936092376078E+01
    0.127665340524718984E+01    0.896825251097111087E+00    0.499482992664848553E+04    0.441944236889407283E-03    0.203896612073359296E+00    0.934319988803504664E+01
    0.126952031357212047E+01    0.878087334123675012E+00    0.483217759092154392E+04   -0.472832483596324690E-04    0.712180143968801083E-01    0.934840819889515728E+01
    0.133494500819769790E+01    0.789594808308042739E+00    0.464570572916734727E+04    0.428700292882517350E-03    0.103641449398660032E+00    0.935418405803321917E+01
    0.118382388965994267E+01    0.838318799954334892E+00    0.493616035095002007E+04   -0.614009488855114588E-03    0.220076158679131835E-01    0.935725776434262357E+01
    0.128896382593401038E+01    0.856489229180822820E+00    0.487552547579461134E+04    0.943112135894751688E-03    0.171454800471031066E+00    0.936122080580908289E+01
    0.130538411732619686E+01    0.819442111863592615E+00    0.492037371728803009E+04   -0.809690248877792461E-04    0.157472214017345402E+00    0.936645098254212805E+01
    0.122743905990469893E+01    0.902693675626299541E+00    0.498095071943726180E+04    0.135609328724547198E-03    0.737467199097495835E-01    0.938466478248235347E+01
    0.131066108254371683E+01    0.808078453424588727E+00    0.469143323718155989E+04    0.287914749804889877E-04    0.107575901341783089E+00    0.939070807212905656E+01
    0.111911167058113903E+01    0.851255787496303151E+00    0.479265610798116541E+04   -0.101812442663772886E-02    0.183203532531285469E-01    0.940042920866677001E+01
    0.120245995570679987E+01    0.865394824187227241E+00    0.497347568100785702E+04   -0.255757504638288199E-03    0.377465547431657736E-01    0.940364881437386657E+01
    0.135566046467220480E+01    0.819293570362543910E+00    0.481519279883354284E+04    0.353637494548438743E-04    0.111729101689328592E+00    0.940409920907661245E+01
    0.133480060777395404E+01    0.859753136123725614E+00    0.495703939583400734E+04    0.615363482703387173E-04    0.176605960602006562E+00    0.940534552653065248E+01
    0.123467593748647020E+01    0.835938901440655302E+00    0.480179053106144056E+04    0.209924669613382434E-03    0.783961838978554232E-01    0.940653513846861955E+01
    0.133861803457789730E+01    0.808904349760853458E+00    0.473692741269049839E+04   -0.102604746283434202E-02    0.154567157305477570E+00    0.940700902185082199E+01
    0.129775442795974283E+01    0.886253623769077348E+00    0.489517704255722310E+04    0.188655953011348875E-04    0.398249678473134097E-01    0.941083372841053034E+01
    0.130570761933236490E+01    0.849241857130026978E+00    0.491347042571807924E+04    0.739885377597044935E-04    0.253721313347423705E+00    0.941133815768748505E+01
    0.136599575782067628E+01    0.742921946564482072E+00    0.493427389851955922E+04   -0.905984140938611128E-03    0.581689703256185811E-01    0.942156895889950619E+01
    0.119082244834729112E+01    0.841992380768743054E+00    0.490896132258091893E+04   -0.559182146361722303E-03    0.447259454367874634E-01    0.942158306586205185E+01
    0.119685115478628545E+01    0.881674072721175262E+00    0.439565670904031685E+04   -0.663093303629829330E-04    0.196900269864340588E-01    0.942231914466205467E+01
    0.119905096076072115E+01    0.877379700819538755E+00    0.451949672593868763E+04    0.297628464014654856E-03    0.529012283020138460E-01    0.942251024579328877E+01
    0.137793883652466542E+01    0.745746710437439453E+00    0.496149732836854855E+04   -0.337230202588867172E-03    0.604756524852106334E-01    0.942631222472876296E+01
    0.116531383644071074E+01    0.890780080098588223E+00    0.468741614604689130E+04    0.285671497672853214E-03    0.329147363123767217E-01    0.943374216240219177E+01
    0.128633761584622830E+01    0.884289124004431826E+00    0.493192332235387767E+04    0.329417856627009433E-03    0.258501438405761230E+00    0.943412441933404011E+01
    0.131120811455710262E+01    0.829526722433234998E+00    0.470445176871795775E+04    0.160659909159636797E-03    0.122698217157328968E+00    0.944033089478395837E+01
    0.120118738060245045E+01    0.918713812662772189E+00    0.499726202074855701E+04    0.307975030358074498E-03    0.308708725059445299E-01    0.945354553275234899E+01
    0.118945329361009522E+01    0.867400871947714758E+00    0.436850410942673170E+04   -0.142534417997039448E-03    0.200298705578899061E-01    0.945361690699035506E+01
    0.137382685678437677E+01    0.827661617696978436E+00    0.430616623795238502E+04   -0.324515478676975491E-03    0.137517413042856751E+00    0.945595276939159213E+01
    0.132828848566607038E+01    0.820001593835312459E+00    0.491389212526356278E+04    0.210747770613775842E-03    0.185653002934988154E+00    0.946244216269209915E+01
    0.131200719536428556E+01    0.798157749599952893E+00    0.497420216086919118E+04   -0.410712960376547243E-04    0.101731631631796729E+00    0.946259645357674373E+01
    0.121143475465618855E+01    0.871247772381132934E+00    0.479489622486816916E+04    0.277786804037285942E-03    0.222714766007497712E-01    0.946401553025799203E+01
    0.128546512136001323E+01    0.891731114838551608E+00    0.498384076442701735E+04    0.135653873569837978E-03    0.116053208867704705E+00    0.947416362042446281E+01
    0.132142064000177872E+01    0.878263267498241684E+00    0.481590244374374015E+04    0.173756278797059882E-03    0.151086797249519650E+00    0.947477859507464970E+01
    0.133472765033426954E+01    0.811402663708724936E+00    0.457494182537008874E+04    0.259752804767200501E-03    0.171019590169662672E+00    0.947574802652887627E+01
    0.123829002624881057E+01    0.847309737697667709E+00    0.460266342452775461E+04   -0.131105609396401212E-05    0.689538120879723826E-01    0.947766107468503094E+01
    0.112242091683094625E+01    0.865087739602030892E+00    0.452686005928952545E+04   -0.112375070409994005E-03    0.163589384282195362E-01    0.948216268470702062E+01
    0.129658227619986288E+01    0.875124112716576641E+00    0.482765999915859811E+04    0.335156140946203250E-03    0.250221105357319451E+00    0.948476223103770621E+01
    0.122589367431512053E+01    0.884673076333428510E+00    0.493187498212520495E+04    0.327890068679499919E-03    0.524191961244764582E-01    0.948771768089257606E+01
    0.126612326445588086E+01    0.822114544667598146E+00    0.479588848087475981E+04   -0.201394084187364684E-03    0.125966718407965889E+00    0.949427856596966180E+01
    0.130602111370649654E+01    0.862563232516350809E+00    0.497030470596288433E+04   -0.335718571682813596E-03    0.185834166749532653E+00    0.949428570072367073E+01
    0.122143592456385086E+01    0.838750394784238962E+00    0.485775070200829032E+04   -0.562446562112044277E-03    0.655059002257900314E-01    0.949584230132050067E+01
    0.108962850020935509E+01    0.856975439056976485E+00    0.473028750697719443E+04   -0.243083306393338384E-03    0.162866390749045534E-01    0.950534051267328728E+01
    0.119467072251939155E+01    0.899600877310095970E+00    0.469828449358843682E+04    0.421575896547135944E-03    0.223138382950053768E-01    0.950576484072571226E+01
    0.128974820993840189E+01    0.874312945018602905E+00    0.499839473441213977E+04    0.655190812671366447E-03    0.158665779317559014E+00    0.950822257804792415E+01
    0.128505008330659476E+01    0.866987165327633758E+00    0.497646887659046661E+04   -0.741279221253947498E-04    0.217022125335904315E+00    0.950971545143386088E+01
    0.112987050474196726E+01    0.849991569697973293E+00    0.494797145404564617E+04   -0.188159077376005856E-03    0.171850941992493580E-01    0.951145570529430451E+01
    0.121731199270627966E+01    0.864335826509960881E+00    0.488083031624222167E+04    0.248797726432590659E-03    0.109112006175009935E+00    0.952698629231578309E+01
    0.125848528699945339E+01    0.842371726707227153E+00    0.472847224955529782E+04    0.700911271781854703E-05    0.888398657166511868E-01    0.952774352126624535E+01
    0.136462710203376725E+01    0.813953812660408782E+00    0.492138850522318262E+04   -0.501034365744122733E-03    0.125403940290575222E+00    0.953093843954273012E+01
    0.128743909344892660E+01    0.831609322688974140E+00    0.486847069144733632E+04    0.517591481166347622E-03    0.204399113865897181E+00    0.953369807451138840E+01
    0.126359152501310357E+01    0.858949302931373171E+00    0.498689430558146796E+04    0.146563298337344113E-03    0.172119503157435932E+00    0.954079201142197775E+01
    0.129830070381560270E+01    0.866639857268759473E+00    0.497637475159244968E+04    0.599958108464270271E-04    0.315635383334682995E+00    0.954304783546086277E+01
    0.124940727297918386E+01    0.841961296599915254E+00    0.442039778117372862E+04    0.427403072714801385E-03    0.990143315700976745E-01    0.954944053453592545E+01
    0.106330584716344401E+01    0.871836213457029774E+00    0.475248447510002188E+04   -0.543840871766337704E-04    0.191715169996309887E-01    0.955742291649200659E+01
    0.124796361844030712E+01    0.840561861290242351E+00    0.477856694611512376E+04    0.125308904394025300E-03    0.102898568487420641E+00    0.955880144144106225E+01
    0.123576646115655464E+01    0.861519993098266657E+00    0.450172248138516989E+04    0.581083801697995350E-03    0.750133175799569119E-01    0.956554964512458739E+01
    0.130096361863583088E+01    0.915429020827752238E+00    0.480345302682539750E+04    0.124218468351561576E-03    0.654609827109350617E-01    0.956591468940565370E+01
    0.119709928850435476E+01    0.851781724439462318E+00    0.476653074759304400E+04   -0.344361009937563202E-03    0.260616824325106550E-01    0.957501917962287052E+01
    0.121569909989580904E+01    0.854668459370706568E+00    0.485899630593288566E+04    0.117319012484866811E-03    0.362979731621856649E-01    0.957795681823978740E+01
    0.130532723039034027E+01    0.812436413421235404E+00    0.466361122245930255E+04   -0.417766173923331437E-03    0.119553280149241978E+00    0.957998234918584224E+01
    0.131411994435595147E+01    0.819220648099580506E+00    0.493727651464451174E+04    0.351064428989763958E-03    0.159625858045268437E+00    0.958144513269312093E+01
    0.121390800725182291E+01    0.906272409856272332E+00    0.480358685553414216E+04   -0.286986845316391191E-03    0.229170616947685334E-01    0.958699264436724619E+01
    0.123107870461027491E+01    0.858733703522905012E+00    0.477860252487274738E+04    0.190432117619076434E-03    0.889410677044840947E-01    0.958753196926460660E+01
    0.129053991351218578E+01    0.876455979434254795E+00    0.482706299191152266E+04   -0.252804018634593354E-03    0.201767240847989221E+00    0.958770717347470303E+01
    0.127100152967003188E+01    0.846319828347680270E+00    0.488909374394721544E+04    0.234696613079167596E-03    0.114133619755779001E+00    0.958828303112318459E+01
    0.131055408607044899E+01    0.832814473216755502E+00    0.497920305105604075E+04    0.969825787920741353E-03    0.203552816562309502E+00    0.959188535969892087E+01
    0.126930745445071747E+01    0.915698810816195974E+00    0.486999578787898463E+04    0.456943291064696670E-03    0.397429616446129744E-01    0.960686093500281757E+01
    0.129614833388175232E+01    0.864763810089814955E+00    0.486514986075662546E+04    0.527370800719132791E-04    0.561589424124548375E-01    0.960782450774827623E+01
    0.126186178325730047E+01    0.868550979421673697E+00    0.498817398053977467E+04    0.977130646046576741E-04    0.794101046287845613E-01    0.962458426349678575E+01
    0.122826671638812357E+01    0.900810250460187367E+00    0.497576875315093002E+04   -0.228355811534440551E-03    0.395572368635584565E-01    0.963300527496205206E+01
    0.119110562821818111E+01    0.866138020580632273E+00    0.476822957341307847E+04    0.542848823393412701E-04    0.392843342968274140E-01    0.963431680522053924E+01
    0.123435872847646833E+01    0.852848228249238782E+00    0.476684945109914315E+04    0.237715523001630769E-03    0.487505544621929660E-01    0.963481853327305870E+01
    0.119133557613871499E+01    0.868950318137007072E+00    0.467645474846104389E+04    0.360921287051334521E-03    0.228191653128583388E-01    0.965277126128401264E+01
    0.123217830892890801E+01    0.839506844894246873E+00    0.472893998324515178E+04   -0.689779747536681492E-03    0.485965152131020983E-01    0.965578910599397666E+01
    0.127321585770734003E+01    0.837679989271016501E+00    0.480404030377990784E+04    0.140512966006461481E-03    0.484209097242323666E-01    0.966173896305260982E+01
    0.140063636266220137E+01    0.817548985523221972E+00    0.495767091730361335E+04    0.266118100752121411E-03    0.198001165074021740E+00    0.966535884513633547E+01
    0.129765453364394889E+01    0.810773876294652696E+00    0.468770144364520456E+04   -0.182455259242803074E-03    0.140557268493287479E+00    0.967906975840167760E+01
    0.123761025381042966E+01    0.869440385974535546E+00    0.488138280307555942E+04    0.191598636025047832E-03    0.988893464328793464E-01    0.972581560639621401E+01
    0.124875089649281024E+01    0.836797723964248119E+00    0.493643172027550281E+04    0.283177557801929933E-03    0.773147462757367288E-01    0.104138095522789413E+02
    0.123761639602777795E+01    0.876037735498996217E+00    0.495494449331889609E+04    0.292133415497335569E-03    0.999255615105262979E-01    0.100474287934251834E+02
    0.122538166076058141E+01    0.861745408226671006E+00    0.496155556090923073E+04    0.212709424525258723E-03    0.592254462981451971E-01    0.100373970439136659E+02
    0.125322424255321696E+01    0.901679456010602509E+00    0.494917011885343254E+04    0.406168511213700811E-03    0.672298510005601840E-01    0.102357088756169148E+02
    0.126206969971147176E+01    0.872601332966745469E+00    0.489907377821730370E+04    0.358955775576967444E-03    0.313293471786178709E-01    0.100114895110407627E+02
    0.123720974547166618E+01    0.860220893993374203E+00    0.493670442839934731E+04    0.556659249294055489E-03    0.807623186722429970E-01    0.104930246861260947E+02
    0.125173432328236656E+01    0.907828469025965923E+00    0.482710153409852501E+04    0.260325974406190065E-03    0.102379357594747547E+00    0.972427468602377232E+01
    0.122872286427189747E+01    0.883513823763921735E+00    0.491004883612858794E+04    0.505925821771878036E-03    0.456199984866721975E-01    0.100018271230974563E+02
    0.126757732685194924E+01    0.890841803989023573E+00    0.483605433941619685E+04    0.428258655747946820E-03    0.706258519470443213E-01    0.995708602597332693E+01
    0.126052871302232150E+01    0.906017295674685252E+00    0.482217047758625085E+04    0.300966544550651267E-03    0.504658701761747930E-01    0.992319866547425278E+01
    0.115301585666593032E+01    0.869929657974938153E+00    0.487488250232135397E+04    0.289409751326927017E-03    0.218866940925304537E-01    0.971681792891950025E+01
    0.119354584796999097E+01    0.865752591610663313E+00    0.481619786803695115E+04    0.323693547810237066E-03    0.480239587409673069E-01    0.100163001818483508E+02
    0.120957369281371330E+01    0.879814795002298533E+00    0.477788641698503397E+04    0.350769444582107310E-03    0.358781432130920175E-01    0.970883480767194129E+01
    0.122936634170553960E+01    0.909098169509634957E+00    0.486985587560354907E+04    0.580530870115395100E-03    0.269092904167788881E-01    0.100133761613935288E+02
    0.121334219056884574E+01    0.879069483774121196E+00    0.478201989496043007E+04    0.235839328719783005E-03    0.348889284290629861E-01    0.990737862009856585E+01
    0.115934447023603449E+01    0.888769583121622464E+00    0.478712630650837946E+04    0.929596681843836690E-03    0.423659797296682544E-01    0.978442640053486912E+01
    0.117608841535453656E+01    0.887019115538014158E+00    0.480294385190946286E+04    0.590959682768145357E-03    0.176210619006548948E-01    0.991092080151358346E+01
    0.123569430691270510E+01    0.907162666636063819E+00    0.473299238981384224E+04    0.883718641649630372E-03    0.570490532874991171E-01    0.987753538725315039E+01
    0.118427074570048552E+01    0.917127884252365466E+00    0.484924047027326651E+04    0.594379121307630630E-03    0.213195601997449163E-01    0.980515720229041854E+01
    0.130873395760393807E+01    0.851143455129411919E+00    0.498462829644585781E+04    0.257285602937211389E-03    0.150584587128226782E+00    0.102488632459645910E+02
    0.128587706025256532E+01    0.826148863851839277E+00    0.488857949416197971E+04    0.448730685467093888E-03    0.142345648778879008E+00    0.985069720394071524E+01
    0.134298847883656380E+01    0.807548574024545496E+00    0.491090519841621153E+04    0.506062633933400613E-03    0.134481257973766394E+00    0.981336911641657395E+01
    0.127953757416855352E+01    0.838713211803844838E+00    0.493721111086660676E+04    0.516698037678798346E-03    0.171725933449338980E+00    0.101858403966107289E+02
    0.133206488209522744E+01    0.833211578451871770E+00    0.499136564007635934E+04    0.147599343203278941E-03    0.191771306780347123E+00    0.978202509310052193E+01
    0.130678624880561722E+01    0.833958868339184090E+00    0.497569548963353645E+04    0.358841243637895220E-03    0.113642637493765353E+00    0.970325655526795039E+01
    0.117053141858653342E+01    0.895181985730440388E+00    0.492393136100818538E+04    0.600387221286372117E-03    0.286324955487453452E-01    0.986801807949718857E+01
    0.128113420913599652E+01    0.821629904134571820E+00    0.481657886285391578E+04    0.340668053590582410E-03    0.153611279382626920E+00    0.980121576833350794E+01
    0.125808441234542645E+01    0.912706629548829751E+00    0.487230348872251125E+04    0.338348112196369471E-03    0.527973687670324071E-01    0.999238332597921897E+01
    0.125069899853564093E+01    0.896468846343743020E+00    0.473946556427372889E+04    0.218153084489247260E-03    0.451526597479333172E-01    0.992203695385764917E+01
    0.129727528003641401E+01    0.819206725221695020E+00    0.460254980760666331E+04    0.308884922142123409E-04    0.134109641541354296E+00    0.970708749547069516E+01
    0.127142597338325758E+01    0.908147254906424117E+00    0.492678055647299698E+04    0.144738767227590479E-04    0.346867341741150734E-01    0.102754987511202494E+02
    0.128176786067470228E+01    0.882843984173702578E+00    0.473927557845723095E+04    0.208502569220596043E-04    0.822726075256268730E-01    0.975297890634352882E+01
    0.123165384909045339E+01    0.872537640516852897E+00    0.477101857687294250E+04    0.273009034880716752E-03    0.747121278800989691E-01    0.983199595842049767E+01
    0.124984359137291490E+01    0.880126113837531698E+00    0.481135672632558180E+04   -0.171346843992561049E-04    0.101685473343762142E+00    0.999641995987604837E+01
    0.126901137307258005E+01    0.884413474387294340E+00    0.486556654231803805E+04    0.118605534568390835E-03    0.390279446771074207E-01    0.986557321371993012E+01
    0.126140042901885985E+01    0.890020525640881077E+00    0.482189707140687824E+04    0.856410111375021911E-04    0.338240139375349455E-01    0.100664706869276834E+02
    0.129138953907167009E+01    0.902324469849306587E+00    0.480370097554478889E+04    0.181086781443713294E-03    0.458383290328580051E-01    0.101302549072459271E+02
    0.127980666915059427E+01    0.873024800652813626E+00    0.474124589178876704E+04    0.539699528252465707E-04    0.536839735165579729E-01    0.101395668837041626E+02
    0.127916844094335591E+01    0.809649375793212611E+00    0.451964298695855814E+04    0.343111399490462956E-03    0.101066758426535952E+00    0.989093657979355712E+01
    0.111793357107302294E+01    0.871182784616885142E+00    0.476051458869433282E+04    0.566861286299837454E-05    0.187256064229861449E-01    0.101563845515868376E+02
    0.117859656321501372E+01    0.873289554472118090E+00    0.474079774208641993E+04    0.289226519556795385E-03    0.420363810524057163E-01    0.983100210430387378E+01
    0.122787234650528787E+01    0.851227919784505405E+00    0.448473660176117846E+04    0.487131484667347727E-03    0.839846504264271515E-01    0.972333741183419775E+01
    0.114244862636371369E+01    0.855713940178591370E+00    0.455635166833930634E+04    0.785437615373829823E-04    0.285079757805716122E-01    0.100238757459889403E+02
    0.127632799201965330E+01    0.833872676848392391E+00    0.484792603681222499E+04    0.225625601185954340E-03    0.226582593248448649E+00    0.971864529057124571E+01
    0.130444568689881413E+01    0.854303510295366775E+00    0.488964937936836759E+04    0.365353562357105391E-03    0.246114930324436598E+00    0.972868932204447923E+01
    0.143752264087190817E+01    0.835867801912377306E+00    0.489173161347967743E+04    0.602429189966975772E-03    0.346595678892885617E+00    0.999211144939649998E+01
    0.132037135490335999E+01    0.837926718166123297E+00    0.496884804415589588E+04    0.315097719463381526E-03    0.275410122365039145E+00    0.100702487248905896E+02
    0.129505636020377812E+01    0.858538720522234122E+00    0.496810716950802998E+04    0.660364308513167712E-04    0.323810029173441982E+00    0.980071341188492795E+01
    0.134545392387170293E+01    0.836573726837167797E+00    0.494114035233012328E+04    0.504730555411307658E-03    0.238684138580873506E+00    0.971219941366570616E+01
    0.135658168303301063E+01    0.830332534130884370E+00    0.499102332825063240E+04    0.892537321879945003E-03    0.227394683621969101E+00    0.973080643481097951E+01
    0.143015756997250021E+01    0.853102064498063473E+00    0.492693025998621306E+04    0.324887905652101539E-03    0.389304969163986381E+00    0.997589881850660376E+01
    0.127620907488200475E+01    0.880786776199763199E+00    0.479707143306762646E+04    0.907649094005060175E-04    0.228893066831061975E+00    0.101472075855833666E+02
    0.131881560296125988E+01    0.869415770207951355E+00    0.478409549203668212E+04    0.318729350418313795E-03    0.191981622005164332E+00    0.100694351109577482E+02
    0.125597935057388277E+01    0.863575393163962923E+00    0.477844401104081408E+04    0.509515762785103083E-03    0.197480761989876602E+00    0.970366720489566958E+01
    0.128509666819200574E+01    0.875689744384340996E+00    0.488918394752952281E+04    0.507529227727367073E-03    0.256578518010563195E+00    0.972804081483113237E+01
    0.126409277750079063E+01    0.870203295842296831E+00    0.496858835991029264E+04    0.197592691623769311E-03    0.194071142252173506E+00    0.101094654155071364E+02
    0.129004604464495554E+01    0.859644926455804592E+00    0.498094623571690045E+04    0.340246458016668586E-03    0.194840908694807219E+00    0.990414418588098755E+01
    0.125201233308857862E+01    0.859404654422819769E+00    0.486840663480662170E+04    0.346995232265135084E-03    0.222350609687292450E+00    0.100474519188948381E+02
    0.129123993034832929E+01    0.871638823597754908E+00    0.499417261805991257E+04    0.606029098226090789E-03    0.222662476848268343E+00    0.105689064725419826E+02
    0.130105012892972294E+01    0.862969083226438283E+00    0.495792329090712155E+04    0.443052816747765597E-03    0.867580042170280064E-01    0.993167379443171328E+01
    0.128645400392705778E+01    0.888023796497149576E+00    0.498493324131832651E+04    0.575047595050008262E-03    0.177742939100733660E+00    0.983522963123607674E+01
    0.127429516940798804E+01    0.899483881005879837E+00    0.497017074352968575E+04    0.459232019959803894E-03    0.127465021703718179E+00    0.977300135437596040E+01
    0.126066191086204560E+01    0.858151710475446916E+00    0.490304043940645170E+04    0.545798743042312366E-03    0.145385547784917607E+00    0.100703894694271714E+02
    0.130079406207732839E+01    0.874000349258976739E+00    0.494991118640666446E+04    0.473565536153757144E-03    0.174649565406450852E+00    0.103063899380697137E+02
    0.131355249749268177E+01    0.861367977992003153E+00    0.474169493447244349E+04   -0.599357339309649877E-04    0.111070077114808208E+00    0.985612136936629213E+01
    0.131667000728145744E+01    0.854781338932229628E+00    0.474188045983091615E+04   -0.935730430458377752E-04    0.104567185332342980E+00    0.999889397225817511E+01
    0.132492069677772717E+01    0.858833189901838212E+00    0.482144457333206265E+04   -0.143056745936150949E-03    0.100111816169098103E+00    0.998978928858059945E+01
    0.131411751869219628E+01    0.877339828603328931E+00    0.474170239146045697E+04   -0.315467077596053003E-03    0.140744859413989176E+00    0.989131224103473983E+01
    0.126057252214498372E+01    0.850151601460217510E+00    0.466385438176044136E+04   -0.550358719738293736E-03    0.848824740682091045E-01    0.974984245841871733E+01
    0.131352589468824865E+01    0.817109611114000378E+00    0.457446840197618985E+04   -0.938526558246396259E-04    0.141557846963813544E+00    0.978005870878364547E+01
    0.129876394425416541E+01    0.816862528697777868E+00    0.457445730304704648E+04   -0.151943614775777058E-03    0.128217618715608023E+00    0.976262256083409952E+01
    0.130136772252986832E+01    0.824095506441340997E+00    0.457423098631545781E+04   -0.247476712372418704E-03    0.145639658491775764E+00    0.100650221400583177E+02
    0.130028749309614478E+01    0.834771221178358225E+00    0.483217899524160111E+04   -0.144480889049106495E-03    0.912709367738751415E-01    0.997218690969303978E+01
    0.125221983479044230E+01    0.812475818195775745E+00    0.480179605391045970E+04   -0.522295451334143113E-03    0.867676194253400451E-01    0.968058320316333365E+01
    0.124965152618918895E+01    0.834083967992086284E+00    0.477195721136026168E+04   -0.509751675697654532E-03    0.731100699362298295E-01    0.975066632330833372E+01
    0.132190162388970101E+01    0.860679204307689849E+00    0.491192441245248392E+04   -0.319510909696121663E-04    0.196786226705376294E+00    0.100475310850965709E+02
    0.126328099855324916E+01    0.850339474901538495E+00    0.489625334441344057E+04   -0.432228883447952159E-03    0.120799644695136890E+00    0.984058965485258419E+01
    0.130869757878020909E+01    0.827996838919711431E+00    0.483611660459242830E+04   -0.557467672281312509E-03    0.784045607365478348E-01    0.101338845111570688E+02
    0.128873700345426534E+01    0.827609859259507363E+00    0.493925798840673815E+04   -0.811352000652660970E-03    0.729916369768303930E-01    0.991275795324483688E+01
    0.125696813675587760E+01    0.844408823938211484E+00    0.492350908984679518E+04   -0.967451836688478542E-04    0.112451288816632036E+00    0.981300510625221989E+01
    0.125836612061100994E+01    0.844514823231615086E+00    0.488967206708322192E+04   -0.636026219094684817E-03    0.802937385003980458E-01    0.102144537857467341E+02
    0.125836612061100994E+01    0.844514823231615086E+00    0.488967206708322192E+04   -0.636026219094684817E-03    0.802937385003980458E-01    0.102144537857467341E+02
    0.130637838396881567E+01    0.832647102835902042E+00    0.497532060721923244E+04   -0.243272269048911267E-03    0.105403591444694883E+00    0.102362898823745674E+02
    0.133185247260262485E+01    0.834614477436103952E+00    0.495115828810247058E+04   -0.108412484894743693E-03    0.169000492152961312E+00    0.978865598129388559E+01
    0.134367408233702168E+01    0.804171569193686486E+00    0.494158790644448709E+04   -0.624874614308104447E-04    0.121968865151474801E+00    0.994030476933068385E+01
    0.131350122279578274E+01    0.818608815235367882E+00    0.494145143996943807E+04   -0.657408762584476745E-03    0.113255591491005309E+00    0.102665811812523078E+02
    0.131350122279578274E+01    0.818608815235367882E+00    0.494145143996943807E+04   -0.657408762584476745E-03    0.113255591491005309E+00    0.102665811812523078E+02
    0.128520390995090716E+01    0.810990084812491907E+00    0.493789730685030372E+04   -0.613983451401437083E-03    0.110748748512774400E+00    0.103377913480198895E+02
    0.128520390995090716E+01    0.810990084812491907E+00    0.493789730685030372E+04   -0.613983451401437083E-03    0.110748748512774400E+00    0.103377913480198895E+02
    0.132108328981466139E+01    0.824236727435762484E+00    0.499457190658378840E+04   -0.191893628050662991E-03    0.162623319350830714E+00    0.102594048512132332E+02
    0.134675364364492123E+01    0.777373712620328172E+00    0.493701053546437197E+04   -0.655798222409374200E-03    0.100458796618017432E+00    0.986687492692224666E+01
    0.131516321687131832E+01    0.792620817090756158E+00    0.499561124175435998E+04   -0.405431003004801962E-03    0.117151795518193422E+00    0.975755163338274656E+01
    0.126250075060727474E+01    0.790963528342767064E+00    0.491894697606890531E+04   -0.189564671202267163E-03    0.876325558259709314E-01    0.973523215764397776E+01
    0.127695306993097635E+01    0.804256915886593315E+00    0.488250253588456235E+04   -0.576536976509896271E-03    0.798188223016798593E-01    0.995756797914637026E+01
    0.129961775843671745E+01    0.833287822639122711E+00    0.499405826938991231E+04   -0.132293897623033901E-04    0.132243011499514590E+00    0.101142193103497249E+02
    0.129343257657168653E+01    0.810732294147129107E+00    0.499906920937410996E+04   -0.331064026040836263E-03    0.125024520582330934E+00    0.973866012751669174E+01
    0.124879161516194603E+01    0.870557210432906015E+00    0.489203251575091053E+04   -0.172553707455743252E-03    0.936114272089397098E-01    0.968841284846321216E+01
    0.130183983635340228E+01    0.879945773901958828E+00    0.495502200104780059E+04   -0.115419338484478348E-03    0.717899354670698958E-01    0.998388801062517395E+01
    0.125218058187976444E+01    0.856286630241366753E+00    0.489239404402975742E+04   -0.236850660793489680E-03    0.865447590934989575E-01    0.100491778448925224E+02
    0.123252239464593738E+01    0.849264582353341457E+00    0.492058335083858401E+04   -0.370547315466527888E-03    0.590110849733349110E-01    0.998959269822056584E+01
    0.123980441434325672E+01    0.844890145974834139E+00    0.496672606402952806E+04   -0.569034247185258536E-03    0.461607919828167165E-01    0.100201851984319497E+02
    0.119220462343887568E+01    0.836678918035741681E+00    0.491899235302340730E+04   -0.461409603158267608E-03    0.586028167436186270E-01    0.102672749304003332E+02
    0.119703957399290184E+01    0.859561663989312663E+00    0.488960516579602790E+04   -0.893170322272304968E-03    0.290388602407821127E-01    0.102026991171156034E+02
    0.119082104049425475E+01    0.849963944000621363E+00    0.484721665003337330E+04   -0.247275169197636729E-03    0.531289456768409482E-01    0.975696078559437296E+01
    0.127400806636680453E+01    0.863816897195126110E+00    0.484111237675379198E+04   -0.213181410083339903E-03    0.486694303336811865E-01    0.977851371756992194E+01
    0.123255622565953948E+01    0.832973825448093397E+00    0.488272190997449889E+04   -0.269143779343643122E-03    0.479295865800255447E-01    0.102206949444471018E+02
    0.123255622565953948E+01    0.832973825448093397E+00    0.488272190997449889E+04   -0.269143779343643122E-03    0.479295865800255447E-01    0.102206949444471018E+02
    0.116544479560021674E+01    0.858841011858020087E+00    0.476062055888489795E+04   -0.220792402955049871E-03    0.226954882016654723E-01    0.102368840894077557E+02
    0.116544479560021674E+01    0.858841011858020087E+00    0.476062055888489795E+04   -0.220792402955049871E-03    0.226954882016654723E-01    0.102368840894077557E+02
    0.117907138430877367E+01    0.890760952490027513E+00    0.489982232220347123E+04   -0.879184796857925054E-04    0.202005084679814408E-01    0.102348199592540077E+02
    0.117907138430877367E+01    0.890760952490027513E+00    0.489982232220347123E+04   -0.879184796857925054E-04    0.202005084679814408E-01    0.102348199592540077E+02
    0.129161467055236168E+01    0.893921923632294835E+00    0.492615048490790650E+04   -0.153661718830260728E-03    0.435210069543470815E-01    0.103105595218892319E+02
    0.122133861760438300E+01    0.871174188350274270E+00    0.495739199684401774E+04   -0.401174179779193558E-03    0.244122643977915249E-01    0.103710243519163452E+02
    0.125251105996420620E+01    0.884535292591671407E+00    0.489967422952617744E+04   -0.277993291270130390E-03    0.289129402232165822E-01    0.994946314821194022E+01
    0.120777915522307966E+01    0.880768371272105388E+00    0.498095990457653716E+04   -0.112182138700863597E-03    0.390903851342787531E-01    0.101310689577915838E+02
    0.124717861640876704E+01    0.876527575300182327E+00    0.495704534001295633E+04   -0.150257078893032320E-03    0.315597225377715132E-01    0.101927924141023283E+02
    0.123476442531959929E+01    0.872744719314805351E+00    0.499487521462344375E+04   -0.169937879211077447E-03    0.526421906842661838E-01    0.105709144891750562E+02
    0.117376440629662260E+01    0.880703312289452200E+00    0.498465566885648514E+04   -0.321769957168505766E-03    0.219433274195935876E-01    0.103332158817552440E+02
    0.119797389341860949E+01    0.878237102340516995E+00    0.493897967970194532E+04   -0.192642886491034202E-03    0.249406556758690438E-01    0.982390438197489857E+01
    0.125824607210274331E+01    0.868727866475373034E+00    0.483232639723831198E+04   -0.514591781744661714E-04    0.562530055811501922E-01    0.976926895941259765E+01
    0.119514127526590919E+01    0.898825005318265924E+00    0.499250244886961718E+04   -0.394168840361537544E-03    0.315557778051081816E-01    0.969307090518222836E+01
