 F
       17231      248723           3        2048
    0.156255390717523923E+01    0.561609401806296304E+01
 T
   2
    0.200000000000000000E+01    0.300000000000000000E+01    0.806640625000000000E+00    0.193359375000000000E+00
   0
   0
 T T     0           0
    0.000000000000000000E+00   -0.100000000000000002+101    0.000000000000000000E+00
 T F     1        1652
    0.473712170428469670E-03    0.133262908832386717E+01    0.558361380236276084E+01
 T F     1         396
    0.130864603110459997E-03   -0.202096439604129464E-01    0.574174020144956287E+01
