chirp_mass mass_ratio EOS alpha zeta
0.8006372237604287 0.6892782270958119 4661.779036181499 0.00013290875079407065 0.8090648153692422
0.8886886855826894 0.8047899543141273 4920.588493771916 0.0005783434538218068 0.9958134599026545
0.8916048244550604 0.7550352573246761 4257.283251825874 0.00093928757772645 0.8467500379767007
0.8068710206404893 0.7224422609812404 4676.861631344145 -0.0003155500162643163 0.799342112218379
0.8167615895439555 0.7601707706185022 4620.243932561053 5.734304178054214e-05 0.8575760370740773
0.8543183407977748 0.7300827143091498 4220.507937297289 -2.2146953576696038e-05 0.8465609119277424
0.8768359908547939 0.8081052558726467 4519.758663516257 -0.001008453170103084 0.983557993900589
0.8456634923057409 0.7720214324092984 4398.724848203926 0.0009748865261849659 0.9808233789868213
0.8113327047689457 0.7563547074104228 4354.650496360303 0.000690963288239958 0.8444814128665536
0.8503463388973769 0.7161761545165711 4348.067777504573 1.622823790763155e-05 0.8939948115230821
0.8691702611405869 0.7373601312062257 4243.259577191579 -0.0002573795799367046 0.8762956298561038
0.8711659378433599 0.7254466574052817 4128.202822992242 -0.00018057501684519674 0.7910612655095441
0.8025104524753853 0.731403727905792 4754.594502948261 -0.0003416097270417828 0.8575086201748857
0.8424503267522017 0.7176806892034928 4114.282929131097 -0.0001066261253326916 0.7576173600231452
0.8372067988886582 0.8010344631755656 4912.3273166014715 0.0001938137824517299 0.9771767384892511
0.856972126193314 0.7369962962270166 3956.8514247509966 4.2923679678407234e-05 0.7949941839486259
0.8460587209742211 0.7569753631562711 4485.73622988313 0.0004975031128791965 0.8468345004562824
0.8003232386523444 0.7045079528290265 4687.947755900691 0.0003737234871272149 0.8077650966797207
0.8027080812514528 0.7313463951235978 4905.669638123441 -0.0005146857448457384 0.7846072397135422
0.897003431319912 0.7855224427749441 4889.53253429453 -0.00010668205473908168 0.9504729716754972
0.8298976861051356 0.7411667318428756 4934.183066683543 0.00017894140230955138 0.8111654656841343
0.824156586739171 0.7287030731873272 4239.874766484681 -3.5523219600695936e-05 0.8201618559113534
0.8027899193372589 0.7147623031056031 4792.4853998703475 0.0003122226896158031 0.8586770488829826
0.8658335634117157 0.7919415828361703 4829.01530040677 -7.264641540683414e-05 0.9371154282679169
0.8107786464286547 0.73443009228717 4846.34833228192 0.0010627215060923128 0.8998132836930459
0.8108692279247918 0.7563576937429561 4760.3566751999 7.477129476689001e-05 0.8376130813199424
0.8749405213022671 0.7947690089960324 4845.857534809132 -0.0004945911525542166 0.9408309619468598
0.8681348540655547 0.7595822597759937 4734.076570179401 0.0002916808995301679 0.9702658910619707
0.8294116516440034 0.7703860531913744 4903.689141657838 0.0002103387690297359 0.961478897946042
0.8765143493074163 0.7812085793379386 4923.757794216835 0.00013856810996896839 0.9334933891267323
0.8060605224969916 0.6738439892676902 4674.217823607755 -6.9462966133987e-05 0.7644068570736076
0.9213208269565993 0.7805695594469497 4461.933334471233 -0.00022853358893343438 0.9324135992237412
0.8786515590743519 0.7337689027758436 4488.679866946647 -0.00014482978836450746 0.8748584340878001
0.8963361846874053 0.7630487177915363 4218.1399112478075 0.000255370595048751 0.9067397312353978
0.8896806333873482 0.766898809493838 4807.27312167841 -0.0002621623824393933 0.8965214628517874
0.9202912930385283 0.7826798506108891 4641.621231675404 -0.000581076200938077 0.9276897697589545
0.8665191208259277 0.7778298285434118 4381.087603558224 -0.000492958889481895 0.9215371791564093
0.8748177445766486 0.7575988918351999 4946.329534463898 -0.0001686061436799475 0.8472099021104418
0.8533435982954343 0.7419119584845294 4261.606999820128 -8.337998277368775e-05 0.912344902008637
0.8104933718919646 0.729847786535707 4959.274195239804 0.00030204252994290795 0.8829955878116704
0.9372701650296086 0.7680763430642447 4985.365506457913 -0.00025389026922947595 0.9326957183087308
0.857502870925684 0.7752985552545014 4391.203365626797 -4.652846750104269e-05 0.9376314792828393
0.8222713910369776 0.7535408360685373 4068.2124310394515 8.658078191774454e-05 0.8689942508849471
0.838825597406889 0.7881744885960597 4812.626838890321 1.2095416352394325e-05 0.9600545827219272
0.9134172815624095 0.8050965615320088 4793.962435484963 -0.0007281343546109979 0.9974817413047172
0.839420878566782 0.7647215167567217 4340.255190345978 0.0003420688370020162 0.9393218183000156
0.916650138404631 0.7855085834972828 4452.064708570515 -0.00014865853387127106 0.9223631709086804
0.8822431254107995 0.7662968031709734 4706.67223989871 -0.0001828598204697592 0.8764769279464927
0.8444884376163578 0.7447474112630337 4134.255944327587 0.00011160500786576247 0.9392493582924996
0.9595974243298557 0.7838585282157634 3985.6471220789026 0.00029968116267431455 0.9244934415643359
0.8607941201670207 0.7407128241980455 4220.266064922962 3.401178215784625e-05 0.9388715968410764
0.9425325216221422 0.7635091373848231 4720.999196979232 -0.0005740671865226896 0.8869566835455225
0.888577679189456 0.7559163997042272 4668.10487606639 0.0009691000148867265 0.8956689310751496
0.9275200098452603 0.7858658524831292 4415.856639352072 2.627984842589441e-05 0.92577710514626
0.8096307157629623 0.6822615199399018 4941.3335338030265 -0.0004961574436954243 0.7457611484975808
0.8941985213640357 0.7475645566141019 4092.763580015713 0.0005873473807623763 0.9094632323365106
0.9160231083789989 0.7889846245524019 4755.849473981835 -0.0005884922757917119 0.9634566514748297
0.8510746289439319 0.7583263528664955 4687.68215629928 0.00012096528640172069 0.8384474738943078
0.9367028267303554 0.7718844636699005 4053.318160567376 -0.0001504736273431217 0.8846508614974293
0.8623280426610993 0.7531233798421516 4783.222665942401 -0.0001395273894915707 0.8464355382045824
0.8711459565324922 0.7779157481654971 4566.7241024837585 0.0011841910922533296 0.8935969196123376
0.8535328763381611 0.72501289723049 4225.341357797402 -2.933936389739481e-06 0.8448240947060921
0.8978624452119809 0.7865399123056355 4794.007411451412 -0.00034389461749955607 0.9293961023073934
0.8109324394187727 0.7218879355777571 4570.057760244286 -0.0003691723584580084 0.8255386906508174
0.9106527027624063 0.7934445672197679 4425.583756700256 -6.767700416687237e-05 0.9836118229640556
0.8978837112216993 0.788552246596398 4983.790834836214 0.0002649581610222473 0.934504382170278
0.840989607266498 0.7770672175133971 4648.625915775209 0.0003572444705108902 0.9550970663471959
0.822293979647261 0.72743147342514 4681.239921025971 -0.00043280184029752955 0.8999747987047844
0.8961457982261217 0.777394941418622 4941.627980225055 -0.00036922982820846876 0.935199121881958
0.8743719460460698 0.7984164169756793 4986.900855566104 0.0012589131438981633 0.995641640225329
0.8625513564551694 0.7412986107838826 4621.836073092172 0.00013492758368559808 0.839817638729309
0.925739526011142 0.782842344163921 4208.594363235471 -5.639223474334852e-05 0.9273368022350339
0.8210023041176255 0.7360114554941934 4599.5390266941395 -0.0004536765399672039 0.8264013799004258
0.8221080881590217 0.7327410695704749 4687.463091407928 0.0005275327829396665 0.8046135742676311
0.8772347117618386 0.7925671727499592 4935.49774318482 -0.0003498056745289284 0.9688484621293612
0.8344918429092165 0.7430620102798793 4565.571430239798 -0.00028620887856709704 0.8949135737975635
0.8818708189891554 0.758213970348962 4940.542951198251 -0.000164029636290803 0.8699825563312006
0.8590300581533009 0.7722958997151304 4778.615773500772 -0.0006686644570011928 0.9033277042318393
0.871824369771916 0.7505834565309153 4460.640924961714 0.00019310421666463682 0.8367109745725193
0.8590530564398677 0.756243763959608 4793.8988126554295 -6.303612932112031e-05 0.95139472238395
0.8536634765118847 0.7513718524399974 4771.373414338041 -7.17261866681764e-05 0.836264519188886
0.851788791353216 0.7681579821113116 4596.907573353123 -0.0007916652041990902 0.9585044755875851
0.8649812504025749 0.7367849095087461 4642.212556020654 0.00040641596466821464 0.8255181405384315
0.8516291386041382 0.7128268506482311 4218.477172486065 0.00014676041902007654 0.7854842781490868
0.8626705690980598 0.7907024667530168 4541.397292300495 -0.0004997202384586996 0.9671395354604968
0.8666795680165928 0.7697077039174592 4396.353161026813 0.0005877557603839855 0.9116486750719949
0.903092832496543 0.7667037981568814 4674.330285454573 -3.911030225121188e-05 0.9596145668194379
0.8727401562044734 0.7581927908899374 4807.05126094941 0.0003171441342250032 0.8848204041580161
0.8680939146030087 0.7437313588519159 4243.281847932079 6.625879634205487e-05 0.9102384914051327
0.8677338645351789 0.7741144728182393 4427.9887150853565 0.00047411329620156037 0.9536619212465446
0.9174135765135216 0.8009956572939538 4982.928328978754 -0.00014118551968868444 0.9702392772371851
0.9049406791924225 0.7782182120787187 4853.09153059674 0.0003762247181013582 0.9049059730328447
0.9143555315562132 0.7381375218901512 4774.954733798422 0.0003210115473012612 0.8656901303001978
0.9402026986853753 0.7731028105051924 4589.837125861996 -0.0006029394984034392 0.910177364330117
0.8916903407955186 0.7746878627328786 4733.9804560516795 -0.00023817284188989488 0.9068569435755357
0.8580742272584364 0.7550246594003771 4095.1865534566637 0.00019423315950643167 0.9808915750993485
0.8540388327276691 0.7794545262829372 4702.877508047396 -0.0009124669735532754 0.9390836729350165
0.8540388327276691 0.7794545262829372 4702.877508047396 -0.0009124669735532754 0.9390836729350165
0.8883957582399846 0.7614760749288754 4491.311672983091 0.000851230490200933 0.8680774235157962
0.9025954238958548 0.7447165133716218 4472.04762118447 0.00017893355954178868 0.8168950887892452
0.9042500240182813 0.7908270519222586 4656.09969249685 -0.00043393582932711765 0.9590577754603428
0.8528892995305417 0.750135096801457 4898.219018498882 -0.00020509121775996505 0.8289316026845985
0.8717723551978991 0.7486555061982073 4546.833287355374 0.00032542244249881853 0.8817748515701282
0.8717723551978991 0.7486555061982073 4546.833287355374 0.00032542244249881853 0.8817748515701282
0.8772269410901027 0.7637046139229389 3986.755915280653 0.0007107437069982607 0.9847087980232637
0.8652904216419937 0.7420644493271189 4114.085933273961 3.147907152736966e-05 0.9025842045570808
0.8652904216419937 0.7420644493271189 4114.085933273961 3.147907152736966e-05 0.9025842045570808
0.8271125710549914 0.7467257386132292 4602.419631694259 0.0011609269378006545 0.8875025617207707
0.8271125710549914 0.7467257386132292 4602.419631694259 0.0011609269378006545 0.8875025617207707
0.8676164334456642 0.7867317305291704 4759.772889988623 0.00018314780243866772 0.9635965772370643
0.8328758622904704 0.734637044091012 4483.612724298784 -6.509436617801349e-05 0.8740333090306622
0.8389263688541786 0.7375310017609674 4669.129112984899 0.00014968678920773001 0.8202053257341652
0.834354031844119 0.7159017785570393 4303.406243966156 -0.00013380168946096186 0.7947001621268127
0.8900565614136337 0.761818576014581 4408.379695889943 0.00010395226226844081 0.9758200245043059
0.8577600837198186 0.7554438877560039 4770.087472280004 -0.00025744033244577577 0.8978199542519614
0.8577600837198186 0.7554438877560039 4770.087472280004 -0.00025744033244577577 0.8978199542519614
0.8799339250711409 0.7403429702129818 4122.12915491629 -0.0004120948918391749 0.8285726448748567
0.8115088435052424 0.738941940689879 4832.152771419998 0.0010251071488715637 0.8982990415179042
0.8997707855496934 0.7504418358981726 4305.592393961212 0.00014883248019086808 0.8817134637433212
0.8997707855496934 0.7504418358981726 4305.592393961212 0.00014883248019086808 0.8817134637433212
0.849255749085872 0.731221684733496 4271.199051681452 -0.00024653665044173075 0.8264734258246969
0.8896624428509128 0.75372978818085 4532.910061292334 0.00014299908083623307 0.8802252082834223
0.8635866520486581 0.7679753551043467 4508.45110820855 -0.0006137716345944887 0.9363206893737573
0.8635866520486581 0.7679753551043467 4508.45110820855 -0.0006137716345944887 0.9363206893737573
0.8723233127537962 0.7320339817130932 4428.953518939626 0.00031792768600742054 0.7780639482870824
0.8723233127537962 0.7320339817130932 4428.953518939626 0.00031792768600742054 0.7780639482870824
0.8827920425706918 0.7460255041477849 4532.376024203921 3.440183870389693e-05 0.8549004898511097
0.9053850438776159 0.761292818210356 4238.831760973012 -0.00014090961274959218 0.9252817997988383
0.8933762926913594 0.7715426591758624 4272.406621084827 0.00028593488330125164 0.9340591340860784
0.8933762926913594 0.7715426591758624 4272.406621084827 0.00028593488330125164 0.9340591340860784
0.8961987483454645 0.7629721569584801 4243.752761221176 -0.0005215889692356689 0.8902197755274197
0.8826048300202903 0.7634425222775717 4305.449478661083 0.0010245606737027241 0.9063443399620009
0.8826048300202903 0.7634425222775717 4305.449478661083 0.0010245606737027241 0.9063443399620009
0.874702026436298 0.7733698380740246 4897.348802937119 -2.8938532899356468e-05 0.9091227156433515
0.83710691474633 0.772278931751291 4761.101470973354 -0.00011696956027783342 0.9470569274501319
0.83710691474633 0.772278931751291 4761.101470973354 -0.00011696956027783342 0.9470569274501319
0.9267653645686211 0.781369947572866 4362.999566987459 -0.0003557672146736132 0.9106963032847367
0.9267653645686211 0.781369947572866 4362.999566987459 -0.0003557672146736132 0.9106963032847367
0.869103092624745 0.7778384133522763 4260.510477646509 -0.00044223639739322975 0.9462750448019276
0.869103092624745 0.7778384133522763 4260.510477646509 -0.00044223639739322975 0.9462750448019276
0.8996932302201419 0.7374111208527128 4230.129812929148 -0.000630617342148907 0.807650415628151
0.8744344570716258 0.7611307777191096 4733.752546909118 6.706359489079592e-05 0.9346221155665517
0.8539672915459531 0.7550021445839223 4077.6559378739903 -0.0004805134858638774 0.9499156292156564
0.8780306018857321 0.7960241047966753 4934.428871245696 0.0001843305799026088 0.9679118568176348
0.8406239001945097 0.7589088178937731 4897.709534363356 0.0011170536436623751 0.926498397121398
0.8974709226563147 0.7688242856119158 4346.75719970624 -0.0002962304532035284 0.9013082749168522
0.8735858137921042 0.7571624114938538 4346.301962229122 0.0005648631758693747 0.8957075914727938
0.8607901368430692 0.779813683508053 4294.170879606163 -0.0003348719580165249 0.9738119148826758
0.8634800086770104 0.742346265768339 4164.528345411272 0.000659901692180784 0.8636681075778241
0.8634800086770104 0.742346265768339 4164.528345411272 0.000659901692180784 0.8636681075778241
0.8802540121015872 0.7550046933106886 4951.118991276112 0.00038882439349928005 0.9769337159080373
0.8802540121015872 0.7550046933106886 4951.118991276112 0.00038882439349928005 0.9769337159080373
0.8906204441016743 0.7470608919032308 4649.718451978278 -0.0005783913372734914 0.8438236282350249
0.8980422015362206 0.7646265658643463 4892.697582789172 5.3327213355433716e-05 0.9294490297614448
0.8980422015362206 0.7646265658643463 4892.697582789172 5.3327213355433716e-05 0.9294490297614448
0.8592022959395968 0.7690325837535348 4731.933340683235 -0.00045127663697281517 0.9544242367279896
0.8592022959395968 0.7690325837535348 4731.933340683235 -0.00045127663697281517 0.9544242367279896
0.9043329541964519 0.7922688566083024 4631.619863604834 -0.0001535733094047264 0.9970905549795221
0.8448637570749433 0.7700560142083821 4727.418517709962 3.524767778449129e-05 0.9853633848320434
0.8799402722205951 0.7453205160539357 4642.286390378782 7.13793777762359e-05 0.8174688436417877
0.9204518843698103 0.7721419304429425 4553.4101615794725 -0.0009137680016063163 0.9511500178990675
0.8608324484759353 0.7268167491146006 4334.17905014147 -0.00017967614023784082 0.823836619674553
0.8804215002116534 0.7829065599741595 4757.898538308152 -0.0004179897341403782 0.9541269654925294
0.8619916796477408 0.7702005916209697 4284.172408326126 -0.0007215222159171924 0.9968278776271295
0.8441018921606983 0.7886807272112354 4830.937530915129 -0.0003393962946507038 0.9894567544241283
0.8441018921606983 0.7886807272112354 4830.937530915129 -0.0003393962946507038 0.9894567544241283
0.8654754164901812 0.7848478966888377 4391.034432429164 -0.00018273080337142722 0.9875590825475832
0.8792569236035557 0.7135158624922182 4537.4304153669445 0.0003435117127898248 0.7428827477564216
0.8792569236035557 0.7135158624922182 4537.4304153669445 0.0003435117127898248 0.7428827477564216
0.8735128512303009 0.7942893718829291 4604.8415282451415 -0.00022001259951655135 0.990389001650419
0.8735128512303009 0.7942893718829291 4604.8415282451415 -0.00022001259951655135 0.990389001650419
0.8477155186554666 0.7488738850430161 4998.055771902698 -0.0003597054858617716 0.8457433300395539
0.8412661258256428 0.748984570642032 4671.813857276028 0.00014456969006351628 0.8988455428547092
0.9040903288894092 0.7723309257372739 4843.402227697445 -0.00014084417690023363 0.8968127249043785
0.8840950692718992 0.744921792979765 4316.080046855902 0.0003236056815304789 0.885092259427627
0.8840950692718992 0.744921792979765 4316.080046855902 0.0003236056815304789 0.885092259427627
0.8719470276322219 0.7724092341710813 4880.255124822698 -0.00018694552014102115 0.9715452507267813
0.8214402150175505 0.7560998621068534 4876.130271927997 0.0004394403799459309 0.921466083432136
0.8822269667763261 0.7175190203454355 4469.4790403678735 0.0002980720040993242 0.7806955812569809
0.9194565136124763 0.7847390216156986 4637.093442705395 -0.00013319617066675468 0.9650672540019652
0.9194565136124763 0.7847390216156986 4637.093442705395 -0.00013319617066675468 0.9650672540019652
0.8955119309154587 0.7699843461883479 4682.605856655822 -0.0008691751471781924 0.9706045651679823
0.8657994520959406 0.7526036818333675 4249.616000434449 0.0003052124478007662 0.8797316328017882
0.8657994520959406 0.7526036818333675 4249.616000434449 0.0003052124478007662 0.8797316328017882
0.8864850070423651 0.789341692828308 4880.359969486555 -0.000274021788481918 0.9541915848511752
0.860516919546589 0.7168633196653551 4699.341764310785 0.0001576189503021011 0.7875227141936588
0.866733457947726 0.7471380119288795 4225.198489746591 0.0006359203330245959 0.8838049496148039
0.8282045449149167 0.7414893699041677 4797.50408881049 0.00012884580036696093 0.8182277205384251
0.8693072796985558 0.7147607585416433 4384.265285423666 4.633776867224635e-05 0.7753857008150131
0.8806926422240965 0.737476731702567 4488.439064663484 -0.00010058244853217109 0.8338186007302834
0.8806926422240965 0.737476731702567 4488.439064663484 -0.00010058244853217109 0.8338186007302834
0.8727946930116024 0.7454248895163459 4193.240302799146 -0.0004175066275639896 0.8331616544797089
0.9074801674891582 0.7860643430996914 4992.168913819661 0.0007107157836668738 0.9606410722507677
0.8648618120598053 0.747991570840377 4387.705346586895 -0.00042674772510560495 0.9060421787163584
0.8750046463545597 0.7779744767956703 4591.591334159002 -0.0002640821707126132 0.9885076182167364
0.8287807494226683 0.7205524251998585 4899.009265399791 -0.00011560742346455875 0.7836291449893897
0.9008952575359338 0.7941584678398949 4897.667167186677 -0.0005233173396737732 0.9826516955297693
0.9076144086617971 0.7793648530102728 4607.003607045449 -0.000143353633808827 0.9192194002198397
0.835737411683625 0.7569534692201395 4925.852141199106 -0.0004875038165685383 0.8752701822716491
0.835737411683625 0.7569534692201395 4925.852141199106 -0.0004875038165685383 0.8752701822716491
0.9174066412581382 0.7940368402216599 4650.938695341129 -0.00043648764172660767 0.9797938094659094
0.9174066412581382 0.7940368402216599 4650.938695341129 -0.00043648764172660767 0.9797938094659094
0.877284688798717 0.7815331911195839 4485.614592045743 -0.00038349501378416145 0.948888446201646
0.877284688798717 0.7815331911195839 4485.614592045743 -0.00038349501378416145 0.948888446201646
0.9222466452756248 0.7981059907445169 4210.519205473521 -0.00023117819623611415 0.9937464385533068
0.9188478677061116 0.7933609105884 4452.855636293502 -8.616764923849465e-05 0.9864867068254011
0.8425729136010286 0.7881658848675468 4764.620180808165 -0.0004488806357674803 0.9668254255490653
0.8425729136010286 0.7881658848675468 4764.620180808165 -0.0004488806357674803 0.9668254255490653
0.8728800576554246 0.7749969930442867 4910.191754728304 -0.00016629120655626477 0.9142038916909424
0.8728800576554246 0.7749969930442867 4910.191754728304 -0.00016629120655626477 0.9142038916909424
0.8461421105724571 0.7141649084986978 4572.2114996041455 0.0005258905417950681 0.7799614430356193
0.9121182527334123 0.7422358742803657 4580.899758330408 -3.472751433255538e-05 0.8027198030459086
0.9121182527334123 0.7422358742803657 4580.899758330408 -3.472751433255538e-05 0.8027198030459086
0.860967989876217 0.7178128014973091 4445.426695010889 0.00031220313721638674 0.778020436719552
0.8749309476060283 0.756111216189788 4219.80069840746 -0.0005499521550371091 0.902306407234965
0.8823359631756756 0.7387715244148564 4428.495623630307 0.00018863977081577419 0.8274433446260608
0.866196795148593 0.77339071886828 4604.737825427788 -0.0007897441530452955 0.9183397185723925
0.9010219026441227 0.7669972958993537 4147.912911887488 7.977569949641319e-05 0.9626867079834984
0.8707594192973818 0.7434001925884489 4160.551551324725 -0.00027548342117083533 0.8947097973273312
0.846075255491192 0.7772018800887136 4663.600609018014 -0.00035411967285942683 0.9234403052008409
0.8560852222673142 0.7288801446667642 4272.375016601818 0.00023803057256239476 0.8120910511810131
0.8886115776281794 0.7825498734441293 4136.68228551297 -0.0003004209494381278 0.9516254783293425
0.9024004074221187 0.7534977453265767 4267.026020750923 0.0002551475192748041 0.9351341511923408
0.9161156742825491 0.7735620153809335 4348.936162468298 -0.0007833505354497405 0.8980939525612319
0.8668175536450162 0.7251315191968374 4371.674977003787 -0.0003861454248248147 0.8171244911159081
0.8959496230402174 0.7643752415879229 4371.199362483649 0.00017560630501970508 0.8831075431855544
0.9109022173211655 0.7694150255988927 3982.4296299473663 -0.00012117835468308407 0.9131775743476338
0.8728671791214625 0.7777567742332168 4307.909702255277 -0.0002853685670813644 0.9838193712883361
0.8780509818853417 0.7546384565641415 4662.488088232585 0.0002896371427982586 0.865516194623399
0.9010561924530862 0.7473833098180486 4266.099213241997 0.00021166208280719073 0.8525316831806811
0.8915514276461732 0.7342647386829521 4199.376538127298 0.00035559501023132474 0.8027522185833117
0.8323635960519784 0.7892639620996865 4809.54456655059 -7.628669674412025e-05 0.9959541821900926
0.8798686262068125 0.7610064115073564 4192.4958246309925 -0.0003780185957625157 0.9433472396494522
0.8958991884146148 0.7531990239258461 4083.268673428786 0.0006570783820321185 0.8860998641680773
0.8405306016115326 0.7798592992705311 4817.952163415021 1.4796305825874369e-05 0.9468313842238224
0.8405306016115326 0.7798592992705311 4817.952163415021 1.4796305825874369e-05 0.9468313842238224
0.8569503376788148 0.7631099816120775 4757.900873109218 0.0001297974852001013 0.8909336390766315
0.9336196923522297 0.7639771081439397 3931.3592622357774 -0.00012322877485083803 0.8731847079838515
0.8879697056997997 0.7408535938196213 4323.601804309709 -0.000532059525599724 0.8395522327425964
0.8340385935006717 0.7643773023318741 4737.024523973211 0.0011306878690274184 0.8950535341034768
0.908885100758018 0.7466817237216063 4135.835335041379 -0.00022333030704824687 0.8600601247864591
0.9143902860591456 0.7795441450537478 4914.215114780641 -0.00020309628351153296 0.9325510022848766
0.8429920424366287 0.7684497724792998 4482.558632709908 -0.00038086003216041816 0.9781350361150598
0.8744624123345256 0.7688466764746691 4736.3267888126475 -0.0005119251512362977 0.8938965251439722
0.8438683993624375 0.7788470243823941 4981.3988380188985 -1.670744187291024e-05 0.9664354050707782
0.8438683993624375 0.7788470243823941 4981.3988380188985 -1.670744187291024e-05 0.9664354050707782
0.8829817089048753 0.7919816922298579 4899.35961465751 0.0006210736610472026 0.9598835974710678
0.8778526334717048 0.7638243306114945 4373.34469056239 -0.00030735352804986697 0.967681481929095
0.921324398368771 0.7833980443860754 4144.39072179169 -8.050336728084677e-05 0.968363929373765
0.921324398368771 0.7833980443860754 4144.39072179169 -8.050336728084677e-05 0.968363929373765
0.87149972451123 0.7600297106862102 4259.503812439288 -6.997837060995734e-05 0.9314552347942286
0.87149972451123 0.7600297106862102 4259.503812439288 -6.997837060995734e-05 0.9314552347942286
0.8945532824467615 0.7677213548474782 4552.275707536077 0.0001991972192414808 0.9435154911526558
0.873825631805976 0.7800527709444995 4810.241156643561 -0.00012203918185057917 0.96608054504865
0.9158004416630317 0.7781534049162139 4914.61667839701 -0.0004422867267268519 0.9138888056435663
0.8587837442704566 0.7492166413351317 4794.70945324953 -0.00020091985106848568 0.8400870979362527
0.8587837442704566 0.7492166413351317 4794.70945324953 -0.00020091985106848568 0.8400870979362527
0.8830663675771403 0.758210441857804 4114.102139580485 -0.00023835385876133089 0.900312041241577
0.8830663675771403 0.758210441857804 4114.102139580485 -0.00023835385876133089 0.900312041241577
0.8754697939965049 0.7762020922866444 4757.376281397719 -0.00033283870466979725 0.9255623196324602
0.8443753893012624 0.7587879585576744 4794.168178051858 0.0011984927920466106 0.8776554112133649
0.8938276060914229 0.7594999970688068 4236.428957167855 -0.0001316046386959832 0.9218737467536481
0.9435863953009864 0.7648420967188755 4496.303455388111 -0.0008098671965436098 0.9029944763125883
0.9035694118853309 0.7729176521301546 4813.934391097997 0.000546272397142798 0.9647051841836076
0.8903728380413846 0.7590377067248084 4334.503809530412 0.00016790605533255912 0.9251708800127332
0.9158741215643997 0.7778953911725501 4603.818008985982 -0.0006817287121391167 0.945189327257762
0.9158741215643997 0.7778953911725501 4603.818008985982 -0.0006817287121391167 0.945189327257762
0.8835290867013845 0.7802211470794066 4618.813781163531 -0.0001457833971798236 0.9535985806968249
0.9173412523879944 0.7679270402047138 4488.939062783307 -0.0006424499627425154 0.9246640982783357
0.864133911608011 0.7418906168843152 4872.749396650843 -9.577176183542431e-05 0.8260754317587988
0.8532297180034645 0.7671604124083072 4340.049802706129 -0.0006004336760792947 0.943422840927165
0.874943420306927 0.7514339581265796 4982.509316579717 -0.0005315468707046943 0.8446626041158434
0.8524662021062631 0.7780970181148625 4965.508440978968 -0.0004659218448213456 0.9916274437809784
0.9210822359803188 0.7487364914294425 4469.366929962386 -8.664965175969946e-05 0.8597168886134765
0.8837716633579372 0.7500063148060778 4921.766077162859 0.0008669760342199067 0.9718506907153486
0.8546595192258654 0.7781843702105451 4644.7564902801505 -9.992441119810949e-05 0.9602147333226039
0.9174614553529555 0.77806940030648 4600.965831309316 -0.0006394294971974946 0.9710292187993653
0.9053762209024767 0.7499232283636951 4490.859636302813 -0.0006040099359358466 0.8419584661149213
0.8781264551596296 0.7698062281284066 4907.150268134538 -0.0008565837294986893 0.9832087975148629
0.8412268854263204 0.763765684653181 4887.814863379965 0.0006290233627471302 0.9403055401382233
0.9018320543006842 0.7446728566205466 4065.7931181513186 -0.0005307907473260714 0.863029599767741
0.9074052314819764 0.7580038652526122 4492.489197727356 -7.132728091881774e-06 0.8945420555106658
0.8913792944923259 0.7822372533911444 4799.487367247633 0.0007148924878549513 0.958071835451695
0.8756669890080463 0.776745671181791 4757.597129235813 -0.00044128831077358543 0.9525844043528445
0.8978670916571817 0.764555475304534 4871.29424865416 -0.0001748760781168539 0.9044627835620596
0.8932351062176629 0.7573479621538608 4334.732784197005 -0.00018169064634751807 0.9133586083075398
0.8987149268252478 0.7822804956751074 4416.962144444879 -0.0008051897144163965 0.980283773027938
0.8987149268252478 0.7822804956751074 4416.962144444879 -0.0008051897144163965 0.980283773027938
0.9050271158175752 0.726328846859572 4581.453370196456 0.00012415437761657965 0.7641120648038694
0.8486007681415704 0.7505952111212694 4767.967002700582 9.878824722810435e-05 0.888204950025647
0.9151818036588117 0.7674976669393281 4699.982186600756 -0.000435245013019216 0.930701176723337
0.9151818036588117 0.7674976669393281 4699.982186600756 -0.000435245013019216 0.930701176723337
0.9107769689034649 0.7881909202322639 4598.910769968856 -0.00046415048464284694 0.9631417654306811
0.896259083506181 0.7597771426384845 4371.983266653561 -0.00019640223087150587 0.8996374308627033
0.8709629899319151 0.7555202181927285 4621.109355088248 0.0003019855163816873 0.9147792052693847
0.8629717473613486 0.7526743093936721 4849.026123537677 1.8966892149690493e-05 0.9404554911913634
0.8538357591203546 0.7816977820849721 4645.723455362353 -0.0004225748656063467 0.9800600827264212
0.8538357591203546 0.7816977820849721 4645.723455362353 -0.0004225748656063467 0.9800600827264212
0.8848432075661586 0.7727416580919348 4757.952204592894 -0.0011235072565357372 0.9179333403700363
0.845379419494119 0.7712761449776229 4739.331333026116 0.0010467714775331037 0.9483688224605742
0.8838515986558733 0.7358923183549292 4039.1830329846402 -7.437329603923711e-05 0.8402278347688232
0.892737974761498 0.761397951787735 4536.227646932247 -6.263030527451209e-05 0.9264220140406537
0.892737974761498 0.761397951787735 4536.227646932247 -6.263030527451209e-05 0.9264220140406537
0.8887906529378218 0.7589433705735373 4546.7407136379 -3.5469110740453485e-05 0.9392271927532418
0.8887906529378218 0.7589433705735373 4546.7407136379 -3.5469110740453485e-05 0.9392271927532418
0.8830801422427954 0.7790380294431508 4618.8265124679165 -0.000250149363169386 0.9389416602844877
0.8368202828741933 0.7819761564476593 4886.436738208534 -0.0003703303178838632 0.96892775721277
0.943652132423207 0.7686824920911963 4593.999741974865 -0.0006271899594212895 0.9320973198123399
0.943652132423207 0.7686824920911963 4593.999741974865 -0.0006271899594212895 0.9320973198123399
0.870110333182962 0.7611660011661967 4739.04413287262 0.00035917314399641203 0.9646021817800244
0.8958189370700188 0.7534596764170279 4509.6504107610635 -0.0004488931903429596 0.871066114328558
0.8958189370700188 0.7534596764170279 4509.6504107610635 -0.0004488931903429596 0.871066114328558
0.8908145233324144 0.7905333618593329 4826.255893472426 0.0004925663215317805 0.9957063088352518
0.9097447372222794 0.7710946184058963 4600.106002296332 -0.0005886298155292437 0.9565093498387096
0.9097447372222794 0.7710946184058963 4600.106002296332 -0.0005886298155292437 0.9565093498387096
0.8705255033262618 0.7810990871754236 4671.375453454334 0.00029671780824307566 0.9722625150536313
0.8730087108514893 0.7900650803630518 4725.6809778974775 4.432690035448797e-05 0.9855117004580443
0.8986564005800779 0.7573333816651966 4564.407160569048 -0.0004079161400464397 0.9275663550754201
0.9186740733043854 0.7824293759163816 4509.632805206208 -0.0001692472663581799 0.976153703171362
0.8872140220835134 0.7613690594703738 4976.1821451169835 -0.0003519159725884427 0.9350413775997586
0.8786468687257699 0.7765576497681007 4897.6047351265315 -0.0001444168029268476 0.9693669042701851
0.8819256604589546 0.790220194187391 4825.040441582431 -3.293403601865569e-05 0.986923868190124
0.8672435091645088 0.7792601546214082 4848.591797038517 -0.000650202946461275 0.9946332514482752
0.8860012887267594 0.7527786836910156 4348.342362611475 -1.08245460414743e-05 0.8988550377524166
0.8883084212073474 0.773244592959075 4193.2335268056095 0.0003406290587263611 0.9436307426644727
0.8883084212073474 0.773244592959075 4193.2335268056095 0.0003406290587263611 0.9436307426644727
0.8873013333143717 0.7562705091469806 4605.74628529234 -0.00013554996307756033 0.9100947334880217
0.8873013333143717 0.7562705091469806 4605.74628529234 -0.00013554996307756033 0.9100947334880217
0.8459951713853666 0.7615281668892618 4792.527395037861 0.00017701969768198477 0.9580877504886262
0.8459951713853666 0.7615281668892618 4792.527395037861 0.00017701969768198477 0.9580877504886262
0.9209172015628613 0.7743149482333958 4488.77708621112 -0.0005659942642872619 0.9497771842894178
0.8784895586439554 0.7425459455722244 4126.9778154318965 -0.0003331802845368909 0.8781623468674221
0.8532645269522976 0.742620820283231 4867.17730821946 -0.00010579527122561792 0.8772646257361125
0.8567542914607109 0.7710000184366662 4340.541204864312 -0.0007352463343824741 0.9948644359014234
0.8462764467541461 0.7738951800012612 4354.443677873544 -0.000807888471103127 0.9927453131889982
0.8563565784928796 0.7786297732771507 4961.670282082473 -0.00038831170760397744 0.9807463041570764
0.8656813113447965 0.7602859685023771 4835.917829825166 0.0004133340158198373 0.9269144500346065
0.8501725892390326 0.750203031784163 4923.1250035866005 0.00024997720301983697 0.8905777928341816
0.8745300445920594 0.7773653321655113 4875.777629788103 -0.0002482949262201947 0.9653836090933429
0.9112743399365983 0.7820572614774346 4603.164227782325 -5.181813432601349e-05 0.9624052111564532
0.8455684589024512 0.7871347591082983 4882.754125453102 -6.020960511982859e-05 0.9750318062239144
0.8716086838758365 0.7896170687366654 4811.885061110626 0.00014327530457067833 0.9866459365272485
0.8786322494846858 0.7537302145421366 4862.4209793376585 0.0007825027073638501 0.9658755633146349
0.8769655377788359 0.7618507586050377 4747.498154560732 0.000997599663913805 0.9470969390678418
0.8769655377788359 0.7618507586050377 4747.498154560732 0.000997599663913805 0.9470969390678418
0.8591875460088627 0.7639945466633631 4888.828777044832 8.830260546146105e-05 0.9197839224611855
0.8620045164574164 0.7546821118913413 4602.36798179482 0.0002447447142610517 0.8788356503762335
0.8562578580491363 0.7603124854276755 4867.326408097448 0.000775141968536023 0.912792890826825
0.8475090706371001 0.7824073341780721 4790.155399467808 -0.0002613816316279594 0.9897444434654361
0.8912194276953636 0.7728465616044208 4840.926316685918 0.0007352257421935208 0.9338223567069304
0.8591219393295759 0.7478761142737148 4923.270115080491 -0.0006116070630657977 0.8715400863933155
0.8942952877726008 0.7547518940172019 4634.632287148547 -0.0005958000721280718 0.9056387090174268
0.8617265004946397 0.7679398589980035 4810.023915345026 4.529022777602269e-05 0.939795960893351
0.8929167226110064 0.7749691789870609 4745.628895438931 1.044554388492131e-05 0.9700494281844986
0.8929167226110064 0.7749691789870609 4745.628895438931 1.044554388492131e-05 0.9700494281844986
0.8962246035625427 0.7579075210693067 4913.781305528869 -0.00040386558468306834 0.9133896697945564
0.8593319880709799 0.7905044316387796 4804.51156916399 0.00010673787469264384 0.9818850423710135
0.8589441316740164 0.7602901928687824 4923.798085195289 0.00023812031554147164 0.9046060777694012
0.8731072662977425 0.7743192953826357 4777.3612433957705 -0.0005573920513521341 0.941320469799161
0.8616354586261233 0.7558053599360733 4898.609341955906 -0.000555249458855718 0.9275162625935693
0.8719675226836427 0.7756066657385453 4775.190017173295 0.0003273026854339115 0.9770367896450183
0.8811585622018194 0.7693191048430892 4732.252030760157 -0.00014489856338422728 0.9634281606703263
0.9022236157009901 0.763583527711672 4229.297275028606 0.00040605399160360654 0.9485789653085391
0.8807439002588228 0.7790042308313216 4939.106387214285 0.0003645363726510464 0.933279129508773
0.9060105047289992 0.780039026300804 4613.455194905956 -0.00035154317705757444 0.9744507041364009
0.9144367409767348 0.7713843288956374 4238.247267275585 -0.0002446773218220067 0.9820800856371917
0.8732245783485767 0.741686566762385 4864.392418097159 0.0006569501567227467 0.8640471074521014
0.8668135130588746 0.7396994260760713 4919.10661060894 -0.00014700187674385675 0.8609234510853396
0.9127987744470866 0.7591354033630864 4211.985979582362 -0.0001664987093389829 0.9336917041724159
0.9314471379330422 0.7670156156855621 4659.125976624435 -0.0005935688246655067 0.8856319353367051
0.8847142327599513 0.7455849163853238 4914.070753998634 -0.00032261781552648524 0.8424511162439569
0.8730415514028913 0.7671357952445417 4782.982793743376 -0.00043240173216866777 0.9098207853107516
0.8943467549235045 0.7683252401602798 4324.341324566975 8.344273313225169e-05 0.9455453772605308
0.877232641751601 0.7634133360530937 4303.7434204687415 0.0002350526249828104 0.9462774470298978
0.878821391775724 0.7781140901086006 4782.448406308732 -0.00014691610771458443 0.9764336644439195
0.8954841255761476 0.7627142131296755 4674.17455543081 -5.985505392864954e-05 0.917884235224288
0.8798943286282005 0.7865018917044702 4771.850785026621 0.0001373587129102723 0.9865578739285025
0.8475794613066261 0.7510131906927352 4811.740749623438 -0.0004521321003143661 0.8891314580234426
0.9019920318656414 0.7566046081087623 4352.778841393155 0.00017359545110862278 0.9140172106689783
0.8950470092193098 0.7786496247434288 4379.121313953445 -0.0003904209512089763 0.9522038858936417
0.9033927111160659 0.7647556899622993 4944.406272168072 -0.0003256981585764056 0.9025352861711813
0.9002960324471412 0.7573568514224538 4510.562721341476 3.042986150970656e-05 0.8815366966033924
0.899476446696679 0.7520993116757486 4201.756272578062 -0.00040761033280193936 0.8801766950984522
0.8789199909005678 0.7616817828682001 4311.249093173324 -0.00018446061732540155 0.9590849907978904
0.88701437063402 0.7600680251647407 4970.957089913351 0.000730638726353644 0.8952412632696191
0.9009888032381933 0.777893363437576 4994.166863367029 0.0007094007418614538 0.9306336808447164
0.8810998945351532 0.7748343012289954 4776.819500056056 0.0010308829611914117 0.9692920430328473
0.8888850962046589 0.7562670008914788 4224.022294286568 6.347319825151723e-05 0.9263935661796664
0.8743181360004744 0.750278154516678 4919.853599045874 6.672389073659347e-05 0.8868253948276885
0.8701084400801601 0.7672314249988451 4942.642832580794 -0.00035797699285861816 0.9508772494110177
0.8951655053836556 0.7648963038651533 4236.57896078332 -7.98557314067693e-06 0.9797371542418262
0.9406437896232844 0.7754655140339369 4196.171003163159 0.0006237460573220061 0.968648366532213
0.9309286231169749 0.7585226167862547 4654.005318450851 -0.0005484442322221211 0.8681184747209592
0.8784798573047615 0.7507685800762233 4536.827403844403 1.81430715816545e-05 0.8616852824235066
0.8919521830753305 0.7749505990596314 4901.378228447376 0.0004988335021814192 0.9308163143275918
0.8922078414224247 0.790354566462975 4889.841713753893 0.0002518329736001739 0.9623287470569936
0.8669670879930792 0.7724852135994417 4994.140268427477 0.0010586881589970747 0.9189898648754247
0.9002678316280877 0.7473308075164764 3934.1011873396073 -1.836645542597235e-05 0.8853190137757274
0.9062685939302559 0.7713252752432828 4552.991842251137 -0.0004633085485989427 0.9494284880702628
0.9045222645544 0.771332419941252 4603.644057231394 -0.0004050759894894907 0.9628130075625053
0.8940827700647178 0.7589618388436868 4316.485856233298 0.0003741822928982427 0.9305677820941503
0.8742964689479652 0.7751530970566723 4867.1805235888205 0.0002736882865523106 0.955396497468988
0.8907061133768981 0.7957575775198248 4991.088405050303 0.0002481566922139345 0.9967021590368544
0.8767034635754951 0.7852128975694611 4832.541510739326 0.0001638230263124042 0.9727071605832671
0.8975846588065836 0.7820093803362205 4379.750720194833 -0.00024833599177920724 0.9676286391349592
0.9645964704454935 0.7816994403165455 4090.2972400761537 0.00011200450522657646 0.9914366673776636
0.8642820357251867 0.7418276257601006 4980.7700717594835 1.2756416736970725e-05 0.8713298620382536
0.8829894142929495 0.7820000469382805 4861.181494864549 -0.00010862568900866288 0.9952911376963021
0.8677689385572339 0.7412785532606316 4574.788025126331 0.00023692690558533644 0.8325850737653799
0.8655862178312124 0.7596822315992758 4920.671727594071 -0.0005918196610265287 0.8932143034727599
0.8971858417347051 0.7397386935876543 4199.699657704965 0.00022478759959326382 0.8504306201765667
0.8898840187575633 0.7804465651493746 4835.282474278481 1.8552771843526844e-05 0.9987231044631528
0.8923006910115363 0.7757244360367545 4931.924846713371 0.0004172086937023658 0.9455393019910259
0.8720360633229797 0.760543165131641 4867.936193964541 -0.00033325998590852157 0.9360006789035407
0.8624646640427344 0.748667022534094 4849.07201747011 -7.818737990600852e-05 0.9183491258282158
0.8774468784130692 0.7746337571360686 4459.31862357469 -0.0004575881977136552 0.9749590206277223
0.8857857972913395 0.7674192130208561 4982.526140306612 -0.00032646179720107913 0.9522040580340505
0.9074565666299588 0.7804771213928933 4871.813621905146 0.00028879984404331783 0.966326887681665
0.8757983545798462 0.7726819319021406 4773.743688432144 0.0010750548438268862 0.9726571557765659
0.8986625244319224 0.7755090207500095 4249.228871131506 -0.00037635898453144745 0.9615110942145876
0.8771461389856908 0.7752508179111128 4989.979929068162 -0.0004734029286642273 0.9962154482453924
0.8980024035669751 0.7649518463991132 4441.860086027048 -0.00037069798011510737 0.9436142273214622
0.946911957423673 0.7627138666563071 4365.343056475362 -0.0006957369962967224 0.9095653997252533
0.92736448327126 0.7824890607583987 4211.803860813097 0.00031517403121866707 0.9681430332870619
0.9137686195311645 0.7534013517426342 4199.266289157883 7.795910479001484e-05 0.8813704268056543
0.8894728560276065 0.7538626253838222 4831.485091993602 0.0004839504576168468 0.9651818294431016
0.8837176842936101 0.7656504210585265 4922.558230219836 -0.00034947094973324555 0.9083724350760675
0.8883778871776726 0.7906984409446344 4923.955137773988 3.6416705199409574e-05 0.9973722143816356
0.86910460619932 0.7715704863996024 4767.081712264444 1.5138210982020496e-05 0.9693139912472281
0.9292121943473715 0.7744449090721414 4491.994079858235 -0.0012127615327507133 0.9504203789652186
0.8742101265323913 0.7424356633740967 4951.383551384746 -5.636663023929245e-05 0.8559518319230565
0.8636280251772475 0.770149727066599 4827.236526699001 0.0002977289960428359 0.9558705870606732
0.9233494715620396 0.7528532221656884 4321.098772103642 -0.00011918696940562455 0.8764889069402906
0.9198946743959822 0.7694826352247743 4415.81620795383 -0.0005196791632502446 0.960747678976645
0.9107837531078997 0.7824644517318774 4574.573779432092 -0.00021058236707681042 0.9734434677746677
0.9122801367099098 0.7799548228839585 4871.51002659069 -0.00021636954186637217 0.9778723945070363
0.9077172381806043 0.7655183735188733 4229.929263981173 8.716512290932917e-05 0.9453289367524761
0.8476110137719138 0.7765670461342605 4937.3950788099055 6.0119643618064326e-05 0.9701930056743482
0.8606299597952509 0.7569589599790875 4920.564234779418 -0.0004558796891734412 0.9446090867561598
0.8858072045796087 0.7600405953582959 4395.221318011461 -0.00039857645522810303 0.9410626098015127
0.8937018272453489 0.7770398283275517 4948.927733869773 -1.4375353443114864e-05 0.9661140196476147
0.9006809532640642 0.7651523539871085 4962.474425659869 -0.00031335955691861326 0.9243449180667899
0.8945290664569857 0.7696007588082729 4236.780486324997 0.0002731415353557623 0.9660811436042335
0.9244611704514407 0.772877503186839 4211.158762290764 -0.00011670996869281998 0.9514969286199473
0.87115443295457 0.7701112373736472 4922.059227477672 0.0006598470631073457 0.9421090992345298
0.8860866553057853 0.7458469654591472 4590.656979220186 4.92427754222941e-05 0.8408308494132595
0.8727735493096405 0.7783494214451517 4859.393463694516 8.618484406446372e-05 0.9779234422116416
0.913764827929453 0.7692189644531395 4831.724313468939 -1.8867003773671314e-05 0.9027912833053654
0.8952262071244341 0.7793037181707542 4983.916527133476 -9.613829278824839e-05 0.9911144348601835
0.8767673604687881 0.7427151467767995 4821.9559493371335 -0.00021175145068675177 0.8573245798416929
0.8722450706030445 0.7690959297583563 4899.418223065929 0.00012323355193081623 0.9327227075779185
0.8660724662782671 0.775460157957045 4989.622229246156 0.0002716527144163265 0.9416648965917064
0.8909072269430705 0.7738904571637495 4249.949382084403 -1.8115436594733397e-05 0.954696519245927
0.8543324001832892 0.7423992845032059 4984.69516342604 -0.0003174803703092924 0.8850442840192003
0.8562445073146698 0.7511303203690101 4784.834392965931 -0.0005326232775531205 0.8889938734061614
0.8558382565304288 0.7583683293804764 4868.316006062128 0.0004602931224846613 0.9282862534134809
0.8509683750056397 0.7663045588589271 4832.307607307429 0.0006297453319960175 0.951347158024056
0.872921879335809 0.7506011742533643 4980.715133330261 -4.0770200667924305e-05 0.9104100420301303
0.9316149945301769 0.7836177248494789 4211.272185897896 5.520752143472411e-05 0.9739778679428099
0.876578829985709 0.754545836000326 4872.295294947039 -0.0001694838648338467 0.9332930025540773
0.8784910172210382 0.7600403829002179 4946.861751897461 -0.00020363662611554308 0.9370087706866791
0.8722676225362096 0.7626304400720425 4841.241613297446 -0.0002837037938493801 0.9435095794193388
0.9131264250537185 0.761284807247885 4955.200075361594 -0.00021093333751284364 0.9232806794665702
0.8865643699778721 0.76624077736237 4976.652683727877 3.081890337398616e-05 0.9798926947689011
0.8752646334658747 0.7826045526970393 4859.694410302566 0.00014791921121573055 0.9813115550492004
0.8953818260677656 0.7703335753144246 4272.958637510136 0.00016182507780958618 0.9711551579702767
0.8709163248286256 0.7532399145437516 4975.248058729891 -2.5876100216319538e-05 0.871576881971425
0.9067408526806311 0.7880000627976087 4976.463259413532 -4.9584562801028076e-05 0.9961260404005783
0.8781218632075329 0.7777841755706357 4822.0853348296805 0.00108121767717158 0.9731428851918468
0.9151282042072607 0.7808779548647435 4634.388715436078 -0.0003989826340268566 0.965955733665625
0.8778542756723523 0.7833475170050949 4837.4658322569285 1.8274658119341194e-05 0.9633818392075235
0.9069243105022148 0.7814603678194799 4864.430134540989 0.0008117771738786487 0.981268487937784
0.8882521719991063 0.7415921023276654 4344.95955380821 0.0001912361150486963 0.8450032555154979
0.842393924100742 0.7707467213443477 4936.908204504406 -0.0003500633145725412 0.9802922745109516
0.8813915551604292 0.7570838179979649 4901.313531418703 6.742274194899568e-05 0.9003762484028215
0.8812893500854859 0.7597036841998008 4743.24633785 -0.00023130409780262987 0.9202294129916183
0.9153972178692763 0.7701167073956039 4229.4151114625065 -9.447448767870181e-05 0.9785896229426614
0.8788959975384644 0.7552923190165364 4979.674121536992 -0.0006991137669779889 0.9033326840124588
0.8943095277382236 0.7596426468946341 4997.623261054791 0.00016832849901768035 0.9789372094906931
0.8676345374575721 0.7699863679131875 4989.4826853993645 -0.00017032690844009655 0.9608898802525248
0.8677002724861269 0.775837668585075 4784.901559714892 0.00016069446465915278 0.9676384704549219
0.873219169746602 0.7525291120417266 4948.679980452065 -0.00025539477064382186 0.8770340151186323
0.8858860442100944 0.7754530108455472 4938.310524650609 0.0011279441467018233 0.9587923760062556
0.897450418883926 0.7660221664766385 4913.247451680697 0.00013182645274666027 0.9225005271463356
0.9007652623546668 0.7799914516600346 4249.086354939141 -0.00035398179185177264 0.9433907357927932
0.8838225307875552 0.7560956070342227 4821.082481645887 0.00022205717328801865 0.9546444473996769
0.9158245740913225 0.769829214693117 4211.879334758038 0.00020694766828276536 0.9880830143204195
0.9266660025488125 0.783845380568502 4362.42326550738 -0.000286990011621242 0.991794197092586
0.9299389553371138 0.7764223898032044 4344.33966628205 -0.00029138517154986884 0.9607401779953466
0.9301970092943888 0.7750741295254304 4352.3105630935215 -0.0003911056658484324 0.9878976538215397
0.9349157774988535 0.7861472952538313 4424.8855551162915 -0.0003630784214388217 0.993475795348521
0.9195699924602152 0.7694773041672371 4352.54250929024 -7.738415888601253e-05 0.9771075432875574
0.924085423066406 0.7721681279922634 4352.285986579959 -0.00024389377314913363 0.9862447087216776
0.8933751187106802 0.7639805684230522 4546.847930041177 -0.000131003433307078 0.9628016970518998
0.9013362303139922 0.7729168581533925 4536.724285678031 -6.770078890536212e-05 0.9651671571100483
0.8933290184312833 0.7651683706550118 4642.547791179681 0.00019234649287031943 0.9379040564645456
0.892574879519093 0.7618000437530459 4674.704196374097 0.0001869638804886705 0.9280078678195256
0.9094000089442869 0.7671639329968571 4773.848274283141 0.0003534844568089592 0.9354985031492331
0.9215028057483514 0.7735031638730332 4362.900536807666 -0.0004187141876549837 0.9256406136058871
0.8909961376177911 0.7674375461650882 4306.548630605874 -0.0005302113119771709 0.952278353509663
0.9159832423786535 0.7673781746604001 4428.909670977232 -0.0005170606200248641 0.9370574807068512
0.9300167822767014 0.7780669266094532 4510.551063700628 -0.000788471027996438 0.962254868367632
0.9138329449685191 0.7630604426616195 4490.4270843252125 -0.00041492751263099445 0.9377093225267037
0.9079854636505558 0.7718868303587325 4452.893334762314 -0.0005007069121480784 0.9536283191934579
0.9082597749181504 0.769353710401455 4546.905130470641 -0.0008522654951569818 0.9399788600173347
0.9168589006801637 0.76586249978091 4773.445316656937 -0.0002712879071511308 0.9231582389393497
0.9385711713773651 0.7594895083225114 4580.615520610938 -0.0006074284894881204 0.8890650691601747
0.8904586595875184 0.7738331202170425 4249.890726359997 -5.714155803819765e-05 0.9858078232615687
0.8949636315967382 0.7661903530001644 4270.514485341854 0.00024282672174737643 0.9616037495563209
0.8949636315967382 0.7661903530001644 4270.514485341854 0.00024282672174737643 0.9616037495563209
0.8834716344609548 0.769404149695609 4306.5786849397455 0.0001570926408374108 0.9343408307572816
0.8781776470647795 0.7686722222458378 4743.609665527181 0.00048340675880964476 0.9818105179380865
0.8761781647111763 0.7747976569846208 4949.94086412145 0.0006463662602592144 0.969737213040204
0.8824287834847114 0.7754333742981946 4805.12333661242 0.0003944687327951263 0.9521968467536813
0.9136071598888468 0.7802619468694214 4911.484774771058 0.0004350026956775347 0.9745397543929406
0.9126133401946075 0.7742664902190979 4955.527041612495 0.0006600736416188798 0.9459595866159609
0.9355028121586446 0.7797895653235302 4985.208982542048 0.00035596914065494 0.9489287653413332
0.8987490991451 0.7752798837726355 4853.474017280773 0.0004745795530403326 0.9353125221138052
0.9162142265333186 0.7783151101926642 4955.822465179225 0.0008525059505074539 0.9781018796012496
0.882027160184388 0.7756200728349804 4805.690156420504 0.0004129166011928531 0.9845943738918325
0.888788877156487 0.7769108415084466 4803.852135943207 0.0002667030456860276 0.961177280340865
0.8905577161372773 0.7784934610603782 4803.146321436348 0.00020208061706640504 0.9603884303987433
0.8764629266544101 0.7787494458282329 4899.837440217776 0.00032450802577684354 0.9696835495367947
0.9012614864217855 0.7874696457865465 4872.47920300119 0.00024934363171460994 0.9913524094245213
0.8877234061483266 0.7879089894668309 4899.180688484554 0.00012861856328311494 0.9853082344321838
0.8903563788947951 0.7868168218246548 4978.779997144028 0.00011773381810652711 0.995720626970394
0.8840717350498324 0.7690634461924095 4941.011895729563 3.87342366337702e-05 0.9740366056982995
0.8840717350498324 0.7690634461924095 4941.011895729563 3.87342366337702e-05 0.9740366056982995
0.8810814460621235 0.7707679107675186 4849.054047011765 5.2562168079843456e-05 0.9562326135789164
0.8810814460621235 0.7707679107675186 4849.054047011765 5.2562168079843456e-05 0.9562326135789164
0.8837276284267895 0.7698786805386957 4941.1450249456375 9.561756427171791e-05 0.9779635965935832
0.9077724314051874 0.7817989293615509 4913.041656097427 0.0002511993633399405 0.9957449036867762
0.8870170169007895 0.7857076292907563 4947.126121370585 6.938676229458381e-05 0.9844058718705639
0.8897321797811787 0.7738679523539056 4803.950068876506 -1.4002088039376746e-05 0.9668526457061192
0.8897321797811787 0.7738679523539056 4803.950068876506 -1.4002088039376746e-05 0.9668526457061192
0.888762381801165 0.7733113766922602 4743.851267413817 -5.844647229234991e-06 0.9726553592005982
0.8807767567205217 0.7780808182552859 4947.563405201601 -3.000546515707543e-05 0.9879372958540116
0.8879210089496696 0.7812000627871528 4947.943928806903 -0.0003192885135878485 0.9868428542251999
0.879488895528842 0.7862760459399188 4989.818531205336 -0.00011012555800138282 0.9878177208972866
0.8695784197381083 0.7738222649041538 4837.65315211942 -7.545980441887603e-05 0.9680808381023617
0.8898010565755379 0.7769367211340017 4868.175439435665 -0.0007451861479630564 0.9829842231521639
0.8886900326754836 0.7882766142163938 4989.012465877954 -0.0005416787257164641 0.9972642007624941
0.898818710837985 0.7837040054084398 4743.135107590454 -4.787975739760087e-05 0.9740687514801211
0.8922801490167663 0.78643152374947 4947.155760178968 -0.00017555084627819163 0.9870814095870547
0.868203354453609 0.7789500904728018 4797.6637494567585 -0.00023634978876424195 0.9700505655661852
0.8789641590772937 0.7712333546787862 4978.9041637514465 -0.00014011334761247557 0.9797609412465275
0.8745779071213244 0.7791801649641356 4837.7160701048915 -8.487410947018627e-05 0.9839300678664094
0.8930153374943922 0.7748033682785833 4740.8668088367485 -0.00018100150682640194 0.9785397439334222
0.9053306983744964 0.7713331899073294 4814.533570512893 -0.0005062277251358956 0.9773769270972185
0.8908486541670267 0.778271031279187 4899.855964058711 -0.0005326640144257559 0.9763302190039995
0.9011102141604062 0.7767449213050905 4803.845794307777 -0.0004748898823391074 0.9631997730562223
0.8944864320896322 0.7785471296433072 4737.582102296173 -0.00021695942974168033 0.9737853121617208
0.8933793706837858 0.7751094260338747 4949.23419736533 -0.00044685332667339356 0.9938692734176933
0.8919517254820127 0.7843940449399309 4868.622061184376 -0.0005079983842142939 0.9835053163032723
0.8887332930155681 0.7715018542175187 4737.318713810782 -0.00022966110205534465 0.9474567051103011
0.8852481769421838 0.7513897736196096 4992.65578734462 -4.778927836571183e-05 0.9282618390210603
0.8629490249599056 0.7463921981800331 4948.310830247932 0.00011505773876564609 0.8894965531069468
0.8887434914178217 0.7476748943652446 4911.252159661889 4.3894104965436926e-05 0.8661299482066729
0.8661411899152311 0.7524986173112969 4975.481793948258 0.00012292683373528657 0.907821919895606
0.8617453112711245 0.7409266690988643 4941.498824213271 -0.00018655182474197697 0.8575818444272427
0.8603212931346064 0.7388301892542467 4948.695150689185 -0.0001652340072051444 0.8815100652928107
0.883966906538899 0.7580727970009354 4853.362795325235 0.0003632197805692316 0.9483634725334346
0.8700333303479684 0.7616337129125832 4849.606800584779 0.0001746989812677572 0.9506184138150713
0.8898445223856615 0.7640494597820207 4955.160076697102 0.0011299214370339107 0.9084888783916762
0.8659613347315555 0.7591763145771466 4949.196693218582 0.0003554604073422076 0.9545492254621404
0.8687072284253993 0.7728558378947882 4899.162818065082 0.00045700637585221896 0.9582149237272483
0.8643085393984415 0.768076368325526 4784.727238475699 -5.5407930121687766e-05 0.94596591952865
0.8991814730544623 0.7654766569459889 4938.629063147502 8.213447373100879e-05 0.9264274847591061
0.8911558766796751 0.7604842998092374 4914.909220362938 0.00010738758773869988 0.9341473840199856
0.8991799098537072 0.7667482657064543 4911.31067036513 0.0005957547498388203 0.899904500967266
0.9012184253234621 0.7716262315493608 4997.313914208882 0.00041762067148059905 0.9328476050356529
0.9015388568865697 0.7711491315252474 4853.766645341493 -2.4336584213494085e-05 0.9170902005730147
0.930617222189247 0.7610557591915048 4987.2986448199545 0.00013692595270266105 0.9060047854435984
0.930617222189247 0.7610557591915048 4987.2986448199545 0.00013692595270266105 0.9060047854435984
0.90231837307995 0.7676280956505609 4938.0081597009475 4.652992814793998e-05 0.9110310115187943
0.8961748100687229 0.7571974914066617 4960.6446302001 -0.00011876292586031437 0.9214411552249228
0.8930654540114353 0.7544135899120764 4957.578608338195 -6.0665163971162544e-05 0.8875040421767263
0.884997599623109 0.765564525967599 4975.3588074818645 -0.00031446253388711935 0.9535246318537474
0.8814021524016765 0.7657344173755276 4949.9851096785 -0.0003187836064162751 0.9433865318549477
0.8863266702604685 0.7667027096905915 4948.634332735667 -0.00021431062219023512 0.9413630668515133
0.8996494174952138 0.7648120183393897 4853.160116009833 -0.0002748594198876099 0.9379323318528949
0.8996494174952138 0.7648120183393897 4853.160116009833 -0.0002748594198876099 0.9379323318528949
0.8737646544141529 0.7655953948487687 4984.549660208192 -0.00017576205021795858 0.9645424425723099
0.8814385825548264 0.7649806440313844 4941.545934278784 6.7359875759934645e-06 0.9000621736375786
0.9001854345305078 0.7634620948574391 4997.515741926238 -6.842403872251193e-06 0.9138742124392079
0.8979719281589016 0.7657851258663644 4992.919206496372 -5.725101563853681e-05 0.9206117809586375
0.8979719281589016 0.7657851258663644 4992.919206496372 -5.725101563853681e-05 0.9206117809586375
0.8780526564049436 0.7623039092820241 4849.930770509562 -0.00019554585748906685 0.9037909618639975
0.8844260082220217 0.7607429655560377 4824.497333807295 -0.00017459110636407153 0.9327798466453847
0.9000485439061806 0.7617569457247952 4957.064605137182 -0.00017097582736457284 0.9152248678431458
0.9026330345190169 0.7644632872884207 4970.898687162032 -0.00014534157793340665 0.9270613638889593
0.8981997457375451 0.763073238981993 4748.190141910544 -0.00017439852037388928 0.9445329147300111
0.9125420724145596 0.7586725390804844 4955.803518678878 -0.0002684405496474346 0.9178672156166817
0.9125420724145596 0.7586725390804844 4955.803518678878 -0.0002684405496474346 0.9178672156166817
0.9107137001553537 0.7623176673430645 4815.358442666391 -0.00035323479723101245 0.932293763598927
0.9081629829581559 0.758268794661521 4424.867270880233 -0.00027391158105141147 0.9252848336864397
0.9115397390161774 0.7499250562762311 4053.427179917676 5.993556018074322e-07 0.8824714589923626
