 F
       15368      159634           3        2048
    0.143824464321231371E+01    0.485992264338213076E+01
 T
   2
    0.200000000000000000E+01    0.300000000000000000E+01    0.170898437500000000E+00    0.829101562500000000E+00
   0
   0
 T T     0           0
    0.000000000000000000E+00   -0.100000000000000002+101    0.000000000000000000E+00
 T F     1         350
    0.205247822952449115E-03   -0.271769248053058743E+00    0.494787773799565311E+01
 T F     1        1698
    0.130096473100109683E-02    0.123874036921846820E+01    0.484050238479113659E+01
