 F
       16536      180684           3        2048
    0.157097382555781206E+00    0.333448023021977979E+01
 T
   2
    0.200000000000000000E+01    0.300000000000000000E+01    0.899902343750000000E+00    0.100097656250000000E+00
   0
   0
 T T     0           0
    0.000000000000000000E+00   -0.100000000000000002+101    0.000000000000000000E+00
 T F     1        1843
    0.769983978480242811E-03   -0.644625038962703348E-02    0.319892486800757325E+01
 T F     1         205
    0.778371982460384211E-04   -0.173423569995803106E+01    0.409741274766293007E+01
